chr	start	end	CpG_count	treatment_methylation	control_methylation	mean_delta_methylation	category
chr1	100022	101249	27	0.848	0.854	-0.006	non-DMR
chr1	101281	102248	26	0.533	0.926	-0.392	good-DMR
chr1	102705	103691	25	0.749	0.756	-0.007	non-DMR
chr1	103817	104707	21	0.586	0.591	-0.005	non-DMR
chr1	104840	105761	21	0.143	0.138	0.006	non-DMR
chr1	105818	106793	28	0.246	0.24	0.006	non-DMR
chr1	106907	107833	24	0.792	0.798	-0.006	non-DMR
chr1	107950	108774	23	0.885	0.89	-0.005	non-DMR
chr1	108815	109693	21	0.53	0.296	0.234	good-DMR
chr1	110109	111275	28	0.695	0.906	-0.211	good-DMR
chr1	111741	112667	22	0.72	0.725	-0.005	non-DMR
chr1	112772	113744	24	0.505	0.717	-0.212	good-DMR
chr1	114233	114954	19	0.7	0.705	-0.005	non-DMR
chr1	114996	115694	16	0.278	0.273	0.005	non-DMR
chr1	115775	116704	21	0.093	0.088	0.005	non-DMR
chr1	116807	117711	22	0.282	0.276	0.006	non-DMR
chr1	118821	119723	23	0.704	0.708	-0.005	non-DMR
chr1	119775	120687	25	0.876	0.881	-0.005	non-DMR
chr1	120818	121720	22	0.118	0.113	0.005	non-DMR
chr1	121783	122616	19	0.563	0.831	-0.267	good-DMR
chr1	123111	124121	22	0.602	0.834	-0.232	good-DMR
chr1	124547	125432	20	0.544	0.55	-0.006	non-DMR
chr1	125484	126543	27	0.954	0.959	-0.005	non-DMR
chr1	126671	127814	29	0.829	0.834	-0.005	non-DMR
chr1	127935	128981	23	0.876	0.881	-0.005	non-DMR
chr1	129074	129990	21	0.878	0.589	0.289	good-DMR
chr1	130474	131546	27	0.779	0.784	-0.006	non-DMR
chr1	131614	132432	17	0.756	0.762	-0.006	non-DMR
chr1	132518	133496	22	0.765	0.771	-0.006	non-DMR
chr1	133584	134558	23	0.185	0.181	0.005	non-DMR
chr1	134620	135580	23	0.584	0.59	-0.006	non-DMR
chr1	135610	136635	24	0.507	0.767	-0.26	good-DMR
chr1	137137	138098	22	0.838	0.843	-0.005	non-DMR
chr1	138208	139035	19	0.82	0.826	-0.005	non-DMR
chr1	139068	139959	20	0.675	0.681	-0.007	non-DMR
chr1	140094	141102	26	0.656	0.661	-0.005	non-DMR
chr1	141124	142025	22	0.585	0.799	-0.214	good-DMR
chr1	142537	143429	20	0.709	0.714	-0.005	non-DMR
chr1	143542	144485	21	0.149	0.143	0.006	non-DMR
chr1	144565	145425	19	0.419	0.698	-0.279	good-DMR
chr1	145881	146989	26	0.857	0.862	-0.005	non-DMR
chr1	147064	148059	24	0.399	0.186	0.213	good-DMR
chr1	148444	149316	22	0.7	0.705	-0.006	non-DMR
chr1	149426	150501	27	0.567	0.776	-0.209	good-DMR
chr1	150978	152012	27	0.906	0.912	-0.006	non-DMR
chr1	152150	152974	21	0.763	0.769	-0.006	non-DMR
chr1	153001	154103	27	0.262	0.256	0.006	non-DMR
chr1	154201	155172	24	0.589	0.906	-0.317	good-DMR
chr1	155685	156708	23	0.914	0.919	-0.005	non-DMR
chr1	156814	158076	30	0.816	0.822	-0.006	non-DMR
chr1	158182	159190	23	0.721	0.834	-0.112	sub-DMR
chr1	159708	160606	21	0.743	0.749	-0.006	non-DMR
chr1	160635	161410	21	0.56	0.815	-0.255	good-DMR
chr1	161931	162757	18	0.188	0.182	0.006	non-DMR
chr1	162819	163785	24	0.632	0.638	-0.006	non-DMR
chr1	163910	164827	20	0.768	0.773	-0.006	non-DMR
chr1	164899	166020	27	0.622	0.724	-0.101	sub-DMR
chr1	166509	167381	21	0.774	0.779	-0.005	non-DMR
chr1	167448	168347	20	0.791	0.795	-0.004	non-DMR
chr1	168432	169450	24	0.751	0.756	-0.006	non-DMR
chr1	169535	170281	20	0.661	0.666	-0.005	non-DMR
chr1	170380	171250	21	0.343	0.104	0.239	good-DMR
chr1	171600	172536	22	0.58	0.719	-0.139	good-DMR
chr1	172924	173868	24	0.514	0.769	-0.255	good-DMR
chr1	174286	175194	18	0.148	0.142	0.006	non-DMR
chr1	175304	176224	21	0.589	0.881	-0.292	good-DMR
chr1	176532	177400	21	0.707	0.713	-0.006	non-DMR
chr1	177472	178427	21	0.719	0.724	-0.006	non-DMR
chr1	178515	179570	23	0.781	0.787	-0.006	non-DMR
chr1	179659	180436	19	0.088	0.082	0.006	non-DMR
chr1	180559	181467	19	0.829	0.834	-0.006	non-DMR
chr1	181535	182375	21	0.427	0.733	-0.306	good-DMR
chr1	182904	183851	22	0.821	0.826	-0.005	non-DMR
chr1	183983	185039	28	0.095	0.088	0.007	non-DMR
chr1	185068	185990	21	0.833	0.839	-0.005	non-DMR
chr1	186062	186899	19	0.559	0.565	-0.005	non-DMR
chr1	186953	187802	21	0.68	0.686	-0.005	non-DMR
chr1	187888	188769	19	0.796	0.802	-0.006	non-DMR
chr1	188861	189749	21	0.642	0.648	-0.006	non-DMR
chr1	189796	190696	22	0.13	0.126	0.004	non-DMR
chr1	190804	191701	23	0.389	0.151	0.238	good-DMR
chr1	192083	193075	23	0.858	0.863	-0.005	non-DMR
chr1	193173	194200	25	0.154	0.053	0.101	sub-DMR
chr1	194614	195531	22	0.132	0.126	0.006	non-DMR
chr1	195632	196455	23	0.803	0.808	-0.005	non-DMR
chr1	196537	197403	20	0.808	0.813	-0.005	non-DMR
chr1	197489	198588	28	0.85	0.856	-0.006	non-DMR
chr1	198652	199533	20	0.791	0.797	-0.006	non-DMR
chr1	199607	200455	20	0.758	0.763	-0.006	non-DMR
chr1	200578	201532	23	0.697	0.703	-0.006	non-DMR
chr1	201669	202679	24	0.043	0.037	0.006	non-DMR
chr1	202794	203828	22	0.72	0.726	-0.006	non-DMR
chr1	203957	204792	22	0.1	0.096	0.005	non-DMR
chr1	204884	205830	23	0.802	0.807	-0.006	non-DMR
chr1	205875	206749	21	0.584	0.831	-0.247	good-DMR
chr1	207084	207963	25	0.804	0.811	-0.006	non-DMR
chr1	208014	209015	23	0.903	0.907	-0.005	non-DMR
chr1	209095	210070	23	0.63	0.731	-0.101	sub-DMR
chr1	210530	211562	24	0.723	0.729	-0.006	non-DMR
chr1	211685	212626	27	0.785	0.79	-0.005	non-DMR
chr1	212749	213700	22	0.902	0.909	-0.007	non-DMR
chr1	213794	214819	25	0.683	0.905	-0.222	good-DMR
chr1	215289	216274	23	0.756	0.936	-0.179	good-DMR
chr1	216615	217451	18	0.606	0.71	-0.103	sub-DMR
chr1	217890	218843	25	0.495	0.291	0.204	good-DMR
chr1	219267	220109	19	0.864	0.868	-0.004	non-DMR
chr1	220160	221209	23	0.524	0.769	-0.245	good-DMR
chr1	221714	222586	23	0.091	0.086	0.005	non-DMR
chr1	222665	223518	23	0.696	0.702	-0.006	non-DMR
chr1	223624	224631	24	0.709	0.716	-0.006	non-DMR
chr1	224717	225566	21	0.293	0.186	0.107	sub-DMR
chr1	226043	226883	21	0.167	0.162	0.005	non-DMR
chr1	227000	227815	21	0.885	0.892	-0.007	non-DMR
chr1	227896	228896	26	0.449	0.756	-0.307	good-DMR
chr1	229381	230347	24	0.789	0.796	-0.006	non-DMR
chr1	230435	231314	23	0.391	0.159	0.232	good-DMR
chr1	231771	232716	24	0.545	0.551	-0.006	non-DMR
chr1	232805	233677	22	0.817	0.823	-0.005	non-DMR
chr1	233783	234787	27	0.753	0.759	-0.006	non-DMR
chr1	234850	235795	22	0.553	0.765	-0.212	good-DMR
chr1	236277	237080	19	0.46	0.693	-0.233	good-DMR
chr1	237605	238341	20	0.386	0.381	0.006	non-DMR
chr1	238351	239331	24	0.2	0.096	0.104	sub-DMR
chr1	239815	240933	27	0.147	0.141	0.006	non-DMR
chr1	241041	242004	18	0.612	0.618	-0.006	non-DMR
chr1	242120	243086	25	0.58	0.585	-0.005	non-DMR
chr1	243213	244110	20	0.82	0.827	-0.006	non-DMR
chr1	244220	245245	24	0.189	0.184	0.005	non-DMR
chr1	245315	246000	15	0.049	0.043	0.007	non-DMR
chr1	246089	247037	21	0.791	0.798	-0.006	non-DMR
chr1	247103	248212	29	0.237	0.132	0.105	sub-DMR
chr1	248704	249602	21	0.105	0.099	0.006	non-DMR
chr1	249628	250640	23	0.368	0.155	0.213	good-DMR
chr1	251120	252017	19	0.226	0.221	0.005	non-DMR
chr1	252121	253136	23	0.847	0.853	-0.005	non-DMR
chr1	253260	254024	18	0.875	0.881	-0.006	non-DMR
chr1	254139	255301	26	0.118	0.112	0.005	non-DMR
chr1	255393	256285	20	0.681	0.687	-0.006	non-DMR
chr1	256408	257180	20	0.733	0.739	-0.006	non-DMR
chr1	257293	258350	23	0.722	0.729	-0.006	non-DMR
chr1	258440	259359	24	0.462	0.15	0.312	good-DMR
chr1	259812	260692	21	0.611	0.826	-0.215	good-DMR
chr1	261078	261917	21	0.879	0.885	-0.006	non-DMR
chr1	262012	262843	20	0.629	0.827	-0.198	good-DMR
chr1	263299	264330	23	0.417	0.133	0.284	good-DMR
chr1	264780	265845	26	0.803	0.81	-0.006	non-DMR
chr1	265922	266769	22	0.711	0.716	-0.006	non-DMR
chr1	266815	267845	25	0.397	0.085	0.313	good-DMR
chr1	268365	269341	25	0.754	0.759	-0.005	non-DMR
chr1	270460	271400	22	0.932	0.937	-0.005	non-DMR
chr1	271475	272216	15	0.802	0.807	-0.005	non-DMR
chr1	272333	273344	23	0.63	0.635	-0.005	non-DMR
chr1	273391	274278	22	0.385	0.379	0.005	non-DMR
chr1	274388	275233	22	0.645	0.65	-0.005	non-DMR
chr1	275271	276232	23	0.2	0.027	0.173	good-DMR
chr1	276525	277608	24	0.65	0.908	-0.258	good-DMR
chr1	278032	279041	23	0.676	0.682	-0.006	non-DMR
chr1	279144	280107	24	0.838	0.841	-0.004	non-DMR
chr1	280191	281178	24	0.085	0.078	0.006	non-DMR
chr1	281268	282197	22	0.878	0.884	-0.005	non-DMR
chr1	282283	283287	24	0.653	0.891	-0.238	good-DMR
chr1	283785	284825	27	0.575	0.726	-0.151	good-DMR
chr1	285323	286282	23	0.751	0.855	-0.104	sub-DMR
chr1	286799	287770	23	0.682	0.686	-0.004	non-DMR
chr1	287869	288916	25	0.297	0.074	0.222	good-DMR
chr1	289407	290278	21	0.533	0.777	-0.243	good-DMR
chr1	290768	291576	20	0.547	0.783	-0.236	good-DMR
chr1	292048	292970	22	0.88	0.887	-0.006	non-DMR
chr1	293050	293976	23	0.097	0.092	0.005	non-DMR
chr1	294042	294913	22	0.863	0.867	-0.005	non-DMR
chr1	295033	295942	23	0.806	0.811	-0.005	non-DMR
chr1	296023	296892	22	0.794	0.798	-0.005	non-DMR
chr1	296999	297873	20	0.222	0.215	0.006	non-DMR
chr1	298003	298896	23	0.916	0.922	-0.006	non-DMR
chr1	298937	299928	24	0.834	0.84	-0.006	non-DMR
chr1	300016	301005	24	0.098	0.432	-0.334	good-DMR
chr1	301442	302438	26	0.71	0.716	-0.006	non-DMR
chr1	302557	303643	30	0.701	0.707	-0.006	non-DMR
chr1	303710	304712	25	0.286	0.632	-0.346	good-DMR
chr1	305179	305966	20	0.677	0.779	-0.102	sub-DMR
chr1	306409	307524	26	0.596	0.602	-0.005	non-DMR
chr1	307600	308779	26	0.15	0.144	0.005	non-DMR
chr1	308791	309562	17	0.504	0.163	0.341	good-DMR
chr1	310073	311090	24	0.662	0.666	-0.005	non-DMR
chr1	311178	312162	24	0.626	0.631	-0.005	non-DMR
chr1	312201	312993	19	0.606	0.803	-0.198	good-DMR
chr1	313504	314604	23	0.801	0.805	-0.004	non-DMR
chr1	314670	315667	20	0.746	0.753	-0.006	non-DMR
chr1	315757	316787	25	0.579	0.585	-0.006	non-DMR
chr1	316865	317760	22	0.6	0.858	-0.258	good-DMR
chr1	318203	319225	25	0.788	0.794	-0.006	non-DMR
chr1	319337	320175	17	0.861	0.866	-0.005	non-DMR
chr1	320266	321149	22	0.828	0.835	-0.006	non-DMR
chr1	321222	322170	25	0.723	0.728	-0.005	non-DMR
chr1	322246	323368	25	0.142	0.136	0.006	non-DMR
chr1	323461	324436	25	0.82	0.825	-0.006	non-DMR
chr1	324529	325347	17	0.069	0.063	0.006	non-DMR
chr1	325417	326241	22	0.81	0.814	-0.004	non-DMR
chr1	326354	327154	20	0.858	0.863	-0.006	non-DMR
chr1	327203	328192	21	0.833	0.839	-0.006	non-DMR
chr1	328307	329310	24	0.304	0.299	0.005	non-DMR
chr1	329356	330265	23	0.781	0.786	-0.005	non-DMR
chr1	330339	331355	26	0.134	0.128	0.006	non-DMR
chr1	331486	332389	22	0.637	0.642	-0.005	non-DMR
chr1	332478	333417	22	0.731	0.737	-0.006	non-DMR
chr1	333509	334440	23	0.726	0.73	-0.005	non-DMR
chr1	334460	335502	24	0.149	0.144	0.005	non-DMR
chr1	335542	336436	20	0.446	0.065	0.382	good-DMR
chr1	336953	337915	24	0.201	0.196	0.006	non-DMR
chr1	337957	338849	22	0.547	0.803	-0.256	good-DMR
chr1	339324	340212	21	0.756	0.762	-0.006	non-DMR
chr1	340301	341292	27	0.884	0.89	-0.006	non-DMR
chr1	341360	342177	19	0.742	0.852	-0.11	sub-DMR
chr1	342589	343667	26	0.569	0.81	-0.242	good-DMR
chr1	344125	345023	24	0.704	0.71	-0.006	non-DMR
chr1	345127	346226	26	0.671	0.676	-0.005	non-DMR
chr1	346323	347212	19	0.736	0.741	-0.005	non-DMR
chr1	347313	348192	20	0.135	0.129	0.006	non-DMR
chr1	348264	349296	24	0.806	0.811	-0.005	non-DMR
chr1	349408	350454	25	0.627	0.632	-0.005	non-DMR
chr1	350516	351352	18	0.823	0.598	0.225	good-DMR
chr1	351850	352735	21	0.471	0.72	-0.249	good-DMR
chr1	353187	354299	28	0.078	0.072	0.005	non-DMR
chr1	355312	356288	21	0.745	0.75	-0.005	non-DMR
chr1	356405	357268	21	0.108	0.103	0.005	non-DMR
chr1	357386	358326	23	0.333	0.327	0.006	non-DMR
chr1	358446	359331	22	0.736	0.742	-0.005	non-DMR
chr1	359441	360294	20	0.715	0.817	-0.102	sub-DMR
chr1	360780	361706	23	0.713	0.901	-0.188	good-DMR
chr1	362194	363057	20	0.76	0.765	-0.005	non-DMR
chr1	363108	363974	20	0.827	0.832	-0.005	non-DMR
chr1	364073	364889	20	0.508	0.799	-0.29	good-DMR
chr1	365379	366290	22	0.031	0.025	0.006	non-DMR
chr1	366413	367484	25	0.807	0.812	-0.005	non-DMR
chr1	367563	368593	24	0.296	0.291	0.005	non-DMR
chr1	368696	369567	23	0.741	0.746	-0.005	non-DMR
chr1	369665	370661	24	0.568	0.562	0.005	non-DMR
chr1	370712	371721	24	0.067	0.062	0.005	non-DMR
chr1	371831	372805	23	0.096	0.091	0.005	non-DMR
chr1	372928	374045	26	0.791	0.796	-0.005	non-DMR
chr1	374062	375011	25	0.587	0.817	-0.23	good-DMR
chr1	375490	376377	21	0.834	0.841	-0.006	non-DMR
chr1	376427	377494	23	0.824	0.829	-0.006	non-DMR
chr1	377562	378312	18	0.454	0.194	0.261	good-DMR
chr1	378766	379622	20	0.079	0.074	0.005	non-DMR
chr1	379675	380487	19	0.778	0.784	-0.006	non-DMR
chr1	380584	381461	21	0.859	0.865	-0.006	non-DMR
chr1	381503	382494	27	0.229	0.123	0.106	sub-DMR
chr1	382999	384116	27	0.478	0.237	0.241	good-DMR
chr1	384582	385481	24	0.381	0.618	-0.237	good-DMR
chr1	385952	386779	20	0.445	0.682	-0.237	good-DMR
chr1	387206	388195	21	0.731	0.84	-0.108	sub-DMR
chr1	388665	389570	21	0.725	0.73	-0.005	non-DMR
chr1	389604	390430	21	0.673	0.855	-0.183	good-DMR
chr1	390777	391744	20	0.599	0.865	-0.266	good-DMR
chr1	392247	393382	28	0.511	0.829	-0.317	good-DMR
chr1	393857	394830	22	0.557	0.779	-0.221	good-DMR
chr1	395337	396132	17	0.591	0.809	-0.218	good-DMR
chr1	396581	397355	18	0.796	0.802	-0.006	non-DMR
chr1	397451	398308	21	0.282	0.033	0.249	good-DMR
chr1	398803	399863	26	0.467	0.159	0.309	good-DMR
chr1	400316	401210	22	0.853	0.859	-0.006	non-DMR
chr1	401304	402264	24	0.755	0.761	-0.006	non-DMR
chr1	402365	403352	25	0.806	0.812	-0.006	non-DMR
chr1	403425	404315	20	0.422	0.102	0.32	good-DMR
chr1	404818	405717	24	0.61	0.769	-0.159	good-DMR
chr1	406190	407112	21	0.06	0.055	0.005	non-DMR
chr1	407249	408427	28	0.726	0.731	-0.005	non-DMR
chr1	408555	409381	23	0.892	0.897	-0.006	non-DMR
chr1	409446	410214	19	0.713	0.718	-0.004	non-DMR
chr1	410310	411200	24	0.768	0.773	-0.005	non-DMR
chr1	411299	412144	19	0.545	0.655	-0.111	sub-DMR
chr1	412567	413558	25	0.208	0.202	0.006	non-DMR
chr1	413639	414516	24	0.469	0.774	-0.305	good-DMR
chr1	414982	416072	26	0.768	0.772	-0.005	non-DMR
chr1	416179	417118	24	0.609	0.615	-0.006	non-DMR
chr1	417216	418090	21	0.757	0.763	-0.006	non-DMR
chr1	418152	419010	21	0.856	0.861	-0.005	non-DMR
chr1	419061	420078	23	0.768	0.774	-0.006	non-DMR
chr1	420150	421245	28	0.082	0.075	0.006	non-DMR
chr1	421272	422164	21	0.697	0.703	-0.006	non-DMR
chr1	422227	423183	20	0.494	0.715	-0.221	good-DMR
chr1	423675	424693	24	0.074	0.069	0.005	non-DMR
chr1	424770	425766	24	0.159	0.154	0.005	non-DMR
chr1	425850	426812	25	0.74	0.745	-0.006	non-DMR
chr1	426827	427812	25	0.55	0.682	-0.132	good-DMR
chr1	428319	429332	27	0.338	0.094	0.243	good-DMR
chr1	429692	430681	23	0.275	0.27	0.005	non-DMR
chr1	430743	431786	26	0.352	0.113	0.239	good-DMR
chr1	432298	433145	18	0.093	0.087	0.006	non-DMR
chr1	433277	434286	24	0.144	0.139	0.005	non-DMR
chr1	434392	435389	23	0.749	0.755	-0.006	non-DMR
chr1	435504	436466	23	0.149	0.145	0.005	non-DMR
chr1	436503	437737	30	0.777	0.565	0.212	good-DMR
chr1	438232	439006	19	0.838	0.844	-0.006	non-DMR
chr1	439127	439862	18	0.076	0.071	0.006	non-DMR
chr1	439938	440840	24	0.719	0.824	-0.104	sub-DMR
chr1	441344	442472	25	0.708	0.713	-0.005	non-DMR
chr1	442585	443714	26	0.766	0.773	-0.007	non-DMR
chr1	443830	444749	26	0.865	0.87	-0.005	non-DMR
chr1	444830	445732	22	0.824	0.83	-0.006	non-DMR
chr1	445797	446840	26	0.584	0.88	-0.296	good-DMR
chr1	447279	448405	26	0.047	0.041	0.006	non-DMR
chr1	448464	449440	22	0.194	0.189	0.005	non-DMR
chr1	449494	450128	16	0.945	0.951	-0.006	non-DMR
chr1	450248	451169	26	0.952	0.957	-0.006	non-DMR
chr1	451255	452317	28	0.098	0.094	0.005	non-DMR
chr1	452347	453446	27	0.585	0.687	-0.102	sub-DMR
chr1	453945	455134	27	0.775	0.781	-0.006	non-DMR
chr1	455253	456381	25	0.78	0.786	-0.006	non-DMR
chr1	456453	457378	22	0.424	0.109	0.315	good-DMR
chr1	457784	459008	28	0.811	0.817	-0.006	non-DMR
chr1	459118	460204	26	0.808	0.814	-0.006	non-DMR
chr1	460302	461065	18	0.1	0.094	0.006	non-DMR
chr1	461174	461899	17	0.802	0.806	-0.004	non-DMR
chr1	461968	463112	24	0.689	0.694	-0.004	non-DMR
chr1	463245	464121	19	0.811	0.816	-0.005	non-DMR
chr1	464152	465037	19	0.763	0.77	-0.006	non-DMR
chr1	465089	466079	25	0.699	0.704	-0.005	non-DMR
chr1	466139	466949	19	0.741	0.747	-0.006	non-DMR
chr1	467003	467982	26	0.091	0.086	0.005	non-DMR
chr1	468039	468881	20	0.523	0.822	-0.299	good-DMR
chr1	469381	470279	24	0.737	0.742	-0.005	non-DMR
chr1	470374	471374	25	0.537	0.542	-0.005	non-DMR
chr1	471442	472204	21	0.56	0.858	-0.298	good-DMR
chr1	472650	473556	22	0.415	0.109	0.305	good-DMR
chr1	473879	474913	25	0.821	0.826	-0.006	non-DMR
chr1	474990	475881	20	0.319	0.1	0.219	good-DMR
chr1	476371	477387	23	0.8	0.806	-0.006	non-DMR
chr1	477455	478402	20	0.816	0.822	-0.006	non-DMR
chr1	478457	479439	25	0.147	0.141	0.006	non-DMR
chr1	479516	480513	24	0.752	0.758	-0.006	non-DMR
chr1	480612	481675	23	0.905	0.91	-0.005	non-DMR
chr1	481712	482657	23	0.714	0.544	0.17	good-DMR
chr1	483158	483982	19	0.686	0.691	-0.006	non-DMR
chr1	484036	485248	27	0.549	0.555	-0.006	non-DMR
chr1	485334	486088	19	0.699	0.84	-0.141	good-DMR
chr1	486602	487451	20	0.844	0.85	-0.006	non-DMR
chr1	487539	488382	20	0.45	0.151	0.299	good-DMR
chr1	488658	489634	23	0.608	0.842	-0.234	good-DMR
chr1	490031	490794	17	0.618	0.725	-0.108	sub-DMR
chr1	491255	492127	22	0.792	0.797	-0.006	non-DMR
chr1	492190	493117	21	0.45	0.774	-0.324	good-DMR
chr1	493612	494422	18	0.824	0.829	-0.005	non-DMR
chr1	494444	495438	24	0.141	0.135	0.006	non-DMR
chr1	495569	496509	25	0.831	0.837	-0.007	non-DMR
chr1	496610	497594	22	0.652	0.658	-0.006	non-DMR
chr1	497714	498618	23	0.723	0.728	-0.005	non-DMR
chr1	498752	499666	21	0.748	0.753	-0.005	non-DMR
chr1	499754	500408	16	0.501	0.788	-0.287	good-DMR
chr1	500914	501844	21	0.625	0.82	-0.195	good-DMR
chr1	502370	503431	26	0.071	0.066	0.006	non-DMR
chr1	503569	504513	22	0.819	0.825	-0.006	non-DMR
chr1	504617	505627	25	0.705	0.711	-0.006	non-DMR
chr1	505683	506704	24	0.329	0.578	-0.249	good-DMR
chr1	507162	508124	23	0.876	0.881	-0.005	non-DMR
chr1	508230	509196	20	0.07	0.064	0.006	non-DMR
chr1	509287	510293	24	0.814	0.819	-0.005	non-DMR
chr1	510360	511256	19	0.763	0.769	-0.005	non-DMR
chr1	511311	512286	22	0.632	0.798	-0.166	good-DMR
chr1	512797	513508	17	0.733	0.738	-0.005	non-DMR
chr1	513584	514576	23	0.64	0.645	-0.005	non-DMR
chr1	514681	515644	22	0.797	0.908	-0.111	sub-DMR
chr1	516068	517107	24	0.693	0.698	-0.005	non-DMR
chr1	517153	518122	22	0.598	0.768	-0.17	good-DMR
chr1	518607	519364	21	0.729	0.734	-0.005	non-DMR
chr1	519492	520219	20	0.765	0.77	-0.005	non-DMR
chr1	520361	521284	21	0.22	0.215	0.005	non-DMR
chr1	521367	522459	25	0.54	0.826	-0.286	good-DMR
chr1	523006	523963	22	0.115	0.11	0.005	non-DMR
chr1	524088	524911	20	0.882	0.887	-0.005	non-DMR
chr1	524935	525824	20	0.514	0.788	-0.274	good-DMR
chr1	527284	528103	21	0.522	0.527	-0.005	non-DMR
chr1	528172	529103	22	0.085	0.08	0.005	non-DMR
chr1	529187	530137	23	0.523	0.782	-0.259	good-DMR
chr1	530605	531652	24	0.608	0.715	-0.107	sub-DMR
chr1	532012	532923	19	0.642	0.648	-0.006	non-DMR
chr1	533019	533918	22	0.822	0.827	-0.006	non-DMR
chr1	534007	534763	19	0.801	0.806	-0.005	non-DMR
chr1	534811	535811	25	0.849	0.855	-0.005	non-DMR
chr1	535887	536922	23	0.803	0.808	-0.005	non-DMR
chr1	537011	538102	25	0.58	0.797	-0.217	good-DMR
chr1	538625	539376	20	0.817	0.822	-0.005	non-DMR
chr1	539486	540539	20	0.13	0.124	0.006	non-DMR
chr1	540589	541535	21	0.525	0.798	-0.274	good-DMR
chr1	542056	542997	22	0.048	0.042	0.006	non-DMR
chr1	543089	544161	25	0.785	0.79	-0.005	non-DMR
chr1	544225	545069	20	0.891	0.896	-0.005	non-DMR
chr1	545141	546074	21	0.475	0.704	-0.228	good-DMR
chr1	546496	547477	20	0.715	0.831	-0.116	sub-DMR
chr1	547903	549022	26	0.72	0.725	-0.005	non-DMR
chr1	549154	549810	15	0.126	0.121	0.005	non-DMR
chr1	549869	550900	25	0.136	0.131	0.005	non-DMR
chr1	551013	551979	22	0.511	0.517	-0.006	non-DMR
chr1	552004	552969	22	0.562	0.76	-0.197	good-DMR
chr1	553496	554492	23	0.815	0.821	-0.006	non-DMR
chr1	554606	555564	24	0.799	0.805	-0.006	non-DMR
chr1	555610	556595	23	0.473	0.712	-0.239	good-DMR
chr1	557007	557930	23	0.591	0.586	0.005	non-DMR
chr1	558035	559126	25	0.794	0.799	-0.005	non-DMR
chr1	559272	560303	26	0.805	0.81	-0.005	non-DMR
chr1	560377	561296	27	0.763	0.769	-0.006	non-DMR
chr1	561405	562373	24	0.935	0.94	-0.006	non-DMR
chr1	562407	563265	21	0.077	0.071	0.006	non-DMR
chr1	563288	564299	24	0.559	0.255	0.304	good-DMR
chr1	564805	565790	24	0.674	0.679	-0.005	non-DMR
chr1	565866	566670	22	0.798	0.803	-0.005	non-DMR
chr1	566756	567877	28	0.598	0.592	0.006	non-DMR
chr1	567959	568871	25	0.758	0.764	-0.006	non-DMR
chr1	568962	569971	25	0.286	0.043	0.243	good-DMR
chr1	570428	571293	21	0.629	0.86	-0.231	good-DMR
chr1	571803	572817	24	0.133	0.128	0.005	non-DMR
chr1	572901	573874	25	0.509	0.811	-0.302	good-DMR
chr1	574342	575243	19	0.368	0.362	0.006	non-DMR
chr1	575339	576300	24	0.857	0.863	-0.006	non-DMR
chr1	576375	577256	21	0.12	0.115	0.006	non-DMR
chr1	577296	578259	20	0.659	0.665	-0.006	non-DMR
chr1	578355	579154	19	0.601	0.855	-0.254	good-DMR
chr1	579595	580603	23	0.847	0.851	-0.005	non-DMR
chr1	580719	581429	19	0.833	0.838	-0.005	non-DMR
chr1	581482	582331	18	0.508	0.713	-0.205	good-DMR
chr1	582787	583855	24	0.611	0.878	-0.267	good-DMR
chr1	584343	585299	24	0.879	0.885	-0.006	non-DMR
chr1	585329	586289	25	0.712	0.718	-0.006	non-DMR
chr1	586376	587350	22	0.507	0.707	-0.2	good-DMR
chr1	587853	588938	26	0.719	0.912	-0.193	good-DMR
chr1	589457	590550	26	0.133	0.127	0.006	non-DMR
chr1	590579	591462	22	0.588	0.89	-0.303	good-DMR
chr1	591960	592983	23	0.485	0.782	-0.297	good-DMR
chr1	593427	594389	23	0.852	0.858	-0.006	non-DMR
chr1	594492	595509	26	0.781	0.787	-0.006	non-DMR
chr1	595628	596620	24	0.874	0.878	-0.005	non-DMR
chr1	596725	597686	25	0.818	0.823	-0.005	non-DMR
chr1	597790	598705	22	0.284	0.58	-0.296	good-DMR
chr1	599227	600192	21	0.104	0.099	0.006	non-DMR
chr1	600278	601355	25	0.608	0.857	-0.249	good-DMR
chr1	601804	602853	22	0.6	0.841	-0.241	good-DMR
chr1	603273	604264	25	0.868	0.874	-0.005	non-DMR
chr1	604367	605513	24	0.075	0.069	0.006	non-DMR
chr1	605593	606571	22	0.54	0.752	-0.212	good-DMR
chr1	607058	608126	26	0.583	0.831	-0.248	good-DMR
chr1	608510	609438	22	0.732	0.835	-0.103	sub-DMR
chr1	609954	610959	23	0.144	0.139	0.006	non-DMR
chr1	611083	611999	22	0.047	0.042	0.005	non-DMR
chr1	612091	613211	25	0.351	0.116	0.236	good-DMR
chr1	613669	614589	25	0.826	0.832	-0.006	non-DMR
chr1	614653	615674	24	0.49	0.736	-0.246	good-DMR
chr1	616143	617226	27	0.062	0.056	0.006	non-DMR
chr1	617332	618324	25	0.45	0.169	0.28	good-DMR
chr1	618709	619720	26	0.567	0.85	-0.283	good-DMR
chr1	620258	621403	28	0.099	0.094	0.005	non-DMR
chr1	621468	622558	25	0.769	0.774	-0.006	non-DMR
chr1	622619	623568	22	0.749	0.754	-0.005	non-DMR
chr1	623664	624656	25	0.434	0.73	-0.296	good-DMR
chr1	625142	626039	24	0.938	0.944	-0.006	non-DMR
chr1	626107	627011	20	0.783	0.788	-0.004	non-DMR
chr1	627062	628155	23	0.838	0.843	-0.005	non-DMR
chr1	628198	629182	23	0.794	0.798	-0.005	non-DMR
chr1	629285	630212	22	0.735	0.741	-0.006	non-DMR
chr1	630267	631268	24	0.387	0.144	0.243	good-DMR
chr1	631586	632725	26	0.263	0.259	0.005	non-DMR
chr1	632800	633765	21	0.737	0.743	-0.006	non-DMR
chr1	633858	634655	20	0.132	0.126	0.006	non-DMR
chr1	634764	635692	22	0.088	0.083	0.005	non-DMR
chr1	635831	636772	24	0.293	0.288	0.005	non-DMR
chr1	636825	637907	25	0.808	0.813	-0.006	non-DMR
chr1	637993	639030	24	0.602	0.915	-0.313	good-DMR
chr1	639552	640465	21	0.712	0.718	-0.006	non-DMR
chr1	640569	641384	21	0.361	0.07	0.291	good-DMR
chr1	641851	642734	22	0.815	0.82	-0.005	non-DMR
chr1	642756	643673	20	0.604	0.609	-0.006	non-DMR
chr1	643721	644788	25	0.509	0.732	-0.223	good-DMR
chr1	645297	646212	21	0.602	0.607	-0.005	non-DMR
chr1	646327	647299	23	0.901	0.906	-0.005	non-DMR
chr1	647329	648125	20	0.868	0.872	-0.004	non-DMR
chr1	648230	649067	23	0.705	0.71	-0.005	non-DMR
chr1	649108	650160	24	0.846	0.852	-0.006	non-DMR
chr1	650265	651142	22	0.044	0.039	0.005	non-DMR
chr1	651188	652168	26	0.316	0.152	0.164	good-DMR
chr1	652650	653482	21	0.404	0.659	-0.254	good-DMR
chr1	653935	654722	19	0.781	0.788	-0.006	non-DMR
chr1	654803	655789	23	0.19	0.185	0.005	non-DMR
chr1	655837	656781	21	0.804	0.81	-0.006	non-DMR
chr1	656903	657899	25	0.759	0.765	-0.006	non-DMR
chr1	657969	658816	21	0.848	0.854	-0.006	non-DMR
chr1	658903	659851	23	0.174	0.168	0.006	non-DMR
chr1	659950	660829	21	0.85	0.856	-0.005	non-DMR
chr1	660919	661832	21	0.11	0.104	0.005	non-DMR
chr1	661914	662982	24	0.597	0.729	-0.132	good-DMR
chr1	663278	664215	21	0.859	0.864	-0.005	non-DMR
chr1	664262	665089	20	0.612	0.718	-0.105	sub-DMR
chr1	665441	666415	24	0.1	0.095	0.005	non-DMR
chr1	666463	667581	27	0.355	0.114	0.242	good-DMR
chr1	667984	668823	23	0.669	0.897	-0.227	good-DMR
chr1	669355	670167	20	0.168	0.163	0.006	non-DMR
chr1	670244	671093	22	0.467	0.215	0.251	good-DMR
chr1	671410	672382	24	0.88	0.886	-0.006	non-DMR
chr1	672518	673473	22	0.856	0.861	-0.005	non-DMR
chr1	673520	674447	25	0.269	0.161	0.107	sub-DMR
chr1	674848	675696	21	0.658	0.761	-0.103	sub-DMR
chr1	676175	676995	19	0.159	0.153	0.006	non-DMR
chr1	677057	678143	25	0.703	0.709	-0.006	non-DMR
chr1	678226	679100	22	0.076	0.07	0.006	non-DMR
chr1	679194	680073	22	0.927	0.934	-0.007	non-DMR
chr1	680166	680998	18	0.084	0.077	0.007	non-DMR
chr1	681018	681880	21	0.106	0.101	0.005	non-DMR
chr1	682012	683199	29	0.855	0.861	-0.006	non-DMR
chr1	683306	684129	21	0.659	0.664	-0.006	non-DMR
chr1	684168	685106	25	0.839	0.844	-0.005	non-DMR
chr1	685177	686059	23	0.195	0.19	0.005	non-DMR
chr1	686141	687059	23	0.81	0.816	-0.006	non-DMR
chr1	687099	687996	22	0.826	0.831	-0.006	non-DMR
chr1	688121	689136	25	0.068	0.063	0.005	non-DMR
chr1	689148	690060	19	0.742	0.747	-0.006	non-DMR
chr1	690097	690963	21	0.197	0.191	0.006	non-DMR
chr1	692143	693019	22	0.604	0.609	-0.005	non-DMR
chr1	693137	694050	21	0.709	0.715	-0.006	non-DMR
chr1	694129	695158	26	0.657	0.814	-0.157	good-DMR
chr1	695685	696793	28	0.653	0.659	-0.006	non-DMR
chr1	696915	698062	25	0.051	0.046	0.005	non-DMR
chr1	698115	699197	26	0.864	0.869	-0.006	non-DMR
chr1	699289	700420	29	0.726	0.834	-0.108	sub-DMR
chr1	700895	701975	26	0.702	0.708	-0.006	non-DMR
chr1	702045	703124	24	0.545	0.82	-0.275	good-DMR
chr1	703535	704422	21	0.304	0.07	0.234	good-DMR
chr1	704916	706010	26	0.527	0.532	-0.005	non-DMR
chr1	706047	707034	24	0.509	0.787	-0.278	good-DMR
chr1	707466	708510	25	0.776	0.782	-0.006	non-DMR
chr1	708600	709601	22	0.648	0.926	-0.279	good-DMR
chr1	709994	711152	23	0.894	0.9	-0.006	non-DMR
chr1	711252	712113	22	0.81	0.816	-0.006	non-DMR
chr1	712158	713211	23	0.195	0.19	0.005	non-DMR
chr1	713333	714205	22	0.874	0.879	-0.005	non-DMR
chr1	714349	715207	21	0.842	0.849	-0.006	non-DMR
chr1	715297	716138	20	0.474	0.731	-0.257	good-DMR
chr1	716637	717665	22	0.412	0.234	0.179	good-DMR
chr1	718185	719100	20	0.7	0.706	-0.006	non-DMR
chr1	719221	720152	22	0.849	0.855	-0.006	non-DMR
chr1	720231	721187	24	0.734	0.84	-0.106	sub-DMR
chr1	721644	722653	27	0.794	0.799	-0.005	non-DMR
chr1	722733	723531	18	0.757	0.762	-0.005	non-DMR
chr1	723555	724600	29	0.773	0.919	-0.146	good-DMR
chr1	725103	726142	24	0.789	0.795	-0.005	non-DMR
chr1	726169	727252	28	0.841	0.846	-0.005	non-DMR
chr1	727293	728186	24	0.623	0.344	0.278	good-DMR
chr1	728616	729491	23	0.592	0.695	-0.103	sub-DMR
chr1	730024	731136	26	0.099	0.093	0.006	non-DMR
chr1	731243	732338	26	0.752	0.757	-0.005	non-DMR
chr1	732404	733384	24	0.865	0.871	-0.006	non-DMR
chr1	733422	734399	22	0.59	0.839	-0.25	good-DMR
chr1	734842	735647	22	0.812	0.919	-0.107	sub-DMR
chr1	736173	737173	21	0.782	0.788	-0.005	non-DMR
chr1	737289	738277	25	0.752	0.758	-0.006	non-DMR
chr1	738376	739380	21	0.7	0.706	-0.006	non-DMR
chr1	739468	740490	25	0.832	0.837	-0.006	non-DMR
chr1	740592	741449	23	0.312	0.089	0.222	good-DMR
chr1	741915	742925	23	0.824	0.829	-0.005	non-DMR
chr1	743008	744163	27	0.789	0.794	-0.006	non-DMR
chr1	744291	745238	21	0.742	0.747	-0.005	non-DMR
chr1	745330	746239	20	0.721	0.726	-0.005	non-DMR
chr1	746321	747188	21	0.44	0.716	-0.277	good-DMR
chr1	747698	748665	21	0.754	0.759	-0.005	non-DMR
chr1	748763	749721	24	0.626	0.894	-0.269	good-DMR
chr1	750196	751146	23	0.605	0.612	-0.006	non-DMR
chr1	751250	752208	24	0.869	0.875	-0.006	non-DMR
chr1	752320	753367	25	0.613	0.619	-0.006	non-DMR
chr1	753467	754435	23	0.662	0.847	-0.185	good-DMR
chr1	754937	755881	23	0.717	0.722	-0.006	non-DMR
chr1	755984	756824	18	0.137	0.13	0.007	non-DMR
chr1	756909	757966	27	0.567	0.878	-0.31	good-DMR
chr1	758372	759412	27	0.452	0.631	-0.179	good-DMR
chr1	759902	760957	22	0.645	0.651	-0.005	non-DMR
chr1	761020	761909	20	0.127	0.122	0.005	non-DMR
chr1	762019	762911	22	0.829	0.834	-0.005	non-DMR
chr1	763016	763942	24	0.896	0.902	-0.005	non-DMR
chr1	764024	765078	25	0.246	0.143	0.103	sub-DMR
chr1	765586	766552	24	0.833	0.838	-0.005	non-DMR
chr1	766623	767554	21	0.073	0.067	0.006	non-DMR
chr1	767571	768571	20	0.566	0.875	-0.309	good-DMR
chr1	768941	769999	24	0.676	0.68	-0.004	non-DMR
chr1	770054	771182	25	0.132	0.126	0.005	non-DMR
chr1	771300	772232	22	0.764	0.769	-0.005	non-DMR
chr1	772336	773285	23	0.77	0.775	-0.006	non-DMR
chr1	773389	774500	27	0.522	0.737	-0.216	good-DMR
chr1	774940	776015	25	0.849	0.855	-0.006	non-DMR
chr1	776151	777059	19	0.769	0.775	-0.006	non-DMR
chr1	777128	778111	24	0.95	0.955	-0.005	non-DMR
chr1	778171	779118	24	0.043	0.037	0.005	non-DMR
chr1	779135	780148	22	0.866	0.872	-0.006	non-DMR
chr1	780198	781132	23	0.441	0.239	0.202	good-DMR
chr1	781599	782648	25	0.101	0.095	0.006	non-DMR
chr1	782676	783595	24	0.57	0.83	-0.259	good-DMR
chr1	784108	785012	22	0.731	0.737	-0.006	non-DMR
chr1	785110	786223	24	0.356	0.153	0.203	good-DMR
chr1	786614	787503	22	0.893	0.898	-0.006	non-DMR
chr1	787614	788451	18	0.808	0.812	-0.005	non-DMR
chr1	788484	789639	29	0.539	0.757	-0.218	good-DMR
chr1	790177	791149	21	0.139	0.133	0.006	non-DMR
chr1	791242	792109	21	0.064	0.059	0.005	non-DMR
chr1	792197	793053	21	0.493	0.253	0.24	good-DMR
chr1	793545	794570	25	0.793	0.799	-0.006	non-DMR
chr1	794631	795490	24	0.129	0.124	0.005	non-DMR
chr1	795567	796559	23	0.645	0.886	-0.242	good-DMR
chr1	797023	798052	25	0.626	0.864	-0.238	good-DMR
chr1	798486	799503	20	0.048	0.042	0.006	non-DMR
chr1	799618	800521	21	0.72	0.725	-0.005	non-DMR
chr1	800567	801623	24	0.475	0.685	-0.21	good-DMR
chr1	802040	802841	20	0.66	0.852	-0.192	good-DMR
chr1	803205	804209	24	0.873	0.879	-0.006	non-DMR
chr1	804308	805125	20	0.805	0.811	-0.006	non-DMR
chr1	805214	805975	19	0.492	0.769	-0.277	good-DMR
chr1	806486	807340	22	0.624	0.63	-0.006	non-DMR
chr1	807392	808283	21	0.699	0.705	-0.006	non-DMR
chr1	808381	809261	20	0.87	0.876	-0.006	non-DMR
chr1	809303	810359	26	0.788	0.793	-0.005	non-DMR
chr1	810429	811598	27	0.059	0.053	0.006	non-DMR
chr1	811665	812670	23	0.549	0.544	0.005	non-DMR
chr1	812760	813642	21	0.882	0.887	-0.005	non-DMR
chr1	813741	814690	21	0.751	0.853	-0.102	sub-DMR
chr1	815095	816177	24	0.875	0.88	-0.005	non-DMR
chr1	816254	817428	27	0.261	0.157	0.104	sub-DMR
chr1	817896	818883	24	0.129	0.125	0.005	non-DMR
chr1	818926	819944	23	0.129	0.123	0.006	non-DMR
chr1	820046	820940	21	0.625	0.835	-0.21	good-DMR
chr1	821210	822045	22	0.68	0.685	-0.005	non-DMR
chr1	822087	823035	21	0.809	0.577	0.232	good-DMR
chr1	823554	824574	24	0.951	0.957	-0.005	non-DMR
chr1	824698	825719	22	0.825	0.83	-0.005	non-DMR
chr1	825789	826662	21	0.115	0.11	0.005	non-DMR
chr1	826760	827704	22	0.806	0.81	-0.004	non-DMR
chr1	827837	828775	23	0.911	0.917	-0.005	non-DMR
chr1	828854	829827	23	0.688	0.909	-0.221	good-DMR
chr1	830202	831028	18	0.79	0.795	-0.005	non-DMR
chr1	831130	832317	28	0.45	0.732	-0.282	good-DMR
chr1	832793	833876	27	0.778	0.783	-0.005	non-DMR
chr1	834004	834774	18	0.745	0.75	-0.006	non-DMR
chr1	834798	835730	26	0.8	0.806	-0.006	non-DMR
chr1	835799	836707	22	0.387	0.114	0.273	good-DMR
chr1	837203	838108	20	0.74	0.841	-0.101	sub-DMR
chr1	838297	839228	25	0.788	0.793	-0.005	non-DMR
chr1	839312	840389	24	0.125	0.12	0.005	non-DMR
chr1	840479	841261	19	0.863	0.868	-0.005	non-DMR
chr1	841326	842230	21	0.272	0.266	0.006	non-DMR
chr1	842286	843148	20	0.345	0.153	0.192	good-DMR
chr1	843615	844584	20	0.334	0.161	0.173	good-DMR
chr1	845075	846150	27	0.744	0.749	-0.005	non-DMR
chr1	846241	847139	19	0.775	0.78	-0.005	non-DMR
chr1	847226	848454	29	0.344	0.143	0.201	good-DMR
chr1	848920	849838	24	0.753	0.758	-0.005	non-DMR
chr1	849950	850708	18	0.131	0.126	0.005	non-DMR
chr1	850801	851841	26	0.777	0.783	-0.006	non-DMR
chr1	851895	852847	23	0.669	0.675	-0.006	non-DMR
chr1	852945	853785	21	0.091	0.085	0.006	non-DMR
chr1	853892	854943	24	0.596	0.821	-0.224	good-DMR
chr1	855431	856339	21	0.45	0.175	0.275	good-DMR
chr1	856828	857796	28	0.449	0.797	-0.348	good-DMR
chr1	858325	859214	22	0.165	0.159	0.006	non-DMR
chr1	859309	860248	23	0.859	0.865	-0.006	non-DMR
chr1	860304	861140	21	0.335	0.625	-0.29	good-DMR
chr1	861641	862524	20	0.229	0.224	0.006	non-DMR
chr1	862644	863593	21	0.819	0.825	-0.006	non-DMR
chr1	863652	864709	28	0.231	0.226	0.005	non-DMR
chr1	864782	865775	23	0.885	0.891	-0.006	non-DMR
chr1	865906	867070	28	0.794	0.798	-0.005	non-DMR
chr1	867161	867977	20	0.623	0.733	-0.111	sub-DMR
chr1	868491	869377	20	0.809	0.813	-0.004	non-DMR
chr1	869511	870542	26	0.757	0.762	-0.005	non-DMR
chr1	870612	871683	24	0.882	0.888	-0.006	non-DMR
chr1	871746	872844	27	0.24	0.131	0.109	sub-DMR
chr1	873372	874410	26	0.172	0.166	0.006	non-DMR
chr1	874480	875436	23	0.433	0.68	-0.247	good-DMR
chr1	875931	876766	22	0.641	0.647	-0.006	non-DMR
chr1	876869	877777	22	0.86	0.865	-0.005	non-DMR
chr1	877859	878722	20	0.548	0.81	-0.262	good-DMR
chr1	879161	880231	25	0.188	0.183	0.006	non-DMR
chr1	880298	881332	23	0.279	0.084	0.195	good-DMR
chr1	881841	882670	20	0.093	0.087	0.006	non-DMR
chr1	882726	883961	29	0.562	0.828	-0.266	good-DMR
chr1	884405	885236	19	0.229	0.127	0.102	sub-DMR
chr1	885710	886574	22	0.605	0.895	-0.29	good-DMR
chr1	887051	888045	26	0.868	0.873	-0.005	non-DMR
chr1	888143	889295	24	0.801	0.807	-0.006	non-DMR
chr1	889415	890481	28	0.799	0.805	-0.006	non-DMR
chr1	890546	891406	22	0.454	0.694	-0.241	good-DMR
chr1	891937	892843	21	0.783	0.789	-0.005	non-DMR
chr1	892931	893711	21	0.632	0.637	-0.005	non-DMR
chr1	893812	894856	22	0.689	0.695	-0.005	non-DMR
chr1	894911	895801	21	0.088	0.082	0.006	non-DMR
chr1	895858	896842	22	0.045	0.038	0.007	non-DMR
chr1	896942	897917	23	0.114	0.108	0.006	non-DMR
chr1	897945	898625	16	0.451	0.167	0.284	good-DMR
chr1	899115	899866	20	0.126	0.121	0.005	non-DMR
chr1	899925	900874	23	0.392	0.638	-0.247	good-DMR
chr1	901397	902268	23	0.655	0.66	-0.005	non-DMR
chr1	902314	903185	19	0.064	0.059	0.005	non-DMR
chr1	903249	904348	29	0.32	0.682	-0.362	good-DMR
chr1	904881	905838	25	0.131	0.126	0.005	non-DMR
chr1	905951	907001	25	0.722	0.727	-0.005	non-DMR
chr1	907120	908044	20	0.605	0.611	-0.006	non-DMR
chr1	908168	909202	21	0.796	0.802	-0.006	non-DMR
chr1	909328	910320	24	0.103	0.098	0.005	non-DMR
chr1	910386	911266	19	0.368	0.112	0.256	good-DMR
chr1	911750	912732	22	0.877	0.882	-0.006	non-DMR
chr1	912836	913764	24	0.835	0.841	-0.005	non-DMR
chr1	913821	914783	23	0.9	0.905	-0.006	non-DMR
chr1	914880	915717	23	0.9	0.906	-0.006	non-DMR
chr1	915778	916632	20	0.491	0.793	-0.302	good-DMR
chr1	917089	918040	21	0.805	0.81	-0.005	non-DMR
chr1	918055	918994	23	0.73	0.736	-0.005	non-DMR
chr1	919090	920068	22	0.084	0.079	0.006	non-DMR
chr1	920144	921108	20	0.072	0.066	0.006	non-DMR
chr1	921191	922164	23	0.614	0.62	-0.006	non-DMR
chr1	922208	923036	17	0.629	0.837	-0.208	good-DMR
chr1	923489	924549	26	0.825	0.831	-0.006	non-DMR
chr1	924585	925528	25	0.705	0.71	-0.005	non-DMR
chr1	925636	926495	20	0.877	0.882	-0.004	non-DMR
chr1	926589	927564	23	0.564	0.8	-0.236	good-DMR
chr1	927970	928783	18	0.933	0.938	-0.006	non-DMR
chr1	928925	929896	22	0.821	0.827	-0.006	non-DMR
chr1	929914	930899	24	0.147	0.141	0.006	non-DMR
chr1	930951	931827	21	0.86	0.866	-0.006	non-DMR
chr1	931894	932788	22	0.319	0.312	0.007	non-DMR
chr1	932828	933998	29	0.739	0.745	-0.006	non-DMR
chr1	934104	935038	24	0.618	0.623	-0.006	non-DMR
chr1	935133	936318	29	0.585	0.86	-0.276	good-DMR
chr1	936808	937690	22	0.609	0.886	-0.277	good-DMR
chr1	938215	939202	25	0.767	0.773	-0.006	non-DMR
chr1	939293	940228	22	0.154	0.149	0.005	non-DMR
chr1	940347	941172	18	0.822	0.827	-0.005	non-DMR
chr1	941264	942154	24	0.591	0.87	-0.279	good-DMR
chr1	942642	943658	23	0.169	0.164	0.005	non-DMR
chr1	943760	944749	25	0.762	0.768	-0.006	non-DMR
chr1	944766	945800	26	0.415	0.172	0.243	good-DMR
chr1	946215	947049	19	0.805	0.811	-0.006	non-DMR
chr1	947141	948112	22	0.902	0.907	-0.005	non-DMR
chr1	948143	949108	27	0.485	0.758	-0.273	good-DMR
chr1	949552	950437	22	0.931	0.937	-0.006	non-DMR
chr1	950560	951350	20	0.144	0.14	0.005	non-DMR
chr1	951424	952537	28	0.928	0.933	-0.005	non-DMR
chr1	952584	953420	19	0.804	0.81	-0.006	non-DMR
chr1	953442	954295	20	0.383	0.143	0.24	good-DMR
chr1	954821	955761	24	0.852	0.857	-0.005	non-DMR
chr1	955908	956782	22	0.127	0.121	0.005	non-DMR
chr1	956853	957639	17	0.776	0.782	-0.006	non-DMR
chr1	957687	958610	19	0.24	0.234	0.005	non-DMR
chr1	958679	959692	22	0.154	0.147	0.006	non-DMR
chr1	959827	960727	23	0.878	0.884	-0.006	non-DMR
chr1	960798	961700	21	0.053	0.048	0.005	non-DMR
chr1	961720	962551	22	0.889	0.894	-0.006	non-DMR
chr1	962597	963623	23	0.351	0.244	0.108	sub-DMR
chr1	964108	965092	25	0.244	0.238	0.006	non-DMR
chr1	965226	966168	23	0.159	0.154	0.006	non-DMR
chr1	966274	967125	20	0.742	0.847	-0.105	sub-DMR
chr1	967622	968475	21	0.636	0.64	-0.004	non-DMR
chr1	968535	969325	17	0.227	0.22	0.007	non-DMR
chr1	969394	970256	19	0.205	0.2	0.005	non-DMR
chr1	970349	971308	22	0.772	0.778	-0.006	non-DMR
chr1	971334	972307	22	0.106	0.102	0.005	non-DMR
chr1	972342	973321	25	0.715	0.72	-0.006	non-DMR
chr1	973383	974333	23	0.468	0.462	0.005	non-DMR
chr1	974440	975446	23	0.612	0.839	-0.227	good-DMR
chr1	975902	976876	22	0.75	0.854	-0.103	sub-DMR
chr1	977260	978265	23	0.659	0.862	-0.204	good-DMR
chr1	978744	979846	24	0.675	0.681	-0.006	non-DMR
chr1	979860	980895	26	0.431	0.103	0.328	good-DMR
chr1	981399	982354	26	0.886	0.893	-0.007	non-DMR
chr1	982468	983544	27	0.716	0.72	-0.004	non-DMR
chr1	983608	984622	24	0.702	0.707	-0.006	non-DMR
chr1	984758	985616	22	0.296	0.29	0.006	non-DMR
chr1	985724	986514	20	0.772	0.778	-0.006	non-DMR
chr1	986569	987548	19	0.345	0.089	0.257	good-DMR
chr1	987950	988757	18	0.209	0.026	0.183	good-DMR
chr1	989267	990205	24	0.797	0.802	-0.006	non-DMR
chr1	990298	991241	24	0.827	0.832	-0.005	non-DMR
chr1	992311	993348	26	0.719	0.724	-0.005	non-DMR
chr1	993441	994408	22	0.901	0.906	-0.005	non-DMR
chr1	994477	995513	22	0.773	0.778	-0.005	non-DMR
chr1	995631	996674	23	0.113	0.107	0.006	non-DMR
chr1	996755	997817	28	0.739	0.745	-0.006	non-DMR
chr1	997914	998843	22	0.936	0.941	-0.005	non-DMR
chr1	998907	999963	23	0.856	0.958	-0.102	sub-DMR
chr1	1000469	1001448	24	0.571	0.859	-0.288	good-DMR
chr1	1001850	1002893	27	0.705	0.71	-0.006	non-DMR
chr1	1003011	1003765	18	0.899	0.904	-0.005	non-DMR
chr1	1003873	1004583	16	0.124	0.118	0.006	non-DMR
chr1	1004691	1005707	23	0.067	0.062	0.005	non-DMR
chr1	1005775	1006703	22	0.599	0.835	-0.236	good-DMR
chr1	1007068	1008008	21	0.39	0.123	0.268	good-DMR
chr1	1008509	1009629	27	0.905	0.911	-0.006	non-DMR
chr1	1009705	1010809	25	0.854	0.86	-0.006	non-DMR
chr1	1010861	1011816	23	0.826	0.831	-0.005	non-DMR
chr1	1011888	1012809	23	0.603	0.597	0.005	non-DMR
chr1	1012910	1014029	27	0.784	0.79	-0.006	non-DMR
chr1	1014077	1014999	19	0.683	0.69	-0.006	non-DMR
chr1	1015075	1016011	24	0.874	0.879	-0.005	non-DMR
chr1	1016093	1017090	24	0.825	0.83	-0.006	non-DMR
chr1	1017148	1017961	20	0.705	0.711	-0.006	non-DMR
chr1	1018087	1019053	23	0.813	0.819	-0.006	non-DMR
chr1	1019090	1020343	30	0.795	0.8	-0.005	non-DMR
chr1	1020465	1021508	29	0.814	0.82	-0.006	non-DMR
chr1	1021614	1022575	23	0.805	0.812	-0.007	non-DMR
chr1	1022629	1023565	23	0.543	0.778	-0.234	good-DMR
chr1	1024056	1024929	20	0.934	0.939	-0.005	non-DMR
chr1	1025014	1026015	20	0.57	0.838	-0.268	good-DMR
chr1	1026484	1027409	19	0.926	0.932	-0.006	non-DMR
chr1	1027500	1028458	22	0.869	0.874	-0.006	non-DMR
chr1	1028576	1029472	20	0.949	0.955	-0.006	non-DMR
chr1	1029560	1030475	22	0.745	0.852	-0.107	sub-DMR
chr1	1030977	1032010	23	0.783	0.789	-0.006	non-DMR
chr1	1032075	1033001	22	0.116	0.11	0.005	non-DMR
chr1	1033093	1034141	24	0.786	0.791	-0.006	non-DMR
chr1	1034173	1035146	23	0.716	0.722	-0.006	non-DMR
chr1	1035185	1036188	24	0.486	0.587	-0.1	good-DMR
chr1	1036669	1037679	20	0.776	0.783	-0.006	non-DMR
chr1	1037761	1038674	20	0.913	0.918	-0.005	non-DMR
chr1	1038777	1039859	27	0.151	0.146	0.005	non-DMR
chr1	1039960	1040820	20	0.702	0.885	-0.183	good-DMR
chr1	1041349	1042367	25	0.648	0.653	-0.005	non-DMR
chr1	1042476	1043265	19	0.122	0.116	0.006	non-DMR
chr1	1043379	1044348	23	0.864	0.87	-0.006	non-DMR
chr1	1044441	1045223	18	0.775	0.88	-0.105	sub-DMR
chr1	1045758	1046811	27	0.836	0.841	-0.005	non-DMR
chr1	1046881	1047770	24	0.799	0.804	-0.005	non-DMR
chr1	1047869	1048847	23	0.245	0.057	0.188	good-DMR
chr1	1049271	1050176	20	0.124	0.118	0.006	non-DMR
chr1	1050290	1051109	20	0.574	0.58	-0.006	non-DMR
chr1	1051211	1052224	25	0.074	0.068	0.005	non-DMR
chr1	1052234	1052912	17	0.4	0.124	0.276	good-DMR
chr1	1053429	1054273	20	0.208	0.203	0.005	non-DMR
chr1	1054325	1055247	20	0.783	0.789	-0.006	non-DMR
chr1	1055336	1056423	28	0.796	0.802	-0.006	non-DMR
chr1	1056483	1057369	21	0.848	0.853	-0.005	non-DMR
chr1	1057442	1058545	22	0.504	0.796	-0.292	good-DMR
chr1	1059036	1060044	23	0.497	0.673	-0.176	good-DMR
chr1	1060450	1061540	24	0.822	0.828	-0.006	non-DMR
chr1	1061610	1062432	20	0.088	0.083	0.005	non-DMR
chr1	1062476	1063538	26	0.524	0.833	-0.309	good-DMR
chr1	1064045	1064874	21	0.098	0.092	0.006	non-DMR
chr1	1064978	1065872	20	0.808	0.815	-0.007	non-DMR
chr1	1065996	1066850	20	0.812	0.816	-0.004	non-DMR
chr1	1066883	1067815	20	0.696	0.702	-0.006	non-DMR
chr1	1067866	1068913	22	0.696	0.702	-0.006	non-DMR
chr1	1068925	1069852	24	0.779	0.886	-0.106	sub-DMR
chr1	1070230	1071308	24	0.806	0.812	-0.006	non-DMR
chr1	1071410	1072388	23	0.804	0.81	-0.005	non-DMR
chr1	1072423	1073465	27	0.757	0.763	-0.006	non-DMR
chr1	1073531	1074297	20	0.607	0.836	-0.229	good-DMR
chr1	1074838	1075805	21	0.859	0.864	-0.005	non-DMR
chr1	1075873	1076756	20	0.041	0.036	0.005	non-DMR
chr1	1076860	1077769	20	0.062	0.057	0.006	non-DMR
chr1	1077844	1078910	28	0.566	0.745	-0.18	good-DMR
chr1	1079383	1080340	19	0.849	0.855	-0.005	non-DMR
chr1	1080420	1081220	19	0.844	0.85	-0.005	non-DMR
chr1	1081310	1082368	22	0.413	0.073	0.34	good-DMR
chr1	1082811	1083756	21	0.413	0.731	-0.318	good-DMR
chr1	1084251	1085170	23	0.837	0.843	-0.005	non-DMR
chr1	1085222	1085979	16	0.417	0.763	-0.346	good-DMR
chr1	1086477	1087525	27	0.932	0.938	-0.006	non-DMR
chr1	1087596	1088580	20	0.874	0.879	-0.005	non-DMR
chr1	1088659	1089445	20	0.188	0.078	0.11	sub-DMR
chr1	1089956	1090881	22	0.659	0.665	-0.006	non-DMR
chr1	1090898	1091818	20	0.528	0.795	-0.267	good-DMR
chr1	1092310	1093297	21	0.421	0.172	0.249	good-DMR
chr1	1093763	1094614	16	0.817	0.822	-0.006	non-DMR
chr1	1094731	1095771	22	0.063	0.059	0.005	non-DMR
chr1	1095884	1096888	25	0.787	0.791	-0.004	non-DMR
chr1	1097030	1097996	20	0.716	0.722	-0.006	non-DMR
chr1	1098106	1099227	27	0.563	0.806	-0.244	good-DMR
chr1	1099620	1100707	27	0.618	0.623	-0.005	non-DMR
chr1	1100818	1102018	26	0.613	0.618	-0.004	non-DMR
chr1	1102126	1102982	22	0.852	0.859	-0.006	non-DMR
chr1	1103022	1103905	23	0.906	0.911	-0.005	non-DMR
chr1	1104027	1105036	23	0.7	0.706	-0.006	non-DMR
chr1	1105145	1105941	19	0.222	0.215	0.007	non-DMR
chr1	1105994	1106969	24	0.93	0.934	-0.005	non-DMR
chr1	1107049	1107916	22	0.644	0.754	-0.11	good-DMR
chr1	1108350	1109479	23	0.547	0.541	0.006	non-DMR
chr1	1109564	1110625	25	0.76	0.765	-0.006	non-DMR
chr1	1110696	1111800	26	0.082	0.077	0.005	non-DMR
chr1	1111914	1112844	23	0.873	0.879	-0.006	non-DMR
chr1	1112944	1113677	21	0.84	0.845	-0.005	non-DMR
chr1	1113814	1114710	22	0.866	0.871	-0.005	non-DMR
chr1	1114768	1115832	27	0.728	0.733	-0.005	non-DMR
chr1	1115907	1116878	22	0.45	0.683	-0.232	good-DMR
chr1	1117369	1118405	23	0.15	0.144	0.006	non-DMR
chr1	1118539	1119354	20	0.64	0.645	-0.005	non-DMR
chr1	1119449	1120465	22	0.85	0.856	-0.005	non-DMR
chr1	1120548	1121653	24	0.808	0.815	-0.007	non-DMR
chr1	1121710	1122736	23	0.664	0.764	-0.101	sub-DMR
chr1	1123204	1124231	23	0.386	0.15	0.237	good-DMR
chr1	1124751	1125815	22	0.891	0.895	-0.004	non-DMR
chr1	1125907	1126711	19	0.627	0.632	-0.005	non-DMR
chr1	1126820	1127783	26	0.754	0.759	-0.005	non-DMR
chr1	1127841	1128713	21	0.864	0.869	-0.005	non-DMR
chr1	1128791	1129829	26	0.188	0.184	0.004	non-DMR
chr1	1129928	1130964	24	0.397	0.603	-0.206	good-DMR
chr1	1131429	1132355	22	0.72	0.904	-0.184	good-DMR
chr1	1132701	1133594	24	0.879	0.885	-0.006	non-DMR
chr1	1133669	1134718	27	0.52	0.514	0.006	non-DMR
chr1	1134860	1135827	24	0.722	0.727	-0.005	non-DMR
chr1	1135899	1136873	25	0.298	0.293	0.005	non-DMR
chr1	1136953	1137759	18	0.777	0.782	-0.005	non-DMR
chr1	1137815	1138580	20	0.401	0.224	0.177	good-DMR
chr1	1139025	1139955	25	0.769	0.774	-0.005	non-DMR
chr1	1140043	1140928	22	0.133	0.128	0.005	non-DMR
chr1	1140988	1142082	26	0.619	0.624	-0.005	non-DMR
chr1	1142140	1143160	23	0.099	0.094	0.005	non-DMR
chr1	1143171	1144014	23	0.271	0.051	0.22	good-DMR
chr1	1144401	1145204	17	0.836	0.842	-0.006	non-DMR
chr1	1145314	1146316	26	0.581	0.879	-0.298	good-DMR
chr1	1146725	1147797	24	0.813	0.563	0.251	good-DMR
chr1	1148259	1149169	20	0.194	0.189	0.005	non-DMR
chr1	1149246	1150208	22	0.427	0.714	-0.288	good-DMR
chr1	1150659	1151764	24	0.277	0.271	0.006	non-DMR
chr1	1151886	1152700	19	0.182	0.177	0.005	non-DMR
chr1	1152793	1153935	26	0.51	0.227	0.282	good-DMR
chr1	1154441	1155376	23	0.298	0.293	0.006	non-DMR
chr1	1155497	1156610	27	0.141	0.135	0.005	non-DMR
chr1	1156731	1157915	30	0.187	0.181	0.006	non-DMR
chr1	1158017	1159017	24	0.271	0.089	0.182	good-DMR
chr1	1159424	1160449	23	0.705	0.71	-0.005	non-DMR
chr1	1160542	1161461	22	0.735	0.741	-0.005	non-DMR
chr1	1162470	1163367	23	0.337	0.122	0.216	good-DMR
chr1	1163702	1164709	24	0.5	0.771	-0.27	good-DMR
chr1	1165223	1166213	23	0.929	0.934	-0.005	non-DMR
chr1	1166260	1167106	20	0.683	0.688	-0.005	non-DMR
chr1	1167207	1168141	22	0.2	0.194	0.006	non-DMR
chr1	1168243	1169184	22	0.286	0.065	0.221	good-DMR
chr1	1169666	1170564	23	0.638	0.854	-0.216	good-DMR
chr1	1171044	1171855	20	0.782	0.789	-0.006	non-DMR
chr1	1171937	1173099	29	0.398	0.247	0.151	good-DMR
chr1	1173534	1174419	19	0.477	0.18	0.296	good-DMR
chr1	1174881	1175717	20	0.807	0.569	0.237	good-DMR
chr1	1176147	1177075	25	0.688	0.791	-0.104	sub-DMR
chr1	1177483	1178355	21	0.735	0.839	-0.104	sub-DMR
chr1	1178761	1179686	24	0.363	0.121	0.242	good-DMR
chr1	1180189	1181250	28	0.714	0.719	-0.006	non-DMR
chr1	1181358	1182334	27	0.839	0.844	-0.005	non-DMR
chr1	1182410	1183167	20	0.488	0.761	-0.273	good-DMR
chr1	1183654	1184586	21	0.76	0.765	-0.005	non-DMR
chr1	1184693	1185744	29	0.789	0.795	-0.006	non-DMR
chr1	1185768	1186769	27	0.704	0.804	-0.101	sub-DMR
chr1	1187238	1188187	24	0.724	0.73	-0.006	non-DMR
chr1	1188210	1189227	23	0.592	0.76	-0.168	good-DMR
chr1	1189704	1190663	23	0.697	0.703	-0.007	non-DMR
chr1	1190767	1191764	23	0.771	0.777	-0.006	non-DMR
chr1	1191847	1192706	20	0.656	0.842	-0.186	good-DMR
chr1	1193188	1194231	24	0.573	0.877	-0.305	good-DMR
chr1	1194748	1195703	22	0.833	0.838	-0.005	non-DMR
chr1	1195727	1196721	24	0.327	0.22	0.107	sub-DMR
chr1	1197149	1198035	21	0.705	0.71	-0.005	non-DMR
chr1	1198170	1199272	30	0.884	0.889	-0.005	non-DMR
chr1	1199354	1200542	29	0.688	0.694	-0.006	non-DMR
chr1	1200627	1201563	23	0.659	0.665	-0.006	non-DMR
chr1	1201637	1202679	28	0.591	0.834	-0.243	good-DMR
chr1	1203161	1204088	22	0.509	0.807	-0.297	good-DMR
chr1	1204611	1205414	20	0.827	0.832	-0.005	non-DMR
chr1	1205498	1206394	23	0.828	0.834	-0.006	non-DMR
chr1	1206488	1207561	25	0.936	0.941	-0.006	non-DMR
chr1	1207626	1208595	22	0.342	0.096	0.246	good-DMR
chr1	1209099	1210077	25	0.771	0.777	-0.006	non-DMR
chr1	1210151	1210955	20	0.234	0.229	0.005	non-DMR
chr1	1211027	1211968	22	0.881	0.886	-0.005	non-DMR
chr1	1212011	1213141	24	0.546	0.756	-0.209	good-DMR
chr1	1213626	1214564	21	0.888	0.893	-0.006	non-DMR
chr1	1214644	1215559	19	0.753	0.759	-0.005	non-DMR
chr1	1215637	1216707	26	0.617	0.866	-0.249	good-DMR
chr1	1217177	1218265	27	0.485	0.854	-0.369	good-DMR
chr1	1218728	1219698	24	0.209	0.205	0.005	non-DMR
chr1	1219766	1220819	25	0.735	0.845	-0.11	sub-DMR
chr1	1221253	1222187	25	0.772	0.777	-0.004	non-DMR
chr1	1222278	1223262	26	0.052	0.047	0.005	non-DMR
chr1	1223352	1224456	26	0.852	0.858	-0.006	non-DMR
chr1	1224529	1225553	25	0.621	0.877	-0.256	good-DMR
chr1	1226071	1226977	22	0.693	0.698	-0.005	non-DMR
chr1	1227031	1228019	23	0.693	0.699	-0.007	non-DMR
chr1	1228096	1228986	22	0.829	0.834	-0.005	non-DMR
chr1	1229080	1230075	23	0.096	0.091	0.005	non-DMR
chr1	1230202	1231260	27	0.245	0.24	0.006	non-DMR
chr1	1231341	1232264	22	0.614	0.825	-0.21	good-DMR
chr1	1232770	1233640	22	0.372	0.637	-0.265	good-DMR
chr1	1234162	1234989	23	0.757	0.763	-0.006	non-DMR
chr1	1235058	1236039	24	0.134	0.129	0.005	non-DMR
chr1	1236108	1237092	25	0.747	0.752	-0.005	non-DMR
chr1	1237153	1238338	28	0.652	0.658	-0.005	non-DMR
chr1	1238378	1239461	26	0.218	0.213	0.006	non-DMR
chr1	1239526	1240577	24	0.744	0.749	-0.005	non-DMR
chr1	1240684	1241632	21	0.808	0.814	-0.005	non-DMR
chr1	1241691	1242554	21	0.65	0.655	-0.004	non-DMR
chr1	1242617	1243684	25	0.781	0.786	-0.006	non-DMR
chr1	1243700	1244592	22	0.508	0.727	-0.219	good-DMR
chr1	1245054	1245970	21	0.544	0.78	-0.236	good-DMR
chr1	1246480	1247401	21	0.949	0.954	-0.005	non-DMR
chr1	1247426	1248505	24	0.813	0.817	-0.005	non-DMR
chr1	1248620	1249548	23	0.247	0.241	0.006	non-DMR
chr1	1249593	1250667	24	0.749	0.754	-0.005	non-DMR
chr1	1250773	1251774	22	0.548	0.772	-0.224	good-DMR
chr1	1252217	1253128	21	0.487	0.252	0.235	good-DMR
