chr	start	end	CpG_count	treatment_methylation	control_methylation	mean_delta_methylation	category
chr1	100047	101013	24	0.216	0.166	0.05	non-DMR
chr1	101078	101792	18	0.395	0.178	0.218	notable-DMR
chr1	101910	102763	19	0.762	0.797	-0.035	non-DMR
chr1	102859	103741	22	0.523	0.815	-0.292	good-DMR
chr1	104250	105440	28	0.792	0.837	-0.045	non-DMR
chr1	105541	106427	20	0.397	0.653	-0.256	notable-DMR
chr1	106486	107376	20	0.74	0.775	-0.035	non-DMR
chr1	107464	108435	25	0.534	0.234	0.3	good-DMR
chr1	108900	109865	22	0.798	0.838	-0.04	non-DMR
chr1	109954	110934	20	0.62	0.726	-0.106	sub-DMR
chr1	111458	112372	22	0.626	0.663	-0.037	non-DMR
chr1	112510	113583	27	0.637	0.676	-0.039	non-DMR
chr1	113716	114684	24	0.711	0.745	-0.034	non-DMR
chr1	114767	115719	25	0.734	0.781	-0.048	non-DMR
chr1	115764	116964	23	0.65	0.945	-0.294	good-DMR
chr1	117359	118185	18	0.791	0.843	-0.052	non-DMR
chr1	118321	119331	23	0.143	0.1	0.043	non-DMR
chr1	119367	120369	21	0.167	0.118	0.049	non-DMR
chr1	120491	121262	18	0.759	0.8	-0.04	non-DMR
chr1	121323	122447	27	0.659	0.698	-0.039	non-DMR
chr1	122546	123537	23	0.715	0.759	-0.044	non-DMR
chr1	123610	124551	24	0.881	0.557	0.324	good-DMR
chr1	125081	126186	25	0.753	0.798	-0.044	non-DMR
chr1	126294	127118	24	0.679	0.936	-0.257	notable-DMR
chr1	127211	128037	18	0.538	0.568	-0.03	non-DMR
chr1	128139	129195	25	0.694	0.736	-0.042	non-DMR
chr1	129306	130262	23	0.342	0.649	-0.307	notable-DMR
chr1	130367	131232	19	0.695	0.72	-0.025	non-DMR
chr1	131275	132188	21	0.656	0.689	-0.033	non-DMR
chr1	132286	133050	20	0.466	0.742	-0.276	good-DMR
chr1	133269	134304	26	0.748	0.788	-0.04	non-DMR
chr1	134426	135181	17	0.246	0.206	0.04	non-DMR
chr1	135258	136175	22	0.837	0.883	-0.046	non-DMR
chr1	136293	137240	19	0.721	0.762	-0.04	non-DMR
chr1	137369	138557	27	0.673	0.714	-0.041	non-DMR
chr1	138638	139610	26	0.515	0.721	-0.206	good-DMR
chr1	140019	140823	19	0.373	0.096	0.278	good-DMR
chr1	141289	142064	16	0.851	0.883	-0.031	non-DMR
chr1	142160	143052	21	0.855	0.9	-0.045	non-DMR
chr1	143097	143968	21	0.87	0.911	-0.042	non-DMR
chr1	144107	145253	30	0.143	0.099	0.044	non-DMR
chr1	145331	146315	23	0.67	0.714	-0.045	non-DMR
chr1	146386	147406	27	0.214	0.177	0.037	non-DMR
chr1	147460	148466	23	0.39	0.666	-0.277	good-DMR
chr1	148865	149917	25	0.465	0.732	-0.267	good-DMR
chr1	150370	151248	20	0.672	0.924	-0.252	good-DMR
chr1	151771	152612	20	0.734	0.764	-0.03	non-DMR
chr1	152688	153706	25	0.105	0.066	0.039	non-DMR
chr1	153790	154740	22	0.118	0.017	0.101	sub-DMR
chr1	155259	156209	23	0.781	0.825	-0.044	non-DMR
chr1	156297	157434	31	0.116	0.073	0.044	non-DMR
chr1	157528	158517	25	0.789	0.832	-0.043	non-DMR
chr1	158626	159714	27	0.859	0.904	-0.044	non-DMR
chr1	159848	160866	25	0.673	0.712	-0.039	non-DMR
chr1	160949	161943	24	0.171	0.064	0.107	sub-DMR
chr1	162310	163188	19	0.783	0.822	-0.04	non-DMR
chr1	163294	164146	22	0.533	0.694	-0.162	good-DMR
chr1	164603	165484	18	0.669	0.882	-0.213	good-DMR
chr1	165988	167080	26	0.77	0.802	-0.033	non-DMR
chr1	167220	168083	19	0.187	0.143	0.044	non-DMR
chr1	168201	169136	23	0.15	0.099	0.051	non-DMR
chr1	169182	170068	23	0.475	0.183	0.293	good-DMR
chr1	170279	171328	26	0.529	0.734	-0.205	good-DMR
chr1	171849	172830	22	0.735	0.778	-0.043	non-DMR
chr1	172846	173889	26	0.591	0.692	-0.101	sub-DMR
chr1	174353	175465	26	0.618	0.854	-0.236	good-DMR
chr1	175944	176760	19	0.436	0.749	-0.313	good-DMR
chr1	177262	178109	20	0.214	0.185	0.029	inconsistent-DMR
chr1	178127	179140	23	0.346	0.672	-0.326	good-DMR
chr1	179623	180633	21	0.567	0.608	-0.041	non-DMR
chr1	180719	181744	26	0.647	0.685	-0.038	non-DMR
chr1	181799	182650	23	0.414	0.758	-0.344	good-DMR
chr1	183123	183998	21	0.623	0.583	0.039	non-DMR
chr1	184124	184887	19	0.548	0.566	-0.018	inconsistent-DMR
chr1	185078	186188	23	0.655	0.7	-0.044	non-DMR
chr1	186257	187495	27	0.279	0.239	0.04	non-DMR
chr1	187543	188557	25	0.616	0.579	0.037	non-DMR
chr1	188612	189536	22	0.122	0.088	0.034	non-DMR
chr1	189547	190514	22	0.455	0.732	-0.278	good-DMR
chr1	190861	191712	19	0.097	0.058	0.039	non-DMR
chr1	191771	192706	24	0.766	0.805	-0.039	non-DMR
chr1	192787	193708	24	0.52	0.769	-0.249	good-DMR
chr1	194231	195120	25	0.746	0.729	0.016	inconsistent-DMR
chr1	195234	196246	22	0.375	0.631	-0.256	good-DMR
chr1	196684	197569	22	0.827	0.865	-0.038	non-DMR
chr1	197623	198674	24	0.792	0.835	-0.043	non-DMR
chr1	198762	199653	22	0.687	0.74	-0.052	non-DMR
chr1	199701	200606	24	0.173	0.131	0.042	non-DMR
chr1	200691	201586	22	0.569	0.613	-0.044	non-DMR
chr1	201676	202523	20	0.434	0.147	0.287	notable-DMR
chr1	202603	203611	24	0.745	0.792	-0.048	non-DMR
chr1	203702	204635	24	0.601	0.816	-0.215	good-DMR
chr1	205160	206077	19	0.648	0.692	-0.044	non-DMR
chr1	206197	206961	18	0.777	0.814	-0.037	non-DMR
chr1	207020	207867	22	0.111	0.072	0.039	non-DMR
chr1	207895	208833	22	0.53	0.577	-0.048	non-DMR
chr1	208960	209805	18	0.224	0.188	0.036	non-DMR
chr1	209914	210773	20	0.214	0.174	0.04	non-DMR
chr1	210837	211757	25	0.773	0.811	-0.038	non-DMR
chr1	211803	212725	23	0.76	0.803	-0.043	non-DMR
chr1	212800	213836	28	0.24	0.203	0.037	non-DMR
chr1	213913	214611	15	0.645	0.674	-0.03	non-DMR
chr1	214691	215602	20	0.675	0.715	-0.04	non-DMR
chr1	215671	216778	25	0.089	0.049	0.039	non-DMR
chr1	216881	217866	22	0.686	0.735	-0.049	non-DMR
chr1	217929	218902	24	0.744	0.775	-0.031	non-DMR
chr1	218970	219849	21	0.32	0.159	0.162	good-DMR
chr1	220347	221234	24	0.571	0.682	-0.11	sub-DMR
chr1	221692	222403	17	0.138	0.098	0.04	non-DMR
chr1	222521	223440	21	0.772	0.809	-0.037	non-DMR
chr1	223509	224491	20	0.736	0.781	-0.045	non-DMR
chr1	224578	225505	21	0.794	0.84	-0.046	non-DMR
chr1	225607	226474	21	0.138	0.104	0.035	non-DMR
chr1	226611	227487	18	0.695	0.72	-0.025	non-DMR
chr1	227550	228589	24	0.369	0.108	0.261	good-DMR
chr1	229117	229873	15	0.733	0.775	-0.042	non-DMR
chr1	229980	230967	25	0.653	0.663	-0.01	inconsistent-DMR
chr1	231152	232059	21	0.444	0.088	0.356	good-DMR
chr1	232494	233477	28	0.462	0.164	0.299	good-DMR
chr1	233974	234889	21	0.28	0.233	0.047	non-DMR
chr1	234950	235837	21	0.696	0.736	-0.04	non-DMR
chr1	235852	236801	24	0.484	0.727	-0.243	good-DMR
chr1	237295	238347	25	0.649	0.61	0.039	non-DMR
chr1	238480	239545	25	0.689	0.728	-0.038	non-DMR
chr1	239606	240532	25	0.626	0.922	-0.297	good-DMR
chr1	241044	242047	22	0.678	0.72	-0.042	non-DMR
chr1	242134	242981	23	0.706	0.819	-0.112	sub-DMR
chr1	243400	244369	26	0.726	0.768	-0.042	non-DMR
chr1	244500	245463	21	0.655	0.7	-0.045	non-DMR
chr1	245485	246327	20	0.113	0.069	0.044	non-DMR
chr1	246425	247619	28	0.607	0.564	0.042	non-DMR
chr1	247731	248728	27	0.784	0.819	-0.035	non-DMR
chr1	248780	249810	24	0.77	0.809	-0.039	non-DMR
chr1	249847	250730	20	0.158	0.198	-0.039	inconsistent-DMR
chr1	250782	251789	23	0.57	0.675	-0.105	sub-DMR
chr1	252290	253225	22	0.763	0.808	-0.045	non-DMR
chr1	253246	254386	28	0.29	0.041	0.249	good-DMR
chr1	254833	255606	17	0.784	0.826	-0.041	non-DMR
chr1	255643	256635	22	0.094	0.053	0.041	non-DMR
chr1	257807	258958	28	0.726	0.767	-0.041	non-DMR
chr1	259037	260038	23	0.299	0.041	0.259	good-DMR
chr1	260511	261322	19	0.506	0.723	-0.217	good-DMR
chr1	261740	262628	24	0.393	0.672	-0.278	good-DMR
chr1	263150	263992	21	0.672	0.717	-0.046	non-DMR
chr1	264014	265010	24	0.482	0.7	-0.218	good-DMR
chr1	265348	266266	20	0.311	0.266	0.045	inconsistent-DMR
chr1	266368	267387	23	0.76	0.799	-0.039	non-DMR
chr1	267514	268380	21	0.207	0.159	0.047	non-DMR
chr1	268472	269589	27	0.09	0.051	0.04	non-DMR
chr1	269660	270735	22	0.748	0.785	-0.037	non-DMR
chr1	270786	271743	24	0.472	0.786	-0.314	good-DMR
chr1	272166	273114	21	0.555	0.705	-0.15	good-DMR
chr1	273575	274785	30	0.342	0.089	0.253	good-DMR
chr1	275249	276258	24	0.374	0.171	0.204	good-DMR
chr1	276718	277636	20	0.738	0.786	-0.049	non-DMR
chr1	277671	278801	24	0.606	0.832	-0.226	good-DMR
chr1	279296	280361	29	0.128	0.088	0.04	non-DMR
chr1	280400	281225	20	0.5	0.76	-0.26	good-DMR
chr1	281537	282459	22	0.665	0.842	-0.176	good-DMR
chr1	282946	283923	22	0.082	0.042	0.04	non-DMR
chr1	284028	284885	21	0.329	0.065	0.264	notable-DMR
chr1	284929	285906	26	0.848	0.886	-0.038	non-DMR
chr1	285968	286791	20	0.268	0.228	0.039	non-DMR
chr1	286841	287845	25	0.603	0.644	-0.041	non-DMR
chr1	287941	288889	23	0.381	0.197	0.185	good-DMR
chr1	289324	290346	23	0.8	0.842	-0.042	non-DMR
chr1	290415	291262	20	0.877	0.911	-0.033	non-DMR
chr1	291282	291926	15	0.597	0.831	-0.233	good-DMR
chr1	292436	293299	21	0.779	0.814	-0.035	non-DMR
chr1	293377	294411	25	0.574	0.831	-0.258	good-DMR
chr1	294879	295898	24	0.634	0.665	-0.031	non-DMR
chr1	295975	296940	20	0.16	0.126	0.034	non-DMR
chr1	297016	298038	22	0.72	0.758	-0.038	non-DMR
chr1	298098	298997	20	0.669	0.713	-0.043	non-DMR
chr1	299079	300201	25	0.513	0.749	-0.236	good-DMR
chr1	300607	301706	23	0.135	0.098	0.037	non-DMR
chr1	301766	302678	22	0.174	0.135	0.038	non-DMR
chr1	302696	303757	28	0.325	0.718	-0.392	good-DMR
chr1	304193	305341	25	0.241	0.023	0.218	good-DMR
chr1	305872	307024	25	0.722	0.769	-0.048	non-DMR
chr1	307058	308017	23	0.16	0.158	0.001	inconsistent-DMR
chr1	308128	308992	23	0.807	0.849	-0.042	non-DMR
chr1	309042	309893	21	0.819	0.858	-0.039	non-DMR
chr1	309951	310949	23	0.479	0.75	-0.271	good-DMR
chr1	311440	312341	19	0.21	0.17	0.04	non-DMR
chr1	312421	313409	23	0.411	0.19	0.221	good-DMR
chr1	313952	315099	29	0.623	0.58	0.043	non-DMR
chr1	315172	316026	20	0.643	0.803	-0.16	good-DMR
chr1	316457	317580	26	0.571	0.84	-0.269	good-DMR
chr1	318070	319142	25	0.855	0.893	-0.038	non-DMR
chr1	319246	320251	23	0.495	0.716	-0.22	good-DMR
chr1	320770	321921	26	0.228	0.183	0.045	non-DMR
chr1	321946	322917	21	0.694	0.853	-0.16	good-DMR
chr1	323401	324522	28	0.177	0.14	0.037	non-DMR
chr1	324598	325516	24	0.648	0.687	-0.04	non-DMR
chr1	325645	326519	21	0.705	0.752	-0.047	non-DMR
chr1	326606	327656	24	0.848	0.886	-0.038	non-DMR
chr1	327721	328571	22	0.456	0.149	0.306	good-DMR
chr1	329079	330126	26	0.138	0.098	0.04	non-DMR
chr1	330246	331284	25	0.638	0.685	-0.047	non-DMR
chr1	331341	332469	28	0.4	0.632	-0.232	good-DMR
chr1	332902	333871	23	0.538	0.845	-0.307	good-DMR
chr1	334350	335302	21	0.187	0.077	0.111	sub-DMR
chr1	335684	336439	18	0.608	0.653	-0.045	non-DMR
chr1	336562	337520	25	0.114	0.073	0.041	non-DMR
chr1	337555	338316	18	0.679	0.807	-0.128	good-DMR
chr1	338856	339840	27	0.625	0.663	-0.038	non-DMR
chr1	339905	340846	23	0.695	0.798	-0.104	sub-DMR
chr1	341308	342275	25	0.61	0.656	-0.046	non-DMR
chr1	342338	343446	27	0.338	0.112	0.227	good-DMR
chr1	343925	345007	25	0.565	0.805	-0.24	good-DMR
chr1	345480	346297	24	0.452	0.768	-0.316	good-DMR
chr1	346813	347821	26	0.745	0.793	-0.047	non-DMR
chr1	347887	348787	20	0.664	0.701	-0.037	non-DMR
chr1	348834	349678	21	0.481	0.517	-0.036	non-DMR
chr1	349772	350638	23	0.761	0.801	-0.04	non-DMR
chr1	350738	351573	23	0.777	0.819	-0.042	non-DMR
chr1	352672	353653	25	0.663	0.708	-0.045	non-DMR
chr1	353763	354885	25	0.675	0.781	-0.105	sub-DMR
chr1	355381	356600	30	0.714	0.821	-0.107	sub-DMR
chr1	357099	357934	20	0.63	0.674	-0.043	non-DMR
chr1	358050	359112	23	0.911	0.947	-0.036	non-DMR
chr1	359179	360290	23	0.231	0.188	0.044	non-DMR
chr1	360346	361296	22	0.825	0.871	-0.046	non-DMR
chr1	361325	362379	25	0.717	0.752	-0.034	non-DMR
chr1	362427	363552	26	0.714	0.421	0.292	good-DMR
chr1	363972	364972	25	0.632	0.669	-0.037	non-DMR
chr1	365078	366010	20	0.731	0.77	-0.04	non-DMR
chr1	366054	367012	25	0.83	0.877	-0.047	non-DMR
chr1	367077	368036	23	0.421	0.678	-0.257	good-DMR
chr1	368456	369292	24	0.729	0.769	-0.041	non-DMR
chr1	369400	370379	23	0.838	0.876	-0.039	non-DMR
chr1	370460	371384	25	0.857	0.899	-0.042	non-DMR
chr1	371471	372459	26	0.282	0.6	-0.318	good-DMR
chr1	372950	374076	26	0.771	0.817	-0.046	non-DMR
chr1	374201	375327	25	0.662	0.703	-0.041	non-DMR
chr1	375453	376495	24	0.788	0.824	-0.036	non-DMR
chr1	376526	377515	25	0.257	0.152	0.104	sub-DMR
chr1	378030	379068	25	0.839	0.881	-0.042	non-DMR
chr1	379165	380122	22	0.748	0.801	-0.053	non-DMR
chr1	380248	381184	24	0.641	0.602	0.039	non-DMR
chr1	381288	382237	23	0.098	0.065	0.033	non-DMR
chr1	382336	383466	23	0.412	0.516	-0.104	sub-DMR
chr1	383694	384690	21	0.657	0.701	-0.044	non-DMR
chr1	384823	385755	21	0.168	0.116	0.052	non-DMR
chr1	385876	386888	23	0.679	0.723	-0.044	non-DMR
chr1	386933	387738	18	0.863	0.903	-0.041	non-DMR
chr1	387817	388811	25	0.783	0.827	-0.044	non-DMR
chr1	388865	389831	22	0.871	0.91	-0.038	non-DMR
chr1	389895	390824	24	0.633	0.667	-0.034	non-DMR
chr1	390906	391908	25	0.137	0.096	0.041	non-DMR
chr1	392031	392956	22	0.606	0.642	-0.037	non-DMR
chr1	393090	394001	20	0.791	0.828	-0.037	non-DMR
chr1	394130	395087	23	0.588	0.589	-0.0	inconsistent-DMR
chr1	395229	396228	24	0.496	0.764	-0.268	good-DMR
chr1	396600	397499	20	0.732	0.776	-0.044	non-DMR
chr1	397538	398374	20	0.665	0.919	-0.254	good-DMR
chr1	398780	399583	19	0.636	0.891	-0.255	good-DMR
chr1	399954	400830	22	0.398	0.118	0.281	good-DMR
chr1	401268	402184	23	0.709	0.746	-0.037	non-DMR
chr1	402257	403057	18	0.806	0.848	-0.042	non-DMR
chr1	403192	404107	22	0.835	0.865	-0.031	non-DMR
chr1	404244	405319	24	0.824	0.867	-0.044	non-DMR
chr1	405392	406321	22	0.72	0.757	-0.037	non-DMR
chr1	406380	407307	23	0.1	0.064	0.036	non-DMR
chr1	407388	408428	25	0.718	0.762	-0.044	non-DMR
chr1	408517	409351	21	0.869	0.908	-0.039	non-DMR
chr1	409402	410436	24	0.469	0.718	-0.249	good-DMR
chr1	410923	411845	22	0.763	0.802	-0.039	non-DMR
chr1	411909	412857	22	0.701	0.744	-0.043	non-DMR
chr1	412875	413843	23	0.717	0.862	-0.145	good-DMR
chr1	414358	415346	24	0.854	0.901	-0.047	non-DMR
chr1	415435	416589	25	0.66	0.701	-0.041	non-DMR
chr1	416607	417789	30	0.547	0.807	-0.259	good-DMR
chr1	418299	419164	21	0.782	0.817	-0.035	non-DMR
chr1	419271	420197	22	0.358	0.183	0.175	good-DMR
chr1	420693	421584	21	0.484	0.519	-0.035	non-DMR
chr1	421656	422704	27	0.476	0.736	-0.26	good-DMR
chr1	423185	424138	22	0.769	0.812	-0.042	non-DMR
chr1	424218	425191	21	0.832	0.871	-0.04	non-DMR
chr1	425273	426095	20	0.823	0.862	-0.039	non-DMR
chr1	426160	427041	20	0.837	0.863	-0.026	non-DMR
chr1	427127	428105	23	0.685	0.728	-0.043	non-DMR
chr1	428209	429153	22	0.274	0.231	0.043	non-DMR
chr1	429268	430296	27	0.16	0.11	0.05	non-DMR
chr1	430411	431372	23	0.579	0.62	-0.041	non-DMR
chr1	431452	432360	21	0.511	0.822	-0.312	good-DMR
chr1	432870	433643	18	0.725	0.76	-0.035	non-DMR
chr1	433759	434722	24	0.633	0.885	-0.252	notable-DMR
chr1	434807	435791	23	0.855	0.896	-0.041	non-DMR
chr1	435876	436828	24	0.798	0.749	0.049	inconsistent-DMR
chr1	436848	437918	26	0.446	0.74	-0.293	good-DMR
chr1	438402	439485	27	0.62	0.802	-0.182	good-DMR
chr1	439892	440751	20	0.632	0.667	-0.036	non-DMR
chr1	440798	441706	24	0.581	0.838	-0.257	good-DMR
chr1	442210	443189	26	0.146	0.102	0.044	non-DMR
chr1	443299	444081	18	0.111	0.067	0.044	non-DMR
chr1	444152	445006	19	0.139	0.106	0.033	non-DMR
chr1	445073	446034	22	0.802	0.84	-0.038	non-DMR
chr1	446124	447126	26	0.195	0.162	0.033	non-DMR
chr1	447239	448175	22	0.123	0.081	0.042	non-DMR
chr1	448238	449118	22	0.76	0.795	-0.034	non-DMR
chr1	449159	449871	18	0.828	0.874	-0.045	non-DMR
chr1	449929	450845	20	0.42	0.68	-0.26	notable-DMR
chr1	450969	451750	22	0.845	0.889	-0.044	non-DMR
chr1	451831	452591	19	0.342	0.115	0.227	notable-DMR
chr1	452690	453543	20	0.802	0.842	-0.04	non-DMR
chr1	453623	454518	19	0.701	0.741	-0.04	non-DMR
chr1	454557	455612	26	0.31	0.104	0.206	good-DMR
chr1	456002	457024	24	0.756	0.793	-0.037	non-DMR
chr1	457140	457959	21	0.736	0.781	-0.044	non-DMR
chr1	458087	459034	22	0.827	0.868	-0.041	non-DMR
chr1	459061	460113	22	0.793	0.827	-0.034	non-DMR
chr1	460195	461223	21	0.874	0.911	-0.037	non-DMR
chr1	461320	462306	24	0.746	0.788	-0.042	non-DMR
chr1	462368	463230	20	0.355	0.137	0.218	good-DMR
chr1	463705	464696	22	0.723	0.767	-0.044	non-DMR
chr1	464832	465816	24	0.777	0.818	-0.041	non-DMR
chr1	465942	466841	22	0.687	0.738	-0.051	non-DMR
chr1	466991	468038	22	0.803	0.849	-0.046	non-DMR
chr1	468097	469022	24	0.4	0.122	0.278	good-DMR
chr1	469470	470283	21	0.563	0.666	-0.103	sub-DMR
chr1	470723	471800	26	0.115	0.074	0.041	non-DMR
chr1	471847	472672	19	0.645	0.684	-0.039	non-DMR
chr1	472802	473813	22	0.178	0.143	0.035	non-DMR
chr1	473891	475002	24	0.235	0.194	0.041	non-DMR
chr1	475093	476059	23	0.364	0.061	0.303	good-DMR
chr1	476595	477519	19	0.404	0.362	0.041	non-DMR
chr1	477571	478690	30	0.555	0.585	-0.031	non-DMR
chr1	478748	479965	29	0.104	0.067	0.037	non-DMR
chr1	480072	481082	23	0.732	0.742	-0.009	inconsistent-DMR
chr1	481242	482205	22	0.83	0.862	-0.032	non-DMR
chr1	482314	483548	34	0.856	0.899	-0.043	non-DMR
chr1	483669	484662	24	0.682	0.725	-0.043	non-DMR
chr1	484767	485654	22	0.709	0.761	-0.052	non-DMR
chr1	485727	486655	27	0.345	0.629	-0.284	good-DMR
chr1	487048	487946	23	0.614	0.824	-0.21	good-DMR
chr1	488464	489492	24	0.785	0.828	-0.043	non-DMR
chr1	489561	490685	29	0.609	0.656	-0.047	non-DMR
chr1	490746	491786	25	0.76	0.805	-0.045	non-DMR
chr1	491881	492875	25	0.259	0.158	0.101	sub-DMR
chr1	493396	494311	22	0.721	0.761	-0.04	non-DMR
chr1	494386	495287	22	0.519	0.175	0.344	good-DMR
chr1	495723	496713	22	0.169	0.159	0.01	inconsistent-DMR
chr1	496765	497812	26	0.81	0.856	-0.046	non-DMR
chr1	497841	498907	25	0.555	0.858	-0.303	good-DMR
chr1	499373	500257	22	0.572	0.68	-0.108	sub-DMR
chr1	500766	501791	24	0.74	0.78	-0.04	non-DMR
chr1	501833	503019	26	0.61	0.87	-0.261	good-DMR
chr1	503509	504497	20	0.427	0.748	-0.321	good-DMR
chr1	504963	505949	25	0.596	0.823	-0.227	good-DMR
chr1	506419	507632	29	0.212	0.172	0.04	non-DMR
chr1	507698	508572	21	0.719	0.935	-0.216	good-DMR
chr1	509110	510062	25	0.651	0.662	-0.011	inconsistent-DMR
chr1	510256	511206	24	0.737	0.783	-0.046	non-DMR
chr1	511328	512265	25	0.714	0.758	-0.044	non-DMR
chr1	512363	513455	25	0.349	0.349	0.0	inconsistent-DMR
chr1	513564	514512	23	0.455	0.219	0.237	good-DMR
chr1	514895	515824	23	0.613	0.891	-0.278	good-DMR
chr1	516298	517285	24	0.735	0.778	-0.043	non-DMR
chr1	517395	518090	18	0.702	0.748	-0.046	non-DMR
chr1	518150	519167	23	0.706	0.752	-0.046	non-DMR
chr1	519191	520112	21	0.528	0.748	-0.219	good-DMR
chr1	520569	521390	19	0.637	0.588	0.05	inconsistent-DMR
chr1	521510	522708	27	0.753	0.794	-0.041	non-DMR
chr1	522804	523998	31	0.166	0.123	0.043	non-DMR
chr1	524050	525042	23	0.639	0.68	-0.042	non-DMR
chr1	525113	526081	26	0.681	0.731	-0.05	inconsistent-DMR
chr1	526231	527311	28	0.83	0.874	-0.044	non-DMR
chr1	527430	528459	23	0.119	0.082	0.037	non-DMR
chr1	528511	529363	18	0.197	0.149	0.048	non-DMR
chr1	529438	530245	20	0.617	0.658	-0.041	non-DMR
chr1	530291	531285	25	0.629	0.858	-0.23	good-DMR
chr1	531785	532910	28	0.683	0.721	-0.038	non-DMR
chr1	532969	533792	18	0.734	0.778	-0.044	non-DMR
chr1	533861	534814	21	0.694	0.732	-0.038	non-DMR
chr1	534868	535804	23	0.666	0.72	-0.054	non-DMR
chr1	535908	536875	23	0.3	0.082	0.218	good-DMR
chr1	537405	538490	26	0.717	0.758	-0.041	non-DMR
chr1	538558	539430	24	0.243	0.209	0.033	non-DMR
chr1	539525	540419	20	0.161	0.118	0.043	non-DMR
chr1	540524	541547	23	0.731	0.775	-0.044	non-DMR
chr1	541594	542570	25	0.672	0.716	-0.044	non-DMR
chr1	542612	543758	27	0.683	0.852	-0.169	good-DMR
chr1	544200	545103	23	0.794	0.897	-0.103	sub-DMR
chr1	545586	546531	25	0.133	0.094	0.039	non-DMR
chr1	546599	547463	19	0.16	0.118	0.042	non-DMR
chr1	547519	548485	25	0.688	0.733	-0.045	non-DMR
chr1	548592	549473	21	0.774	0.821	-0.047	non-DMR
chr1	549519	550503	26	0.685	0.923	-0.239	good-DMR
chr1	550990	551953	24	0.887	0.93	-0.043	non-DMR
chr1	552041	553092	22	0.788	0.825	-0.038	non-DMR
chr1	553161	554244	27	0.634	0.863	-0.229	good-DMR
chr1	554722	555592	21	0.855	0.898	-0.044	non-DMR
chr1	555641	556543	19	0.68	0.723	-0.042	non-DMR
chr1	557849	558720	20	0.194	0.145	0.049	non-DMR
chr1	558735	559609	20	0.648	0.787	-0.139	good-DMR
chr1	560104	560930	18	0.817	0.86	-0.043	non-DMR
chr1	561034	562070	23	0.596	0.556	0.039	non-DMR
chr1	562210	563211	26	0.724	0.758	-0.033	non-DMR
chr1	563246	564194	24	0.794	0.836	-0.041	non-DMR
chr1	564291	565303	26	0.694	0.732	-0.038	non-DMR
chr1	565408	566198	19	0.15	0.115	0.035	non-DMR
chr1	566278	567311	24	0.546	0.843	-0.296	good-DMR
chr1	567709	568534	22	0.511	0.719	-0.208	good-DMR
chr1	569040	570127	23	0.568	0.61	-0.042	non-DMR
chr1	570189	571335	23	0.84	0.887	-0.047	non-DMR
chr1	571450	572422	23	0.352	0.105	0.247	notable-DMR
chr1	572515	573479	24	0.676	0.709	-0.033	non-DMR
chr1	573596	574596	23	0.657	0.331	0.326	notable-DMR
chr1	574659	575501	21	0.731	0.78	-0.049	non-DMR
chr1	575599	576652	24	0.308	0.059	0.25	good-DMR
chr1	577092	578106	25	0.195	0.159	0.037	non-DMR
chr1	578195	579015	22	0.548	0.841	-0.293	good-DMR
chr1	579484	580277	16	0.627	0.871	-0.244	good-DMR
chr1	580782	581786	25	0.485	0.29	0.196	good-DMR
chr1	582250	583167	23	0.764	0.806	-0.042	non-DMR
chr1	583263	584242	23	0.606	0.873	-0.267	good-DMR
chr1	584749	585674	21	0.691	0.73	-0.039	non-DMR
chr1	585694	586786	26	0.585	0.801	-0.216	good-DMR
chr1	587229	588291	23	0.352	0.135	0.217	good-DMR
chr1	588793	589736	20	0.142	0.109	0.032	non-DMR
chr1	589820	590726	20	0.679	0.921	-0.242	good-DMR
chr1	591183	591983	19	0.32	0.282	0.039	non-DMR
chr1	592113	593056	22	0.689	0.726	-0.038	non-DMR
chr1	593088	594202	26	0.822	0.858	-0.036	non-DMR
chr1	594243	595148	22	0.788	0.824	-0.036	non-DMR
chr1	595190	595939	18	0.813	0.852	-0.039	non-DMR
chr1	596078	597249	29	0.165	0.125	0.04	non-DMR
chr1	597345	598459	25	0.728	0.764	-0.036	non-DMR
chr1	598564	599370	17	0.644	0.867	-0.223	good-DMR
chr1	599804	600733	24	0.665	0.879	-0.215	good-DMR
chr1	601235	602199	21	0.409	0.738	-0.329	good-DMR
chr1	602697	603621	21	0.502	0.817	-0.315	good-DMR
chr1	604129	605099	22	0.251	0.055	0.196	good-DMR
chr1	605552	606430	21	0.218	0.178	0.04	non-DMR
chr1	606486	607473	24	0.663	0.709	-0.045	non-DMR
chr1	607592	608807	27	0.681	0.726	-0.044	non-DMR
chr1	608939	609941	26	0.63	0.671	-0.042	non-DMR
chr1	610044	610995	23	0.746	0.747	-0.001	inconsistent-DMR
chr1	612036	613133	23	0.569	0.81	-0.241	good-DMR
chr1	613553	614713	29	0.67	0.862	-0.192	good-DMR
chr1	615119	616082	22	0.704	0.809	-0.105	sub-DMR
chr1	616613	617404	21	0.716	0.761	-0.046	non-DMR
chr1	617463	618487	25	0.303	0.262	0.041	non-DMR
chr1	618517	619475	24	0.574	0.803	-0.229	good-DMR
chr1	619966	620906	25	0.703	0.75	-0.046	non-DMR
chr1	621025	621987	22	0.852	0.891	-0.039	non-DMR
chr1	622050	623177	23	0.54	0.787	-0.247	good-DMR
chr1	623638	624684	25	0.736	0.774	-0.039	non-DMR
chr1	624734	625713	22	0.887	0.939	-0.052	non-DMR
chr1	625803	626657	21	0.655	0.773	-0.119	good-DMR
chr1	627092	627998	22	0.823	0.863	-0.04	non-DMR
chr1	628088	629056	24	0.521	0.625	-0.104	sub-DMR
chr1	629440	630410	23	0.662	0.705	-0.044	non-DMR
chr1	630475	631422	22	0.41	0.711	-0.301	good-DMR
chr1	631922	632882	21	0.627	0.735	-0.108	sub-DMR
chr1	633229	634464	28	0.728	0.763	-0.035	non-DMR
chr1	634557	635670	25	0.766	0.814	-0.049	non-DMR
chr1	635809	636796	26	0.759	0.797	-0.038	non-DMR
chr1	636901	637897	24	0.784	0.815	-0.031	non-DMR
chr1	637956	638931	23	0.636	0.677	-0.041	non-DMR
chr1	639050	639832	20	0.902	0.945	-0.043	non-DMR
chr1	639872	640738	18	0.718	0.763	-0.046	non-DMR
chr1	640775	641898	27	0.701	0.741	-0.04	non-DMR
chr1	641965	642904	23	0.328	0.065	0.263	good-DMR
chr1	643397	644238	21	0.748	0.797	-0.049	non-DMR
chr1	644316	645221	24	0.329	0.096	0.233	good-DMR
chr1	645721	646654	24	0.431	0.72	-0.288	good-DMR
chr1	646997	648138	24	0.778	0.818	-0.041	non-DMR
chr1	648282	649291	23	0.888	0.917	-0.029	non-DMR
chr1	649396	650450	24	0.581	0.733	-0.152	good-DMR
chr1	650965	651907	23	0.095	0.054	0.041	non-DMR
chr1	652036	652877	22	0.109	0.07	0.04	non-DMR
chr1	652926	653738	18	0.863	0.906	-0.043	non-DMR
chr1	653773	654732	19	0.462	0.246	0.215	good-DMR
chr1	655257	656275	23	0.63	0.664	-0.034	non-DMR
chr1	656382	657325	22	0.221	0.18	0.042	non-DMR
chr1	657397	658292	23	0.3	0.191	0.108	sub-DMR
chr1	658724	659663	23	0.648	0.935	-0.287	good-DMR
chr1	660147	660964	20	0.364	0.26	0.104	sub-DMR
chr1	661411	662364	24	0.803	0.838	-0.035	non-DMR
chr1	662438	663374	21	0.829	0.864	-0.035	non-DMR
chr1	663473	664379	22	0.442	0.194	0.248	good-DMR
chr1	664865	665952	23	0.834	0.88	-0.046	non-DMR
chr1	666027	666928	21	0.67	0.711	-0.041	non-DMR
chr1	667007	667942	25	0.13	0.09	0.04	non-DMR
chr1	668013	668995	23	0.741	0.786	-0.044	non-DMR
chr1	669028	669809	19	0.719	0.757	-0.038	non-DMR
chr1	669867	670983	26	0.842	0.886	-0.043	non-DMR
chr1	671003	671830	18	0.144	0.031	0.113	sub-DMR
chr1	672291	673371	25	0.793	0.839	-0.046	non-DMR
chr1	673412	674443	23	0.595	0.637	-0.042	non-DMR
chr1	674539	675660	27	0.76	0.792	-0.032	non-DMR
chr1	675795	676498	20	0.793	0.827	-0.034	non-DMR
chr1	676604	677495	20	0.823	0.86	-0.038	non-DMR
chr1	677610	678637	25	0.789	0.831	-0.043	non-DMR
chr1	678723	679580	22	0.619	0.635	-0.016	inconsistent-DMR
chr1	679642	680499	21	0.581	0.897	-0.316	good-DMR
chr1	680887	681897	24	0.81	0.849	-0.039	non-DMR
chr1	682028	683019	24	0.376	0.31	0.067	inconsistent-DMR
chr1	683180	684093	21	0.141	0.1	0.041	non-DMR
chr1	684193	685240	25	0.678	0.721	-0.042	non-DMR
chr1	685255	686105	22	0.207	0.099	0.108	sub-DMR
chr1	686529	687432	20	0.766	0.803	-0.037	non-DMR
chr1	687512	688391	21	0.141	0.105	0.036	non-DMR
chr1	688465	689336	21	0.688	0.724	-0.036	non-DMR
chr1	689411	690253	21	0.752	0.79	-0.038	non-DMR
chr1	690326	691411	25	0.811	0.853	-0.042	non-DMR
chr1	691521	692481	24	0.276	0.237	0.039	non-DMR
chr1	692563	693528	23	0.86	0.9	-0.039	non-DMR
chr1	693599	694572	23	0.715	0.759	-0.044	non-DMR
chr1	694634	695647	25	0.666	0.706	-0.04	non-DMR
chr1	695766	696665	21	0.68	0.719	-0.038	non-DMR
chr1	696728	697739	25	0.382	0.663	-0.281	good-DMR
chr1	698142	699161	26	0.471	0.719	-0.248	good-DMR
chr1	699523	700442	20	0.144	0.103	0.041	non-DMR
chr1	700515	701599	23	0.217	0.188	0.029	non-DMR
chr1	701609	702601	22	0.634	0.739	-0.106	sub-DMR
chr1	703073	704026	20	0.609	0.641	-0.032	non-DMR
chr1	704120	705171	25	0.782	0.823	-0.041	non-DMR
chr1	705248	706345	24	0.483	0.245	0.238	good-DMR
chr1	706894	707784	22	0.842	0.882	-0.039	non-DMR
chr1	707893	708870	21	0.868	0.92	-0.052	non-DMR
chr1	708992	710126	28	0.283	0.24	0.042	non-DMR
chr1	710251	711341	27	0.111	0.067	0.044	non-DMR
chr1	711440	712508	28	0.33	0.62	-0.29	good-DMR
chr1	713034	713947	24	0.753	0.784	-0.031	non-DMR
chr1	713987	714788	19	0.622	0.733	-0.111	sub-DMR
chr1	715308	716316	25	0.741	0.787	-0.045	non-DMR
chr1	716347	717271	23	0.457	0.777	-0.321	notable-DMR
chr1	717382	718323	22	0.649	0.687	-0.038	non-DMR
chr1	718421	719308	24	0.851	0.891	-0.04	non-DMR
chr1	719357	720360	19	0.578	0.797	-0.219	good-DMR
chr1	720869	721655	19	0.686	0.727	-0.041	non-DMR
chr1	721674	722631	24	0.478	0.582	-0.104	sub-DMR
chr1	723041	723961	23	0.529	0.771	-0.242	good-DMR
chr1	724443	725486	24	0.173	0.137	0.036	non-DMR
chr1	725563	726599	27	0.451	0.204	0.247	good-DMR
chr1	727086	728155	28	0.456	0.694	-0.239	good-DMR
chr1	728534	729441	20	0.716	0.758	-0.042	non-DMR
chr1	729540	730517	23	0.342	0.303	0.039	non-DMR
chr1	730613	731545	23	0.589	0.898	-0.309	good-DMR
chr1	731881	733006	24	0.814	0.851	-0.037	non-DMR
chr1	733153	734015	20	0.766	0.807	-0.041	non-DMR
chr1	734094	735137	24	0.553	0.785	-0.232	good-DMR
chr1	735553	736409	18	0.204	0.168	0.037	non-DMR
chr1	736515	737461	26	0.444	0.335	0.11	sub-DMR
chr1	737897	738745	20	0.636	0.857	-0.221	good-DMR
chr1	739177	739828	18	0.758	0.864	-0.105	sub-DMR
chr1	740297	741371	28	0.183	0.15	0.033	non-DMR
chr1	741432	742285	22	0.617	0.657	-0.04	non-DMR
chr1	742370	743263	23	0.265	0.23	0.036	non-DMR
chr1	743399	744188	20	0.571	0.541	0.03	non-DMR
chr1	744292	745245	20	0.692	0.734	-0.042	non-DMR
chr1	746256	747253	24	0.707	0.97	-0.263	good-DMR
chr1	747701	748740	25	0.348	0.64	-0.292	good-DMR
chr1	749176	750005	23	0.493	0.709	-0.216	good-DMR
chr1	750541	751506	25	0.832	0.88	-0.048	non-DMR
chr1	751580	752492	24	0.806	0.852	-0.046	non-DMR
chr1	752612	753455	20	0.634	0.592	0.043	non-DMR
chr1	753547	754546	25	0.886	0.932	-0.045	non-DMR
chr1	754619	755659	29	0.486	0.726	-0.24	good-DMR
chr1	756051	756900	19	0.194	0.209	-0.015	inconsistent-DMR
chr1	757016	758057	27	0.316	0.078	0.237	good-DMR
chr1	758524	759449	22	0.548	0.656	-0.108	sub-DMR
chr1	759950	760918	24	0.697	0.733	-0.036	non-DMR
chr1	761001	761892	20	0.777	0.819	-0.042	non-DMR
chr1	761997	763225	28	0.822	0.86	-0.038	non-DMR
chr1	763328	764284	22	0.744	0.786	-0.042	non-DMR
chr1	764385	765393	25	0.579	0.683	-0.103	sub-DMR
chr1	765836	766708	23	0.826	0.865	-0.039	non-DMR
chr1	766810	767809	24	0.125	0.072	0.053	non-DMR
chr1	767846	768731	21	0.645	0.75	-0.105	sub-DMR
chr1	769220	770114	24	0.762	0.802	-0.04	non-DMR
chr1	770186	770976	20	0.622	0.662	-0.04	non-DMR
chr1	771043	771947	23	0.544	0.759	-0.215	good-DMR
chr1	772440	773264	19	0.162	0.124	0.038	non-DMR
chr1	773357	774413	23	0.452	0.72	-0.268	good-DMR
chr1	774906	776046	28	0.414	0.312	0.101	sub-DMR
chr1	776541	777514	21	0.813	0.849	-0.037	non-DMR
chr1	777633	778453	18	0.673	0.708	-0.035	non-DMR
chr1	778478	779497	24	0.719	0.904	-0.186	good-DMR
chr1	779953	780972	20	0.648	0.687	-0.039	non-DMR
chr1	781057	781961	20	0.741	0.791	-0.05	non-DMR
chr1	782058	783098	24	0.497	0.681	-0.184	good-DMR
chr1	783572	784387	21	0.836	0.878	-0.042	non-DMR
chr1	784459	785358	22	0.721	0.763	-0.041	non-DMR
chr1	785490	786464	23	0.683	0.722	-0.039	non-DMR
chr1	786490	787426	21	0.808	0.851	-0.043	non-DMR
chr1	787491	788288	18	0.756	0.8	-0.044	non-DMR
chr1	788329	789549	24	0.411	0.133	0.278	good-DMR
chr1	790043	790894	21	0.833	0.872	-0.039	non-DMR
chr1	790991	792062	25	0.809	0.838	-0.029	non-DMR
chr1	792153	793012	22	0.181	0.032	0.149	good-DMR
chr1	793474	794427	21	0.344	0.309	0.035	non-DMR
chr1	794457	795611	25	0.667	0.71	-0.043	non-DMR
chr1	795653	796719	24	0.455	0.673	-0.218	notable-DMR
chr1	796811	797777	27	0.159	0.114	0.045	non-DMR
chr1	797859	798729	20	0.83	0.874	-0.044	non-DMR
chr1	798841	799771	25	0.82	0.856	-0.035	non-DMR
chr1	799880	800839	25	0.868	0.907	-0.039	non-DMR
chr1	800955	802024	27	0.744	0.786	-0.042	non-DMR
chr1	802059	803100	26	0.229	0.186	0.043	non-DMR
chr1	803156	804163	24	0.583	0.858	-0.275	good-DMR
chr1	804627	805521	23	0.594	0.824	-0.231	good-DMR
chr1	805979	807083	28	0.557	0.599	-0.042	non-DMR
chr1	807179	808144	21	0.777	0.822	-0.046	non-DMR
chr1	808188	809167	23	0.812	0.853	-0.04	non-DMR
chr1	809183	810060	22	0.8	0.904	-0.103	sub-DMR
chr1	810596	811776	29	0.241	0.209	0.032	inconsistent-DMR
chr1	811913	812923	23	0.61	0.813	-0.203	good-DMR
chr1	813413	814339	24	0.731	0.772	-0.04	non-DMR
chr1	814425	815377	22	0.562	0.78	-0.218	good-DMR
chr1	815872	816952	24	0.399	0.086	0.313	good-DMR
chr1	817459	818548	24	0.467	0.764	-0.296	good-DMR
chr1	819084	820046	22	0.794	0.836	-0.043	non-DMR
chr1	820107	821032	21	0.527	0.805	-0.279	good-DMR
chr1	821546	822470	20	0.756	0.797	-0.041	non-DMR
chr1	822544	823308	21	0.774	0.812	-0.038	non-DMR
chr1	823397	824417	22	0.285	0.065	0.22	good-DMR
chr1	824827	825883	24	0.598	0.917	-0.319	good-DMR
chr1	826287	827089	20	0.434	0.611	-0.177	good-DMR
chr1	828639	829675	21	0.591	0.629	-0.039	non-DMR
chr1	829727	830681	23	0.587	0.635	-0.048	non-DMR
chr1	830753	831674	21	0.718	0.767	-0.049	non-DMR
chr1	831760	832768	25	0.484	0.721	-0.236	good-DMR
chr1	833318	834232	24	0.153	0.126	0.027	non-DMR
chr1	834305	835076	16	0.572	0.607	-0.035	non-DMR
chr1	835164	836127	23	0.137	0.089	0.048	non-DMR
chr1	836243	837269	27	0.626	0.661	-0.035	non-DMR
chr1	837391	838295	24	0.245	0.214	0.031	non-DMR
chr1	838386	839392	26	0.742	0.784	-0.043	non-DMR
chr1	839415	840442	25	0.708	0.745	-0.037	non-DMR
chr1	840561	841435	20	0.67	0.71	-0.04	non-DMR
chr1	841556	842577	25	0.765	0.803	-0.038	non-DMR
chr1	842640	843501	23	0.147	0.105	0.042	non-DMR
chr1	843576	844475	21	0.295	0.128	0.167	notable-DMR
chr1	844520	845479	23	0.548	0.59	-0.042	non-DMR
chr1	845552	846523	25	0.786	0.823	-0.037	non-DMR
chr1	846632	847586	25	0.53	0.709	-0.179	good-DMR
chr1	848073	848865	19	0.73	0.778	-0.048	non-DMR
chr1	848990	850159	29	0.773	0.812	-0.04	non-DMR
chr1	850185	851180	21	0.825	0.859	-0.035	non-DMR
chr1	851292	852304	27	0.116	0.075	0.041	non-DMR
chr1	852399	853403	22	0.429	0.739	-0.31	good-DMR
chr1	853867	854924	25	0.723	0.769	-0.046	non-DMR
chr1	854970	855924	24	0.587	0.914	-0.327	good-DMR
chr1	856408	857239	19	0.563	0.858	-0.295	good-DMR
chr1	857737	858675	21	0.693	0.73	-0.037	non-DMR
chr1	858777	859716	24	0.505	0.784	-0.279	good-DMR
chr1	860165	861073	21	0.142	0.11	0.032	non-DMR
chr1	861166	862172	25	0.621	0.669	-0.047	non-DMR
chr1	862285	863454	28	0.657	0.7	-0.043	non-DMR
chr1	863509	864362	20	0.2	0.157	0.043	non-DMR
chr1	864466	865495	25	0.619	0.66	-0.042	non-DMR
chr1	865567	866523	24	0.725	0.854	-0.129	good-DMR
chr1	867042	867904	19	0.752	0.783	-0.031	non-DMR
chr1	868019	869067	24	0.586	0.635	-0.049	inconsistent-DMR
chr1	869241	870153	22	0.435	0.213	0.221	good-DMR
chr1	870662	871667	21	0.751	0.785	-0.035	non-DMR
chr1	871743	872516	20	0.848	0.883	-0.035	non-DMR
chr1	872604	873354	22	0.14	0.1	0.04	non-DMR
chr1	873472	874319	23	0.181	0.138	0.043	non-DMR
chr1	874399	875510	27	0.188	0.143	0.045	non-DMR
chr1	875605	876471	20	0.672	0.918	-0.245	notable-DMR
chr1	876546	877545	22	0.122	0.084	0.038	non-DMR
chr1	877649	878704	23	0.549	0.759	-0.209	good-DMR
chr1	879241	880195	22	0.733	0.773	-0.04	non-DMR
chr1	880305	881274	25	0.734	0.776	-0.042	non-DMR
chr1	881416	882384	23	0.642	0.686	-0.044	non-DMR
chr1	882471	883527	25	0.3	0.333	-0.033	inconsistent-DMR
chr1	883610	884618	23	0.624	0.835	-0.211	good-DMR
chr1	885078	885906	20	0.764	0.801	-0.037	non-DMR
chr1	886052	886972	25	0.795	0.832	-0.037	non-DMR
chr1	887040	887979	23	0.841	0.879	-0.038	non-DMR
chr1	888091	888915	19	0.81	0.853	-0.043	non-DMR
chr1	888964	889843	19	0.72	0.758	-0.038	non-DMR
chr1	889939	890967	26	0.301	0.091	0.21	good-DMR
chr1	891378	892006	17	0.591	0.637	-0.046	non-DMR
chr1	892067	893085	23	0.225	0.18	0.045	non-DMR
chr1	893216	894278	23	0.802	0.842	-0.04	non-DMR
chr1	894407	895413	26	0.783	0.819	-0.036	non-DMR
chr1	895465	896368	23	0.862	0.902	-0.039	non-DMR
chr1	896428	897361	21	0.163	0.116	0.047	non-DMR
chr1	897448	898382	25	0.567	0.821	-0.253	notable-DMR
chr1	898400	899436	24	0.71	0.752	-0.042	non-DMR
chr1	899570	900588	24	0.215	0.177	0.038	non-DMR
chr1	900641	901586	23	0.441	0.747	-0.306	good-DMR
chr1	902084	903035	24	0.331	0.056	0.275	good-DMR
chr1	903488	904780	29	0.679	0.717	-0.038	non-DMR
chr1	904825	905798	25	0.647	0.89	-0.242	good-DMR
chr1	906283	907137	23	0.762	0.803	-0.041	non-DMR
chr1	907191	908090	20	0.692	0.739	-0.047	non-DMR
chr1	908124	909137	26	0.09	0.046	0.044	non-DMR
chr1	909264	910215	26	0.892	0.93	-0.038	non-DMR
chr1	910361	911297	24	0.694	0.736	-0.042	non-DMR
chr1	911389	912282	24	0.753	0.799	-0.046	non-DMR
chr1	912412	913228	18	0.593	0.633	-0.04	non-DMR
chr1	913292	914342	25	0.294	0.082	0.212	good-DMR
chr1	914773	915747	21	0.778	0.821	-0.043	non-DMR
chr1	915825	916770	22	0.501	0.706	-0.204	good-DMR
chr1	917313	918200	20	0.216	0.182	0.034	non-DMR
chr1	918310	919106	22	0.774	0.811	-0.037	non-DMR
chr1	919136	920171	23	0.632	0.672	-0.04	non-DMR
chr1	920236	921210	23	0.321	0.322	-0.001	inconsistent-DMR
chr1	921345	922349	27	0.65	0.694	-0.043	non-DMR
chr1	922399	923487	26	0.857	0.898	-0.041	non-DMR
chr1	923583	924463	23	0.295	0.255	0.04	non-DMR
chr1	924553	925385	21	0.115	0.078	0.036	non-DMR
chr1	925465	926452	24	0.827	0.873	-0.046	non-DMR
chr1	926524	927404	19	0.545	0.818	-0.273	good-DMR
chr1	927878	928770	24	0.806	0.835	-0.029	non-DMR
chr1	928887	929740	22	0.817	0.862	-0.045	non-DMR
chr1	929876	930863	25	0.81	0.852	-0.041	non-DMR
chr1	930936	931645	18	0.566	0.534	0.033	inconsistent-DMR
chr1	931759	932639	21	0.699	0.738	-0.039	non-DMR
chr1	932713	933618	22	0.666	0.769	-0.103	sub-DMR
chr1	934128	935022	21	0.199	0.154	0.045	non-DMR
chr1	935157	936036	22	0.123	0.081	0.042	non-DMR
chr1	936130	937201	27	0.824	0.868	-0.044	non-DMR
chr1	937238	938069	22	0.234	0.132	0.101	sub-DMR
chr1	938548	939443	23	0.858	0.893	-0.035	non-DMR
chr1	939562	940383	20	0.706	0.745	-0.039	non-DMR
chr1	940446	941447	26	0.739	0.782	-0.043	non-DMR
chr1	941535	942555	24	0.835	0.882	-0.047	non-DMR
chr1	942642	943560	22	0.124	0.083	0.041	non-DMR
chr1	943700	944721	24	0.758	0.803	-0.045	non-DMR
chr1	944736	945771	26	0.713	0.756	-0.043	non-DMR
chr1	945864	946849	25	0.18	0.135	0.045	non-DMR
chr1	946904	947812	20	0.079	0.041	0.038	non-DMR
chr1	947887	948911	23	0.369	0.069	0.3	good-DMR
chr1	949400	950310	22	0.719	0.757	-0.037	non-DMR
chr1	950426	951396	23	0.858	0.899	-0.041	non-DMR
chr1	951442	952363	20	0.797	0.835	-0.037	non-DMR
chr1	952416	953372	24	0.882	0.916	-0.034	non-DMR
chr1	953420	954373	21	0.79	0.825	-0.035	non-DMR
chr1	954464	955577	24	0.855	0.9	-0.045	non-DMR
chr1	955727	956626	20	0.857	0.896	-0.04	non-DMR
chr1	956754	957624	21	0.861	0.903	-0.042	non-DMR
chr1	957662	958613	25	0.255	0.21	0.045	non-DMR
chr1	958712	959767	24	0.548	0.764	-0.216	good-DMR
chr1	960213	961133	21	0.868	0.911	-0.043	non-DMR
chr1	961225	962132	25	0.414	0.696	-0.282	good-DMR
chr1	962669	963454	24	0.757	0.792	-0.034	non-DMR
chr1	963518	964416	22	0.712	0.755	-0.043	non-DMR
chr1	964472	965413	21	0.194	0.144	0.05	non-DMR
chr1	965527	966636	24	0.125	0.085	0.04	non-DMR
chr1	966740	967535	20	0.092	0.054	0.038	non-DMR
chr1	967593	968518	24	0.462	0.757	-0.295	good-DMR
chr1	969002	969827	20	0.393	0.76	-0.367	good-DMR
chr1	970223	971058	20	0.778	0.822	-0.044	non-DMR
chr1	971183	972247	26	0.726	0.77	-0.043	non-DMR
chr1	972314	973221	23	0.196	0.096	0.101	sub-DMR
chr1	973652	974554	22	0.664	0.77	-0.106	sub-DMR
chr1	974800	975801	22	0.833	0.88	-0.048	non-DMR
chr1	975821	976699	22	0.716	0.758	-0.042	non-DMR
chr1	976771	977712	23	0.782	0.827	-0.044	non-DMR
chr1	977719	978609	20	0.604	0.807	-0.203	good-DMR
chr1	979126	980084	26	0.792	0.84	-0.048	non-DMR
chr1	980133	981202	25	0.113	0.075	0.038	non-DMR
chr1	981273	982241	23	0.681	0.711	-0.031	non-DMR
chr1	982317	983168	19	0.753	0.794	-0.042	non-DMR
chr1	983272	984291	25	0.095	0.057	0.039	non-DMR
chr1	984376	985230	21	0.621	0.576	0.045	non-DMR
chr1	985271	986253	23	0.651	0.896	-0.245	good-DMR
chr1	986772	987744	21	0.839	0.885	-0.046	non-DMR
chr1	987821	988963	27	0.754	0.795	-0.041	non-DMR
chr1	988996	989903	19	0.223	0.178	0.045	non-DMR
chr1	990041	990900	20	0.094	0.049	0.044	non-DMR
chr1	990984	991971	23	0.722	0.76	-0.038	non-DMR
chr1	992094	993038	23	0.804	0.841	-0.037	non-DMR
chr1	993151	994272	28	0.14	0.101	0.04	non-DMR
chr1	994412	995328	23	0.88	0.918	-0.038	non-DMR
chr1	995394	996569	28	0.723	0.828	-0.105	sub-DMR
chr1	997106	998072	24	0.885	0.926	-0.041	non-DMR
chr1	999297	1000375	27	0.835	0.875	-0.04	non-DMR
chr1	1000462	1001532	26	0.647	0.684	-0.037	non-DMR
chr1	1002737	1003628	21	0.605	0.64	-0.035	non-DMR
chr1	1003734	1004669	21	0.687	0.751	-0.064	inconsistent-DMR
chr1	1004796	1005928	25	0.675	0.714	-0.039	non-DMR
chr1	1006069	1007113	27	0.705	0.745	-0.041	non-DMR
chr1	1007221	1008248	24	0.247	0.204	0.044	non-DMR
chr1	1008287	1009039	19	0.194	0.162	0.032	non-DMR
chr1	1009059	1010101	25	0.446	0.723	-0.277	good-DMR
chr1	1010498	1011487	23	0.495	0.848	-0.353	good-DMR
chr1	1012002	1012996	21	0.625	0.575	0.05	non-DMR
chr1	1013101	1014107	21	0.244	0.138	0.107	sub-DMR
chr1	1014580	1015496	23	0.396	0.722	-0.326	good-DMR
chr1	1015945	1016925	24	0.522	0.714	-0.192	good-DMR
chr1	1017401	1018514	28	0.676	0.882	-0.206	good-DMR
chr1	1018979	1019873	21	0.235	0.129	0.105	sub-DMR
chr1	1020335	1021157	19	0.693	0.708	-0.015	inconsistent-DMR
chr1	1021220	1022069	21	0.38	0.51	-0.13	inconsistent-DMR
chr1	1022120	1023100	24	0.131	0.092	0.039	non-DMR
chr1	1023186	1024188	21	0.546	0.83	-0.284	good-DMR
chr1	1024527	1025363	20	0.425	0.763	-0.339	good-DMR
chr1	1025887	1027030	27	0.862	0.911	-0.049	non-DMR
chr1	1027085	1028211	30	0.556	0.798	-0.242	good-DMR
chr1	1028728	1029643	22	0.862	0.909	-0.047	non-DMR
chr1	1029663	1030574	19	0.772	0.813	-0.042	non-DMR
chr1	1030666	1031658	23	0.724	0.779	-0.055	non-DMR
chr1	1031772	1032809	25	0.87	0.911	-0.041	non-DMR
chr1	1032878	1033728	19	0.677	0.897	-0.22	good-DMR
chr1	1034258	1035220	25	0.136	0.093	0.042	non-DMR
chr1	1035329	1036435	26	0.263	0.212	0.051	non-DMR
chr1	1036540	1037289	16	0.748	0.783	-0.036	non-DMR
chr1	1037428	1038377	21	0.136	0.089	0.048	non-DMR
chr1	1038457	1039362	21	0.648	0.684	-0.036	inconsistent-DMR
chr1	1039477	1040499	22	0.613	0.879	-0.266	good-DMR
chr1	1041004	1041924	22	0.574	0.605	-0.031	non-DMR
chr1	1041986	1042948	23	0.605	0.342	0.263	good-DMR
chr1	1043431	1044336	22	0.943	0.584	0.359	good-DMR
chr1	1045793	1046737	20	0.372	0.151	0.221	good-DMR
chr1	1047263	1048288	25	0.095	0.052	0.043	non-DMR
chr1	1048321	1049156	21	0.601	0.821	-0.22	good-DMR
chr1	1049630	1050455	22	0.243	0.211	0.033	non-DMR
chr1	1050503	1051442	22	0.641	0.693	-0.052	non-DMR
chr1	1051567	1052651	25	0.778	0.824	-0.047	non-DMR
chr1	1052726	1053639	21	0.654	0.834	-0.18	good-DMR
chr1	1054143	1055075	20	0.804	0.847	-0.042	non-DMR
chr1	1055104	1055899	19	0.756	0.862	-0.106	sub-DMR
chr1	1056373	1057233	20	0.719	0.906	-0.187	good-DMR
chr1	1057708	1058618	22	0.376	0.087	0.289	good-DMR
chr1	1059067	1059950	22	0.685	0.907	-0.222	good-DMR
chr1	1060475	1061357	22	0.84	0.872	-0.032	non-DMR
chr1	1061420	1062414	23	0.417	0.606	-0.189	good-DMR
chr1	1062899	1063728	20	0.851	0.892	-0.041	non-DMR
chr1	1063826	1064765	23	0.269	0.067	0.202	good-DMR
chr1	1065206	1066113	23	0.711	0.742	-0.031	non-DMR
chr1	1066198	1067061	20	0.45	0.727	-0.277	good-DMR
chr1	1067483	1068399	19	0.27	0.129	0.141	good-DMR
chr1	1068835	1069972	27	0.35	0.093	0.257	good-DMR
chr1	1070439	1071239	19	0.728	0.765	-0.037	non-DMR
chr1	1071349	1072372	24	0.819	0.865	-0.046	non-DMR
chr1	1072479	1073434	22	0.859	0.893	-0.034	non-DMR
chr1	1073496	1074303	19	0.335	0.306	0.029	non-DMR
chr1	1074328	1075221	21	0.77	0.879	-0.109	sub-DMR
chr1	1075723	1076571	20	0.375	0.404	-0.028	non-DMR
chr1	1076668	1077786	26	0.834	0.868	-0.033	non-DMR
chr1	1077871	1079027	25	0.459	0.106	0.353	good-DMR
chr1	1079395	1080537	26	0.847	0.884	-0.036	non-DMR
chr1	1080638	1081494	20	0.415	0.686	-0.271	good-DMR
chr1	1082037	1082989	25	0.114	0.077	0.038	non-DMR
chr1	1083123	1084007	23	0.511	0.754	-0.243	notable-DMR
chr1	1084110	1085248	26	0.772	0.81	-0.039	non-DMR
chr1	1085351	1086243	20	0.784	0.827	-0.043	non-DMR
chr1	1086321	1087316	22	0.754	0.798	-0.044	non-DMR
chr1	1087368	1088479	27	0.083	0.049	0.033	non-DMR
chr1	1088611	1089410	21	0.799	0.851	-0.052	non-DMR
chr1	1089499	1090493	20	0.381	0.116	0.265	good-DMR
chr1	1090980	1091952	22	0.619	0.819	-0.199	good-DMR
chr1	1092386	1093344	23	0.498	0.768	-0.271	good-DMR
chr1	1093829	1094653	21	0.535	0.875	-0.34	good-DMR
chr1	1095174	1096001	19	0.86	0.905	-0.045	non-DMR
chr1	1096127	1097273	29	0.617	0.661	-0.044	non-DMR
chr1	1097343	1098443	25	0.323	0.288	0.034	non-DMR
chr1	1098576	1099449	19	0.714	0.75	-0.036	non-DMR
chr1	1099551	1100426	21	0.56	0.804	-0.244	good-DMR
chr1	1100916	1101885	23	0.774	0.814	-0.04	non-DMR
chr1	1101952	1102981	25	0.649	0.828	-0.179	good-DMR
chr1	1103474	1104343	23	0.37	0.626	-0.256	good-DMR
chr1	1104798	1105580	21	0.672	0.703	-0.031	non-DMR
chr1	1105695	1106464	20	0.789	0.824	-0.035	non-DMR
chr1	1106584	1107367	19	0.2	0.161	0.039	non-DMR
chr1	1107436	1108229	22	0.671	0.701	-0.03	non-DMR
chr1	1108345	1109418	26	0.809	0.848	-0.039	non-DMR
chr1	1109503	1110465	22	0.782	0.823	-0.041	non-DMR
chr1	1110570	1111369	18	0.875	0.922	-0.047	non-DMR
chr1	1111446	1112302	19	0.116	0.079	0.037	non-DMR
chr1	1112363	1113335	25	0.686	0.723	-0.037	non-DMR
chr1	1113427	1114516	28	0.802	0.848	-0.046	non-DMR
chr1	1114618	1115685	24	0.768	0.869	-0.101	sub-DMR
chr1	1116121	1117001	19	0.084	0.043	0.042	non-DMR
chr1	1117062	1118039	26	0.536	0.811	-0.275	good-DMR
chr1	1118455	1119293	19	0.842	0.884	-0.043	non-DMR
chr1	1119389	1120446	24	0.607	0.835	-0.228	good-DMR
chr1	1120894	1121827	24	0.175	0.137	0.038	non-DMR
chr1	1121932	1122865	21	0.716	0.76	-0.044	non-DMR
chr1	1122984	1123953	22	0.674	0.717	-0.042	non-DMR
chr1	1124041	1125019	25	0.715	0.757	-0.042	non-DMR
chr1	1125112	1125966	23	0.33	0.622	-0.292	notable-DMR
chr1	1126050	1126982	23	0.512	0.538	-0.027	non-DMR
chr1	1127030	1127965	19	0.155	0.115	0.04	non-DMR
chr1	1128047	1129044	24	0.72	0.756	-0.036	non-DMR
chr1	1129079	1130082	22	0.614	0.66	-0.046	non-DMR
chr1	1130203	1131055	21	0.793	0.828	-0.035	non-DMR
chr1	1131170	1131933	18	0.135	0.093	0.043	non-DMR
chr1	1131947	1132823	23	0.635	0.863	-0.228	good-DMR
chr1	1133294	1134319	24	0.908	0.955	-0.047	non-DMR
chr1	1134388	1135407	25	0.564	0.67	-0.106	sub-DMR
chr1	1135890	1136980	25	0.666	0.822	-0.156	good-DMR
chr1	1137498	1138495	23	0.165	0.13	0.034	non-DMR
chr1	1138528	1139442	21	0.558	0.785	-0.227	good-DMR
chr1	1139851	1140797	22	0.487	0.757	-0.269	good-DMR
chr1	1141299	1142252	24	0.483	0.215	0.268	good-DMR
chr1	1142754	1143921	27	0.813	0.848	-0.035	non-DMR
chr1	1144034	1145009	22	0.838	0.885	-0.047	non-DMR
chr1	1145119	1146079	26	0.405	0.197	0.209	notable-DMR
chr1	1146192	1147081	23	0.632	0.68	-0.048	non-DMR
chr1	1147137	1148011	22	0.907	0.946	-0.039	non-DMR
chr1	1148106	1148996	24	0.654	0.874	-0.221	good-DMR
chr1	1149525	1150475	22	0.102	0.064	0.038	non-DMR
chr1	1150557	1151403	20	0.622	0.584	0.037	non-DMR
chr1	1152529	1153612	28	0.823	0.862	-0.039	non-DMR
chr1	1153698	1154748	24	0.602	0.832	-0.231	good-DMR
chr1	1155261	1156349	27	0.795	0.832	-0.037	non-DMR
chr1	1156386	1157292	23	0.836	0.882	-0.046	non-DMR
chr1	1157392	1158477	26	0.102	0.058	0.043	non-DMR
chr1	1158583	1159621	24	0.661	0.888	-0.228	good-DMR
chr1	1160135	1160857	20	0.821	0.861	-0.04	non-DMR
chr1	1160978	1162002	23	0.621	0.58	0.041	non-DMR
chr1	1162042	1163176	27	0.118	0.07	0.048	non-DMR
chr1	1163247	1164325	24	0.378	0.141	0.237	good-DMR
chr1	1164788	1165903	28	0.768	0.813	-0.046	non-DMR
chr1	1166016	1167018	21	0.811	0.856	-0.044	non-DMR
chr1	1167099	1168127	25	0.403	0.686	-0.283	good-DMR
chr1	1168621	1169628	26	0.214	0.174	0.04	non-DMR
chr1	1169722	1170562	22	0.501	0.776	-0.275	good-DMR
chr1	1171068	1172034	22	0.36	0.536	-0.176	good-DMR
chr1	1172499	1173433	21	0.29	0.254	0.036	non-DMR
chr1	1173571	1174598	28	0.415	0.381	0.034	non-DMR
chr1	1174717	1175813	27	0.752	0.788	-0.037	non-DMR
chr1	1175894	1176845	22	0.681	0.719	-0.038	non-DMR
chr1	1176971	1178012	26	0.72	0.766	-0.045	non-DMR
chr1	1178116	1178955	19	0.632	0.908	-0.277	good-DMR
chr1	1179426	1180488	26	0.714	0.749	-0.035	non-DMR
chr1	1180605	1181540	23	0.706	0.741	-0.035	non-DMR
chr1	1181679	1182683	23	0.514	0.55	-0.036	inconsistent-DMR
chr1	1182807	1183660	19	0.55	0.814	-0.264	good-DMR
chr1	1184193	1185066	24	0.75	0.791	-0.041	non-DMR
chr1	1185135	1186092	24	0.626	0.674	-0.048	non-DMR
chr1	1186173	1187110	23	0.285	0.035	0.25	notable-DMR
chr1	1187223	1188202	20	0.264	0.229	0.035	non-DMR
chr1	1188286	1189209	22	0.796	0.837	-0.041	non-DMR
chr1	1189324	1190206	21	0.304	0.257	0.047	non-DMR
chr1	1190277	1191497	29	0.29	0.026	0.264	good-DMR
chr1	1192002	1192941	25	0.608	0.646	-0.038	non-DMR
chr1	1193023	1193965	25	0.73	0.776	-0.046	non-DMR
chr1	1194083	1195173	25	0.691	0.736	-0.045	non-DMR
chr1	1195257	1196126	22	0.606	0.654	-0.048	non-DMR
chr1	1196197	1197051	24	0.582	0.838	-0.256	good-DMR
chr1	1197540	1198591	27	0.683	0.787	-0.103	sub-DMR
chr1	1198945	1199849	22	0.403	0.107	0.295	good-DMR
chr1	1200312	1201264	24	0.745	0.785	-0.041	non-DMR
chr1	1201373	1202411	23	0.763	0.805	-0.042	non-DMR
chr1	1202487	1203364	21	0.457	0.728	-0.271	good-DMR
chr1	1203874	1204725	19	0.299	0.257	0.042	non-DMR
chr1	1204820	1205749	24	0.426	0.469	-0.043	non-DMR
chr1	1205828	1206708	21	0.746	0.78	-0.034	non-DMR
chr1	1206800	1207716	23	0.622	0.582	0.041	inconsistent-DMR
chr1	1207747	1208849	25	0.657	0.883	-0.227	good-DMR
chr1	1209323	1210318	25	0.373	0.122	0.25	good-DMR
chr1	1210816	1211564	18	0.451	0.752	-0.302	good-DMR
chr1	1211947	1212797	21	0.52	0.625	-0.106	sub-DMR
chr1	1213242	1214052	21	0.792	0.835	-0.043	non-DMR
chr1	1214116	1215238	25	0.562	0.663	-0.101	sub-DMR
chr1	1215723	1216789	25	0.153	0.104	0.049	non-DMR
chr1	1216857	1217882	23	0.546	0.813	-0.268	good-DMR
chr1	1218396	1219271	20	0.647	0.686	-0.038	non-DMR
chr1	1219303	1220323	23	0.747	0.941	-0.194	good-DMR
chr1	1220772	1221796	24	0.674	0.927	-0.253	good-DMR
chr1	1222313	1223238	22	0.074	0.04	0.035	non-DMR
chr1	1223339	1224245	23	0.779	0.822	-0.042	non-DMR
chr1	1224325	1225360	24	0.604	0.813	-0.208	good-DMR
chr1	1225854	1226800	20	0.428	0.717	-0.29	good-DMR
chr1	1227281	1228415	27	0.797	0.837	-0.04	non-DMR
chr1	1228497	1229551	25	0.258	0.037	0.222	good-DMR
chr1	1230068	1230997	25	0.586	0.624	-0.037	non-DMR
chr1	1231094	1232031	21	0.494	0.773	-0.279	good-DMR
chr1	1232525	1233465	22	0.138	0.108	0.031	non-DMR
chr1	1233567	1234656	28	0.871	0.911	-0.04	non-DMR
chr1	1234754	1235716	22	0.712	0.757	-0.045	non-DMR
chr1	1235832	1236756	24	0.168	0.121	0.047	non-DMR
chr1	1236843	1237558	20	0.444	0.693	-0.25	good-DMR
chr1	1238083	1239121	25	0.782	0.821	-0.04	non-DMR
chr1	1240275	1241183	23	0.385	0.136	0.249	good-DMR
chr1	1241681	1242575	21	0.152	0.118	0.034	non-DMR
chr1	1242639	1243573	21	0.571	0.797	-0.226	good-DMR
chr1	1243984	1245059	26	0.602	0.648	-0.046	non-DMR
chr1	1245142	1246056	23	0.351	0.633	-0.282	good-DMR
chr1	1246562	1247589	26	0.604	0.647	-0.042	non-DMR
chr1	1247698	1248805	23	0.727	0.773	-0.046	non-DMR
chr1	1248862	1249751	21	0.671	0.723	-0.052	non-DMR
chr1	1249780	1250706	21	0.655	0.758	-0.103	sub-DMR
chr1	1251120	1252048	22	0.741	0.788	-0.047	non-DMR
chr1	1252105	1253042	23	0.29	0.251	0.039	non-DMR
chr1	1253132	1254159	23	0.855	0.893	-0.038	non-DMR
chr1	1254261	1255341	26	0.313	0.268	0.045	non-DMR
chr1	1255433	1256521	29	0.81	0.852	-0.042	non-DMR
chr1	1256626	1257672	23	0.581	0.865	-0.285	good-DMR
chr1	1258192	1259205	24	0.734	0.777	-0.042	non-DMR
chr1	1259322	1260030	18	0.857	0.896	-0.039	non-DMR
chr1	1260050	1261042	24	0.768	0.87	-0.102	sub-DMR
chr1	1261557	1262565	22	0.281	0.234	0.047	non-DMR
chr1	1262665	1263433	18	0.666	0.703	-0.037	non-DMR
chr1	1263452	1264426	26	0.535	0.787	-0.252	good-DMR
chr1	1264909	1265775	22	0.196	0.149	0.046	non-DMR
chr1	1265874	1266956	29	0.227	0.055	0.172	good-DMR
