chr	start	end	CpG_count	treatment_methylation	control_methylation	mean_delta_methylation	category
chr1	100036	101017	24	0.192	0.161	0.031	non-DMR
chr1	101128	102016	22	0.082	0.044	0.038	non-DMR
chr1	102069	103068	22	0.797	0.835	-0.038	non-DMR
chr1	103131	103955	20	0.274	0.237	0.037	non-DMR
chr1	103969	105058	26	0.544	0.686	-0.142	good-DMR
chr1	105521	106337	18	0.263	0.082	0.181	good-DMR
chr1	106841	107600	17	0.163	0.126	0.037	non-DMR
chr1	107656	108586	20	0.647	0.691	-0.043	non-DMR
chr1	108672	109677	24	0.449	0.602	-0.154	notable-DMR
chr1	109744	110806	26	0.761	0.8	-0.039	non-DMR
chr1	110865	111858	26	0.792	0.833	-0.041	non-DMR
chr1	111930	112871	26	0.739	0.773	-0.034	non-DMR
chr1	112912	113916	23	0.385	0.567	-0.181	good-DMR
chr1	114207	115217	25	0.539	0.662	-0.124	good-DMR
chr1	115677	116852	30	0.203	0.161	0.042	non-DMR
chr1	116928	117782	22	0.673	0.723	-0.049	non-DMR
chr1	117889	118811	19	0.75	0.792	-0.042	non-DMR
chr1	118935	119864	22	0.755	0.797	-0.043	non-DMR
chr1	119944	120762	18	0.684	0.721	-0.037	non-DMR
chr1	120870	121870	23	0.356	0.164	0.191	good-DMR
chr1	122302	123395	26	0.38	0.604	-0.224	good-DMR
chr1	123860	124954	26	0.369	0.128	0.241	good-DMR
chr1	125383	126437	25	0.888	0.927	-0.038	non-DMR
chr1	126538	127521	27	0.202	0.162	0.04	non-DMR
chr1	127608	128488	21	0.648	0.769	-0.121	good-DMR
chr1	128908	129757	21	0.246	0.108	0.138	good-DMR
chr1	130255	131325	24	0.193	0.15	0.042	non-DMR
chr1	131353	132224	18	0.363	0.194	0.169	good-DMR
chr1	132531	133522	27	0.343	0.303	0.04	non-DMR
chr1	133596	134659	24	0.654	0.61	0.043	non-DMR
chr1	134701	135413	17	0.68	0.787	-0.107	good-DMR
chr1	135907	136862	22	0.76	0.87	-0.111	good-DMR
chr1	137314	138145	19	0.788	0.826	-0.038	non-DMR
chr1	138253	139168	21	0.706	0.738	-0.032	non-DMR
chr1	139200	140450	30	0.107	0.07	0.037	non-DMR
chr1	140522	141534	26	0.745	0.789	-0.044	non-DMR
chr1	141573	142570	24	0.645	0.683	-0.038	non-DMR
chr1	142674	143609	23	0.699	0.737	-0.037	non-DMR
chr1	143726	144795	24	0.699	0.741	-0.042	non-DMR
chr1	144886	145900	24	0.769	0.809	-0.039	non-DMR
chr1	146017	146945	21	0.573	0.61	-0.037	non-DMR
chr1	147037	147907	19	0.297	0.185	0.112	notable-DMR
chr1	147971	148816	20	0.694	0.736	-0.042	non-DMR
chr1	148887	149828	22	0.633	0.676	-0.043	non-DMR
chr1	149914	150930	24	0.758	0.907	-0.149	notable-DMR
chr1	150979	151897	22	0.749	0.787	-0.037	non-DMR
chr1	152008	153035	25	0.207	0.16	0.046	non-DMR
chr1	153091	154185	25	0.776	0.878	-0.102	sub-DMR
chr1	154710	155537	22	0.857	0.898	-0.041	non-DMR
chr1	155638	156565	23	0.897	0.933	-0.036	non-DMR
chr1	156643	157492	21	0.784	0.826	-0.042	non-DMR
chr1	157572	158541	22	0.835	0.875	-0.04	non-DMR
chr1	158636	159639	24	0.229	0.197	0.032	non-DMR
chr1	160595	161477	25	0.728	0.933	-0.205	good-DMR
chr1	161757	163108	31	0.333	0.12	0.213	good-DMR
chr1	163599	164441	21	0.872	0.916	-0.044	non-DMR
chr1	164512	165613	25	0.751	0.797	-0.047	non-DMR
chr1	165699	166418	17	0.693	0.731	-0.038	non-DMR
chr1	166513	167381	21	0.401	0.136	0.265	good-DMR
chr1	167823	168895	23	0.659	0.699	-0.039	non-DMR
chr1	168987	169930	26	0.527	0.746	-0.219	good-DMR
chr1	170386	171150	19	0.647	0.817	-0.17	good-DMR
chr1	171432	172322	18	0.74	0.775	-0.035	non-DMR
chr1	172430	173298	21	0.78	0.82	-0.04	non-DMR
chr1	173402	174409	26	0.116	0.069	0.047	non-DMR
chr1	174532	175589	25	0.803	0.849	-0.045	non-DMR
chr1	175693	176821	29	0.909	0.952	-0.042	non-DMR
chr1	176868	177803	23	0.786	0.824	-0.038	non-DMR
chr1	177907	178809	22	0.814	0.856	-0.042	non-DMR
chr1	178898	179843	22	0.542	0.697	-0.154	good-DMR
chr1	180250	181288	27	0.568	0.698	-0.129	good-DMR
chr1	181689	182671	22	0.201	0.158	0.043	non-DMR
chr1	182757	183609	18	0.6	0.648	-0.048	non-DMR
chr1	183694	184523	21	0.833	0.866	-0.033	non-DMR
chr1	184587	185559	23	0.667	0.705	-0.038	non-DMR
chr1	185608	186336	19	0.837	0.876	-0.039	non-DMR
chr1	186472	187447	24	0.196	0.153	0.044	non-DMR
chr1	187478	188151	17	0.674	0.83	-0.156	good-DMR
chr1	188640	189382	18	0.628	0.773	-0.145	good-DMR
chr1	189784	190729	21	0.606	0.643	-0.037	non-DMR
chr1	190805	191858	27	0.139	0.104	0.035	non-DMR
chr1	191920	192792	22	0.55	0.695	-0.145	good-DMR
chr1	193123	194080	23	0.817	0.861	-0.044	non-DMR
chr1	194207	195192	25	0.822	0.858	-0.036	non-DMR
chr1	195315	196204	21	0.769	0.816	-0.046	non-DMR
chr1	196319	197313	21	0.105	0.061	0.045	non-DMR
chr1	197454	198351	24	0.805	0.851	-0.047	non-DMR
chr1	198403	199273	21	0.677	0.804	-0.127	good-DMR
chr1	199800	200874	25	0.739	0.778	-0.039	non-DMR
chr1	200930	202052	28	0.673	0.715	-0.042	non-DMR
chr1	202084	202865	17	0.88	0.926	-0.046	non-DMR
chr1	202931	203752	20	0.672	0.94	-0.267	good-DMR
chr1	204112	205031	20	0.701	0.741	-0.04	non-DMR
chr1	205109	205940	19	0.181	0.041	0.14	good-DMR
chr1	206429	207334	21	0.649	0.69	-0.042	non-DMR
chr1	207428	208423	26	0.117	0.079	0.037	non-DMR
chr1	208494	209372	19	0.882	0.923	-0.041	non-DMR
chr1	209394	210422	25	0.492	0.654	-0.161	good-DMR
chr1	210906	211724	21	0.713	0.757	-0.044	non-DMR
chr1	211755	212690	25	0.646	0.856	-0.21	good-DMR
chr1	213185	214186	22	0.734	0.781	-0.047	non-DMR
chr1	214231	215126	22	0.687	0.726	-0.04	non-DMR
chr1	215228	216050	20	0.633	0.679	-0.046	non-DMR
chr1	217282	218283	24	0.569	0.75	-0.181	notable-DMR
chr1	218401	219139	17	0.393	0.356	0.037	non-DMR
chr1	219225	220181	24	0.3	0.194	0.106	sub-DMR
chr1	220485	221420	21	0.595	0.623	-0.028	inconsistent-DMR
chr1	221572	222418	20	0.121	0.084	0.037	non-DMR
chr1	222516	223461	24	0.748	0.898	-0.15	good-DMR
chr1	223943	224786	20	0.737	0.786	-0.049	non-DMR
chr1	224864	225701	19	0.649	0.687	-0.038	non-DMR
chr1	225793	226753	23	0.216	0.091	0.125	good-DMR
chr1	227222	228134	21	0.76	0.807	-0.047	non-DMR
chr1	228206	229135	22	0.834	0.871	-0.036	non-DMR
chr1	229228	230162	22	0.746	0.784	-0.038	non-DMR
chr1	230258	231202	22	0.517	0.558	-0.042	non-DMR
chr1	231265	232244	23	0.752	0.794	-0.042	non-DMR
chr1	232282	233286	23	0.227	0.183	0.044	non-DMR
chr1	233317	234340	19	0.663	0.817	-0.154	good-DMR
chr1	234783	235687	21	0.531	0.571	-0.04	non-DMR
chr1	235830	236824	24	0.572	0.61	-0.038	non-DMR
chr1	236922	237776	19	0.91	0.956	-0.046	non-DMR
chr1	237824	238758	23	0.765	0.801	-0.036	non-DMR
chr1	238802	239837	26	0.648	0.805	-0.156	good-DMR
chr1	240372	241287	20	0.712	0.746	-0.034	non-DMR
chr1	241377	242280	20	0.68	0.804	-0.125	good-DMR
chr1	242740	243700	22	0.812	0.849	-0.037	non-DMR
chr1	243762	244474	16	0.61	0.648	-0.038	non-DMR
chr1	244557	245490	26	0.571	0.537	0.033	non-DMR
chr1	245564	246460	20	0.254	0.152	0.102	sub-DMR
chr1	246922	247866	21	0.578	0.755	-0.177	good-DMR
chr1	248358	249262	22	0.791	0.833	-0.042	non-DMR
chr1	249284	250077	18	0.87	0.898	-0.028	non-DMR
chr1	250139	251027	22	0.498	0.544	-0.045	non-DMR
chr1	251141	252126	26	0.597	0.639	-0.041	non-DMR
chr1	252268	253025	18	0.799	0.848	-0.049	non-DMR
chr1	253060	253866	18	0.729	0.771	-0.042	non-DMR
chr1	253958	254900	21	0.526	0.701	-0.175	good-DMR
chr1	255381	256409	23	0.169	0.124	0.045	non-DMR
chr1	256489	257499	23	0.783	0.762	0.021	inconsistent-DMR
chr1	257639	258750	28	0.203	0.167	0.037	non-DMR
chr1	258892	259899	24	0.682	0.713	-0.031	inconsistent-DMR
chr1	260008	260745	18	0.231	0.08	0.15	good-DMR
chr1	261141	261984	18	0.742	0.778	-0.035	non-DMR
chr1	262105	262989	22	0.197	0.154	0.043	non-DMR
chr1	263073	263998	24	0.172	0.022	0.149	notable-DMR
chr1	264060	265045	23	0.672	0.716	-0.045	non-DMR
chr1	265141	266025	20	0.725	0.772	-0.047	non-DMR
chr1	266109	266930	19	0.663	0.807	-0.144	good-DMR
chr1	267428	268571	30	0.808	0.852	-0.044	non-DMR
chr1	268589	269455	23	0.606	0.732	-0.125	good-DMR
chr1	269816	270762	21	0.298	0.073	0.226	good-DMR
chr1	271060	271771	18	0.775	0.806	-0.031	non-DMR
chr1	271853	272686	21	0.781	0.817	-0.036	non-DMR
chr1	272701	273632	23	0.574	0.733	-0.159	good-DMR
chr1	274036	275169	27	0.344	0.3	0.044	non-DMR
chr1	275216	276011	21	0.669	0.811	-0.142	notable-DMR
chr1	276148	277047	20	0.795	0.836	-0.041	non-DMR
chr1	277144	277889	18	0.876	0.938	-0.062	non-DMR
chr1	278012	279071	27	0.827	0.87	-0.043	non-DMR
chr1	279126	280142	25	0.177	0.14	0.037	non-DMR
chr1	280262	281248	23	0.831	0.879	-0.048	non-DMR
chr1	281349	282261	21	0.188	0.149	0.039	non-DMR
chr1	282396	283400	23	0.778	0.827	-0.049	non-DMR
chr1	283467	284339	23	0.549	0.67	-0.12	good-DMR
chr1	284805	285755	24	0.684	0.717	-0.033	non-DMR
chr1	285880	286837	26	0.801	0.841	-0.04	non-DMR
chr1	286926	288101	27	0.139	0.098	0.041	non-DMR
chr1	288176	289202	24	0.615	0.715	-0.1	good-DMR
chr1	289703	290783	25	0.174	0.031	0.143	good-DMR
chr1	291315	292212	21	0.811	0.806	0.005	inconsistent-DMR
chr1	292340	293334	22	0.521	0.681	-0.16	good-DMR
chr1	293672	294657	22	0.787	0.831	-0.044	non-DMR
chr1	294750	295777	25	0.523	0.679	-0.156	good-DMR
chr1	296276	297085	20	0.606	0.823	-0.216	good-DMR
chr1	297629	298659	27	0.82	0.859	-0.039	non-DMR
chr1	298680	299508	22	0.631	0.78	-0.149	good-DMR
chr1	299991	301046	25	0.917	0.951	-0.035	non-DMR
chr1	301163	302216	26	0.746	0.785	-0.039	non-DMR
chr1	302334	303128	22	0.686	0.721	-0.034	non-DMR
chr1	303217	304245	25	0.626	0.587	0.039	non-DMR
chr1	304319	305365	23	0.728	0.769	-0.042	non-DMR
chr1	305445	306596	25	0.703	0.744	-0.041	non-DMR
chr1	306632	307473	20	0.828	0.858	-0.03	non-DMR
chr1	307513	308330	23	0.729	0.838	-0.109	sub-DMR
chr1	308695	309732	26	0.769	0.811	-0.042	non-DMR
chr1	309828	310732	21	0.494	0.596	-0.102	sub-DMR
chr1	311213	312308	27	0.563	0.779	-0.216	good-DMR
chr1	312808	313747	24	0.737	0.781	-0.043	non-DMR
chr1	313856	314900	25	0.877	0.913	-0.036	non-DMR
chr1	314930	315751	18	0.569	0.671	-0.101	sub-DMR
chr1	316221	317154	22	0.584	0.731	-0.147	good-DMR
chr1	317657	318481	21	0.141	0.1	0.041	non-DMR
chr1	318504	319361	17	0.632	0.797	-0.165	good-DMR
chr1	319835	320762	25	0.199	0.057	0.142	good-DMR
chr1	321290	322171	20	0.147	0.098	0.049	non-DMR
chr1	322284	323349	28	0.783	0.815	-0.032	non-DMR
chr1	323483	324557	24	0.739	0.783	-0.044	non-DMR
chr1	324676	325552	18	0.796	0.833	-0.037	non-DMR
chr1	325633	326666	24	0.318	0.177	0.141	good-DMR
chr1	327204	327939	20	0.43	0.474	-0.044	non-DMR
chr1	327999	328985	24	0.73	0.774	-0.044	non-DMR
chr1	329038	330075	28	0.701	0.743	-0.042	non-DMR
chr1	330158	330990	18	0.585	0.624	-0.039	non-DMR
chr1	331073	331993	23	0.81	0.853	-0.043	non-DMR
chr1	332069	333109	23	0.183	0.067	0.116	good-DMR
chr1	333526	334361	20	0.615	0.64	-0.025	inconsistent-DMR
chr1	334493	335523	26	0.77	0.799	-0.029	non-DMR
chr1	335657	336555	23	0.821	0.861	-0.04	non-DMR
chr1	336612	337548	20	0.794	0.896	-0.102	good-DMR
chr1	337978	338919	19	0.851	0.889	-0.037	non-DMR
chr1	338995	339899	23	0.753	0.892	-0.139	good-DMR
chr1	340435	341443	24	0.246	0.209	0.036	non-DMR
chr1	341522	342580	21	0.546	0.598	-0.051	non-DMR
chr1	342655	343617	23	0.617	0.75	-0.133	good-DMR
chr1	345163	346348	25	0.636	0.679	-0.043	non-DMR
chr1	346468	347350	24	0.854	0.895	-0.041	non-DMR
chr1	347437	348526	25	0.769	0.892	-0.123	good-DMR
chr1	349013	349923	21	0.641	0.777	-0.136	good-DMR
chr1	350418	351681	27	0.182	0.076	0.105	sub-DMR
chr1	352161	353156	21	0.805	0.847	-0.042	non-DMR
chr1	353269	354413	25	0.688	0.728	-0.04	non-DMR
chr1	354456	355353	22	0.222	0.184	0.038	non-DMR
chr1	355494	356613	25	0.871	0.899	-0.028	non-DMR
chr1	356712	357794	25	0.272	0.134	0.137	good-DMR
chr1	358290	359212	20	0.646	0.756	-0.11	sub-DMR
chr1	359622	360635	22	0.2	0.097	0.102	sub-DMR
chr1	362096	363088	23	0.366	0.116	0.25	good-DMR
chr1	363634	364518	22	0.726	0.77	-0.043	non-DMR
chr1	364650	365636	24	0.574	0.534	0.04	non-DMR
chr1	365713	366661	22	0.568	0.611	-0.043	non-DMR
chr1	366726	367777	27	0.616	0.717	-0.101	sub-DMR
chr1	368306	369330	23	0.875	0.917	-0.042	non-DMR
chr1	369444	370267	19	0.767	0.816	-0.049	non-DMR
chr1	370304	371227	23	0.388	0.099	0.289	good-DMR
chr1	371670	372575	24	0.652	0.753	-0.101	good-DMR
chr1	373096	374103	24	0.525	0.568	-0.043	non-DMR
chr1	374172	375129	22	0.849	0.842	0.007	inconsistent-DMR
chr1	375270	376193	22	0.856	0.9	-0.044	non-DMR
chr1	376262	377154	20	0.398	0.114	0.284	good-DMR
chr1	377597	378474	20	0.673	0.718	-0.045	non-DMR
chr1	378542	379489	23	0.757	0.798	-0.041	non-DMR
chr1	379594	380574	26	0.241	0.2	0.041	non-DMR
chr1	380682	381532	20	0.172	0.125	0.048	non-DMR
chr1	381554	382391	21	0.869	0.911	-0.042	non-DMR
chr1	382500	383482	22	0.703	0.741	-0.038	non-DMR
chr1	383595	384555	23	0.673	0.718	-0.045	non-DMR
chr1	384656	385614	22	0.192	0.084	0.109	good-DMR
chr1	385959	386926	25	0.631	0.668	-0.036	non-DMR
chr1	386977	387911	24	0.15	0.112	0.038	non-DMR
chr1	388052	389048	23	0.218	0.183	0.035	non-DMR
chr1	389147	390013	21	0.159	0.117	0.043	non-DMR
chr1	390075	391244	25	0.808	0.855	-0.047	non-DMR
chr1	391352	392378	24	0.768	0.805	-0.037	non-DMR
chr1	392485	393629	25	0.68	0.724	-0.045	non-DMR
chr1	393760	394711	23	0.248	0.205	0.043	non-DMR
chr1	394774	395699	22	0.655	0.814	-0.16	good-DMR
chr1	396147	396996	20	0.753	0.798	-0.045	non-DMR
chr1	397093	398037	19	0.829	0.866	-0.038	non-DMR
chr1	398079	398912	20	0.486	0.708	-0.222	good-DMR
chr1	399396	400452	25	0.849	0.883	-0.034	non-DMR
chr1	400539	401496	24	0.741	0.786	-0.045	non-DMR
chr1	401618	402843	27	0.287	0.243	0.044	non-DMR
chr1	402975	403968	22	0.804	0.845	-0.042	non-DMR
chr1	404033	405008	20	0.597	0.718	-0.121	good-DMR
chr1	405485	406447	22	0.717	0.764	-0.047	non-DMR
chr1	406550	407487	23	0.75	0.786	-0.036	non-DMR
chr1	407520	408411	22	0.189	0.144	0.046	inconsistent-DMR
chr1	408524	409528	23	0.872	0.909	-0.037	non-DMR
chr1	409573	410504	21	0.72	0.855	-0.135	good-DMR
chr1	410832	411767	23	0.226	0.052	0.175	good-DMR
chr1	412186	413136	26	0.156	0.111	0.045	non-DMR
chr1	413277	414063	19	0.622	0.663	-0.042	non-DMR
chr1	414134	414913	20	0.681	0.874	-0.192	good-DMR
chr1	415407	416212	20	0.765	0.813	-0.048	non-DMR
chr1	416258	417187	21	0.573	0.712	-0.139	good-DMR
chr1	417631	418534	24	0.711	0.816	-0.104	sub-DMR
chr1	419042	419905	24	0.271	0.24	0.031	non-DMR
chr1	419973	420950	21	0.853	0.895	-0.041	non-DMR
chr1	421094	422008	24	0.821	0.859	-0.037	non-DMR
chr1	422135	423024	18	0.681	0.719	-0.039	non-DMR
chr1	423092	424002	21	0.807	0.849	-0.043	non-DMR
chr1	424115	424986	21	0.705	0.745	-0.04	non-DMR
chr1	425081	426126	28	0.757	0.793	-0.037	non-DMR
chr1	426242	427288	23	0.707	0.754	-0.047	non-DMR
chr1	427387	428401	25	0.852	0.886	-0.034	non-DMR
chr1	428493	429354	19	0.594	0.795	-0.2	good-DMR
chr1	429775	430763	22	0.654	0.695	-0.04	non-DMR
chr1	430838	431806	19	0.121	0.076	0.045	non-DMR
chr1	431922	432817	21	0.564	0.718	-0.153	notable-DMR
chr1	432922	433980	25	0.185	0.145	0.04	non-DMR
chr1	434096	435334	28	0.779	0.82	-0.041	non-DMR
chr1	435440	436353	22	0.757	0.8	-0.043	non-DMR
chr1	436457	437563	26	0.789	0.835	-0.046	non-DMR
chr1	437680	438633	23	0.34	0.387	-0.048	non-DMR
chr1	438759	439661	23	0.636	0.675	-0.039	non-DMR
chr1	439713	440598	24	0.872	0.907	-0.035	non-DMR
chr1	440633	441794	24	0.725	0.829	-0.104	sub-DMR
chr1	442263	443106	23	0.542	0.699	-0.157	good-DMR
chr1	443538	444486	23	0.598	0.7	-0.102	sub-DMR
chr1	444979	446123	28	0.741	0.78	-0.039	non-DMR
chr1	446156	447052	22	0.667	0.845	-0.178	good-DMR
chr1	447590	448668	25	0.686	0.721	-0.035	non-DMR
chr1	448748	449638	23	0.527	0.714	-0.187	good-DMR
chr1	449990	450975	26	0.694	0.734	-0.041	non-DMR
chr1	451082	452164	25	0.764	0.806	-0.042	non-DMR
chr1	452220	453272	23	0.129	0.088	0.041	non-DMR
chr1	453399	454296	22	0.628	0.707	-0.078	inconsistent-DMR
chr1	454469	455425	23	0.19	0.153	0.037	non-DMR
chr1	455486	456422	22	0.881	0.934	-0.053	non-DMR
chr1	456510	457494	24	0.791	0.892	-0.102	good-DMR
chr1	457839	458726	22	0.616	0.741	-0.125	good-DMR
chr1	459104	460062	21	0.2	0.152	0.048	non-DMR
chr1	461378	462395	24	0.357	0.167	0.191	good-DMR
chr1	462925	463709	16	0.17	0.116	0.054	non-DMR
chr1	463814	464986	29	0.842	0.89	-0.048	non-DMR
chr1	465080	466060	23	0.813	0.848	-0.035	non-DMR
chr1	466111	467038	23	0.283	0.182	0.101	sub-DMR
chr1	467566	468550	22	0.183	0.14	0.043	non-DMR
chr1	468594	469636	26	0.493	0.693	-0.199	good-DMR
chr1	469858	470799	25	0.729	0.762	-0.033	non-DMR
chr1	470833	471886	25	0.145	0.103	0.042	non-DMR
chr1	472002	472989	28	0.396	0.356	0.04	non-DMR
chr1	473068	473936	21	0.68	0.795	-0.115	good-DMR
chr1	474330	475363	22	0.158	0.122	0.036	non-DMR
chr1	475380	476400	28	0.205	0.098	0.107	sub-DMR
chr1	476856	477781	22	0.788	0.827	-0.04	non-DMR
chr1	477872	478809	21	0.646	0.678	-0.031	non-DMR
chr1	478894	479727	21	0.755	0.891	-0.137	good-DMR
chr1	480236	481247	24	0.743	0.737	0.006	inconsistent-DMR
chr1	481425	482244	19	0.216	0.174	0.041	non-DMR
chr1	482300	483289	24	0.335	0.614	-0.279	good-DMR
chr1	483809	484857	26	0.093	0.056	0.037	non-DMR
chr1	484961	485927	26	0.34	0.298	0.042	non-DMR
chr1	485963	486910	22	0.635	0.806	-0.171	notable-DMR
chr1	487005	487997	23	0.129	0.093	0.037	non-DMR
chr1	488070	488983	21	0.878	0.917	-0.04	non-DMR
chr1	489054	490082	27	0.741	0.78	-0.039	non-DMR
chr1	490106	490984	20	0.499	0.666	-0.167	good-DMR
chr1	491519	492409	20	0.795	0.833	-0.038	non-DMR
chr1	492474	493370	22	0.143	0.1	0.043	non-DMR
chr1	493472	494492	26	0.738	0.779	-0.04	non-DMR
chr1	494539	495542	21	0.879	0.921	-0.042	non-DMR
chr1	496731	497715	24	0.659	0.782	-0.124	good-DMR
chr1	498252	499147	21	0.828	0.865	-0.037	non-DMR
chr1	499281	500103	18	0.633	0.676	-0.043	non-DMR
chr1	500165	501016	19	0.34	0.134	0.205	good-DMR
chr1	501429	502447	25	0.272	0.231	0.04	non-DMR
chr1	502553	503431	20	0.712	0.762	-0.05	non-DMR
chr1	503486	504473	24	0.147	0.105	0.042	non-DMR
chr1	504577	505586	23	0.889	0.927	-0.038	non-DMR
chr1	505608	506533	21	0.764	0.924	-0.16	good-DMR
chr1	507023	507964	24	0.695	0.732	-0.037	non-DMR
chr1	507993	508891	25	0.663	0.768	-0.104	good-DMR
chr1	509388	510177	19	0.865	0.909	-0.044	non-DMR
chr1	510253	511237	26	0.677	0.672	0.006	inconsistent-DMR
chr1	511401	512234	18	0.831	0.879	-0.047	non-DMR
chr1	512375	513359	21	0.789	0.829	-0.04	non-DMR
chr1	513481	514558	28	0.683	0.851	-0.167	notable-DMR
chr1	514614	515552	21	0.887	0.922	-0.035	non-DMR
chr1	515659	516567	22	0.759	0.798	-0.039	non-DMR
chr1	516657	517504	20	0.134	0.092	0.043	non-DMR
chr1	517570	518566	24	0.688	0.722	-0.033	non-DMR
chr1	518668	519693	23	0.815	0.864	-0.049	non-DMR
chr1	519794	520734	22	0.727	0.764	-0.038	non-DMR
chr1	520830	521667	22	0.549	0.705	-0.156	good-DMR
chr1	522147	523240	24	0.7	0.669	0.032	inconsistent-DMR
chr1	523327	524297	25	0.636	0.795	-0.159	good-DMR
chr1	524728	525594	22	0.848	0.888	-0.04	non-DMR
chr1	525709	526551	18	0.787	0.83	-0.043	non-DMR
chr1	526610	527740	27	0.676	0.724	-0.047	non-DMR
chr1	527862	528872	22	0.798	0.833	-0.036	non-DMR
chr1	528979	530109	25	0.892	0.932	-0.04	non-DMR
chr1	530180	531271	23	0.613	0.575	0.038	non-DMR
chr1	531353	532457	27	0.813	0.844	-0.031	non-DMR
chr1	532489	533409	21	0.337	0.206	0.131	good-DMR
chr1	533852	534818	25	0.867	0.911	-0.043	non-DMR
chr1	534854	535768	22	0.786	0.828	-0.043	non-DMR
chr1	535850	536784	24	0.595	0.633	-0.039	non-DMR
chr1	536881	537768	22	0.666	0.705	-0.039	non-DMR
chr1	537787	538627	23	0.799	0.852	-0.053	non-DMR
chr1	538720	539634	21	0.663	0.83	-0.167	good-DMR
chr1	540171	540944	20	0.345	0.304	0.041	non-DMR
chr1	541055	541998	23	0.217	0.173	0.044	non-DMR
chr1	542109	543140	23	0.689	0.723	-0.034	non-DMR
chr1	543232	544313	25	0.564	0.68	-0.115	good-DMR
chr1	544724	545643	21	0.562	0.605	-0.043	non-DMR
chr1	545752	546524	18	0.116	0.074	0.042	non-DMR
chr1	546563	547570	22	0.799	0.846	-0.046	non-DMR
chr1	547693	548632	24	0.878	0.917	-0.038	non-DMR
chr1	548746	549886	29	0.776	0.817	-0.041	non-DMR
chr1	549978	550957	23	0.721	0.761	-0.04	non-DMR
chr1	551062	552027	24	0.627	0.665	-0.038	non-DMR
chr1	552153	553151	26	0.766	0.805	-0.039	non-DMR
chr1	553282	554226	25	0.752	0.796	-0.044	non-DMR
chr1	554282	555068	16	0.092	0.063	0.029	non-DMR
chr1	555142	556211	24	0.543	0.708	-0.166	good-DMR
chr1	556671	557694	24	0.822	0.865	-0.042	non-DMR
chr1	557752	558597	23	0.737	0.84	-0.103	good-DMR
chr1	559093	560030	21	0.715	0.768	-0.053	non-DMR
chr1	560103	560897	21	0.618	0.747	-0.129	good-DMR
chr1	561384	562174	21	0.867	0.909	-0.042	non-DMR
chr1	562276	563389	25	0.346	0.303	0.043	non-DMR
chr1	563513	564454	21	0.83	0.874	-0.044	non-DMR
chr1	564499	565357	19	0.607	0.712	-0.106	good-DMR
chr1	565834	566912	24	0.642	0.679	-0.037	non-DMR
chr1	566990	568126	26	0.701	0.746	-0.045	non-DMR
chr1	568240	569215	24	0.15	0.106	0.044	non-DMR
chr1	569256	570139	22	0.567	0.81	-0.243	good-DMR
chr1	570673	571707	25	0.726	0.773	-0.047	non-DMR
chr1	571773	572749	23	0.329	0.185	0.144	good-DMR
chr1	573272	574173	19	0.672	0.709	-0.037	non-DMR
chr1	574239	575183	23	0.715	0.819	-0.105	sub-DMR
chr1	575646	576673	27	0.738	0.868	-0.13	good-DMR
chr1	577178	578021	19	0.624	0.61	0.014	inconsistent-DMR
chr1	578101	579218	26	0.631	0.668	-0.037	non-DMR
chr1	579336	580378	23	0.856	0.901	-0.046	non-DMR
chr1	580449	581504	23	0.787	0.829	-0.043	non-DMR
chr1	581637	582483	22	0.831	0.881	-0.05	non-DMR
chr1	582584	583511	20	0.904	0.94	-0.036	non-DMR
chr1	583635	584592	22	0.83	0.876	-0.046	non-DMR
chr1	584671	585607	22	0.762	0.879	-0.117	good-DMR
chr1	585973	586827	21	0.808	0.839	-0.031	non-DMR
chr1	586888	587965	23	0.725	0.938	-0.213	good-DMR
chr1	588487	589409	22	0.762	0.809	-0.047	non-DMR
chr1	589465	590546	24	0.637	0.682	-0.045	non-DMR
chr1	590676	591673	23	0.867	0.907	-0.04	non-DMR
chr1	591703	592765	26	0.185	0.078	0.107	sub-DMR
chr1	593243	594167	24	0.315	0.161	0.154	good-DMR
chr1	594646	595651	23	0.682	0.716	-0.034	non-DMR
chr1	595744	596734	22	0.195	0.153	0.042	non-DMR
chr1	596811	597714	20	0.688	0.726	-0.037	non-DMR
chr1	597760	598866	28	0.193	0.151	0.041	non-DMR
chr1	598949	599886	23	0.794	0.833	-0.039	non-DMR
chr1	599912	600760	21	0.774	0.879	-0.105	sub-DMR
chr1	601190	602134	23	0.697	0.741	-0.044	non-DMR
chr1	602187	603213	23	0.837	0.876	-0.039	non-DMR
chr1	603320	604174	21	0.291	0.099	0.191	good-DMR
chr1	605864	606451	15	0.226	0.191	0.035	non-DMR
chr1	606471	607416	22	0.174	0.069	0.105	sub-DMR
chr1	607742	608704	20	0.688	0.79	-0.102	sub-DMR
chr1	609138	610010	21	0.179	0.136	0.043	non-DMR
chr1	610070	611144	29	0.826	0.875	-0.049	non-DMR
chr1	612263	613215	22	0.636	0.822	-0.186	good-DMR
chr1	613687	614570	21	0.634	0.668	-0.034	non-DMR
chr1	614636	615360	19	0.79	0.946	-0.157	good-DMR
chr1	615848	616596	17	0.736	0.775	-0.039	non-DMR
chr1	616675	617588	25	0.783	0.822	-0.039	non-DMR
chr1	617688	618653	23	0.887	0.929	-0.042	non-DMR
chr1	618772	619747	24	0.351	0.307	0.044	non-DMR
chr1	619792	620650	22	0.062	0.027	0.035	non-DMR
chr1	620705	621681	22	0.713	0.748	-0.035	non-DMR
chr1	621778	622880	26	0.79	0.831	-0.04	non-DMR
chr1	622930	623991	23	0.508	0.671	-0.162	good-DMR
chr1	624419	625468	24	0.679	0.858	-0.179	good-DMR
chr1	625889	626890	23	0.325	0.286	0.039	non-DMR
chr1	626989	628011	26	0.714	0.751	-0.037	non-DMR
chr1	628098	629018	25	0.855	0.895	-0.04	non-DMR
chr1	629139	630082	24	0.779	0.818	-0.039	non-DMR
chr1	630195	631055	20	0.409	0.529	-0.12	notable-DMR
chr1	631188	631827	16	0.736	0.783	-0.047	non-DMR
chr1	631928	632950	24	0.585	0.626	-0.041	non-DMR
chr1	633012	634051	27	0.752	0.798	-0.046	non-DMR
chr1	634114	634847	17	0.569	0.725	-0.156	good-DMR
chr1	635280	636379	26	0.798	0.902	-0.103	sub-DMR
chr1	636801	637851	25	0.58	0.62	-0.04	non-DMR
chr1	637910	638894	24	0.156	0.111	0.045	non-DMR
chr1	638947	639807	19	0.299	0.124	0.176	notable-DMR
chr1	639837	640875	23	0.154	0.105	0.049	non-DMR
chr1	640886	641938	28	0.592	0.768	-0.176	good-DMR
chr1	642442	643552	24	0.742	0.843	-0.101	sub-DMR
chr1	645180	646127	21	0.623	0.661	-0.037	non-DMR
chr1	646253	647186	25	0.113	0.075	0.038	non-DMR
chr1	647275	648168	22	0.38	0.221	0.16	good-DMR
chr1	648659	649518	20	0.77	0.806	-0.037	non-DMR
chr1	649661	650659	25	0.681	0.682	-0.002	inconsistent-DMR
chr1	650797	651816	22	0.853	0.898	-0.045	non-DMR
chr1	651908	652880	25	0.689	0.733	-0.044	non-DMR
chr1	652944	654089	25	0.692	0.805	-0.113	good-DMR
chr1	654608	655510	24	0.722	0.771	-0.049	non-DMR
chr1	655551	656360	21	0.883	0.915	-0.032	non-DMR
chr1	656430	657106	17	0.083	0.045	0.039	non-DMR
chr1	657177	658157	25	0.369	0.263	0.107	good-DMR
chr1	658678	659617	27	0.788	0.819	-0.031	non-DMR
chr1	659696	660757	27	0.832	0.88	-0.047	non-DMR
chr1	660839	661746	23	0.736	0.778	-0.042	non-DMR
chr1	661829	662840	24	0.843	0.886	-0.043	non-DMR
chr1	662911	663903	25	0.174	0.176	-0.002	inconsistent-DMR
chr1	664078	664975	21	0.632	0.667	-0.035	non-DMR
chr1	665071	665878	23	0.724	0.769	-0.045	non-DMR
chr1	665931	666726	18	0.768	0.808	-0.04	non-DMR
chr1	666800	667665	22	0.787	0.888	-0.102	good-DMR
chr1	668153	669135	23	0.229	0.186	0.043	non-DMR
chr1	669149	670039	21	0.684	0.849	-0.165	good-DMR
chr1	670396	671286	19	0.629	0.666	-0.037	non-DMR
chr1	671393	672330	25	0.684	0.73	-0.046	non-DMR
chr1	672463	673430	24	0.275	0.229	0.046	non-DMR
chr1	673496	674556	25	0.228	0.182	0.046	non-DMR
chr1	674685	675817	26	0.769	0.805	-0.036	non-DMR
chr1	675924	676958	24	0.21	0.184	0.026	non-DMR
chr1	677081	677844	20	0.773	0.82	-0.047	non-DMR
chr1	677915	678917	24	0.59	0.742	-0.152	good-DMR
chr1	679374	680194	18	0.645	0.822	-0.177	good-DMR
chr1	680556	681515	24	0.27	0.225	0.045	non-DMR
chr1	681616	682633	26	0.726	0.768	-0.041	non-DMR
chr1	682696	683626	21	0.773	0.812	-0.039	non-DMR
chr1	683724	684641	24	0.773	0.803	-0.029	non-DMR
chr1	684724	685565	18	0.76	0.798	-0.038	non-DMR
chr1	685692	686529	19	0.579	0.62	-0.04	non-DMR
chr1	687618	688637	25	0.757	0.79	-0.033	non-DMR
chr1	688735	689686	21	0.603	0.644	-0.042	non-DMR
chr1	689781	690501	20	0.638	0.757	-0.12	good-DMR
chr1	691023	692081	26	0.599	0.639	-0.039	non-DMR
chr1	692202	693201	23	0.398	0.361	0.037	non-DMR
chr1	693304	694422	26	0.66	0.701	-0.041	non-DMR
chr1	694515	695591	25	0.659	0.696	-0.037	non-DMR
chr1	695679	696549	22	0.782	0.826	-0.044	non-DMR
chr1	696572	697528	26	0.451	0.656	-0.206	good-DMR
chr1	697902	698680	17	0.778	0.821	-0.043	non-DMR
chr1	698758	699691	21	0.756	0.801	-0.045	non-DMR
chr1	699765	700692	21	0.618	0.659	-0.041	non-DMR
chr1	700819	701869	25	0.774	0.818	-0.043	non-DMR
chr1	701941	702894	21	0.686	0.866	-0.18	good-DMR
chr1	703394	704197	18	0.104	0.076	0.028	non-DMR
chr1	704309	705206	22	0.227	0.184	0.043	non-DMR
chr1	705261	706304	25	0.477	0.287	0.189	good-DMR
chr1	706802	707713	22	0.746	0.782	-0.037	non-DMR
chr1	707809	708731	23	0.51	0.636	-0.126	good-DMR
chr1	709182	710265	25	0.341	0.135	0.206	good-DMR
chr1	710755	711767	22	0.509	0.68	-0.171	good-DMR
chr1	712184	713240	25	0.718	0.761	-0.043	non-DMR
chr1	713276	714151	23	0.583	0.793	-0.21	good-DMR
chr1	714466	715436	21	0.62	0.662	-0.043	non-DMR
chr1	715523	716536	23	0.801	0.834	-0.033	non-DMR
chr1	716590	717443	21	0.797	0.843	-0.046	non-DMR
chr1	717510	718573	27	0.796	0.839	-0.043	non-DMR
chr1	718658	719793	26	0.524	0.663	-0.139	good-DMR
chr1	720274	721221	26	0.069	0.037	0.032	non-DMR
chr1	721313	722257	23	0.2	0.167	0.034	non-DMR
chr1	722346	723269	21	0.652	0.792	-0.14	good-DMR
chr1	723743	724566	19	0.785	0.829	-0.044	non-DMR
chr1	724672	725615	23	0.099	0.059	0.039	non-DMR
chr1	725742	726812	22	0.615	0.832	-0.216	notable-DMR
chr1	726893	727727	21	0.73	0.775	-0.045	non-DMR
chr1	727837	728800	21	0.704	0.754	-0.05	non-DMR
chr1	728903	729686	18	0.529	0.647	-0.118	good-DMR
chr1	729969	730921	23	0.711	0.745	-0.034	non-DMR
chr1	730942	732000	26	0.2	0.146	0.054	non-DMR
chr1	732107	733055	21	0.215	0.177	0.038	non-DMR
chr1	733174	734144	22	0.769	0.806	-0.037	non-DMR
chr1	734234	735374	28	0.64	0.776	-0.135	good-DMR
chr1	735814	736696	21	0.116	0.071	0.045	non-DMR
chr1	736756	737724	25	0.672	0.824	-0.152	good-DMR
chr1	738232	739323	25	0.869	0.916	-0.047	non-DMR
chr1	739378	740135	17	0.46	0.636	-0.176	good-DMR
chr1	740635	741520	25	0.322	0.16	0.162	good-DMR
chr1	741906	742876	24	0.153	0.036	0.117	good-DMR
chr1	743379	744257	19	0.211	0.166	0.045	non-DMR
chr1	744309	745196	23	0.891	0.924	-0.033	non-DMR
chr1	745305	746303	25	0.139	0.102	0.036	non-DMR
chr1	746392	747379	24	0.655	0.803	-0.149	good-DMR
chr1	747818	748554	19	0.795	0.845	-0.05	non-DMR
chr1	748655	749598	22	0.842	0.883	-0.041	non-DMR
chr1	749658	750749	25	0.519	0.728	-0.208	good-DMR
chr1	751214	752260	26	0.128	0.087	0.041	non-DMR
chr1	752302	753282	22	0.863	0.911	-0.048	non-DMR
chr1	753347	754323	27	0.653	0.82	-0.167	good-DMR
chr1	754861	755682	22	0.731	0.727	0.004	inconsistent-DMR
chr1	755752	756650	21	0.914	0.948	-0.035	non-DMR
chr1	756758	757939	27	0.75	0.783	-0.033	non-DMR
chr1	758044	758827	18	0.843	0.88	-0.037	non-DMR
chr1	758920	759867	23	0.592	0.64	-0.048	non-DMR
chr1	759932	760962	24	0.126	0.09	0.036	non-DMR
chr1	761025	761974	24	0.661	0.699	-0.038	non-DMR
chr1	762025	762867	21	0.766	0.809	-0.043	non-DMR
chr1	762963	763759	22	0.676	0.813	-0.137	good-DMR
chr1	764212	765046	20	0.546	0.814	-0.268	good-DMR
chr1	765534	766670	28	0.401	0.272	0.128	good-DMR
chr1	767159	767968	18	0.529	0.561	-0.032	non-DMR
chr1	768069	769235	30	0.36	0.321	0.039	non-DMR
chr1	769265	770095	21	0.738	0.778	-0.04	non-DMR
chr1	770181	771248	24	0.573	0.571	0.002	inconsistent-DMR
chr1	771402	772434	25	0.736	0.78	-0.044	non-DMR
chr1	772495	773677	25	0.768	0.815	-0.047	non-DMR
chr1	773769	774684	22	0.129	0.087	0.042	non-DMR
chr1	774701	775782	26	0.66	0.845	-0.185	good-DMR
chr1	776294	777203	20	0.691	0.728	-0.037	non-DMR
chr1	777277	778196	23	0.217	0.185	0.031	non-DMR
chr1	778280	779433	29	0.169	0.137	0.032	inconsistent-DMR
chr1	779521	780383	23	0.743	0.789	-0.046	non-DMR
chr1	780431	781379	22	0.202	0.094	0.109	good-DMR
chr1	781851	782972	27	0.835	0.868	-0.033	non-DMR
chr1	783035	784040	24	0.76	0.793	-0.033	non-DMR
chr1	784137	785037	23	0.805	0.843	-0.038	non-DMR
chr1	785096	786073	22	0.195	0.058	0.138	good-DMR
chr1	786538	787402	19	0.388	0.619	-0.232	good-DMR
chr1	787865	788727	21	0.57	0.789	-0.22	good-DMR
chr1	789193	790241	24	0.64	0.683	-0.043	non-DMR
chr1	790270	791101	22	0.652	0.768	-0.116	good-DMR
chr1	791606	792265	18	0.741	0.788	-0.047	non-DMR
chr1	792389	793312	22	0.719	0.768	-0.05	non-DMR
chr1	793374	794454	26	0.813	0.86	-0.046	non-DMR
chr1	794592	795408	21	0.734	0.775	-0.041	non-DMR
chr1	795450	796525	26	0.79	0.794	-0.004	inconsistent-DMR
chr1	796673	797664	22	0.598	0.64	-0.042	non-DMR
chr1	797806	798921	27	0.728	0.771	-0.043	non-DMR
chr1	799039	799926	22	0.684	0.726	-0.041	non-DMR
chr1	799985	801150	30	0.099	0.057	0.042	non-DMR
chr1	801245	802346	25	0.757	0.805	-0.048	non-DMR
chr1	802453	803268	18	0.742	0.788	-0.046	non-DMR
chr1	803286	804235	20	0.625	0.774	-0.15	good-DMR
chr1	804702	805519	20	0.79	0.802	-0.012	inconsistent-DMR
chr1	805698	806761	21	0.482	0.631	-0.149	good-DMR
chr1	807286	808147	22	0.879	0.919	-0.04	non-DMR
chr1	808297	809263	27	0.693	0.746	-0.053	non-DMR
chr1	809384	810423	23	0.352	0.304	0.047	non-DMR
chr1	810510	811503	25	0.679	0.717	-0.038	non-DMR
chr1	811602	812451	22	0.511	0.765	-0.254	notable-DMR
chr1	812557	813565	24	0.789	0.826	-0.037	non-DMR
chr1	813679	814750	26	0.756	0.794	-0.037	non-DMR
chr1	814894	815616	20	0.701	0.739	-0.038	non-DMR
chr1	815681	816693	24	0.613	0.649	-0.036	non-DMR
chr1	816781	817652	20	0.696	0.736	-0.04	non-DMR
chr1	817737	818528	19	0.66	0.792	-0.132	good-DMR
chr1	819014	820067	25	0.686	0.712	-0.026	non-DMR
chr1	820123	821133	23	0.848	0.89	-0.042	non-DMR
chr1	821222	822354	25	0.615	0.738	-0.122	good-DMR
chr1	822767	823670	20	0.712	0.816	-0.105	sub-DMR
chr1	824127	824880	19	0.655	0.698	-0.043	non-DMR
chr1	824936	825894	24	0.151	0.108	0.043	non-DMR
chr1	825949	826931	23	0.635	0.751	-0.116	good-DMR
chr1	827395	828332	26	0.604	0.647	-0.043	non-DMR
chr1	828451	829518	26	0.723	0.766	-0.043	non-DMR
chr1	829583	830651	25	0.696	0.743	-0.046	non-DMR
chr1	830750	831860	28	0.608	0.649	-0.041	non-DMR
chr1	831945	832799	23	0.701	0.847	-0.146	good-DMR
chr1	833279	834118	21	0.854	0.892	-0.038	non-DMR
chr1	834153	834914	19	0.304	0.082	0.222	good-DMR
chr1	835444	836455	20	0.623	0.66	-0.037	non-DMR
chr1	836552	837343	19	0.723	0.892	-0.169	good-DMR
chr1	837842	838687	19	0.195	0.152	0.043	non-DMR
chr1	838725	839642	22	0.315	0.161	0.154	good-DMR
chr1	840091	841052	25	0.263	0.227	0.036	non-DMR
chr1	841141	842053	24	0.321	0.101	0.219	good-DMR
chr1	842504	843335	20	0.773	0.814	-0.041	non-DMR
chr1	843438	844265	19	0.63	0.636	-0.006	inconsistent-DMR
chr1	844417	845241	20	0.705	0.808	-0.103	sub-DMR
chr1	845718	846570	22	0.152	0.105	0.047	non-DMR
chr1	846668	847807	28	0.868	0.906	-0.038	non-DMR
chr1	847856	848807	23	0.158	0.114	0.044	non-DMR
chr1	848894	849968	30	0.582	0.577	0.005	inconsistent-DMR
chr1	850179	851112	21	0.788	0.832	-0.044	non-DMR
chr1	851139	852029	21	0.545	0.671	-0.126	good-DMR
chr1	852508	853636	25	0.708	0.751	-0.044	non-DMR
chr1	853746	854809	25	0.662	0.7	-0.038	non-DMR
chr1	854895	855895	21	0.76	0.803	-0.043	non-DMR
chr1	856003	856950	22	0.128	0.022	0.106	sub-DMR
chr1	857435	858462	24	0.687	0.727	-0.039	non-DMR
chr1	858554	859553	23	0.814	0.849	-0.036	non-DMR
chr1	859636	860527	20	0.798	0.832	-0.034	non-DMR
chr1	860578	861607	23	0.471	0.59	-0.119	good-DMR
chr1	861977	862978	25	0.768	0.889	-0.121	good-DMR
chr1	863493	864397	25	0.084	0.041	0.043	non-DMR
chr1	864420	865359	22	0.786	0.835	-0.049	non-DMR
chr1	865458	866307	22	0.775	0.822	-0.047	non-DMR
chr1	866449	867432	26	0.714	0.761	-0.047	non-DMR
chr1	867542	868602	23	0.784	0.827	-0.042	non-DMR
chr1	868696	869705	26	0.689	0.734	-0.044	non-DMR
chr1	869769	870665	21	0.89	0.923	-0.033	non-DMR
chr1	870787	871880	27	0.189	0.184	0.005	inconsistent-DMR
chr1	872024	872963	24	0.703	0.743	-0.04	non-DMR
chr1	873037	873798	22	0.723	0.769	-0.046	non-DMR
chr1	873909	874794	26	0.724	0.757	-0.033	non-DMR
chr1	874818	875739	21	0.729	0.895	-0.166	good-DMR
chr1	876210	877225	25	0.729	0.766	-0.037	non-DMR
chr1	877323	878177	21	0.864	0.901	-0.037	non-DMR
chr1	878244	879275	25	0.169	0.132	0.037	non-DMR
chr1	879315	880325	24	0.605	0.645	-0.04	non-DMR
chr1	880353	881307	22	0.641	0.743	-0.102	sub-DMR
chr1	881732	882533	18	0.649	0.755	-0.106	sub-DMR
chr1	882998	884005	23	0.518	0.744	-0.227	good-DMR
chr1	884477	885409	24	0.73	0.764	-0.034	non-DMR
chr1	885461	886385	23	0.832	0.867	-0.036	non-DMR
chr1	886435	887287	21	0.602	0.644	-0.041	non-DMR
chr1	887389	888221	22	0.766	0.814	-0.048	non-DMR
chr1	888293	889180	24	0.739	0.932	-0.193	good-DMR
chr1	889658	890651	24	0.65	0.839	-0.19	good-DMR
chr1	891169	892312	27	0.125	0.085	0.04	non-DMR
chr1	892341	893303	21	0.714	0.76	-0.045	non-DMR
chr1	893380	894448	24	0.673	0.72	-0.047	non-DMR
chr1	894545	895444	20	0.851	0.895	-0.044	non-DMR
chr1	895564	896386	20	0.694	0.703	-0.009	inconsistent-DMR
chr1	896518	897472	21	0.728	0.763	-0.035	non-DMR
chr1	897566	898548	21	0.153	0.114	0.039	non-DMR
chr1	898595	899456	23	0.209	0.214	-0.005	inconsistent-DMR
chr1	899615	900509	23	0.764	0.798	-0.034	non-DMR
chr1	900629	901762	26	0.863	0.908	-0.045	non-DMR
chr1	901852	902813	25	0.173	0.136	0.037	non-DMR
chr1	902884	903737	22	0.528	0.698	-0.169	good-DMR
chr1	904226	905278	26	0.759	0.8	-0.041	non-DMR
chr1	905360	906267	19	0.746	0.786	-0.04	non-DMR
chr1	906300	907247	27	0.31	0.271	0.039	non-DMR
chr1	907324	908213	23	0.807	0.843	-0.036	non-DMR
chr1	908299	909256	26	0.718	0.856	-0.137	good-DMR
chr1	909630	910535	21	0.726	0.889	-0.163	good-DMR
chr1	911010	911902	20	0.888	0.924	-0.037	non-DMR
chr1	911929	912785	20	0.798	0.83	-0.032	non-DMR
chr1	912839	913783	21	0.151	0.042	0.109	good-DMR
chr1	914227	915149	20	0.638	0.757	-0.119	good-DMR
chr1	915695	916726	25	0.77	0.81	-0.04	non-DMR
chr1	916846	918015	26	0.672	0.721	-0.049	non-DMR
chr1	918130	918954	22	0.829	0.876	-0.047	non-DMR
chr1	919051	920116	23	0.88	0.926	-0.046	non-DMR
chr1	920166	921076	20	0.705	0.745	-0.039	non-DMR
chr1	921170	921984	16	0.145	0.109	0.036	non-DMR
chr1	922080	923121	27	0.336	0.512	-0.176	good-DMR
chr1	923616	924600	24	0.784	0.837	-0.053	non-DMR
chr1	924665	925609	26	0.26	0.155	0.105	sub-DMR
chr1	926141	926957	21	0.772	0.803	-0.031	non-DMR
chr1	927063	928035	23	0.762	0.905	-0.143	good-DMR
chr1	928557	929705	26	0.706	0.741	-0.035	non-DMR
chr1	929806	930631	22	0.454	0.706	-0.252	good-DMR
chr1	931160	932010	21	0.819	0.861	-0.042	non-DMR
chr1	932082	933165	25	0.749	0.794	-0.044	non-DMR
chr1	933268	934345	24	0.204	0.1	0.105	good-DMR
chr1	934739	935490	21	0.746	0.788	-0.041	non-DMR
chr1	935533	936515	24	0.777	0.813	-0.036	non-DMR
chr1	936605	937679	24	0.644	0.757	-0.112	notable-DMR
chr1	937778	938781	24	0.775	0.812	-0.037	non-DMR
chr1	938883	939770	21	0.819	0.862	-0.043	non-DMR
chr1	939863	940744	24	0.727	0.876	-0.148	good-DMR
chr1	941225	942228	23	0.379	0.602	-0.223	good-DMR
chr1	942736	943721	23	0.674	0.855	-0.181	good-DMR
chr1	944125	945099	23	0.274	0.243	0.031	non-DMR
chr1	945117	945846	15	0.314	0.127	0.187	good-DMR
chr1	946381	947239	21	0.798	0.832	-0.033	non-DMR
chr1	947312	948276	24	0.81	0.843	-0.033	non-DMR
chr1	948380	949343	23	0.682	0.721	-0.039	non-DMR
chr1	949371	950350	23	0.575	0.679	-0.104	sub-DMR
chr1	950753	951701	24	0.709	0.748	-0.04	non-DMR
chr1	951821	952825	24	0.813	0.854	-0.041	non-DMR
chr1	952883	953758	19	0.587	0.73	-0.143	good-DMR
chr1	954205	955179	21	0.803	0.843	-0.039	non-DMR
chr1	955272	956187	22	0.734	0.772	-0.038	non-DMR
chr1	956312	957485	25	0.747	0.788	-0.041	non-DMR
chr1	957577	958504	21	0.783	0.817	-0.034	non-DMR
chr1	958627	959407	20	0.785	0.82	-0.036	non-DMR
chr1	959530	960580	25	0.804	0.841	-0.037	non-DMR
chr1	960641	961696	24	0.738	0.842	-0.104	sub-DMR
chr1	961936	963111	26	0.668	0.769	-0.101	sub-DMR
chr1	963539	964700	28	0.172	0.137	0.035	non-DMR
chr1	964760	965687	24	0.757	0.803	-0.045	non-DMR
chr1	965720	966707	24	0.722	0.774	-0.051	non-DMR
chr1	966828	967695	22	0.713	0.754	-0.041	non-DMR
chr1	967815	968699	19	0.706	0.75	-0.044	non-DMR
chr1	968814	969761	24	0.862	0.904	-0.042	non-DMR
chr1	969826	970669	21	0.227	0.06	0.167	notable-DMR
chr1	970800	971715	21	0.762	0.794	-0.032	non-DMR
chr1	971748	972758	25	0.588	0.747	-0.158	good-DMR
chr1	973209	974170	22	0.747	0.565	0.182	good-DMR
chr1	974705	975645	22	0.768	0.804	-0.036	non-DMR
chr1	975720	976944	29	0.191	0.157	0.035	non-DMR
chr1	976984	977948	20	0.604	0.647	-0.043	non-DMR
chr1	978008	979026	27	0.64	0.844	-0.204	notable-DMR
chr1	979159	980206	24	0.772	0.822	-0.049	non-DMR
chr1	980240	981265	22	0.714	0.751	-0.036	non-DMR
chr1	981290	982196	23	0.698	0.73	-0.032	non-DMR
chr1	982281	983085	18	0.698	0.802	-0.104	sub-DMR
chr1	983441	984402	21	0.277	0.087	0.19	good-DMR
chr1	986095	986943	19	0.66	0.701	-0.041	non-DMR
chr1	987013	988024	25	0.706	0.745	-0.039	non-DMR
chr1	988127	989128	25	0.134	0.091	0.043	non-DMR
chr1	989216	990130	23	0.787	0.889	-0.102	sub-DMR
chr1	990566	991508	24	0.879	0.922	-0.043	non-DMR
chr1	991562	992524	21	0.603	0.643	-0.04	non-DMR
chr1	992595	993436	19	0.583	0.757	-0.174	good-DMR
chr1	993940	994797	22	0.708	0.751	-0.043	non-DMR
chr1	994904	995744	21	0.814	0.586	0.228	good-DMR
chr1	996233	997018	23	0.756	0.807	-0.052	non-DMR
chr1	997141	998188	22	0.682	0.718	-0.036	non-DMR
chr1	998301	999199	22	0.762	0.798	-0.036	non-DMR
chr1	999311	1000344	23	0.695	0.732	-0.037	non-DMR
chr1	1000422	1001367	21	0.412	0.366	0.046	non-DMR
chr1	1001446	1002321	22	0.788	0.834	-0.046	non-DMR
chr1	1002345	1003471	27	0.075	0.046	0.029	non-DMR
chr1	1003591	1004481	23	0.693	0.74	-0.047	non-DMR
chr1	1004576	1005615	25	0.798	0.839	-0.041	non-DMR
chr1	1005716	1006668	24	0.685	0.791	-0.106	good-DMR
chr1	1007182	1008018	23	0.782	0.825	-0.043	non-DMR
chr1	1008130	1008959	21	0.76	0.81	-0.05	non-DMR
chr1	1009035	1010020	26	0.117	0.068	0.049	non-DMR
chr1	1010099	1010881	18	0.797	0.846	-0.05	non-DMR
chr1	1010971	1011843	24	0.483	0.669	-0.186	good-DMR
chr1	1012347	1013224	20	0.641	0.804	-0.162	good-DMR
chr1	1013700	1014602	25	0.606	0.724	-0.118	good-DMR
chr1	1015013	1015938	23	0.691	0.792	-0.101	sub-DMR
chr1	1016441	1017337	23	0.758	0.798	-0.04	non-DMR
chr1	1017368	1018126	17	0.192	0.016	0.176	good-DMR
chr1	1018626	1019764	26	0.718	0.757	-0.038	non-DMR
chr1	1019868	1020585	16	0.831	0.875	-0.044	non-DMR
chr1	1020641	1021515	23	0.524	0.707	-0.183	good-DMR
chr1	1021943	1022827	19	0.132	0.087	0.045	non-DMR
chr1	1022937	1023863	22	0.107	0.058	0.048	non-DMR
chr1	1023970	1024790	18	0.77	0.888	-0.118	good-DMR
chr1	1025274	1026295	25	0.781	0.819	-0.039	non-DMR
chr1	1026387	1027517	27	0.687	0.845	-0.158	good-DMR
chr1	1027736	1028674	26	0.851	0.886	-0.035	non-DMR
chr1	1028730	1029625	21	0.849	0.891	-0.042	non-DMR
chr1	1029703	1030646	21	0.09	0.058	0.033	non-DMR
chr1	1030692	1031593	21	0.301	0.108	0.192	good-DMR
chr1	1032076	1033103	23	0.822	0.865	-0.043	non-DMR
chr1	1033229	1034141	21	0.601	0.638	-0.037	non-DMR
chr1	1034228	1035270	26	0.62	0.724	-0.104	sub-DMR
chr1	1035771	1036723	22	0.556	0.717	-0.161	good-DMR
chr1	1037220	1038268	24	0.765	0.796	-0.031	non-DMR
chr1	1038396	1039305	22	0.625	0.66	-0.035	non-DMR
chr1	1039335	1040324	21	0.792	0.895	-0.103	good-DMR
chr1	1040842	1041824	23	0.638	0.679	-0.041	non-DMR
chr1	1041954	1042897	23	0.604	0.567	0.037	non-DMR
chr1	1042976	1043967	25	0.571	0.718	-0.147	good-DMR
chr1	1044433	1045409	23	0.614	0.647	-0.033	non-DMR
chr1	1045507	1046636	25	0.184	0.042	0.142	good-DMR
chr1	1047098	1048158	26	0.282	0.178	0.103	sub-DMR
chr1	1048687	1049777	21	0.824	0.864	-0.04	non-DMR
chr1	1049847	1050654	21	0.737	0.779	-0.042	non-DMR
chr1	1050704	1051805	25	0.721	0.765	-0.044	non-DMR
chr1	1051949	1053039	26	0.134	0.102	0.031	non-DMR
chr1	1053122	1053972	24	0.633	0.671	-0.038	non-DMR
chr1	1054056	1054921	19	0.738	0.778	-0.041	non-DMR
chr1	1055021	1055872	20	0.264	0.106	0.157	good-DMR
chr1	1056369	1057386	24	0.797	0.842	-0.045	non-DMR
chr1	1057517	1058491	23	0.706	0.746	-0.04	non-DMR
chr1	1058519	1059584	25	0.575	0.718	-0.143	good-DMR
chr1	1060063	1061026	24	0.622	0.796	-0.174	good-DMR
chr1	1061531	1062728	24	0.802	0.849	-0.047	non-DMR
chr1	1062856	1063775	23	0.188	0.146	0.043	non-DMR
chr1	1064978	1065799	20	0.36	0.195	0.165	notable-DMR
chr1	1065946	1066757	23	0.819	0.857	-0.038	non-DMR
chr1	1066841	1067866	28	0.68	0.718	-0.038	non-DMR
chr1	1067969	1068916	23	0.834	0.87	-0.035	non-DMR
chr1	1068950	1069629	16	0.208	0.1	0.108	good-DMR
chr1	1070113	1071024	22	0.601	0.705	-0.103	sub-DMR
chr1	1071510	1072650	27	0.171	0.132	0.039	non-DMR
chr1	1072773	1073616	18	0.075	0.032	0.043	non-DMR
chr1	1073678	1074517	21	0.185	0.146	0.04	non-DMR
chr1	1074538	1075602	22	0.563	0.596	-0.033	non-DMR
chr1	1075716	1076763	25	0.699	0.736	-0.037	non-DMR
chr1	1076799	1077503	18	0.583	0.686	-0.103	good-DMR
chr1	1077933	1078956	24	0.815	0.919	-0.104	sub-DMR
chr1	1079493	1080593	24	0.797	0.836	-0.038	non-DMR
chr1	1080677	1081538	21	0.679	0.794	-0.114	good-DMR
chr1	1081997	1082960	22	0.228	0.125	0.102	sub-DMR
chr1	1083402	1084311	20	0.559	0.701	-0.142	good-DMR
chr1	1084701	1085620	22	0.825	0.859	-0.034	non-DMR
chr1	1085726	1086671	26	0.16	0.117	0.043	non-DMR
chr1	1086760	1087851	27	0.527	0.65	-0.123	good-DMR
chr1	1088360	1089328	23	0.143	0.1	0.043	non-DMR
chr1	1089397	1090519	28	0.806	0.907	-0.101	sub-DMR
chr1	1090939	1091804	22	0.612	0.583	0.029	inconsistent-DMR
chr1	1091963	1092904	25	0.634	0.735	-0.101	good-DMR
chr1	1093363	1094236	22	0.911	0.942	-0.031	non-DMR
chr1	1094258	1095137	22	0.667	0.519	0.148	good-DMR
chr1	1095617	1096638	24	0.329	0.132	0.197	good-DMR
chr1	1097058	1098110	25	0.845	0.88	-0.035	non-DMR
chr1	1098167	1099279	27	0.744	0.79	-0.046	non-DMR
chr1	1099394	1100403	21	0.214	0.174	0.04	non-DMR
chr1	1100455	1101499	23	0.854	0.891	-0.037	non-DMR
chr1	1101639	1102632	24	0.8	0.842	-0.042	non-DMR
chr1	1102736	1103817	26	0.725	0.766	-0.04	non-DMR
chr1	1103861	1104812	24	0.285	0.068	0.217	good-DMR
chr1	1105314	1106486	26	0.628	0.771	-0.142	good-DMR
chr1	1106944	1107803	18	0.143	0.104	0.04	non-DMR
chr1	1107923	1108968	27	0.765	0.798	-0.033	non-DMR
chr1	1109042	1109923	23	0.409	0.189	0.22	good-DMR
chr1	1110434	1111324	21	0.743	0.779	-0.036	non-DMR
chr1	1112460	1113507	25	0.658	0.696	-0.038	non-DMR
chr1	1113598	1114641	25	0.758	0.802	-0.044	non-DMR
chr1	1114746	1115521	16	0.6	0.792	-0.192	good-DMR
chr1	1117125	1118177	25	0.795	0.833	-0.038	non-DMR
chr1	1118250	1119195	24	0.701	0.84	-0.139	good-DMR
chr1	1119691	1120696	24	0.466	0.291	0.175	good-DMR
chr1	1121128	1122142	25	0.157	0.122	0.035	non-DMR
chr1	1122268	1123177	22	0.347	0.301	0.046	non-DMR
chr1	1123220	1124191	24	0.599	0.805	-0.206	good-DMR
chr1	1124659	1125565	24	0.338	0.164	0.174	good-DMR
chr1	1125913	1126950	26	0.682	0.724	-0.042	non-DMR
chr1	1127064	1128082	23	0.733	0.771	-0.038	non-DMR
chr1	1128130	1129143	25	0.453	0.726	-0.273	good-DMR
chr1	1129621	1130767	28	0.798	0.844	-0.046	non-DMR
chr1	1130855	1131785	23	0.804	0.851	-0.047	non-DMR
chr1	1131861	1132838	21	0.654	0.69	-0.036	non-DMR
chr1	1132944	1133755	22	0.122	0.077	0.045	non-DMR
chr1	1133798	1134708	22	0.758	0.799	-0.041	non-DMR
chr1	1134731	1135865	28	0.495	0.69	-0.194	good-DMR
chr1	1136371	1137373	24	0.474	0.216	0.257	good-DMR
chr1	1137811	1138479	18	0.808	0.842	-0.034	non-DMR
chr1	1138544	1139524	24	0.574	0.777	-0.203	good-DMR
chr1	1139928	1140801	24	0.681	0.718	-0.037	non-DMR
chr1	1140819	1141765	20	0.647	0.871	-0.224	good-DMR
chr1	1142206	1143018	20	0.821	0.867	-0.047	non-DMR
chr1	1143071	1144206	30	0.701	0.736	-0.035	non-DMR
chr1	1144276	1145290	25	0.71	0.747	-0.037	non-DMR
chr1	1145399	1146299	20	0.855	0.898	-0.043	non-DMR
chr1	1146333	1147307	22	0.882	0.859	0.024	inconsistent-DMR
chr1	1147360	1148257	21	0.457	0.209	0.248	good-DMR
chr1	1148686	1149671	24	0.723	0.764	-0.041	non-DMR
chr1	1149754	1150832	24	0.781	0.827	-0.046	non-DMR
chr1	1150906	1151745	19	0.73	0.771	-0.042	non-DMR
chr1	1151778	1152827	22	0.563	0.683	-0.121	good-DMR
chr1	1153359	1154262	20	0.171	0.14	0.031	non-DMR
chr1	1154346	1155483	27	0.829	0.879	-0.051	non-DMR
chr1	1155600	1156617	23	0.832	0.877	-0.045	non-DMR
chr1	1156718	1157716	27	0.13	0.086	0.044	non-DMR
chr1	1157731	1158643	21	0.715	0.917	-0.203	good-DMR
chr1	1159134	1160156	27	0.676	0.777	-0.101	sub-DMR
chr1	1160396	1161514	24	0.813	0.864	-0.051	non-DMR
chr1	1161635	1162675	24	0.722	0.761	-0.04	non-DMR
chr1	1162701	1163695	25	0.611	0.748	-0.137	good-DMR
chr1	1164185	1165230	25	0.779	0.813	-0.034	non-DMR
chr1	1166431	1167460	25	0.613	0.759	-0.146	good-DMR
chr1	1167898	1168952	22	0.789	0.833	-0.044	non-DMR
chr1	1168971	1170006	24	0.533	0.677	-0.144	good-DMR
chr1	1170461	1171282	21	0.284	0.177	0.107	sub-DMR
chr1	1171757	1172725	23	0.744	0.786	-0.042	non-DMR
chr1	1172791	1173554	17	0.833	0.865	-0.031	non-DMR
chr1	1173644	1174747	25	0.452	0.63	-0.177	good-DMR
chr1	1175213	1176266	27	0.609	0.713	-0.104	sub-DMR
chr1	1176679	1177643	24	0.633	0.673	-0.041	non-DMR
chr1	1177731	1178730	24	0.66	0.688	-0.029	non-DMR
chr1	1178811	1179824	24	0.906	0.954	-0.047	non-DMR
chr1	1179905	1180866	25	0.886	0.925	-0.039	non-DMR
chr1	1180931	1181878	24	0.65	0.544	0.107	good-DMR
chr1	1182333	1183415	25	0.844	0.874	-0.03	non-DMR
chr1	1183525	1184451	21	0.862	0.904	-0.042	non-DMR
chr1	1184547	1185463	24	0.41	0.626	-0.216	notable-DMR
chr1	1185583	1186547	24	0.765	0.809	-0.043	non-DMR
chr1	1186619	1187601	23	0.759	0.803	-0.044	non-DMR
chr1	1187643	1188807	28	0.532	0.761	-0.229	good-DMR
chr1	1189303	1190170	21	0.752	0.854	-0.102	sub-DMR
chr1	1190678	1191730	25	0.687	0.805	-0.118	good-DMR
chr1	1192208	1193045	19	0.604	0.765	-0.161	good-DMR
chr1	1193431	1194241	18	0.156	0.114	0.043	non-DMR
chr1	1194344	1195327	23	0.668	0.773	-0.105	good-DMR
chr1	1195834	1196886	27	0.729	0.761	-0.031	non-DMR
chr1	1196986	1198075	29	0.836	0.838	-0.002	inconsistent-DMR
chr1	1198239	1199291	24	0.853	0.889	-0.036	non-DMR
chr1	1199328	1200210	19	0.619	0.652	-0.032	non-DMR
chr1	1200288	1201236	23	0.762	0.803	-0.041	non-DMR
chr1	1201360	1202301	22	0.86	0.906	-0.046	non-DMR
chr1	1202385	1203214	21	0.625	0.752	-0.127	good-DMR
chr1	1203622	1204465	21	0.568	0.783	-0.214	good-DMR
chr1	1204995	1206032	26	0.302	0.26	0.042	non-DMR
chr1	1206132	1207106	25	0.181	0.137	0.043	non-DMR
chr1	1207203	1208200	25	0.25	0.123	0.127	good-DMR
chr1	1208589	1209340	21	0.618	0.795	-0.177	good-DMR
chr1	1210762	1211759	25	0.301	0.171	0.13	good-DMR
chr1	1212235	1213134	21	0.835	0.869	-0.034	non-DMR
chr1	1213197	1214257	25	0.577	0.789	-0.211	good-DMR
chr1	1214763	1215773	22	0.592	0.546	0.047	non-DMR
chr1	1215891	1216873	23	0.123	0.079	0.044	non-DMR
chr1	1216960	1218071	27	0.702	0.856	-0.154	good-DMR
chr1	1218544	1219327	17	0.541	0.642	-0.101	sub-DMR
chr1	1219835	1220861	26	0.681	0.721	-0.04	non-DMR
chr1	1220957	1221936	21	0.791	0.834	-0.043	non-DMR
chr1	1222027	1223001	23	0.37	0.177	0.193	good-DMR
chr1	1223413	1224494	25	0.536	0.734	-0.198	good-DMR
chr1	1224997	1225985	25	0.725	0.863	-0.138	good-DMR
chr1	1226465	1227664	24	0.753	0.786	-0.033	non-DMR
chr1	1227751	1228634	21	0.862	0.907	-0.045	non-DMR
chr1	1228728	1229676	21	0.805	0.845	-0.041	non-DMR
chr1	1229710	1230717	26	0.74	0.849	-0.109	good-DMR
chr1	1231182	1232132	22	0.658	0.774	-0.117	good-DMR
chr1	1232658	1233542	21	0.746	0.799	-0.053	non-DMR
chr1	1233685	1234524	21	0.62	0.662	-0.043	non-DMR
chr1	1234578	1235446	18	0.194	0.074	0.119	good-DMR
chr1	1235896	1236716	21	0.695	0.741	-0.046	non-DMR
chr1	1236785	1237611	18	0.348	0.333	0.015	inconsistent-DMR
chr1	1237746	1238492	19	0.456	0.45	0.006	inconsistent-DMR
chr1	1238678	1239493	22	0.761	0.805	-0.043	non-DMR
chr1	1239577	1240565	23	0.65	0.808	-0.158	good-DMR
chr1	1241032	1241982	21	0.232	0.125	0.106	sub-DMR
chr1	1242234	1243285	24	0.558	0.732	-0.174	good-DMR
chr1	1243743	1244499	19	0.875	0.91	-0.035	non-DMR
chr1	1244587	1245698	26	0.616	0.766	-0.15	good-DMR
chr1	1246210	1247079	21	0.757	0.797	-0.041	non-DMR
chr1	1247177	1248031	21	0.791	0.831	-0.04	non-DMR
chr1	1248069	1248909	19	0.743	0.786	-0.043	non-DMR
chr1	1248981	1249768	17	0.739	0.843	-0.104	sub-DMR
chr1	1250282	1251129	20	0.847	0.835	0.012	inconsistent-DMR
chr1	1251301	1251999	17	0.644	0.841	-0.197	good-DMR
chr1	1252376	1253394	25	0.639	0.753	-0.114	good-DMR
chr1	1253754	1254844	27	0.653	0.756	-0.103	sub-DMR
chr1	1255261	1256298	25	0.222	0.116	0.106	sub-DMR
chr1	1256699	1257889	29	0.527	0.747	-0.22	good-DMR
chr1	1258393	1259373	24	0.467	0.643	-0.176	good-DMR
chr1	1259755	1260683	20	0.759	0.875	-0.117	good-DMR
chr1	1261142	1262035	21	0.509	0.692	-0.183	good-DMR
chr1	1262515	1263378	22	0.713	0.816	-0.103	sub-DMR
chr1	1263805	1264871	23	0.115	0.077	0.038	non-DMR
chr1	1264994	1265998	21	0.717	0.755	-0.038	non-DMR
chr1	1266049	1266906	23	0.797	0.903	-0.107	notable-DMR
chr1	1267020	1268146	29	0.134	0.09	0.044	non-DMR
chr1	1268173	1269049	18	0.764	0.8	-0.036	non-DMR
chr1	1269165	1270081	20	0.297	0.258	0.039	non-DMR
chr1	1270108	1271233	26	0.812	0.859	-0.047	non-DMR
chr1	1271325	1272220	22	0.655	0.7	-0.046	non-DMR
chr1	1272323	1273159	18	0.778	0.825	-0.046	non-DMR
chr1	1273225	1274258	23	0.188	0.146	0.042	non-DMR
chr1	1274353	1275201	22	0.687	0.723	-0.036	non-DMR
chr1	1275292	1276181	23	0.607	0.65	-0.043	non-DMR
chr1	1276298	1277233	20	0.765	0.809	-0.043	non-DMR
chr1	1277308	1278269	22	0.731	0.773	-0.042	non-DMR
chr1	1278391	1279264	22	0.642	0.61	0.032	non-DMR
chr1	1279363	1280345	24	0.227	0.19	0.037	non-DMR
chr1	1280455	1281342	23	0.827	0.87	-0.043	non-DMR
chr1	1281393	1282464	24	0.775	0.82	-0.046	non-DMR
chr1	1282498	1283164	18	0.846	0.877	-0.03	non-DMR
chr1	1285303	1286187	22	0.179	0.141	0.038	non-DMR
chr1	1286229	1286985	20	0.825	0.867	-0.042	non-DMR
chr1	1287030	1288016	23	0.799	0.842	-0.043	non-DMR
chr1	1288067	1289020	25	0.686	0.73	-0.044	non-DMR
chr1	1289131	1289958	23	0.699	0.74	-0.041	non-DMR
chr1	1290002	1291037	22	0.608	0.647	-0.039	non-DMR
chr1	1291153	1292326	29	0.748	0.792	-0.044	non-DMR
chr1	1292375	1293450	24	0.124	0.084	0.04	non-DMR
chr1	1293518	1294402	21	0.813	0.857	-0.044	non-DMR
chr1	1294452	1295364	22	0.727	0.77	-0.042	non-DMR
chr1	1295477	1296326	21	0.818	0.865	-0.047	non-DMR
chr1	1296409	1297388	25	0.711	0.754	-0.043	non-DMR
chr1	1297500	1298388	21	0.678	0.871	-0.192	notable-DMR
