chr	start	end	coverage	methylation_level
chr1	100047	100048	6	0.3605
chr1	100074	100075	3	0.1174
chr1	100089	100090	4	0.23
chr1	100109	100110	5	0.0333
chr1	100159	100160	6	0.069
chr1	100209	100210	5	0.1208
chr1	100224	100225	4	0.185
chr1	100268	100269	6	0.1501
chr1	100318	100319	5	0.2605
chr1	100333	100334	3	0.1936
chr1	100359	100360	4	0.3567
chr1	100374	100375	3	0.1233
chr1	100393	100394	6	0.2806
chr1	100422	100423	4	0.2227
chr1	100443	100444	5	0.101
chr1	100471	100472	3	0.196
chr1	100498	100499	4	0.1252
chr1	100522	100523	4	0.2838
chr1	100540	100541	6	0.2645
chr1	100637	100638	3	0.2955
chr1	100737	100738	4	0.0796
chr1	100813	100814	5	0.1633
chr1	100913	100914	4	0.144
chr1	101013	101014	5	0.2471
chr1	101041	101042	3	0.0
chr1	101078	101079	5	0.2282
chr1	101128	101129	4	0.742
chr1	101178	101179	4	0.83
chr1	101228	101229	5	0.7579
chr1	101251	101252	6	0.5356
chr1	101266	101267	5	0.337
chr1	101287	101288	5	0.037
chr1	101334	101335	4	0.848
chr1	101382	101383	3	0.0863
chr1	101407	101408	4	0.2632
chr1	101425	101426	5	0.2699
chr1	101449	101450	3	0.0
chr1	101464	101465	4	0.2049
chr1	101465	101466	6	0.1825
chr1	101515	101516	4	0.6713
chr1	101615	101616	5	0.3894
chr1	101712	101713	5	0.5444
chr1	101792	101793	4	0.0964
chr1	101882	101883	4	0.1963
chr1	101890	101891	5	0.46
chr1	101910	101911	6	0.7985
chr1	101959	101960	6	0.7494
chr1	101991	101992	5	0.7666
chr1	102023	102024	6	0.8314
chr1	102073	102074	3	0.6649
chr1	102088	102089	5	0.7954
chr1	102138	102139	3	0.6808
chr1	102185	102186	5	0.7548
chr1	102206	102207	5	0.7732
chr1	102256	102257	4	0.817
chr1	102306	102307	4	0.8699
chr1	102321	102322	4	0.6635
chr1	102343	102344	1	0.8606
chr1	102367	102368	5	0.7542
chr1	102375	102376	4	0.9017
chr1	102463	102464	6	0.8136
chr1	102563	102564	4	0.7567
chr1	102663	102664	5	0.76
chr1	102763	102764	6	0.7618
chr1	102811	102812	6	0.7765
chr1	102849	102850	5	0.8263
chr1	102859	102860	5	0.5877
chr1	102897	102898	5	0.4844
chr1	102928	102929	6	0.4561
chr1	102949	102950	5	0.4121
chr1	102999	103000	3	0.4865
chr1	103014	103015	5	0.4605
chr1	103064	103065	5	0.5744
chr1	103094	103095	5	0.4588
chr1	103132	103133	5	0.5542
chr1	103165	103166	4	0.5878
chr1	103180	103181	6	0.5266
chr1	103203	103204	4	0.5819
chr1	103226	103227	6	0.505
chr1	103250	103251	5	0.5594
chr1	103272	103273	5	0.6242
chr1	103294	103295	4	0.5995
chr1	103344	103345	4	0.6261
chr1	103346	103347	6	0.5248
chr1	103441	103442	5	0.3828
chr1	103541	103542	5	0.4053
chr1	103641	103642	5	0.5404
chr1	103741	103742	5	0.4818
chr1	103743	103744	4	0.9337
chr1	103783	103784	5	0.9287
chr1	103837	103838	4	0.8519
chr1	103857	103858	4	0.904
chr1	103879	103880	5	0.7134
chr1	103937	103938	6	0.8015
chr1	103951	103952	5	0.81
chr1	104027	104028	4	0.8841
chr1	104209	104210	4	0.8008
chr1	104250	104251	6	0.8909
chr1	104276	104277	4	0.8664
chr1	104313	104314	5	0.8429
chr1	104333	104334	3	0.8488
chr1	104355	104356	5	0.6944
chr1	104386	104387	5	0.7649
chr1	104427	104428	2	0.6942
chr1	104442	104443	3	0.849
chr1	104484	104485	3	0.8426
chr1	104511	104512	4	0.7151
chr1	104557	104558	4	0.7565
chr1	104574	104575	4	0.8839
chr1	104589	104590	3	0.9396
chr1	104639	104640	4	0.7306
chr1	104666	104667	7	0.6683
chr1	104698	104699	6	0.764
chr1	104721	104722	4	0.8359
chr1	104771	104772	5	0.9482
chr1	104789	104790	4	0.7115
chr1	104839	104840	6	0.6963
chr1	104852	104853	4	0.5616
chr1	104952	104953	5	0.8325
chr1	105002	105003	5	0.8562
chr1	105102	105103	5	0.7247
chr1	105202	105203	3	0.7672
chr1	105258	105259	7	0.8618
chr1	105340	105341	4	0.8241
chr1	105440	105441	4	0.8313
chr1	105478	105479	5	0.981
chr1	105494	105495	5	0.8244
chr1	105541	105542	4	0.7605
chr1	105568	105569	4	0.076
chr1	105596	105597	5	0.497
chr1	105624	105625	4	0.954
chr1	105665	105666	4	0.3315
chr1	105708	105709	6	0.3528
chr1	105736	105737	5	0.4102
chr1	105786	105787	4	0.4476
chr1	105801	105802	4	0.0
chr1	105844	105845	5	0.3794
chr1	105881	105882	4	0.4367
chr1	105931	105932	5	0.0
chr1	105955	105956	4	0.2428
chr1	106005	106006	5	0.0
chr1	106011	106012	5	0.8434
chr1	106090	106091	5	0.5955
chr1	106190	106191	3	0.0561
chr1	106262	106263	5	0.0
chr1	106362	106363	5	0.2489
chr1	106427	106428	6	0.1617
chr1	106465	106466	4	0.6347
chr1	106486	106487	4	0.768
chr1	106509	106510	5	0.7002
chr1	106538	106539	4	0.801
chr1	106564	106565	4	0.544
chr1	106587	106588	4	0.6301
chr1	106605	106606	5	0.8969
chr1	106655	106656	5	0.6335
chr1	106696	106697	6	0.7349
chr1	106728	106729	5	0.7901
chr1	106756	106757	4	0.5248
chr1	106802	106803	4	0.766
chr1	106848	106849	4	0.8099
chr1	106880	106881	6	0.7863
chr1	106926	106927	6	0.7548
chr1	106949	106950	5	0.5996
chr1	107026	107027	4	0.9751
chr1	107076	107077	4	0.8509
chr1	107176	107177	3	0.8208
chr1	107276	107277	4	0.7277
chr1	107376	107377	4	0.8146
chr1	107388	107389	3	0.7059
chr1	107456	107457	6	0.6775
chr1	107464	107465	4	0.4922
chr1	107494	107495	4	0.5218
chr1	107537	107538	3	0.5399
chr1	107570	107571	4	0.5744
chr1	107601	107602	5	0.6249
chr1	107616	107617	5	0.3942
chr1	107647	107648	5	0.6103
chr1	107662	107663	4	0.5984
chr1	107682	107683	5	0.4422
chr1	107713	107714	5	0.5541
chr1	107757	107758	6	0.6284
chr1	107778	107779	5	0.5627
chr1	107796	107797	7	0.6916
chr1	107811	107812	2	0.6366
chr1	107845	107846	5	0.5422
chr1	107868	107869	1	0.3436
chr1	107890	107891	3	0.5788
chr1	107907	107908	5	0.7118
chr1	107944	107945	4	0.5853
chr1	107979	107980	6	0.5207
chr1	108035	108036	4	0.5278
chr1	108135	108136	6	0.4394
chr1	108235	108236	5	0.4764
chr1	108335	108336	6	0.6653
chr1	108435	108436	6	0.4443
chr1	108543	108544	4	0.1692
chr1	108547	108548	5	0.2441
chr1	108593	108594	5	0.3607
chr1	108677	108678	4	0.0881
chr1	108801	108802	6	0.2205
chr1	108861	108862	4	0.1648
chr1	108900	108901	5	0.8762
chr1	108935	108936	4	0.9306
chr1	108973	108974	4	0.835
chr1	109008	109009	3	0.9188
chr1	109036	109037	6	0.8804
chr1	109064	109065	6	0.6387
chr1	109089	109090	5	0.6749
chr1	109123	109124	5	0.7675
chr1	109173	109174	4	0.9075
chr1	109207	109208	4	0.8855
chr1	109253	109254	4	0.8149
chr1	109290	109291	3	0.7579
chr1	109305	109306	4	0.7712
chr1	109322	109323	5	0.7579
chr1	109372	109373	4	0.7705
chr1	109409	109410	3	0.8034
chr1	109467	109468	4	0.7831
chr1	109518	109519	6	0.8886
chr1	109608	109609	5	0.7635
chr1	109708	109709	6	0.8263
chr1	109765	109766	6	0.7439
chr1	109865	109866	4	0.8559
chr1	109905	109906	4	0.8549
chr1	109949	109950	5	0.8349
chr1	109954	109955	6	0.7493
chr1	110004	110005	4	0.6537
chr1	110027	110028	5	0.5877
chr1	110056	110057	5	0.5625
chr1	110100	110101	5	0.6007
chr1	110144	110145	4	0.8087
chr1	110175	110176	4	0.7587
chr1	110207	110208	4	0.7954
chr1	110224	110225	4	0.6199
chr1	110274	110275	5	0.5876
chr1	110309	110310	4	0.612
chr1	110340	110341	4	0.4959
chr1	110373	110374	4	0.6072
chr1	110403	110404	4	0.5677
chr1	110448	110449	5	0.5114
chr1	110548	110549	4	0.5113
chr1	110634	110635	3	0.5002
chr1	110734	110735	5	0.5832
chr1	110834	110835	5	0.7087
chr1	110934	110935	5	0.7262
chr1	111040	111041	5	0.7614
chr1	111084	111085	6	0.9233
chr1	111166	111167	4	0.6557
chr1	111170	111171	6	0.7012
chr1	111184	111185	4	0.7721
chr1	111332	111333	6	0.677
chr1	111336	111337	5	0.7403
chr1	111408	111409	5	0.6553
chr1	111420	111421	5	0.7445
chr1	111458	111459	5	0.7867
chr1	111489	111490	4	0.6531
chr1	111529	111530	5	0.5858
chr1	111556	111557	4	0.7458
chr1	111579	111580	4	0.5542
chr1	111605	111606	4	0.5805
chr1	111633	111634	5	0.6236
chr1	111683	111684	4	0.5378
chr1	111702	111703	5	0.6207
chr1	111728	111729	5	0.5699
chr1	111770	111771	3	0.5358
chr1	111810	111811	6	0.6601
chr1	111853	111854	3	0.6797
chr1	111902	111903	3	0.7257
chr1	111928	111929	4	0.6239
chr1	111948	111949	5	0.5939
chr1	111998	111999	5	0.5448
chr1	112098	112099	6	0.5516
chr1	112148	112149	4	0.532
chr1	112204	112205	6	0.7098
chr1	112272	112273	3	0.6942
chr1	112372	112373	4	0.6802
chr1	112462	112463	5	0.5406
chr1	112510	112511	5	0.6967
chr1	112536	112537	5	0.5598
chr1	112562	112563	4	0.6631
chr1	112612	112613	3	0.5705
chr1	112630	112631	5	0.5853
chr1	112672	112673	4	0.6855
chr1	112707	112708	5	0.6525
chr1	112734	112735	4	0.8457
chr1	112751	112752	5	0.7345
chr1	112801	112802	4	0.6159
chr1	112833	112834	2	0.7304
chr1	112848	112849	4	0.7072
chr1	112896	112897	5	0.4903
chr1	112937	112938	6	0.5534
chr1	112952	112953	4	0.6939
chr1	112971	112972	4	0.5786
chr1	112989	112990	5	0.6422
chr1	113021	113022	5	0.4648
chr1	113045	113046	5	0.722
chr1	113057	113058	5	0.7391
chr1	113128	113129	5	0.5286
chr1	113228	113229	6	0.6566
chr1	113283	113284	6	0.74
chr1	113358	113359	5	0.4322
chr1	113429	113430	4	0.7815
chr1	113499	113500	4	0.5455
chr1	113583	113584	5	0.5799
chr1	113679	113680	4	0.7706
chr1	113716	113717	4	0.7252
chr1	113731	113732	4	0.6698
chr1	113759	113760	5	0.6614
chr1	113774	113775	4	0.6148
chr1	113800	113801	5	0.8124
chr1	113833	113834	4	0.7481
chr1	113883	113884	4	0.7358
chr1	113901	113902	4	0.6572
chr1	113920	113921	5	0.6321
chr1	113936	113937	5	0.8803
chr1	113970	113971	4	0.8387
chr1	114010	114011	5	0.792
chr1	114060	114061	4	0.6771
chr1	114098	114099	4	0.6488
chr1	114113	114114	6	0.7496
chr1	114129	114130	5	0.6479
chr1	114179	114180	3	0.8618
chr1	114200	114201	5	0.6717
chr1	114225	114226	5	0.7802
chr1	114325	114326	4	0.7127
chr1	114425	114426	3	0.6415
chr1	114504	114505	5	0.7782
chr1	114604	114605	5	0.7098
chr1	114684	114685	4	0.7205
chr1	114740	114741	6	0.6536
chr1	114750	114751	6	0.7972
chr1	114767	114768	3	0.8396
chr1	114796	114797	5	0.7099
chr1	114825	114826	3	0.8669
chr1	114855	114856	4	0.7117
chr1	114881	114882	5	0.7539
chr1	114919	114920	6	0.5352
chr1	114959	114960	4	0.6631
chr1	114977	114978	5	0.6879
chr1	114999	115000	6	0.6652
chr1	115026	115027	5	0.6911
chr1	115041	115042	6	0.8291
chr1	115069	115070	3	0.6986
chr1	115092	115093	6	0.7681
chr1	115109	115110	4	0.8241
chr1	115133	115134	6	0.598
chr1	115162	115163	4	0.5062
chr1	115187	115188	5	0.6671
chr1	115218	115219	3	0.7676
chr1	115244	115245	6	0.7592
chr1	115321	115322	5	0.6474
chr1	115421	115422	4	0.8285
chr1	115495	115496	5	0.9092
chr1	115595	115596	3	0.6741
chr1	115645	115646	4	0.7811
chr1	115719	115720	3	0.6404
chr1	115759	115760	4	0.8557
chr1	115764	115765	5	0.6239
chr1	115779	115780	5	0.6816
chr1	115829	115830	5	0.5773
chr1	115848	115849	4	0.5668
chr1	115898	115899	4	0.7599
chr1	115942	115943	3	0.5315
chr1	115982	115983	3	0.6098
chr1	116032	116033	5	0.6134
chr1	116061	116062	4	0.7093
chr1	116094	116095	5	0.6363
chr1	116123	116124	4	0.6286
chr1	116169	116170	5	0.7651
chr1	116207	116208	5	0.678
chr1	116257	116258	4	0.6405
chr1	116307	116308	6	0.6046
chr1	116357	116358	3	0.537
chr1	116364	116365	4	0.7775
chr1	116464	116465	5	0.6413
chr1	116564	116565	4	0.8116
chr1	116664	116665	5	0.7102
chr1	116764	116765	6	0.7024
chr1	116864	116865	4	0.6194
chr1	116964	116965	4	0.5386
chr1	117042	117043	4	1.0
chr1	117060	117061	6	0.8623
chr1	117142	117143	4	0.855
chr1	117260	117261	3	0.72
chr1	117306	117307	5	0.7845
chr1	117320	117321	4	0.8192
chr1	117328	117329	5	0.8756
chr1	117338	117339	5	0.9157
chr1	117348	117349	3	0.7946
chr1	117359	117360	4	0.7177
chr1	117403	117404	3	0.7238
chr1	117431	117432	4	0.9284
chr1	117481	117482	5	0.6234
chr1	117508	117509	3	0.7184
chr1	117526	117527	4	0.6685
chr1	117569	117570	5	0.9696
chr1	117592	117593	7	0.7042
chr1	117630	117631	4	0.8258
chr1	117680	117681	5	0.7554
chr1	117715	117716	4	0.8936
chr1	117763	117764	2	0.7715
chr1	117787	117788	4	0.7719
chr1	117844	117845	3	0.7153
chr1	117944	117945	4	0.8076
chr1	118044	118045	4	0.8504
chr1	118135	118136	5	0.7834
chr1	118185	118186	4	0.9579
chr1	118211	118212	5	0.9182
chr1	118277	118278	4	0.7821
chr1	118321	118322	4	0.1662
chr1	118346	118347	6	0.1492
chr1	118393	118394	4	0.1536
chr1	118408	118409	4	0.1796
chr1	118442	118443	5	0.0
chr1	118489	118490	5	0.0987
chr1	118517	118518	4	0.0584
chr1	118543	118544	5	0.002
chr1	118571	118572	5	0.3248
chr1	118594	118595	4	0.171
chr1	118617	118618	5	0.0036
chr1	118667	118668	6	0.1799
chr1	118714	118715	5	0.1027
chr1	118764	118765	3	0.1509
chr1	118814	118815	5	0.0255
chr1	118836	118837	6	0.0883
chr1	118840	118841	5	0.0186
chr1	118899	118900	4	0.1386
chr1	118996	118997	6	0.1657
chr1	119061	119062	5	0.1125
chr1	119156	119157	4	0.1462
chr1	119231	119232	4	0.0
chr1	119331	119332	5	0.1242
chr1	119351	119352	3	0.0745
chr1	119367	119368	2	0.1183
chr1	119417	119418	6	0.2334
chr1	119467	119468	5	0.1753
chr1	119517	119518	6	0.1408
chr1	119555	119556	4	0.1919
chr1	119604	119605	5	0.1348
chr1	119642	119643	5	0.1929
chr1	119657	119658	6	0.1867
chr1	119672	119673	4	0.2311
chr1	119687	119688	6	0.1792
chr1	119711	119712	4	0.1181
chr1	119731	119732	5	0.2166
chr1	119761	119762	4	0.2167
chr1	119797	119798	6	0.1442
chr1	119830	119831	6	0.1234
chr1	119869	119870	4	0.1918
chr1	119969	119970	3	0.247
chr1	120069	120070	5	0.1744
chr1	120169	120170	4	0.2293
chr1	120269	120270	4	0.1796
chr1	120369	120370	7	0.3531
chr1	120441	120442	4	0.2145
chr1	120465	120466	2	0.0
chr1	120491	120492	6	0.7328
chr1	120514	120515	4	0.7108
chr1	120564	120565	4	0.8379
chr1	120593	120594	4	0.766
chr1	120643	120644	5	0.8342
chr1	120685	120686	5	0.8803
chr1	120720	120721	6	0.862
chr1	120736	120737	4	0.7692
chr1	120786	120787	4	0.6328
chr1	120811	120812	4	0.7827
chr1	120833	120834	6	0.5801
chr1	120859	120860	6	0.6627
chr1	120893	120894	5	0.8361
chr1	120901	120902	2	0.7538
chr1	121001	121002	5	0.8681
chr1	121101	121102	6	0.7881
chr1	121162	121163	3	0.6714
chr1	121262	121263	6	0.8214
chr1	121288	121289	4	0.8904
chr1	121323	121324	4	0.5738
chr1	121342	121343	5	0.6217
chr1	121367	121368	3	0.4788
chr1	121393	121394	4	0.7534
chr1	121442	121443	3	0.6722
chr1	121473	121474	8	0.7405
chr1	121499	121500	4	0.734
chr1	121549	121550	4	0.669
chr1	121599	121600	4	0.6064
chr1	121649	121650	4	0.6585
chr1	121675	121676	4	0.7068
chr1	121691	121692	7	0.7603
chr1	121716	121717	5	0.5463
chr1	121737	121738	3	0.7393
chr1	121752	121753	6	0.7406
chr1	121782	121783	4	0.5879
chr1	121801	121802	6	0.6836
chr1	121825	121826	4	0.5765
chr1	121842	121843	5	0.6979
chr1	121872	121873	5	0.8499
chr1	121917	121918	4	0.8304
chr1	121996	121997	6	0.7525
chr1	122096	122097	5	0.7551
chr1	122196	122197	4	0.6601
chr1	122247	122248	6	0.6451
chr1	122347	122348	5	0.5321
chr1	122447	122448	4	0.7585
chr1	122449	122450	4	0.6831
chr1	122511	122512	5	0.7027
chr1	122546	122547	4	0.7161
chr1	122595	122596	5	0.7325
chr1	122645	122646	3	0.8043
chr1	122695	122696	5	0.6685
chr1	122736	122737	4	0.6444
chr1	122773	122774	4	0.7292
chr1	122795	122796	4	0.7456
chr1	122810	122811	6	0.7357
chr1	122840	122841	3	0.7529
chr1	122862	122863	3	0.7232
chr1	122894	122895	3	0.7112
chr1	122917	122918	3	0.9165
chr1	122964	122965	4	0.5523
chr1	122982	122983	4	0.7346
chr1	123014	123015	5	0.5429
chr1	123039	123040	6	0.7093
chr1	123043	123044	5	0.7524
chr1	123093	123094	5	0.6464
chr1	123193	123194	4	0.7301
chr1	123270	123271	3	0.6376
chr1	123370	123371	5	0.7624
chr1	123470	123471	5	0.745
chr1	123537	123538	4	0.7221
chr1	123605	123606	4	0.8659
chr1	123610	123611	5	0.8395
chr1	123638	123639	6	0.9433
chr1	123672	123673	5	0.9473
chr1	123709	123710	5	1.0
chr1	123746	123747	7	0.7728
chr1	123761	123762	5	0.8941
chr1	123776	123777	5	0.8804
chr1	123797	123798	5	0.8764
chr1	123812	123813	4	0.9672
chr1	123827	123828	3	0.7844
chr1	123852	123853	4	0.734
chr1	123883	123884	4	0.8948
chr1	123933	123934	7	0.8929
chr1	123966	123967	4	0.9413
chr1	123991	123992	3	0.951
chr1	124027	124028	4	0.8026
chr1	124058	124059	3	1.0
chr1	124105	124106	5	1.0
chr1	124155	124156	5	0.8443
chr1	124252	124253	6	0.9325
chr1	124352	124353	5	0.9987
chr1	124425	124426	5	0.8309
chr1	124501	124502	6	0.86
chr1	124551	124552	5	0.829
chr1	124577	124578	5	0.5854
chr1	124585	124586	5	0.5141
chr1	124593	124594	5	0.5361
chr1	124671	124672	4	0.6307
chr1	124729	124730	4	0.4959
chr1	124803	124804	5	0.7233
chr1	124937	124938	3	0.7509
chr1	124941	124942	5	0.753
chr1	125039	125040	5	0.5182
chr1	125081	125082	5	0.8072
chr1	125112	125113	5	0.7529
chr1	125162	125163	6	0.6554
chr1	125179	125180	5	0.5875
chr1	125219	125220	6	0.6191
chr1	125250	125251	3	0.7492
chr1	125287	125288	4	0.7207
chr1	125316	125317	4	0.8716
chr1	125332	125333	6	0.7963
chr1	125370	125371	3	0.7209
chr1	125420	125421	4	0.615
chr1	125448	125449	4	0.8352
chr1	125473	125474	4	0.8599
chr1	125505	125506	4	0.7868
chr1	125523	125524	5	0.7891
chr1	125570	125571	4	0.7719
chr1	125611	125612	5	0.7994
chr1	125636	125637	4	0.6118
chr1	125736	125737	6	0.7116
chr1	125836	125837	5	0.7449
chr1	125886	125887	4	0.7174
chr1	125986	125987	4	0.6386
chr1	126036	126037	4	0.801
chr1	126136	126137	2	0.888
chr1	126186	126187	5	0.7951
chr1	126244	126245	4	0.7357
chr1	126262	126263	5	0.8176
chr1	126294	126295	6	0.7102
chr1	126317	126318	4	0.6658
chr1	126336	126337	6	0.357
chr1	126386	126387	3	1.0
chr1	126405	126406	5	0.886
chr1	126420	126421	6	0.8137
chr1	126437	126438	4	0.6973
chr1	126453	126454	5	0.9611
chr1	126468	126469	5	0.5967
chr1	126494	126495	3	0.6711
chr1	126532	126533	4	0.7523
chr1	126553	126554	5	0.217
chr1	126570	126571	5	0.6287
chr1	126585	126586	3	0.8321
chr1	126615	126616	6	1.0
chr1	126637	126638	6	0.19
chr1	126658	126659	3	0.266
chr1	126673	126674	6	1.0
chr1	126701	126702	5	0.6086
chr1	126718	126719	7	1.0
chr1	126818	126819	4	0.29
chr1	126918	126919	4	0.9856
chr1	127018	127019	4	1.0
chr1	127118	127119	4	0.9573
chr1	127140	127141	4	0.7812
chr1	127186	127187	4	1.0
chr1	127211	127212	3	0.5268
chr1	127261	127262	4	0.4081
chr1	127291	127292	5	0.5083
chr1	127332	127333	3	0.46
chr1	127363	127364	4	0.5972
chr1	127378	127379	5	0.3799
chr1	127428	127429	4	0.4427
chr1	127465	127466	5	0.6403
chr1	127486	127487	3	0.5107
chr1	127525	127526	6	0.417
chr1	127575	127576	6	0.3509
chr1	127612	127613	6	0.7074
chr1	127648	127649	3	0.5622
chr1	127709	127710	4	0.5455
chr1	127809	127810	3	0.5484
chr1	127909	127910	3	0.6096
chr1	127959	127960	4	0.6201
chr1	128037	128038	5	0.5726
chr1	128085	128086	5	0.4339
chr1	128111	128112	5	0.6421
chr1	128139	128140	3	0.6668
chr1	128167	128168	5	0.6552
chr1	128217	128218	4	0.6164
chr1	128264	128265	6	0.6715
chr1	128279	128280	6	0.7382
chr1	128294	128295	6	0.6538
chr1	128333	128334	4	0.5714
chr1	128348	128349	3	0.6189
chr1	128385	128386	4	0.5961
chr1	128435	128436	4	0.7143
chr1	128463	128464	4	0.8519
chr1	128510	128511	4	0.6611
chr1	128560	128561	5	0.7085
chr1	128575	128576	3	0.7402
chr1	128598	128599	3	0.5669
chr1	128613	128614	3	0.7386
chr1	128635	128636	4	0.8669
chr1	128685	128686	3	0.8075
chr1	128687	128688	5	0.8164
chr1	128737	128738	6	0.7082
chr1	128837	128838	7	0.6986
chr1	128937	128938	5	0.5728
chr1	129037	129038	6	0.6195
chr1	129137	129138	6	0.786
chr1	129195	129196	4	0.7137
chr1	129287	129288	4	0.8282
chr1	129306	129307	5	0.653
chr1	129323	129324	5	0.62
chr1	129373	129374	5	0.0
chr1	129390	129391	6	0.0191
chr1	129440	129441	6	0.843
chr1	129474	129475	4	0.6211
chr1	129489	129490	4	0.1365
chr1	129506	129507	4	0.4394
chr1	129550	129551	6	0.777
chr1	129600	129601	5	0.2987
chr1	129616	129617	4	0.0
chr1	129644	129645	5	0.0308
chr1	129659	129660	3	0.0
chr1	129683	129684	5	0.4251
chr1	129728	129729	4	0.3449
chr1	129772	129773	4	0.6829
chr1	129790	129791	4	0.3229
chr1	129812	129813	4	0.1319
chr1	129912	129913	5	0.3272
chr1	130012	130013	6	0.6134
chr1	130212	130213	5	0.6225
chr1	130262	130263	4	0.0
chr1	130308	130309	4	1.0
chr1	130356	130357	3	0.2636
chr1	130367	130368	4	0.6453
chr1	130388	130389	6	0.7437
chr1	130431	130432	3	0.7152
chr1	130455	130456	5	0.7064
chr1	130498	130499	4	0.7676
chr1	130548	130549	3	0.7522
chr1	130598	130599	5	0.7506
chr1	130626	130627	4	0.6482
chr1	130676	130677	4	0.6279
chr1	130701	130702	5	0.5604
chr1	130751	130752	4	0.8109
chr1	130778	130779	3	0.7933
chr1	130798	130799	5	0.7545
chr1	130827	130828	6	0.7243
chr1	130878	130879	4	0.7042
chr1	130949	130950	5	0.7589
chr1	131048	131049	4	0.5835
chr1	131141	131142	3	0.7851
chr1	131232	131233	4	0.5978
chr1	131258	131259	3	0.6132
chr1	131275	131276	4	0.6464
chr1	131312	131313	6	0.6705
chr1	131327	131328	3	0.7227
chr1	131351	131352	3	0.6868
chr1	131399	131400	5	0.4925
chr1	131425	131426	4	0.8394
chr1	131475	131476	6	0.642
chr1	131504	131505	5	0.7375
chr1	131531	131532	6	0.6398
chr1	131575	131576	3	0.6987
chr1	131622	131623	6	0.7646
chr1	131671	131672	5	0.6175
chr1	131721	131722	5	0.4407
chr1	131751	131752	4	0.6593
chr1	131756	131757	4	0.7154
chr1	131806	131807	5	0.5912
chr1	131906	131907	3	0.5915
chr1	131966	131967	5	0.6473
chr1	132066	132067	4	0.7002
chr1	132116	132117	5	0.6431
chr1	132188	132189	5	0.5774
chr1	132204	132205	4	0.568
chr1	132278	132279	4	0.7645
chr1	132286	132287	3	0.5538
chr1	132301	132302	5	0.4618
chr1	132334	132335	3	0.4847
chr1	132351	132352	7	0.5546
chr1	132379	132380	5	0.4194
chr1	132414	132415	3	0.4905
chr1	132459	132460	6	0.5039
chr1	132479	132480	3	0.3959
chr1	132504	132505	4	0.3797
chr1	132549	132550	6	0.4582
chr1	132589	132590	6	0.4903
chr1	132617	132618	4	0.3387
chr1	132658	132659	6	0.4667
chr1	132675	132676	4	0.4998
chr1	132704	132705	7	0.5157
chr1	132713	132714	6	0.393
chr1	132813	132814	4	0.528
chr1	132863	132864	5	0.3806
chr1	132950	132951	6	0.3958
chr1	133050	133051	5	0.3819
chr1	133154	133155	5	0.8091
chr1	133160	133161	4	0.9003
chr1	133190	133191	4	0.7806
chr1	133236	133237	6	0.8114
chr1	133248	133249	6	0.7755
chr1	133269	133270	3	0.7691
chr1	133301	133302	5	0.6823
chr1	133347	133348	5	0.8828
chr1	133397	133398	4	0.7176
chr1	133429	133430	4	0.6941
chr1	133464	133465	5	0.7031
chr1	133506	133507	5	0.8224
chr1	133521	133522	4	0.7341
chr1	133541	133542	4	0.8212
chr1	133565	133566	5	0.777
chr1	133584	133585	3	0.8547
chr1	133618	133619	6	0.755
chr1	133644	133645	5	0.834
chr1	133672	133673	5	0.8539
chr1	133704	133705	4	0.8943
chr1	133719	133720	3	0.7223
chr1	133760	133761	4	0.7092
chr1	133775	133776	3	0.7165
chr1	133791	133792	2	0.7501
chr1	133841	133842	5	0.5667
chr1	133896	133897	4	0.6988
chr1	133996	133997	4	0.6282
chr1	134052	134053	6	0.6716
chr1	134116	134117	3	0.7263
chr1	134204	134205	5	0.6314
chr1	134304	134305	4	0.7573
chr1	134338	134339	6	0.8086
chr1	134394	134395	4	0.6175
chr1	134426	134427	5	0.1312
chr1	134453	134454	3	0.3402
chr1	134502	134503	5	0.111
chr1	134533	134534	5	0.1982
chr1	134565	134566	5	0.2746
chr1	134591	134592	6	0.2686
chr1	134641	134642	3	0.1879
chr1	134685	134686	4	0.239
chr1	134706	134707	5	0.1386
chr1	134725	134726	6	0.2874
chr1	134743	134744	6	0.2119
chr1	134782	134783	5	0.35
chr1	134811	134812	3	0.4167
chr1	134911	134912	6	0.2149
chr1	135011	135012	7	0.2496
chr1	135111	135112	4	0.4269
chr1	135181	135182	5	0.1063
chr1	135235	135236	5	0.1139
chr1	135258	135259	6	0.7916
chr1	135287	135288	3	0.8537
chr1	135330	135331	5	0.7951
chr1	135352	135353	3	0.8044
chr1	135379	135380	6	0.935
chr1	135407	135408	6	0.7272
chr1	135435	135436	4	0.9236
chr1	135466	135467	5	0.8659
chr1	135516	135517	2	0.8067
chr1	135531	135532	4	0.7406
chr1	135563	135564	5	0.9141
chr1	135594	135595	3	0.8362
chr1	135614	135615	2	0.8399
chr1	135636	135637	4	0.6612
chr1	135682	135683	5	0.8306
chr1	135712	135713	4	0.773
chr1	135725	135726	4	0.7377
chr1	135825	135826	6	0.9092
chr1	135925	135926	6	0.8731
chr1	136025	136026	6	0.7701
chr1	136075	136076	4	0.8661
chr1	136175	136176	4	0.8561
chr1	136191	136192	5	0.8634
chr1	136265	136266	7	0.9446
chr1	136293	136294	5	0.7042
chr1	136343	136344	6	0.7897
chr1	136384	136385	3	0.7144
chr1	136426	136427	4	0.6282
chr1	136449	136450	4	0.798
chr1	136499	136500	5	0.6121
chr1	136549	136550	3	0.6435
chr1	136591	136592	3	0.7478
chr1	136624	136625	5	0.7082
chr1	136650	136651	3	0.6728
chr1	136688	136689	5	0.798
chr1	136735	136736	4	0.742
chr1	136782	136783	5	0.7457
chr1	136791	136792	5	0.7907
chr1	136891	136892	3	0.8889
chr1	136991	136992	5	0.7507
chr1	137041	137042	4	0.6163
chr1	137140	137141	4	0.7758
chr1	137240	137241	5	0.7244
chr1	137330	137331	4	0.6942
chr1	137338	137339	4	0.7821
chr1	137369	137370	5	0.5973
chr1	137400	137401	6	0.737
chr1	137434	137435	5	0.6769
chr1	137460	137461	5	0.6338
chr1	137491	137492	4	0.7842
chr1	137537	137538	5	0.7353
chr1	137581	137582	6	0.6745
chr1	137596	137597	5	0.6869
chr1	137646	137647	5	0.6675
chr1	137661	137662	3	0.6146
chr1	137699	137700	3	0.8546
chr1	137749	137750	3	0.8472
chr1	137795	137796	5	0.7747
chr1	137825	137826	5	0.5975
chr1	137856	137857	6	0.6193
chr1	137873	137874	3	0.7879
chr1	137912	137913	5	0.6725
chr1	137938	137939	2	0.7799
chr1	137954	137955	2	0.5634
chr1	138001	138002	5	0.5266
chr1	138081	138082	5	0.6493
chr1	138143	138144	5	0.6472
chr1	138243	138244	4	0.5892
chr1	138339	138340	5	0.6107
chr1	138407	138408	3	0.7504
chr1	138507	138508	4	0.624
chr1	138557	138558	4	0.6461
chr1	138559	138560	5	0.8695
chr1	138631	138632	4	0.6861
chr1	138638	138639	4	0.4149
chr1	138653	138654	6	0.4918
chr1	138680	138681	5	0.5776
chr1	138714	138715	3	0.5469
chr1	138741	138742	4	0.5636
chr1	138791	138792	6	0.4769
chr1	138830	138831	5	0.5459
chr1	138865	138866	5	0.4809
chr1	138886	138887	5	0.54
chr1	138901	138902	6	0.5773
chr1	138942	138943	5	0.5645
chr1	138976	138977	6	0.4913
chr1	138992	138993	4	0.3281
chr1	139007	139008	5	0.5637
chr1	139022	139023	5	0.5792
chr1	139058	139059	4	0.5194
chr1	139083	139084	5	0.4884
chr1	139114	139115	4	0.4437
chr1	139144	139145	4	0.5176
chr1	139151	139152	4	0.3611
chr1	139251	139252	5	0.3839
chr1	139351	139352	4	0.6581
chr1	139401	139402	3	0.4171
chr1	139460	139461	5	0.441
chr1	139560	139561	5	0.7056
chr1	139610	139611	5	0.4169
chr1	139736	139737	4	0.8545
chr1	139810	139811	5	0.8322
chr1	139854	139855	4	0.8431
chr1	139872	139873	3	0.7282
chr1	139878	139879	4	0.6553
chr1	139922	139923	4	0.8701
chr1	139990	139991	2	0.807
chr1	140012	140013	5	0.6797
chr1	140019	140020	4	0.4153
chr1	140056	140057	3	0.5578
chr1	140083	140084	4	0.2939
chr1	140113	140114	2	0.3367
chr1	140128	140129	3	0.4626
chr1	140177	140178	5	0.3086
chr1	140198	140199	6	0.2865
chr1	140247	140248	4	0.2906
chr1	140267	140268	4	0.4236
chr1	140285	140286	4	0.2881
chr1	140335	140336	5	0.3162
chr1	140368	140369	3	0.27
chr1	140385	140386	5	0.6219
chr1	140400	140401	4	0.2166
chr1	140423	140424	4	0.2431
chr1	140523	140524	5	0.3689
chr1	140623	140624	4	0.4509
chr1	140723	140724	2	0.5578
chr1	140823	140824	2	0.3236
chr1	140895	140896	5	0.0278
chr1	140923	140924	3	0.0992
chr1	140959	140960	7	0.187
chr1	141059	141060	4	0.1524
chr1	141061	141062	4	0.2655
chr1	141147	141148	5	0.1704
chr1	141275	141276	4	0.0845
chr1	141289	141290	6	0.7956
chr1	141329	141330	3	0.8491
chr1	141377	141378	5	1.0
chr1	141423	141424	3	0.8637
chr1	141472	141473	5	1.0
chr1	141515	141516	7	0.9121
chr1	141549	141550	4	0.9369
chr1	141577	141578	5	0.8665
chr1	141627	141628	4	0.7664
chr1	141677	141678	5	0.9482
chr1	141709	141710	4	0.593
chr1	141724	141725	3	0.7882
chr1	141795	141796	4	0.9176
chr1	141864	141865	5	0.816
chr1	141964	141965	5	0.9618
chr1	142064	142065	5	1.0
chr1	142124	142125	5	0.9584
chr1	142160	142161	4	0.9148
chr1	142208	142209	4	0.8714
chr1	142238	142239	6	0.9037
chr1	142274	142275	4	0.8021
chr1	142313	142314	4	0.9679
chr1	142363	142364	5	0.8713
chr1	142407	142408	6	0.9128
chr1	142427	142428	3	0.8893
chr1	142443	142444	5	0.8149
chr1	142458	142459	4	0.8874
chr1	142504	142505	4	0.8092
chr1	142531	142532	2	0.7926
chr1	142567	142568	3	0.7294
chr1	142586	142587	5	0.9277
chr1	142635	142636	6	0.9117
chr1	142713	142714	3	0.8602
chr1	142763	142764	5	0.896
chr1	142813	142814	5	0.8312
chr1	142884	142885	6	0.8684
chr1	142953	142954	5	0.8897
chr1	143052	143053	5	0.8503
chr1	143076	143077	4	0.7901
chr1	143097	143098	4	0.8414
chr1	143141	143142	5	0.8257
chr1	143188	143189	5	0.9484
chr1	143203	143204	6	0.8938
chr1	143241	143242	3	0.7912
chr1	143276	143277	5	0.9355
chr1	143297	143298	3	0.6544
chr1	143326	143327	5	0.9018
chr1	143352	143353	4	1.0
chr1	143391	143392	5	0.9405
chr1	143439	143440	5	0.6091
chr1	143489	143490	4	0.9194
chr1	143527	143528	3	0.8946
chr1	143534	143535	4	0.8294
chr1	143584	143585	6	0.863
chr1	143634	143635	6	0.8698
chr1	143734	143735	4	0.8379
chr1	143798	143799	7	0.8307
chr1	143851	143852	5	0.8152
chr1	143918	143919	4	0.9391
chr1	143968	143969	6	0.9396
chr1	144066	144067	5	1.0
chr1	144107	144108	6	0.1649
chr1	144126	144127	5	0.1817
chr1	144151	144152	6	0.1409
chr1	144197	144198	5	0.2525
chr1	144218	144219	5	0.0029
chr1	144268	144269	5	0.0874
chr1	144286	144287	4	0.0002
chr1	144307	144308	4	0.1626
chr1	144337	144338	5	0.171
chr1	144376	144377	5	0.0
chr1	144426	144427	4	0.163
chr1	144460	144461	5	0.1719
chr1	144477	144478	3	0.1176
chr1	144504	144505	4	0.1766
chr1	144538	144539	4	0.1789
chr1	144573	144574	7	0.2174
chr1	144598	144599	6	0.2386
chr1	144618	144619	2	0.2096
chr1	144646	144647	5	0.1865
chr1	144669	144670	3	0.1795
chr1	144691	144692	5	0.081
chr1	144695	144696	5	0.0
chr1	144745	144746	5	0.09
chr1	144832	144833	6	0.2621
chr1	144885	144886	3	0.2005
chr1	144935	144936	5	0.1695
chr1	145035	145036	5	0.0316
chr1	145131	145132	5	0.2769
chr1	145203	145204	5	0.0384
chr1	145253	145254	4	0.0688
chr1	145297	145298	5	0.0231
chr1	145331	145332	4	0.7108
chr1	145364	145365	5	0.6224
chr1	145410	145411	5	0.5465
chr1	145439	145440	5	0.5569
chr1	145463	145464	4	0.6276
chr1	145488	145489	6	0.717
chr1	145532	145533	6	0.7453
chr1	145567	145568	5	0.7173
chr1	145583	145584	6	0.745
chr1	145611	145612	4	0.5247
chr1	145661	145662	4	0.7823
chr1	145702	145703	5	0.7227
chr1	145728	145729	5	0.67
chr1	145751	145752	6	0.8004
chr1	145768	145769	4	0.6254
chr1	145794	145795	6	0.4846
chr1	145843	145844	6	0.7173
chr1	145943	145944	6	0.7195
chr1	145999	146000	5	0.7052
chr1	146049	146050	3	0.6734
chr1	146149	146150	3	0.607
chr1	146249	146250	5	0.714
chr1	146315	146316	4	0.4445
chr1	146337	146338	5	0.7398
chr1	146347	146348	5	0.6848
chr1	146386	146387	3	0.0813
chr1	146415	146416	6	0.2175
chr1	146441	146442	5	0.271
chr1	146481	146482	5	0.0644
chr1	146518	146519	4	0.2935
chr1	146533	146534	4	0.2792
chr1	146569	146570	3	0.2104
chr1	146584	146585	4	0.1123
chr1	146608	146609	5	0.1626
chr1	146627	146628	4	0.1768
chr1	146646	146647	3	0.239
chr1	146672	146673	5	0.0465
chr1	146702	146703	4	0.2025
chr1	146719	146720	5	0.2133
chr1	146769	146770	4	0.3061
chr1	146784	146785	4	0.1772
chr1	146816	146817	4	0.3499
chr1	146838	146839	6	0.3047
chr1	146864	146865	5	0.1494
chr1	146903	146904	5	0.2046
chr1	146921	146922	5	0.2895
chr1	147021	147022	4	0.2392
chr1	147121	147122	5	0.3075
chr1	147187	147188	4	0.1641
chr1	147237	147238	5	0.2943
chr1	147337	147338	5	0.19
chr1	147406	147407	5	0.3726
chr1	147450	147451	5	0.1002
chr1	147460	147461	3	0.1941
chr1	147487	147488	5	0.2514
chr1	147535	147536	4	0.4619
chr1	147563	147564	5	0.3365
chr1	147578	147579	5	0.4395
chr1	147605	147606	5	0.3209
chr1	147655	147656	5	0.3606
chr1	147688	147689	4	0.4744
chr1	147714	147715	6	0.2371
chr1	147764	147765	5	0.4857
chr1	147814	147815	3	0.3726
chr1	147854	147855	3	0.3663
chr1	147904	147905	4	0.4234
chr1	147948	147949	5	0.295
chr1	147977	147978	5	0.4269
chr1	147984	147985	5	0.2773
chr1	148034	148035	6	0.4302
chr1	148134	148135	5	0.4592
chr1	148234	148235	5	0.3738
chr1	148284	148285	5	0.3753
chr1	148334	148335	3	0.3898
chr1	148384	148385	5	0.4644
chr1	148466	148467	3	0.4895
chr1	148514	148515	4	0.6081
chr1	148552	148553	7	0.8436
chr1	148574	148575	4	0.5495
chr1	148628	148629	4	0.4959
chr1	148762	148763	6	0.5395
chr1	148782	148783	4	0.7759
chr1	148794	148795	5	0.5026
chr1	148858	148859	5	0.6478
chr1	148865	148866	4	0.4429
chr1	148880	148881	5	0.3681
chr1	148930	148931	5	0.3227
chr1	148952	148953	5	0.6425
chr1	149002	149003	4	0.4941
chr1	149027	149028	4	0.4503
chr1	149061	149062	4	0.5774
chr1	149111	149112	4	0.5355
chr1	149135	149136	5	0.5203
chr1	149158	149159	4	0.3206
chr1	149174	149175	5	0.4927
chr1	149189	149190	5	0.2833
chr1	149225	149226	6	0.4893
chr1	149241	149242	5	0.4806
chr1	149276	149277	5	0.3871
chr1	149300	149301	5	0.4185
chr1	149321	149322	5	0.5667
chr1	149362	149363	5	0.476
chr1	149393	149394	5	0.5983
chr1	149467	149468	4	0.3851
chr1	149617	149618	5	0.4106
chr1	149717	149718	2	0.4592
chr1	149817	149818	6	0.519
chr1	149917	149918	4	0.5046
chr1	149975	149976	5	0.7457
chr1	150069	150070	4	0.8584
chr1	150187	150188	4	0.5654
chr1	150315	150316	4	0.7599
chr1	150335	150336	4	0.882
chr1	150363	150364	5	0.5603
chr1	150370	150371	4	0.6253
chr1	150420	150421	5	0.7292
chr1	150470	150471	5	0.7177
chr1	150493	150494	4	0.6642
chr1	150508	150509	3	0.4796
chr1	150523	150524	5	0.7117
chr1	150559	150560	5	0.7159
chr1	150574	150575	4	0.6729
chr1	150620	150621	7	0.8007
chr1	150667	150668	5	0.7248
chr1	150716	150717	4	0.5944
chr1	150754	150755	4	0.7485
chr1	150798	150799	3	0.6861
chr1	150813	150814	5	0.7609
chr1	150840	150841	7	0.706
chr1	150940	150941	4	0.6011
chr1	151008	151009	3	0.7201
chr1	151058	151059	3	0.6909
chr1	151158	151159	6	0.6959
chr1	151248	151249	4	0.5788
chr1	151268	151269	4	1.0
chr1	151342	151343	5	0.9709
chr1	151388	151389	6	1.0
chr1	151560	151561	3	0.7828
chr1	151608	151609	5	0.7656
chr1	151736	151737	4	0.9255
chr1	151771	151772	3	0.6091
chr1	151806	151807	4	0.753
chr1	151822	151823	4	0.6871
chr1	151848	151849	6	0.6544
chr1	151881	151882	4	0.8108
chr1	151902	151903	4	0.6641
chr1	151923	151924	5	0.8087
chr1	151939	151940	4	0.8522
chr1	151957	151958	5	0.5808
chr1	152007	152008	3	0.7297
chr1	152043	152044	3	0.7549
chr1	152064	152065	4	0.7909
chr1	152096	152097	6	0.9074
chr1	152146	152147	4	0.7613
chr1	152174	152175	4	0.5592
chr1	152212	152213	5	0.7065
chr1	152312	152313	2	0.7726
chr1	152412	152413	4	0.6782
chr1	152512	152513	6	0.6675
chr1	152612	152613	5	0.8768
chr1	152624	152625	5	0.6136
chr1	152644	152645	5	0.7986
chr1	152688	152689	4	0.122
chr1	152715	152716	3	0.0893
chr1	152738	152739	5	0.217
chr1	152762	152763	4	0.0006
chr1	152812	152813	3	0.141
chr1	152835	152836	4	0.1003
chr1	152885	152886	6	0.0243
chr1	152900	152901	4	0.1363
chr1	152926	152927	5	0.1966
chr1	152942	152943	4	0.0549
chr1	152957	152958	3	0.0094
chr1	153007	153008	6	0.18
chr1	153026	153027	4	0.2548
chr1	153061	153062	4	0.1571
chr1	153086	153087	5	0.109
chr1	153107	153108	4	0.1335
chr1	153127	153128	3	0.1676
chr1	153156	153157	5	0.144
chr1	153206	153207	6	0.0441
chr1	153235	153236	6	0.0827
chr1	153335	153336	4	0.0849
chr1	153435	153436	4	0.2157
chr1	153506	153507	5	0.0633
chr1	153606	153607	3	0.2303
chr1	153706	153707	6	0.0545
chr1	153766	153767	5	0.0657
chr1	153780	153781	3	0.0119
chr1	153790	153791	6	0.0484
chr1	153840	153841	6	0.0325
chr1	153866	153867	4	0.0616
chr1	153892	153893	6	0.0548
chr1	153929	153930	4	0.1289
chr1	153953	153954	4	0.0
chr1	153991	153992	6	0.1483
chr1	154021	154022	6	0.0
chr1	154055	154056	4	0.111
chr1	154090	154091	4	0.0557
chr1	154127	154128	5	0.2392
chr1	154156	154157	3	0.2795
chr1	154185	154186	3	0.3564
chr1	154216	154217	2	0.3165
chr1	154240	154241	4	0.2772
chr1	154266	154267	5	0.2178
chr1	154316	154317	4	0.354
chr1	154366	154367	6	0.1994
chr1	154440	154441	6	0.1392
chr1	154540	154541	5	0.0492
chr1	154640	154641	5	0.0346
chr1	154740	154741	4	0.1732
chr1	154846	154847	5	0.0017
chr1	154906	154907	4	0.0
chr1	154928	154929	3	0.1815
chr1	154970	154971	5	0.0492
chr1	154984	154985	6	0.029
chr1	154996	154997	3	0.0
chr1	155124	155125	5	0.1578
chr1	155176	155177	3	0.1405
chr1	155198	155199	3	0.1499
chr1	155214	155215	4	0.0435
chr1	155259	155260	4	0.7827
chr1	155285	155286	3	0.618
chr1	155325	155326	4	0.6952
chr1	155375	155376	4	0.7789
chr1	155401	155402	4	0.8304
chr1	155431	155432	4	0.8518
chr1	155454	155455	6	0.8744
chr1	155490	155491	2	0.636
chr1	155523	155524	5	0.8914
chr1	155562	155563	5	0.6519
chr1	155604	155605	6	0.8788
chr1	155631	155632	5	0.8857
chr1	155646	155647	3	0.8266
chr1	155661	155662	6	0.715
chr1	155687	155688	7	0.8424
chr1	155731	155732	3	0.7298
chr1	155754	155755	5	0.7884
chr1	155760	155761	5	0.7682
chr1	155822	155823	6	0.6636
chr1	155909	155910	4	0.8565
chr1	156009	156010	5	0.7136
chr1	156109	156110	5	0.8202
chr1	156209	156210	6	0.9062
chr1	156223	156224	5	0.8574
chr1	156255	156256	3	0.9565
chr1	156297	156298	3	0.0685
chr1	156321	156322	2	0.1145
chr1	156363	156364	2	0.0695
chr1	156393	156394	3	0.1656
chr1	156409	156410	3	0.0964
chr1	156431	156432	4	0.0
chr1	156456	156457	5	0.2406
chr1	156487	156488	5	0.0679
chr1	156510	156511	6	0.1295
chr1	156532	156533	5	0.1297
chr1	156547	156548	4	0.204
chr1	156587	156588	6	0.0728
chr1	156615	156616	7	0.1555
chr1	156638	156639	5	0.1902
chr1	156665	156666	4	0.1831
chr1	156697	156698	4	0.2031
chr1	156712	156713	5	0.1787
chr1	156728	156729	5	0.1014
chr1	156757	156758	4	0.1393
chr1	156784	156785	6	0.1537
chr1	156799	156800	5	0.0957
chr1	156814	156815	4	0.0762
chr1	156850	156851	5	0.1651
chr1	156867	156868	5	0.0543
chr1	156870	156871	5	0.0312
chr1	156950	156951	5	0.2018
chr1	157050	157051	4	0.1318
chr1	157150	157151	3	0.0176
chr1	157242	157243	5	0.207
chr1	157334	157335	4	0.0
chr1	157434	157435	4	0.2083
chr1	157514	157515	5	0.0747
chr1	157528	157529	4	0.8695
chr1	157558	157559	4	0.7235
chr1	157575	157576	4	0.7607
chr1	157608	157609	7	0.9321
chr1	157623	157624	4	0.8353
chr1	157653	157654	4	0.6932
chr1	157679	157680	4	0.8638
chr1	157703	157704	4	0.7285
chr1	157718	157719	6	0.7183
chr1	157745	157746	5	0.86
chr1	157790	157791	5	0.78
chr1	157824	157825	3	0.7036
chr1	157862	157863	4	0.8175
chr1	157879	157880	6	0.5589
chr1	157914	157915	6	0.9459
chr1	157943	157944	4	0.94
chr1	157973	157974	5	0.6178
chr1	158023	158024	6	0.6481
chr1	158053	158054	3	0.7316
chr1	158147	158148	5	0.8258
chr1	158197	158198	4	1.0
chr1	158247	158248	4	0.7226
chr1	158347	158348	6	0.79
chr1	158447	158448	5	0.7897
chr1	158517	158518	5	0.7441
chr1	158551	158552	4	0.9212
chr1	158591	158592	3	0.8319
chr1	158626	158627	5	0.9037
chr1	158649	158650	5	0.7744
chr1	158675	158676	4	1.0
chr1	158690	158691	6	1.0
chr1	158719	158720	5	0.9031
chr1	158736	158737	5	0.8224
chr1	158770	158771	4	0.7326
chr1	158803	158804	4	0.9229
chr1	158823	158824	4	0.6981
chr1	158849	158850	6	0.7815
chr1	158896	158897	6	0.7907
chr1	158925	158926	5	0.9375
chr1	158972	158973	4	0.9168
chr1	158995	158996	6	0.733
chr1	159044	159045	3	0.9069
chr1	159065	159066	5	0.6868
chr1	159080	159081	3	0.9324
chr1	159121	159122	4	0.9837
chr1	159153	159154	3	0.8642
chr1	159185	159186	5	0.9305
chr1	159193	159194	4	0.878
chr1	159293	159294	5	0.944
chr1	159393	159394	4	0.7995
chr1	159480	159481	6	0.7063
chr1	159564	159565	6	0.8902
chr1	159614	159615	3	0.8949
chr1	159714	159715	4	0.6967
chr1	159766	159767	4	0.7772
chr1	159800	159801	4	0.9178
chr1	159848	159849	4	0.6446
chr1	159898	159899	5	0.6269
chr1	159925	159926	3	0.7863
chr1	159960	159961	4	0.6632
chr1	160010	160011	4	0.6938
chr1	160034	160035	3	0.8094
chr1	160056	160057	5	0.6696
chr1	160106	160107	5	0.6343
chr1	160133	160134	5	0.7406
chr1	160160	160161	5	0.572
chr1	160197	160198	6	0.6263
chr1	160244	160245	4	0.7453
chr1	160259	160260	3	0.8537
chr1	160283	160284	5	0.6852
chr1	160333	160334	4	0.6559
chr1	160348	160349	5	0.7342
chr1	160364	160365	3	0.5284
chr1	160365	160366	5	0.611
chr1	160465	160466	4	0.6463
chr1	160541	160542	5	0.5313
chr1	160603	160604	6	0.5387
chr1	160697	160698	4	0.5816
chr1	160747	160748	5	0.7764
chr1	160812	160813	3	0.4912
chr1	160866	160867	5	0.7089
chr1	160892	160893	5	0.6809
chr1	160944	160945	4	0.9273
chr1	160949	160950	8	0.2294
chr1	160999	161000	5	0.1043
chr1	161021	161022	6	0.2128
chr1	161053	161054	4	0.2311
chr1	161077	161078	2	0.0465
chr1	161127	161128	4	0.3177
chr1	161162	161163	4	0.2742
chr1	161185	161186	4	0.3058
chr1	161235	161236	5	0.3237
chr1	161262	161263	4	0.2885
chr1	161280	161281	2	0.216
chr1	161315	161316	3	0.346
chr1	161347	161348	5	0.1832
chr1	161368	161369	2	0.1483
chr1	161390	161391	4	0.3056
chr1	161424	161425	4	0.287
chr1	161444	161445	5	0.0
chr1	161461	161462	4	0.0888
chr1	161555	161556	4	0.0373
chr1	161614	161615	5	0.1761
chr1	161693	161694	4	0.0259
chr1	161743	161744	5	0.073
chr1	161843	161844	3	0.0503
chr1	161943	161944	6	0.0947
chr1	162027	162028	5	0.0
chr1	162185	162186	5	0.0386
chr1	162211	162212	5	0.0369
chr1	162247	162248	5	0.2119
chr1	162261	162262	3	0.2183
chr1	162277	162278	5	0.05
chr1	162310	162311	4	0.6666
chr1	162325	162326	5	0.8443
chr1	162374	162375	7	0.7587
chr1	162424	162425	5	0.6599
chr1	162455	162456	5	0.8589
chr1	162501	162502	5	0.7697
chr1	162519	162520	5	0.8862
chr1	162569	162570	6	0.8027
chr1	162608	162609	5	0.7008
chr1	162658	162659	5	0.7103
chr1	162683	162684	5	0.6929
chr1	162721	162722	4	0.6674
chr1	162745	162746	3	0.8713
chr1	162771	162772	6	0.6794
chr1	162871	162872	5	0.6855
chr1	162971	162972	7	0.8279
chr1	163026	163027	6	0.8672
chr1	163088	163089	4	0.9465
chr1	163188	163189	5	0.8281
chr1	163256	163257	4	0.8334
chr1	163288	163289	5	0.8958
chr1	163294	163295	5	0.5382
chr1	163331	163332	3	0.6218
chr1	163359	163360	4	0.5432
chr1	163379	163380	6	0.6316
chr1	163399	163400	4	0.497
chr1	163414	163415	6	0.556
chr1	163435	163436	5	0.3935
chr1	163473	163474	5	0.6146
chr1	163503	163504	4	0.5569
chr1	163530	163531	5	0.5096
chr1	163566	163567	6	0.4731
chr1	163584	163585	6	0.3743
chr1	163610	163611	3	0.6705
chr1	163660	163661	4	0.6272
chr1	163683	163684	4	0.5246
chr1	163733	163734	4	0.3989
chr1	163752	163753	4	0.4339
chr1	163840	163841	5	0.611
chr1	163940	163941	5	0.5325
chr1	164040	164041	5	0.412
chr1	164096	164097	5	0.5244
chr1	164146	164147	3	0.4947
chr1	164390	164391	6	0.5797
chr1	164424	164425	5	0.5896
chr1	164544	164545	5	0.7406
chr1	164590	164591	4	0.7339
chr1	164594	164595	6	0.6304
chr1	164603	164604	5	0.7099
chr1	164653	164654	5	0.6237
chr1	164693	164694	4	0.8583
chr1	164736	164737	4	0.6718
chr1	164771	164772	4	0.7173
chr1	164796	164797	4	0.8267
chr1	164818	164819	4	0.8519
chr1	164858	164859	6	0.6739
chr1	164878	164879	6	0.6757
chr1	164916	164917	5	0.7411
chr1	164966	164967	4	0.7064
chr1	165006	165007	5	0.6683
chr1	165054	165055	5	0.5993
chr1	165089	165090	4	0.6515
chr1	165189	165190	3	0.7192
chr1	165289	165290	5	0.5394
chr1	165389	165390	3	0.6075
chr1	165484	165485	4	0.7424
chr1	165554	165555	4	0.9351
chr1	165622	165623	2	0.872
chr1	165736	165737	5	0.8526
chr1	165746	165747	6	0.8332
chr1	165754	165755	4	0.8393
chr1	165770	165771	4	0.7061
chr1	165906	165907	5	0.8913
chr1	165958	165959	5	0.8131
chr1	165978	165979	3	0.9053
chr1	165988	165989	4	0.8743
chr1	166019	166020	4	0.9113
chr1	166062	166063	3	0.7221
chr1	166082	166083	5	0.822
chr1	166114	166115	5	0.6097
chr1	166129	166130	6	0.8679
chr1	166147	166148	6	0.6903
chr1	166181	166182	5	0.834
chr1	166231	166232	6	0.7927
chr1	166264	166265	6	0.6881
chr1	166284	166285	4	0.8174
chr1	166324	166325	5	0.7325
chr1	166346	166347	5	0.8381
chr1	166367	166368	5	0.8716
chr1	166391	166392	4	0.8188
chr1	166441	166442	5	0.7284
chr1	166467	166468	4	0.7353
chr1	166489	166490	4	0.7733
chr1	166539	166540	3	0.5781
chr1	166543	166544	5	0.8433
chr1	166630	166631	5	0.7079
chr1	166680	166681	6	0.7082
chr1	166780	166781	5	0.8068
chr1	166880	166881	4	0.8256
chr1	166980	166981	5	0.7588
chr1	167080	167081	3	0.9543
chr1	167156	167157	4	0.7003
chr1	167180	167181	4	0.7303
chr1	167220	167221	5	0.2393
chr1	167247	167248	3	0.1991
chr1	167285	167286	4	0.1247
chr1	167300	167301	5	0.3001
chr1	167320	167321	4	0.2205
chr1	167349	167350	3	0.2082
chr1	167379	167380	4	0.369
chr1	167423	167424	7	0.1496
chr1	167463	167464	5	0.1667
chr1	167496	167497	4	0.1169
chr1	167540	167541	1	0.1892
chr1	167567	167568	5	0.1747
chr1	167607	167608	4	0.1789
chr1	167636	167637	4	0.2848
chr1	167683	167684	6	0.0907
chr1	167783	167784	5	0.1251
chr1	167883	167884	5	0.2346
chr1	167983	167984	4	0.3268
chr1	168083	168084	3	0.084
chr1	168163	168164	5	0.102
chr1	168201	168202	6	0.3264
chr1	168243	168244	5	0.14
chr1	168283	168284	4	0.1638
chr1	168298	168299	3	0.1685
chr1	168322	168323	5	0.3105
chr1	168372	168373	4	0.1226
chr1	168395	168396	4	0.1549
chr1	168445	168446	4	0.1799
chr1	168467	168468	5	0.1837
chr1	168491	168492	4	0.2332
chr1	168507	168508	3	0.0832
chr1	168528	168529	4	0.1436
chr1	168565	168566	5	0.1191
chr1	168597	168598	3	0.1194
chr1	168634	168635	6	0.1467
chr1	168660	168661	2	0.1551
chr1	168686	168687	4	0.1227
chr1	168699	168700	6	0.0772
chr1	168789	168790	5	0.1201
chr1	168889	168890	4	0.2184
chr1	168989	168990	4	0.1323
chr1	169076	169077	5	0.2286
chr1	169136	169137	5	0.2093
chr1	169164	169165	5	0.1063
chr1	169176	169177	6	0.1589
chr1	169182	169183	3	0.3642
chr1	169210	169211	5	0.4473
chr1	169225	169226	3	0.5538
chr1	169241	169242	5	0.5143
chr1	169266	169267	4	0.4389
chr1	169282	169283	5	0.4778
chr1	169315	169316	6	0.6204
chr1	169336	169337	3	0.4318
chr1	169368	169369	2	0.5982
chr1	169388	169389	6	0.4741
chr1	169431	169432	5	0.5329
chr1	169468	169469	6	0.5096
chr1	169490	169491	3	0.214
chr1	169519	169520	6	0.4426
chr1	169569	169570	5	0.5623
chr1	169595	169596	5	0.5686
chr1	169637	169638	5	0.6543
chr1	169641	169642	4	0.3489
chr1	169707	169708	3	0.5607
chr1	169796	169797	3	0.5671
chr1	169883	169884	4	0.4957
chr1	169968	169969	3	0.325
chr1	170068	170069	3	0.5235
chr1	170128	170129	5	0.0106
chr1	170184	170185	4	0.0
chr1	170242	170243	5	0.2087
chr1	170264	170265	4	0.2304
chr1	170274	170275	4	0.1616
chr1	170279	170280	6	0.2628
chr1	170301	170302	4	0.468
chr1	170318	170319	5	0.6245
chr1	170336	170337	4	0.4492
chr1	170363	170364	6	0.4772
chr1	170413	170414	5	0.5539
chr1	170463	170464	4	0.4759
chr1	170507	170508	2	0.4027
chr1	170529	170530	2	0.4922
chr1	170554	170555	4	0.5888
chr1	170584	170585	4	0.5169
chr1	170602	170603	5	0.4261
chr1	170630	170631	4	0.4929
chr1	170656	170657	3	0.582
chr1	170701	170702	5	0.538
chr1	170740	170741	4	0.5034
chr1	170755	170756	2	0.5169
chr1	170778	170779	4	0.6441
chr1	170802	170803	5	0.5392
chr1	170823	170824	6	0.4827
chr1	170917	170918	2	0.5206
chr1	171017	171018	3	0.5362
chr1	171117	171118	4	0.5558
chr1	171188	171189	7	0.6228
chr1	171278	171279	4	0.635
chr1	171328	171329	6	0.5863
chr1	171378	171379	6	0.6095
chr1	171554	171555	7	0.9449
chr1	171590	171591	5	0.8621
chr1	171670	171671	5	0.7484
chr1	171802	171803	4	0.5556
chr1	171824	171825	4	0.8045
chr1	171849	171850	3	0.7875
chr1	171896	171897	7	0.7869
chr1	171939	171940	6	0.6608
chr1	171961	171962	5	0.6812
chr1	171978	171979	5	0.8099
chr1	172028	172029	5	0.7647
chr1	172078	172079	4	0.6945
chr1	172101	172102	4	0.6612
chr1	172123	172124	3	0.7324
chr1	172173	172174	5	0.7771
chr1	172206	172207	3	0.8217
chr1	172225	172226	4	0.7364
chr1	172275	172276	4	0.6224
chr1	172317	172318	4	0.8507
chr1	172337	172338	5	0.7811
chr1	172352	172353	6	0.6949
chr1	172362	172363	2	0.6601
chr1	172462	172463	5	0.7665
chr1	172562	172563	4	0.7431
chr1	172644	172645	6	0.6616
chr1	172730	172731	4	0.8148
chr1	172830	172831	4	0.7775
chr1	172836	172837	5	0.8181
chr1	172838	172839	6	0.894
chr1	172846	172847	4	0.7009
chr1	172870	172871	6	0.5547
chr1	172887	172888	6	0.7762
chr1	172937	172938	5	0.6584
chr1	172965	172966	4	0.6093
chr1	173001	173002	5	0.6174
chr1	173030	173031	4	0.6387
chr1	173075	173076	5	0.5987
chr1	173121	173122	6	0.6077
chr1	173142	173143	4	0.4482
chr1	173164	173165	4	0.5089
chr1	173200	173201	5	0.5491
chr1	173239	173240	4	0.6598
chr1	173275	173276	4	0.515
chr1	173313	173314	6	0.5408
chr1	173328	173329	4	0.6099
chr1	173354	173355	4	0.3991
chr1	173372	173373	4	0.4362
chr1	173374	173375	3	0.5916
chr1	173424	173425	5	0.5676
chr1	173524	173525	4	0.6816
chr1	173619	173620	5	0.5925
chr1	173669	173670	3	0.5218
chr1	173739	173740	4	0.5981
chr1	173839	173840	5	0.6766
chr1	173889	173890	4	0.6887
chr1	173897	173898	3	0.754
chr1	174011	174012	3	0.6962
chr1	174027	174028	6	0.5899
chr1	174091	174092	4	0.9085
chr1	174135	174136	4	0.8129
chr1	174223	174224	6	0.6226
chr1	174249	174250	3	0.6979
chr1	174283	174284	5	0.5842
chr1	174347	174348	4	0.642
chr1	174353	174354	3	0.5061
chr1	174376	174377	6	0.6715
chr1	174391	174392	2	0.6312
chr1	174434	174435	3	0.6763
chr1	174449	174450	5	0.718
chr1	174464	174465	5	0.5971
chr1	174503	174504	8	0.5886
chr1	174532	174533	3	0.6827
chr1	174548	174549	5	0.6964
chr1	174598	174599	4	0.5985
chr1	174648	174649	5	0.593
chr1	174698	174699	3	0.6318
chr1	174732	174733	5	0.624
chr1	174753	174754	6	0.4719
chr1	174798	174799	4	0.7468
chr1	174813	174814	3	0.6227
chr1	174843	174844	5	0.6127
chr1	174869	174870	6	0.6112
chr1	174918	174919	5	0.5431
chr1	175018	175019	3	0.6668
chr1	175083	175084	4	0.7128
chr1	175158	175159	5	0.5167
chr1	175258	175259	5	0.6645
chr1	175308	175309	6	0.5209
chr1	175408	175409	4	0.6157
chr1	175465	175466	3	0.6666
chr1	175539	175540	6	0.8719
chr1	175581	175582	5	0.9654
chr1	175607	175608	4	0.8121
chr1	175633	175634	3	0.7772
chr1	175719	175720	5	0.7925
chr1	175795	175796	5	1.0
chr1	175797	175798	4	0.6396
chr1	175889	175890	6	0.883
chr1	175915	175916	5	0.8966
chr1	175937	175938	7	0.7578
chr1	175944	175945	5	0.3704
chr1	175978	175979	6	0.4998
chr1	176006	176007	3	0.5551
chr1	176028	176029	2	0.3342
chr1	176043	176044	2	0.5438
chr1	176093	176094	5	0.4993
chr1	176130	176131	5	0.3063
chr1	176164	176165	4	0.5896
chr1	176195	176196	4	0.3233
chr1	176242	176243	4	0.2413
chr1	176271	176272	5	0.4709
chr1	176321	176322	5	0.42
chr1	176355	176356	5	0.5378
chr1	176367	176368	6	0.3295
chr1	176435	176436	5	0.4848
chr1	176503	176504	6	0.4168
chr1	176603	176604	3	0.3414
chr1	176703	176704	6	0.4359
chr1	176760	176761	6	0.3441
chr1	176786	176787	5	0.8334
chr1	176796	176797	5	0.9707
chr1	176846	176847	4	0.6315
chr1	177156	177157	7	0.8046
chr1	177182	177183	5	0.7875
chr1	177202	177203	4	0.8617
chr1	177224	177225	5	0.7829
chr1	177236	177237	6	0.7747
chr1	177262	177263	6	0.387
chr1	177283	177284	5	0.2646
chr1	177330	177331	3	0.0185
chr1	177362	177363	4	0.2823
chr1	177377	177378	5	0.0741
chr1	177395	177396	4	0.1771
chr1	177425	177426	5	0.3336
chr1	177440	177441	6	0.4469
chr1	177490	177491	5	0.1498
chr1	177540	177541	4	0.0
chr1	177590	177591	3	0.0
chr1	177608	177609	6	0.3272
chr1	177643	177644	5	0.445
chr1	177668	177669	5	0.0304
chr1	177688	177689	3	0.0586
chr1	177788	177789	4	0.3272
chr1	177856	177857	4	0.0764
chr1	177945	177946	6	0.0
chr1	178009	178010	6	0.3528
chr1	178109	178110	6	0.455
chr1	178117	178118	5	0.1682
chr1	178127	178128	1	0.1987
chr1	178145	178146	4	0.4974
chr1	178177	178178	4	0.4374
chr1	178221	178222	4	0.2282
chr1	178260	178261	5	0.2341
chr1	178292	178293	1	0.455
chr1	178320	178321	4	0.2412
chr1	178349	178350	4	0.1891
chr1	178383	178384	4	0.4611
chr1	178402	178403	4	0.453
chr1	178427	178428	6	0.3635
chr1	178446	178447	5	0.4109
chr1	178489	178490	4	0.3434
chr1	178539	178540	4	0.4432
chr1	178589	178590	6	0.5264
chr1	178608	178609	4	0.3835
chr1	178640	178641	5	0.3988
chr1	178690	178691	5	0.2161
chr1	178790	178791	5	0.2494
chr1	178890	178891	4	0.4662
chr1	178990	178991	6	0.2196
chr1	179090	179091	3	0.2299
chr1	179140	179141	4	0.2476
chr1	179214	179215	6	0.7903
chr1	179266	179267	5	0.8045
chr1	179458	179459	6	0.8481
chr1	179526	179527	4	0.6752
chr1	179590	179591	4	0.7068
chr1	179623	179624	6	0.3672
chr1	179653	179654	4	0.6683
chr1	179690	179691	6	0.4896
chr1	179734	179735	4	0.55
chr1	179753	179754	5	0.5443
chr1	179776	179777	3	0.5766
chr1	179824	179825	5	0.5445
chr1	179856	179857	4	0.6587
chr1	179881	179882	4	0.4664
chr1	179931	179932	6	0.6698
chr1	179980	179981	4	0.6805
chr1	180004	180005	3	0.5323
chr1	180031	180032	4	0.5773
chr1	180081	180082	3	0.6233
chr1	180110	180111	6	0.6476
chr1	180133	180134	6	0.4794
chr1	180233	180234	4	0.588
chr1	180333	180334	4	0.5622
chr1	180433	180434	4	0.7246
chr1	180533	180534	4	0.6395
chr1	180633	180634	3	0.5393
chr1	180671	180672	5	0.6821
chr1	180719	180720	5	0.6143
chr1	180747	180748	7	0.6916
chr1	180792	180793	3	0.674
chr1	180810	180811	5	0.5332
chr1	180830	180831	4	0.7261
chr1	180851	180852	5	0.617
chr1	180884	180885	4	0.6255
chr1	180905	180906	5	0.7176
chr1	180920	180921	4	0.7322
chr1	180947	180948	5	0.6082
chr1	180997	180998	2	0.7455
chr1	181012	181013	6	0.804
chr1	181027	181028	5	0.3682
chr1	181077	181078	2	0.769
chr1	181115	181116	4	0.7088
chr1	181165	181166	5	0.6759
chr1	181187	181188	4	0.649
chr1	181202	181203	3	0.4889
chr1	181227	181228	7	0.5338
chr1	181256	181257	4	0.5315
chr1	181309	181310	5	0.6924
chr1	181409	181410	4	0.4735
chr1	181509	181510	3	0.5602
chr1	181594	181595	3	0.6655
chr1	181644	181645	4	0.5973
chr1	181744	181745	3	0.7181
chr1	181778	181779	5	0.6577
chr1	181792	181793	4	0.6808
chr1	181799	181800	3	0.3375
chr1	181821	181822	4	0.3766
chr1	181844	181845	5	0.4288
chr1	181886	181887	4	0.4805
chr1	181927	181928	5	0.5121
chr1	181947	181948	3	0.5914
chr1	181982	181983	5	0.2189
chr1	181997	181998	5	0.5112
chr1	182012	182013	4	0.3972
chr1	182037	182038	5	0.4506
chr1	182057	182058	4	0.4491
chr1	182075	182076	7	0.5079
chr1	182112	182113	4	0.4148
chr1	182133	182134	6	0.5672
chr1	182158	182159	5	0.1963
chr1	182177	182178	5	0.3531
chr1	182195	182196	7	0.315
chr1	182228	182229	5	0.3865
chr1	182312	182313	4	0.5612
chr1	182400	182401	7	0.2847
chr1	182450	182451	5	0.381
chr1	182550	182551	6	0.3809
chr1	182650	182651	4	0.4177
chr1	182758	182759	4	0.9527
chr1	182760	182761	4	0.8745
chr1	182876	182877	4	0.6736
chr1	182880	182881	4	0.8301
chr1	183020	183021	4	0.8764
chr1	183022	183023	4	0.7092
chr1	183090	183091	6	0.7461
chr1	183123	183124	4	0.5709
chr1	183162	183163	5	0.4651
chr1	183180	183181	5	0.5841
chr1	183198	183199	6	0.5591
chr1	183225	183226	5	0.5893
chr1	183254	183255	7	0.6065
chr1	183284	183285	5	0.6138
chr1	183326	183327	4	0.6737
chr1	183360	183361	6	0.7419
chr1	183396	183397	4	0.6483
chr1	183425	183426	5	0.7631
chr1	183461	183462	6	0.6595
chr1	183511	183512	3	0.7829
chr1	183544	183545	4	0.725
chr1	183566	183567	4	0.7227
chr1	183646	183647	6	0.5429
chr1	183728	183729	3	0.519
chr1	183778	183779	5	0.5841
chr1	183863	183864	5	0.6787
chr1	183913	183914	6	0.6387
chr1	183998	183999	4	0.5667
chr1	184082	184083	7	0.4922
chr1	184124	184125	4	0.3804
chr1	184156	184157	5	0.4238
chr1	184175	184176	4	0.5931
chr1	184193	184194	4	0.7265
chr1	184243	184244	4	0.6831
chr1	184267	184268	5	0.5797
chr1	184284	184285	5	0.4445
chr1	184316	184317	5	0.5431
chr1	184341	184342	6	0.4131
chr1	184371	184372	5	0.7718
chr1	184404	184405	7	0.4269
chr1	184454	184455	5	0.4956
chr1	184490	184491	5	0.6945
chr1	184540	184541	4	0.5636
chr1	184590	184591	5	0.2811
chr1	184657	184658	5	0.4885
chr1	184757	184758	4	0.6548
chr1	184807	184808	5	0.7287
chr1	184887	184888	4	0.4215
chr1	184990	184991	5	0.6178
chr1	185054	185055	4	0.606
chr1	185078	185079	4	0.7073
chr1	185128	185129	3	0.5939
chr1	185153	185154	6	0.7593
chr1	185194	185195	4	0.588
chr1	185244	185245	5	0.5692
chr1	185294	185295	5	0.6336
chr1	185344	185345	5	0.6033
chr1	185368	185369	4	0.7274
chr1	185415	185416	6	0.6479
chr1	185436	185437	5	0.5205
chr1	185486	185487	6	0.7542
chr1	185505	185506	4	0.5866
chr1	185543	185544	4	0.7057
chr1	185568	185569	5	0.6691
chr1	185589	185590	4	0.6625
chr1	185627	185628	3	0.6366
chr1	185635	185636	5	0.6655
chr1	185735	185736	4	0.6572
chr1	185835	185836	5	0.8183
chr1	185888	185889	6	0.4966
chr1	185988	185989	4	0.5776
chr1	186088	186089	7	0.5007
chr1	186188	186189	3	0.749
chr1	186212	186213	5	0.5994
chr1	186257	186258	5	0.193
chr1	186289	186290	6	0.0985
chr1	186329	186330	5	0.3057
chr1	186358	186359	6	0.3949
chr1	186408	186409	4	0.302
chr1	186430	186431	4	0.2753
chr1	186460	186461	3	0.1766
chr1	186510	186511	6	0.3589
chr1	186529	186530	6	0.3939
chr1	186544	186545	4	0.257
chr1	186579	186580	4	0.1943
chr1	186611	186612	4	0.2536
chr1	186637	186638	3	0.4423
chr1	186670	186671	4	0.1995
chr1	186694	186695	6	0.1267
chr1	186710	186711	6	0.2629
chr1	186760	186761	5	0.1537
chr1	186794	186795	4	0.2529
chr1	186844	186845	3	0.3034
chr1	186876	186877	5	0.3545
chr1	186972	186973	4	0.2219
chr1	187072	187073	5	0.3339
chr1	187172	187173	5	0.3228
chr1	187272	187273	6	0.3561
chr1	187322	187323	3	0.3343
chr1	187395	187396	4	0.2638
chr1	187495	187496	5	0.3058
chr1	187527	187528	5	0.1036
chr1	187543	187544	5	0.6765
chr1	187573	187574	4	0.6677
chr1	187611	187612	6	0.5287
chr1	187637	187638	5	0.4833
chr1	187687	187688	4	0.5409
chr1	187714	187715	6	0.5074
chr1	187757	187758	4	0.7249
chr1	187777	187778	6	0.6403
chr1	187792	187793	4	0.4292
chr1	187814	187815	5	0.6283
chr1	187864	187865	4	0.7517
chr1	187889	187890	5	0.6681
chr1	187909	187910	5	0.6501
chr1	187930	187931	4	0.5727
chr1	187958	187959	4	0.645
chr1	187986	187987	5	0.6397
chr1	188027	188028	5	0.6932
chr1	188050	188051	3	0.5042
chr1	188100	188101	5	0.63
chr1	188200	188201	5	0.5798
chr1	188287	188288	4	0.7722
chr1	188341	188342	3	0.5775
chr1	188391	188392	4	0.6365
chr1	188457	188458	4	0.6887
chr1	188557	188558	4	0.6542
chr1	188577	188578	5	0.469
chr1	188612	188613	4	0.0958
chr1	188662	188663	5	0.1781
chr1	188712	188713	5	0.257
chr1	188741	188742	6	0.005
chr1	188764	188765	6	0.0585
chr1	188800	188801	4	0.1171
chr1	188828	188829	6	0.0739
chr1	188860	188861	6	0.1684
chr1	188910	188911	4	0.2934
chr1	188939	188940	5	0.0425
chr1	188958	188959	5	0.0741
chr1	188973	188974	5	0.0969
chr1	189023	189024	4	0.1073
chr1	189045	189046	4	0.1378
chr1	189082	189083	4	0.0367
chr1	189107	189108	4	0.3496
chr1	189157	189158	3	0.0
chr1	189257	189258	3	0.123
chr1	189357	189358	3	0.1305
chr1	189418	189419	3	0.0481
chr1	189468	189469	4	0.1263
chr1	189536	189537	5	0.117
chr1	189540	189541	4	0.0696
chr1	189547	189548	5	0.5663
chr1	189566	189567	5	0.3716
chr1	189604	189605	4	0.3793
chr1	189638	189639	4	0.507
chr1	189688	189689	4	0.469
chr1	189738	189739	6	0.5004
chr1	189772	189773	5	0.4055
chr1	189787	189788	5	0.3818
chr1	189823	189824	3	0.3791
chr1	189860	189861	5	0.2151
chr1	189887	189888	4	0.5363
chr1	189904	189905	6	0.1802
chr1	189924	189925	4	0.3673
chr1	189974	189975	2	0.3691
chr1	190024	190025	4	0.4722
chr1	190035	190036	4	0.5793
chr1	190135	190136	4	0.4624
chr1	190191	190192	2	0.3845
chr1	190243	190244	3	0.5177
chr1	190314	190315	3	0.5483
chr1	190414	190415	3	0.454
chr1	190514	190515	4	0.6112
chr1	190546	190547	4	0.763
chr1	190642	190643	6	0.7575
chr1	190656	190657	5	0.5908
chr1	190658	190659	5	0.6128
chr1	190696	190697	4	0.8487
chr1	190772	190773	5	0.7811
chr1	190836	190837	5	0.8333
chr1	190848	190849	3	0.7635
chr1	190861	190862	3	0.1929
chr1	190876	190877	5	0.1205
chr1	190905	190906	7	0.0396
chr1	190953	190954	3	0.1803
chr1	191000	191001	4	0.0447
chr1	191033	191034	4	0.1004
chr1	191083	191084	5	0.0521
chr1	191133	191134	5	0.2267
chr1	191178	191179	6	0.0
chr1	191222	191223	5	0.0975
chr1	191237	191238	4	0.0383
chr1	191277	191278	6	0.2667
chr1	191295	191296	4	0.1157
chr1	191317	191318	3	0.017
chr1	191412	191413	5	0.1215
chr1	191512	191513	5	0.1059
chr1	191612	191613	5	0.0938
chr1	191662	191663	5	0.0028
chr1	191712	191713	4	0.012
chr1	191724	191725	4	0.0216
chr1	191771	191772	5	0.6374
chr1	191786	191787	5	0.7128
chr1	191811	191812	4	0.7679
chr1	191841	191842	5	0.7017
chr1	191872	191873	5	0.8345
chr1	191905	191906	4	0.7339
chr1	191943	191944	5	0.7347
chr1	191969	191970	7	0.6361
chr1	191996	191997	5	0.7093
chr1	192046	192047	5	0.6335
chr1	192076	192077	6	0.6955
chr1	192104	192105	2	0.7666
chr1	192120	192121	5	0.9481
chr1	192135	192136	4	0.8782
chr1	192185	192186	6	0.8993
chr1	192200	192201	5	0.7477
chr1	192215	192216	5	0.9106
chr1	192256	192257	5	0.9978
chr1	192263	192264	4	0.7885
chr1	192363	192364	6	0.7639
chr1	192431	192432	5	0.7733
chr1	192531	192532	4	0.8325
chr1	192631	192632	4	0.8058
chr1	192706	192707	4	0.6198
chr1	192782	192783	5	0.9536
chr1	192787	192788	4	0.5019
chr1	192802	192803	4	0.6379
chr1	192826	192827	5	0.567
chr1	192876	192877	5	0.4158
chr1	192895	192896	4	0.4734
chr1	192929	192930	7	0.5177
chr1	192944	192945	5	0.3425
chr1	192969	192970	5	0.6103
chr1	192989	192990	5	0.4624
chr1	193039	193040	5	0.5532
chr1	193054	193055	5	0.5613
chr1	193072	193073	5	0.4287
chr1	193091	193092	5	0.458
chr1	193140	193141	6	0.3928
chr1	193157	193158	4	0.5549
chr1	193205	193206	4	0.5339
chr1	193235	193236	5	0.5285
chr1	193278	193279	4	0.4976
chr1	193283	193284	4	0.5415
chr1	193383	193384	4	0.5714
chr1	193483	193484	3	0.3622
chr1	193583	193584	4	0.5771
chr1	193633	193634	6	0.5961
chr1	193708	193709	4	0.4599
chr1	193734	193735	4	0.8481
chr1	193740	193741	5	0.9257
chr1	193790	193791	5	0.9001
chr1	193838	193839	5	0.6186
chr1	193846	193847	6	0.8467
chr1	194002	194003	5	0.7678
chr1	194008	194009	4	0.6396
chr1	194140	194141	4	0.8607
chr1	194200	194201	5	0.7781
chr1	194231	194232	3	0.7683
chr1	194281	194282	2	0.5781
chr1	194303	194304	4	0.7165
chr1	194342	194343	4	0.9303
chr1	194357	194358	4	0.8897
chr1	194372	194373	6	0.8463
chr1	194415	194416	5	0.7785
chr1	194440	194441	4	0.5607
chr1	194463	194464	3	0.7148
chr1	194495	194496	6	1.0
chr1	194524	194525	5	0.8363
chr1	194553	194554	3	0.4759
chr1	194568	194569	5	0.6006
chr1	194583	194584	3	0.738
chr1	194615	194616	6	0.9858
chr1	194632	194633	5	0.5434
chr1	194659	194660	4	0.6446
chr1	194674	194675	3	0.6304
chr1	194693	194694	6	0.7984
chr1	194718	194719	5	0.8051
chr1	194818	194819	4	0.9029
chr1	194896	194897	6	0.4564
chr1	194970	194971	4	0.8768
chr1	195020	195021	5	0.9373
chr1	195120	195121	5	0.7614
chr1	195226	195227	6	0.8576
chr1	195234	195235	4	0.2995
chr1	195284	195285	3	0.3558
chr1	195334	195335	4	0.4935
chr1	195370	195371	5	0.3586
chr1	195400	195401	6	0.3502
chr1	195415	195416	4	0.3178
chr1	195444	195445	5	0.3942
chr1	195469	195470	5	0.3514
chr1	195511	195512	4	0.1807
chr1	195526	195527	4	0.4155
chr1	195551	195552	4	0.2955
chr1	195583	195584	4	0.69
chr1	195624	195625	2	0.2345
chr1	195674	195675	3	0.3351
chr1	195721	195722	3	0.2884
chr1	195742	195743	4	0.4978
chr1	195842	195843	4	0.3712
chr1	195942	195943	3	0.4125
chr1	195992	195993	2	0.3574
chr1	196055	196056	4	0.382
chr1	196155	196156	5	0.2288
chr1	196246	196247	4	0.4439
chr1	196302	196303	4	0.6436
chr1	196314	196315	3	0.5864
chr1	196332	196333	5	0.4991
chr1	196412	196413	5	0.6663
chr1	196522	196523	5	0.6349
chr1	196580	196581	5	0.4443
chr1	196614	196615	2	0.5618
chr1	196636	196637	5	0.6692
chr1	196684	196685	4	0.8502
chr1	196711	196712	4	0.814
chr1	196734	196735	4	0.8351
chr1	196783	196784	6	0.7596
chr1	196806	196807	6	0.8084
chr1	196828	196829	5	0.9396
chr1	196859	196860	4	0.8848
chr1	196898	196899	3	0.7507
chr1	196932	196933	4	0.7651
chr1	196964	196965	5	0.8176
chr1	196991	196992	6	0.829
chr1	197007	197008	5	0.8394
chr1	197024	197025	2	0.6535
chr1	197058	197059	4	0.8726
chr1	197097	197098	3	1.0
chr1	197138	197139	2	0.9381
chr1	197146	197147	4	0.8332
chr1	197218	197219	5	0.7207
chr1	197316	197317	4	0.93
chr1	197371	197372	5	0.8129
chr1	197471	197472	4	0.8893
chr1	197569	197570	5	1.0
chr1	197605	197606	4	0.8892
chr1	197623	197624	5	0.6065
chr1	197644	197645	5	0.8359
chr1	197667	197668	5	0.8708
chr1	197706	197707	5	0.6985
chr1	197739	197740	5	0.8951
chr1	197788	197789	6	1.0
chr1	197819	197820	6	0.8372
chr1	197869	197870	5	0.7956
chr1	197907	197908	4	0.7237
chr1	197944	197945	5	0.6976
chr1	197994	197995	3	0.7727
chr1	198021	198022	4	0.9065
chr1	198071	198072	4	0.68
chr1	198086	198087	4	0.7738
chr1	198110	198111	6	0.7113
chr1	198125	198126	4	0.8085
chr1	198175	198176	5	0.8567
chr1	198195	198196	5	0.7886
chr1	198197	198198	5	0.8613
chr1	198297	198298	5	0.7757
chr1	198397	198398	6	0.82
chr1	198497	198498	4	0.9419
chr1	198597	198598	5	0.8264
chr1	198674	198675	5	0.9597
chr1	198716	198717	3	0.8347
chr1	198762	198763	5	0.6255
chr1	198812	198813	6	0.7092
chr1	198831	198832	3	0.4763
chr1	198862	198863	5	0.6347
chr1	198891	198892	5	0.6225
chr1	198931	198932	3	0.6811
chr1	198981	198982	3	0.6768
chr1	199010	199011	6	0.7635
chr1	199027	199028	4	0.6725
chr1	199055	199056	5	0.7378
chr1	199089	199090	4	0.6063
chr1	199108	199109	4	0.8133
chr1	199135	199136	5	0.6958
chr1	199176	199177	4	0.541
chr1	199202	199203	4	0.698
chr1	199237	199238	4	0.7999
chr1	199251	199252	4	0.7104
chr1	199351	199352	4	0.6356
chr1	199405	199406	4	0.5269
chr1	199503	199504	5	0.7597
chr1	199603	199604	3	0.7595
chr1	199653	199654	4	0.5869
chr1	199673	199674	5	0.6563
chr1	199685	199686	6	0.8548
chr1	199701	199702	4	0.096
chr1	199716	199717	4	0.0406
chr1	199739	199740	5	0.1152
chr1	199770	199771	5	0.2689
chr1	199785	199786	5	0.159
chr1	199813	199814	3	0.1591
chr1	199845	199846	6	0.1752
chr1	199865	199866	5	0.1793
chr1	199895	199896	3	0.1683
chr1	199942	199943	5	0.0
chr1	199959	199960	3	0.2509
chr1	199982	199983	4	0.1769
chr1	200000	200001	6	0.3525
chr1	200025	200026	5	0.1633
chr1	200053	200054	5	0.2494
chr1	200091	200092	5	0.0433
chr1	200128	200129	4	0.0749
chr1	200163	200164	5	0.17
chr1	200184	200185	4	0.1642
chr1	200284	200285	5	0.092
chr1	200356	200357	4	0.124
chr1	200406	200407	5	0.1077
chr1	200506	200507	5	0.1301
chr1	200606	200607	7	0.1897
chr1	200646	200647	6	0.1213
chr1	200691	200692	4	0.6692
chr1	200728	200729	3	0.4522
chr1	200748	200749	6	0.4159
chr1	200764	200765	4	0.5579
chr1	200810	200811	3	0.633
chr1	200858	200859	5	0.5742
chr1	200887	200888	6	0.6123
chr1	200906	200907	3	0.447
chr1	200946	200947	6	0.5066
chr1	200995	200996	5	0.6675
chr1	201036	201037	5	0.5755
chr1	201051	201052	6	0.5531
chr1	201066	201067	3	0.4509
chr1	201116	201117	3	0.6198
chr1	201132	201133	4	0.6592
chr1	201156	201157	5	0.6373
chr1	201164	201165	5	0.4827
chr1	201253	201254	5	0.4846
chr1	201353	201354	4	0.6754
chr1	201410	201411	4	0.5696
chr1	201486	201487	5	0.6776
chr1	201586	201587	2	0.6868
chr1	201630	201631	4	0.5486
chr1	201676	201677	5	0.2716
chr1	201692	201693	4	0.2567
chr1	201724	201725	4	0.2613
chr1	201760	201761	7	0.7925
chr1	201810	201811	3	0.7154
chr1	201839	201840	3	0.834
chr1	201873	201874	3	0.734
chr1	201895	201896	4	0.4747
chr1	201945	201946	4	0.824
chr1	201988	201989	5	0.037
chr1	202013	202014	5	0.6607
chr1	202043	202044	5	0.2288
chr1	202061	202062	5	0.832
chr1	202097	202098	4	0.3776
chr1	202107	202108	2	0.1472
chr1	202204	202205	5	0.006
chr1	202304	202305	4	0.2647
chr1	202372	202373	6	0.7626
chr1	202463	202464	5	0.73
chr1	202523	202524	5	0.839
chr1	202565	202566	4	0.558
chr1	202603	202604	4	0.8859
chr1	202653	202654	5	0.5687
chr1	202703	202704	7	0.8215
chr1	202753	202754	5	0.7735
chr1	202785	202786	4	0.7969
chr1	202807	202808	5	0.6866
chr1	202827	202828	4	0.7702
chr1	202857	202858	4	0.7872
chr1	202872	202873	4	0.6117
chr1	202915	202916	6	0.8029
chr1	202930	202931	4	0.8444
chr1	202955	202956	5	0.7241
chr1	202976	202977	3	0.8995
chr1	203026	203027	3	0.6645
chr1	203041	203042	5	0.6693
chr1	203058	203059	6	0.7538
chr1	203094	203095	4	0.6463
chr1	203125	203126	4	0.6864
chr1	203145	203146	4	0.7108
chr1	203245	203246	3	0.5935
chr1	203345	203346	5	0.6907
chr1	203445	203446	4	0.8249
chr1	203511	203512	4	0.8813
chr1	203611	203612	6	0.8593
chr1	203643	203644	5	0.7492
chr1	203695	203696	4	0.7702
chr1	203702	203703	6	0.6444
chr1	203735	203736	4	0.6496
chr1	203752	203753	5	0.5357
chr1	203785	203786	5	0.4849
chr1	203801	203802	5	0.6248
chr1	203826	203827	4	0.3874
chr1	203854	203855	6	0.7594
chr1	203875	203876	4	0.6235
chr1	203897	203898	3	0.656
chr1	203917	203918	5	0.5132
chr1	203935	203936	5	0.5291
chr1	203972	203973	3	0.4756
chr1	204013	204014	5	0.7311
chr1	204063	204064	6	0.6759
chr1	204092	204093	6	0.6638
chr1	204107	204108	5	0.6444
chr1	204154	204155	6	0.6891
chr1	204169	204170	2	0.4581
chr1	204194	204195	5	0.5791
chr1	204285	204286	4	0.6268
chr1	204385	204386	4	0.6187
chr1	204485	204486	4	0.6532
chr1	204585	204586	4	0.4843
chr1	204635	204636	7	0.7654
chr1	204837	204838	5	1.0
chr1	204839	204840	5	0.9165
chr1	204845	204846	4	0.793
chr1	204961	204962	4	0.8711
chr1	204963	204964	4	0.717
chr1	205077	205078	5	0.774
chr1	205113	205114	4	0.7843
chr1	205160	205161	4	0.762
chr1	205210	205211	5	0.4754
chr1	205249	205250	2	0.6207
chr1	205272	205273	7	0.6791
chr1	205314	205315	6	0.7963
chr1	205349	205350	5	0.4718
chr1	205399	205400	3	0.7584
chr1	205424	205425	4	0.5965
chr1	205467	205468	4	0.5842
chr1	205500	205501	5	0.6431
chr1	205550	205551	4	0.6711
chr1	205585	205586	5	0.7673
chr1	205600	205601	4	0.5539
chr1	205636	205637	5	0.8132
chr1	205736	205737	4	0.7213
chr1	205836	205837	4	0.5457
chr1	205894	205895	4	0.6035
chr1	205994	205995	6	0.564
chr1	206077	206078	5	0.7621
chr1	206145	206146	4	0.8334
chr1	206151	206152	5	0.5557
chr1	206197	206198	5	0.6835
chr1	206247	206248	6	0.7235
chr1	206297	206298	4	0.8473
chr1	206322	206323	4	0.762
chr1	206338	206339	7	0.6882
chr1	206379	206380	4	0.8269
chr1	206401	206402	4	0.9697
chr1	206447	206448	5	0.7188
chr1	206478	206479	6	0.6375
chr1	206516	206517	4	0.6064
chr1	206553	206554	4	0.6134
chr1	206603	206604	4	0.5639
chr1	206619	206620	4	0.797
chr1	206626	206627	6	0.7071
chr1	206726	206727	3	0.9222
chr1	206806	206807	4	0.907
chr1	206877	206878	4	0.7852
chr1	206961	206962	3	0.813
chr1	207001	207002	4	0.8702
chr1	207020	207021	5	0.0761
chr1	207070	207071	5	0.0414
chr1	207085	207086	3	0.0
chr1	207125	207126	4	0.1841
chr1	207145	207146	5	0.2523
chr1	207172	207173	6	0.0734
chr1	207205	207206	5	0.1789
chr1	207232	207233	6	0.0
chr1	207263	207264	5	0.1267
chr1	207313	207314	6	0.0936
chr1	207336	207337	5	0.0
chr1	207352	207353	4	0.0678
chr1	207369	207370	4	0.0121
chr1	207384	207385	3	0.2515
chr1	207417	207418	5	0.1227
chr1	207462	207463	4	0.1133
chr1	207470	207471	5	0.1627
chr1	207520	207521	6	0.0587
chr1	207615	207616	4	0.041
chr1	207715	207716	6	0.1396
chr1	207815	207816	5	0.037
chr1	207867	207868	6	0.128
chr1	207881	207882	4	0.1484
chr1	207895	207896	4	0.6054
chr1	207929	207930	4	0.6256
chr1	207973	207974	7	0.6058
chr1	208023	208024	5	0.7329
chr1	208050	208051	5	0.4648
chr1	208087	208088	3	0.5374
chr1	208102	208103	5	0.5734
chr1	208133	208134	5	0.5577
chr1	208162	208163	4	0.5316
chr1	208183	208184	4	0.5335
chr1	208206	208207	5	0.4281
chr1	208256	208257	5	0.5136
chr1	208283	208284	4	0.685
chr1	208326	208327	4	0.4573
chr1	208343	208344	5	0.5651
chr1	208358	208359	4	0.5472
chr1	208389	208390	6	0.5108
chr1	208489	208490	5	0.3609
chr1	208583	208584	4	0.5854
chr1	208683	208684	4	0.5427
chr1	208733	208734	6	0.4813
chr1	208833	208834	5	0.5722
chr1	208919	208920	5	0.6181
chr1	208960	208961	4	0.1646
chr1	209010	209011	6	0.1826
chr1	209038	209039	3	0.2173
chr1	209088	209089	4	0.1576
chr1	209138	209139	5	0.3836
chr1	209166	209167	4	0.3135
chr1	209191	209192	4	0.3499
chr1	209221	209222	6	0.1877
chr1	209271	209272	5	0.2569
chr1	209321	209322	3	0.2223
chr1	209361	209362	5	0.1688
chr1	209391	209392	3	0.3489
chr1	209427	209428	5	0.0449
chr1	209501	209502	5	0.2265
chr1	209601	209602	6	0.0771
chr1	209701	209702	5	0.2554
chr1	209755	209756	5	0.1545
chr1	209805	209806	4	0.2257
chr1	209819	209820	4	0.1018
chr1	209867	209868	5	0.2497
chr1	209914	209915	5	0.1953
chr1	209945	209946	5	0.3171
chr1	209973	209974	5	0.1605
chr1	210023	210024	5	0.2431
chr1	210073	210074	4	0.2321
chr1	210094	210095	5	0.2706
chr1	210115	210116	4	0.2116
chr1	210151	210152	5	0.1568
chr1	210196	210197	4	0.2958
chr1	210246	210247	5	0.3427
chr1	210271	210272	5	0.3254
chr1	210296	210297	5	0.1762
chr1	210331	210332	7	0.4225
chr1	210355	210356	5	0.2749
chr1	210378	210379	5	0.3277
chr1	210389	210390	3	0.2245
chr1	210473	210474	4	0.0677
chr1	210573	210574	5	0.1345
chr1	210673	210674	6	0.1724
chr1	210773	210774	4	0.0828
chr1	210799	210800	3	0.2248
chr1	210823	210824	4	0.2631
chr1	210837	210838	6	0.8113
chr1	210856	210857	4	0.7753
chr1	210871	210872	6	0.7406
chr1	210898	210899	4	0.9468
chr1	210918	210919	4	0.833
chr1	210968	210969	2	0.7483
chr1	211015	211016	7	0.6354
chr1	211065	211066	4	0.8701
chr1	211096	211097	3	0.8526
chr1	211135	211136	5	0.8108
chr1	211152	211153	4	0.7057
chr1	211176	211177	5	0.7208
chr1	211191	211192	5	0.9139
chr1	211215	211216	5	0.6305
chr1	211230	211231	4	0.7347
chr1	211261	211262	4	0.8465
chr1	211277	211278	6	0.7622
chr1	211300	211301	5	0.7501
chr1	211315	211316	4	0.9061
chr1	211318	211319	3	0.7061
chr1	211406	211407	4	0.7909
chr1	211506	211507	5	0.8149
chr1	211570	211571	4	0.853
chr1	211670	211671	4	0.7524
chr1	211757	211758	4	0.6949
chr1	211791	211792	7	0.8375
chr1	211803	211804	5	0.6894
chr1	211818	211819	5	0.654
chr1	211866	211867	5	0.6674
chr1	211902	211903	5	0.6951
chr1	211923	211924	4	0.6638
chr1	211938	211939	5	0.7641
chr1	211988	211989	6	0.6453
chr1	212034	212035	4	0.6603
chr1	212053	212054	5	0.8607
chr1	212081	212082	6	0.7005
chr1	212116	212117	5	0.8507
chr1	212146	212147	4	0.789
chr1	212178	212179	3	0.7596
chr1	212212	212213	4	0.799
chr1	212231	212232	5	0.7182
chr1	212257	212258	4	0.7633
chr1	212281	212282	2	0.8974
chr1	212356	212357	3	0.6508
chr1	212456	212457	6	0.6833
chr1	212556	212557	4	0.7572
chr1	212616	212617	6	0.6739
chr1	212670	212671	5	0.7666
chr1	212725	212726	5	0.8513
chr1	212743	212744	4	0.507
chr1	212773	212774	3	0.8484
chr1	212800	212801	4	0.296
chr1	212823	212824	4	0.3285
chr1	212843	212844	6	0.0622
chr1	212889	212890	7	0.1975
chr1	212905	212906	4	0.2917
chr1	212926	212927	4	0.3777
chr1	212972	212973	5	0.2818
chr1	212999	213000	4	0.3261
chr1	213023	213024	6	0.2597
chr1	213048	213049	4	0.2446
chr1	213068	213069	5	0.4222
chr1	213118	213119	3	0.3864
chr1	213133	213134	4	0.2027
chr1	213179	213180	4	0.3345
chr1	213200	213201	6	0.2097
chr1	213220	213221	3	0.2527
chr1	213259	213260	4	0.1943
chr1	213283	213284	4	0.3087
chr1	213303	213304	4	0.1805
chr1	213318	213319	4	0.1899
chr1	213327	213328	4	0.0662
chr1	213377	213378	3	0.2662
chr1	213427	213428	4	0.2376
chr1	213527	213528	4	0.2514
chr1	213585	213586	4	0.1661
chr1	213636	213637	5	0.1391
chr1	213736	213737	5	0.1092
chr1	213836	213837	7	0.1412
chr1	213870	213871	4	0.0833
chr1	213913	213914	4	0.6713
chr1	213961	213962	6	0.7551
chr1	214011	214012	4	0.7799
chr1	214058	214059	5	0.659
chr1	214095	214096	4	0.5913
chr1	214114	214115	3	0.5624
chr1	214140	214141	5	0.6429
chr1	214164	214165	5	0.5777
chr1	214205	214206	4	0.5703
chr1	214235	214236	4	0.7144
chr1	214272	214273	3	0.6347
chr1	214311	214312	5	0.6848
chr1	214411	214412	5	0.6756
chr1	214511	214512	5	0.5885
chr1	214611	214612	4	0.6517
chr1	214643	214644	5	0.7768
chr1	214691	214692	6	0.7546
chr1	214730	214731	5	0.7827
chr1	214780	214781	5	0.7374
chr1	214830	214831	6	0.7093
chr1	214866	214867	6	0.6714
chr1	214899	214900	2	0.537
chr1	214949	214950	6	0.7808
chr1	214984	214985	4	0.7338
chr1	215015	215016	4	0.6035
chr1	215046	215047	6	0.7102
chr1	215096	215097	4	0.7693
chr1	215117	215118	5	0.6932
chr1	215137	215138	5	0.8076
chr1	215152	215153	5	0.7222
chr1	215161	215162	5	0.6446
chr1	215261	215262	5	0.5526
chr1	215361	215362	7	0.6259
chr1	215411	215412	2	0.6142
chr1	215511	215512	4	0.6691
chr1	215602	215603	3	0.5856
chr1	215608	215609	4	0.7042
chr1	215644	215645	5	0.9171
chr1	215671	215672	5	0.1548
chr1	215721	215722	5	0.1208
chr1	215738	215739	4	0.0651
chr1	215782	215783	7	0.099
chr1	215811	215812	6	0.0211
chr1	215830	215831	8	0.0662
chr1	215859	215860	5	0.1153
chr1	215909	215910	6	0.0
chr1	215931	215932	3	0.0981
chr1	215947	215948	3	0.2053
chr1	215981	215982	3	0.0705
chr1	216002	216003	5	0.0233
chr1	216029	216030	5	0.0408
chr1	216079	216080	5	0.152
chr1	216129	216130	5	0.0763
chr1	216154	216155	4	0.0248
chr1	216183	216184	5	0.116
chr1	216216	216217	5	0.0337
chr1	216227	216228	6	0.0789
chr1	216327	216328	4	0.1906
chr1	216427	216428	5	0.0945
chr1	216527	216528	4	0.0979
chr1	216578	216579	5	0.122
chr1	216678	216679	6	0.0
chr1	216778	216779	5	0.137
chr1	216804	216805	5	0.1358
chr1	216842	216843	5	0.0453
chr1	216881	216882	4	0.8191
chr1	216929	216930	4	0.6125
chr1	216950	216951	5	0.7958
chr1	216965	216966	4	0.7039
chr1	217001	217002	5	0.6619
chr1	217043	217044	5	0.687
chr1	217090	217091	4	0.5183
chr1	217109	217110	6	0.6441
chr1	217142	217143	6	0.5777
chr1	217186	217187	4	0.6809
chr1	217223	217224	4	0.7532
chr1	217268	217269	5	0.5422
chr1	217301	217302	3	0.6408
chr1	217336	217337	5	0.7777
chr1	217367	217368	3	0.7537
chr1	217383	217384	3	0.6206
chr1	217483	217484	6	0.7714
chr1	217583	217584	4	0.6945
chr1	217656	217657	4	0.5458
chr1	217706	217707	3	0.5626
chr1	217806	217807	6	0.6308
chr1	217866	217867	4	0.773
chr1	217892	217893	4	0.8824
chr1	217929	217930	6	0.6815
chr1	217957	217958	4	0.7754
chr1	218007	218008	3	0.8728
chr1	218057	218058	5	0.8801
chr1	218086	218087	5	0.8176
chr1	218113	218114	5	0.5854
chr1	218140	218141	5	0.5793
chr1	218167	218168	4	0.6826
chr1	218214	218215	4	0.7257
chr1	218248	218249	4	0.8584
chr1	218263	218264	3	0.7911
chr1	218278	218279	4	0.5743
chr1	218296	218297	5	0.7921
chr1	218312	218313	4	0.6335
chr1	218361	218362	5	0.6696
chr1	218377	218378	5	0.6113
chr1	218401	218402	3	0.7785
chr1	218431	218432	3	0.8524
chr1	218442	218443	3	0.7307
chr1	218542	218543	5	0.7937
chr1	218642	218643	5	0.812
chr1	218702	218703	5	0.8704
chr1	218802	218803	5	0.5563
chr1	218902	218903	5	0.7768
chr1	218930	218931	5	0.6668
chr1	218960	218961	4	0.8459
chr1	218970	218971	3	0.1919
chr1	219020	219021	6	0.3931
chr1	219036	219037	5	0.1536
chr1	219082	219083	6	0.2918
chr1	219108	219109	4	0.3332
chr1	219148	219149	5	0.3903
chr1	219198	219199	3	0.3581
chr1	219248	219249	4	0.3001
chr1	219274	219275	5	0.1903
chr1	219300	219301	7	0.3523
chr1	219321	219322	6	0.3331
chr1	219355	219356	5	0.2962
chr1	219370	219371	6	0.2503
chr1	219393	219394	5	0.352
chr1	219419	219420	5	0.2246
chr1	219426	219427	3	0.1849
chr1	219522	219523	5	0.2135
chr1	219622	219623	4	0.4249
chr1	219672	219673	5	0.4687
chr1	219772	219773	5	0.2635
chr1	219849	219850	6	0.3125
chr1	219851	219852	4	0.1329
chr1	219911	219912	5	0.1602
chr1	219927	219928	4	0.0845
chr1	220043	220044	6	0.0518
chr1	220093	220094	5	0.0579
chr1	220125	220126	2	0.0806
chr1	220249	220250	4	0.2026
chr1	220279	220280	5	0.1395
chr1	220303	220304	6	0.3472
chr1	220337	220338	4	0.1723
chr1	220347	220348	4	0.7641
chr1	220377	220378	5	0.5908
chr1	220415	220416	6	0.3996
chr1	220431	220432	6	0.3157
chr1	220452	220453	3	0.4257
chr1	220477	220478	2	0.3666
chr1	220500	220501	6	0.4875
chr1	220526	220527	4	0.3282
chr1	220550	220551	6	0.3352
chr1	220588	220589	5	0.3483
chr1	220619	220620	4	0.6415
chr1	220644	220645	3	0.6992
chr1	220691	220692	5	0.53
chr1	220713	220714	4	0.6241
chr1	220744	220745	4	0.6746
chr1	220762	220763	4	0.5924
chr1	220787	220788	4	0.7685
chr1	220802	220803	4	0.6185
chr1	220814	220815	5	0.8063
chr1	220914	220915	4	0.6299
chr1	221007	221008	4	0.6157
chr1	221067	221068	3	0.5151
chr1	221134	221135	5	0.7033
chr1	221234	221235	6	0.7485
chr1	221254	221255	4	0.8768
chr1	221330	221331	4	0.6781
chr1	221434	221435	5	0.6099
chr1	221496	221497	3	0.7017
chr1	221680	221681	4	0.6783
chr1	221692	221693	6	0.2754
chr1	221713	221714	5	0.0959
chr1	221742	221743	4	0.0384
chr1	221780	221781	4	0.1279
chr1	221812	221813	4	0.0552
chr1	221862	221863	3	0.1929
chr1	221881	221882	4	0.0101
chr1	221898	221899	4	0.1473
chr1	221914	221915	3	0.1882
chr1	221964	221965	3	0.1624
chr1	221990	221991	2	0.0332
chr1	222040	222041	6	0.1658
chr1	222073	222074	4	0.0311
chr1	222173	222174	3	0.0639
chr1	222253	222254	7	0.2108
chr1	222303	222304	3	0.1263
chr1	222403	222404	4	0.1291
chr1	222491	222492	5	0.0557
chr1	222521	222522	5	0.7614
chr1	222556	222557	5	0.9288
chr1	222591	222592	4	0.8094
chr1	222617	222618	5	0.7446
chr1	222652	222653	4	0.8817
chr1	222678	222679	3	0.7354
chr1	222699	222700	2	0.7447
chr1	222725	222726	5	0.7043
chr1	222775	222776	3	0.8341
chr1	222825	222826	3	0.6536
chr1	222849	222850	6	0.7975
chr1	222899	222900	5	0.8955
chr1	222938	222939	5	0.6829
chr1	222971	222972	4	0.7658
chr1	223005	223006	4	0.5686
chr1	223010	223011	4	0.8281
chr1	223110	223111	5	0.7604
chr1	223186	223187	3	0.7909
chr1	223240	223241	5	0.8318
chr1	223340	223341	4	0.7552
chr1	223440	223441	3	0.699
chr1	223468	223469	4	1.0
chr1	223509	223510	5	0.7482
chr1	223559	223560	2	0.7203
chr1	223606	223607	7	0.7011
chr1	223638	223639	5	0.8265
chr1	223688	223689	5	0.6672
chr1	223738	223739	4	0.7415
chr1	223771	223772	5	0.7425
chr1	223798	223799	5	0.906
chr1	223823	223824	6	0.4797
chr1	223859	223860	4	0.6872
chr1	223874	223875	4	0.7233
chr1	223924	223925	4	0.7012
chr1	223946	223947	3	0.7821
chr1	223993	223994	6	0.7552
chr1	224024	224025	3	0.7494
chr1	224124	224125	4	0.803
chr1	224213	224214	3	0.7961
chr1	224313	224314	5	0.6023
chr1	224413	224414	5	0.5781
chr1	224491	224492	4	0.6962
chr1	224493	224494	5	0.8131
chr1	224559	224560	3	0.9104
chr1	224578	224579	4	0.8092
chr1	224593	224594	6	0.7557
chr1	224616	224617	4	0.7597
chr1	224659	224660	5	0.7441
chr1	224699	224700	7	0.7238
chr1	224723	224724	2	0.8415
chr1	224773	224774	5	0.9193
chr1	224799	224800	5	0.7131
chr1	224849	224850	5	0.8094
chr1	224873	224874	4	0.7475
chr1	224907	224908	4	0.762
chr1	224944	224945	5	0.8279
chr1	224959	224960	4	0.6267
chr1	224978	224979	6	0.8745
chr1	225027	225028	3	0.8356
chr1	225047	225048	4	0.8258
chr1	225147	225148	5	0.7225
chr1	225247	225248	3	0.7467
chr1	225327	225328	4	1.0
chr1	225405	225406	6	0.8501
chr1	225505	225506	5	0.7892
chr1	225577	225578	3	1.0
chr1	225607	225608	4	0.2103
chr1	225650	225651	6	0.0317
chr1	225700	225701	3	0.1452
chr1	225738	225739	4	0.117
chr1	225753	225754	6	0.0121
chr1	225770	225771	3	0.0658
chr1	225795	225796	5	0.2021
chr1	225828	225829	6	0.0986
chr1	225843	225844	4	0.136
chr1	225893	225894	5	0.292
chr1	225922	225923	6	0.0999
chr1	225946	225947	6	0.0621
chr1	225984	225985	4	0.0874
chr1	226034	226035	3	0.1991
chr1	226061	226062	5	0.1349
chr1	226078	226079	5	0.1237
chr1	226128	226129	5	0.1877
chr1	226224	226225	5	0.1611
chr1	226274	226275	5	0.3992
chr1	226374	226375	5	0.0971
chr1	226474	226475	4	0.1636
chr1	226520	226521	5	0.1238
chr1	226572	226573	4	0.0727
chr1	226611	226612	5	0.7538
chr1	226639	226640	3	0.6607
chr1	226689	226690	3	0.6583
chr1	226704	226705	5	0.6926
chr1	226743	226744	3	0.8093
chr1	226767	226768	4	0.7243
chr1	226817	226818	4	0.7866
chr1	226854	226855	6	0.5712
chr1	226873	226874	6	0.5825
chr1	226923	226924	3	0.7587
chr1	226973	226974	6	0.8335
chr1	227020	227021	3	0.631
chr1	227054	227055	3	0.6723
chr1	227154	227155	5	0.817
chr1	227222	227223	6	0.5947
chr1	227322	227323	5	0.6348
chr1	227422	227423	3	0.5044
chr1	227487	227488	5	0.791
chr1	227497	227498	6	0.847
chr1	227541	227542	6	0.6836
chr1	227550	227551	5	0.3171
chr1	227600	227601	2	0.4759
chr1	227650	227651	4	0.5028
chr1	227670	227671	6	0.4694
chr1	227693	227694	4	0.3143
chr1	227708	227709	4	0.3922
chr1	227753	227754	4	0.4477
chr1	227789	227790	7	0.2724
chr1	227817	227818	4	0.2633
chr1	227845	227846	5	0.3559
chr1	227866	227867	6	0.4392
chr1	227900	227901	4	0.2835
chr1	227936	227937	6	0.3857
chr1	227951	227952	5	0.3343
chr1	227981	227982	4	0.5006
chr1	228000	228001	5	0.4698
chr1	228036	228037	4	0.2495
chr1	228086	228087	6	0.2654
chr1	228101	228102	5	0.3832
chr1	228201	228202	2	0.2881
chr1	228301	228302	6	0.4118
chr1	228401	228402	6	0.3808
chr1	228501	228502	3	0.2949
chr1	228589	228590	3	0.3281
chr1	228619	228620	5	0.1275
chr1	228721	228722	3	0.153
chr1	228751	228752	3	0.1595
chr1	228759	228760	5	0.0743
chr1	228811	228812	4	0.093
chr1	229085	229086	4	0.3444
chr1	229087	229088	5	0.2206
chr1	229117	229118	4	0.689
chr1	229149	229150	5	0.7654
chr1	229168	229169	6	0.799
chr1	229209	229210	4	0.7743
chr1	229257	229258	3	0.8116
chr1	229307	229308	5	0.6843
chr1	229357	229358	4	0.7385
chr1	229396	229397	4	0.7536
chr1	229446	229447	4	0.752
chr1	229477	229478	5	0.7722
chr1	229510	229511	4	0.8212
chr1	229573	229574	6	0.5761
chr1	229673	229674	3	0.8686
chr1	229773	229774	4	0.5864
chr1	229873	229874	7	0.8044
chr1	229913	229914	5	0.8041
chr1	229967	229968	3	1.0
chr1	229980	229981	6	0.5141
chr1	230000	230001	4	0.546
chr1	230023	230024	5	0.4828
chr1	230073	230074	5	0.8086
chr1	230089	230090	5	0.7512
chr1	230115	230116	4	0.6957
chr1	230133	230134	3	0.5268
chr1	230155	230156	4	0.5322
chr1	230205	230206	4	0.6013
chr1	230235	230236	3	0.8445
chr1	230281	230282	3	0.6384
chr1	230329	230330	5	0.6125
chr1	230344	230345	4	0.4224
chr1	230370	230371	4	0.863
chr1	230386	230387	3	0.8663
chr1	230422	230423	4	0.7573
chr1	230466	230467	6	0.5005
chr1	230500	230501	5	0.4212
chr1	230515	230516	5	0.8713
chr1	230520	230521	3	0.6624
chr1	230620	230621	3	0.4572
chr1	230720	230721	5	0.5519
chr1	230795	230796	4	0.8138
chr1	230895	230896	4	0.6604
chr1	230967	230968	4	0.5421
chr1	231144	231145	4	0.6884
chr1	231152	231153	5	0.4038
chr1	231173	231174	3	0.3997
chr1	231204	231205	4	0.427
chr1	231248	231249	5	0.3718
chr1	231273	231274	5	0.5077
chr1	231288	231289	5	0.5176
chr1	231338	231339	3	0.3407
chr1	231371	231372	5	0.5143
chr1	231421	231422	4	0.3079
chr1	231452	231453	6	0.3724
chr1	231488	231489	5	0.3684
chr1	231504	231505	5	0.3937
chr1	231521	231522	5	0.3691
chr1	231549	231550	3	0.4834
chr1	231577	231578	5	0.5393
chr1	231609	231610	5	0.499
chr1	231659	231660	5	0.3517
chr1	231759	231760	5	0.3225
chr1	231859	231860	4	0.5492
chr1	231959	231960	3	0.5138
chr1	232059	232060	3	0.2982
chr1	232197	232198	6	0.1472
chr1	232217	232218	4	0.0694
chr1	232229	232230	4	0.0441
chr1	232277	232278	3	0.2643
chr1	232301	232302	4	0.2117
chr1	232335	232336	4	0.2049
chr1	232339	232340	5	0.1886
chr1	232413	232414	5	0.1363
chr1	232483	232484	6	0.1041
chr1	232489	232490	6	0.1204
chr1	232494	232495	5	0.5795
chr1	232509	232510	4	0.3995
chr1	232570	232571	4	0.3228
chr1	232585	232586	3	0.5509
chr1	232620	232621	5	0.6413
chr1	232654	232655	4	0.5509
chr1	232683	232684	5	0.4671
chr1	232712	232713	3	0.3868
chr1	232762	232763	4	0.3667
chr1	232777	232778	4	0.4629
chr1	232804	232805	5	0.4477
chr1	232824	232825	5	0.4288
chr1	232849	232850	5	0.4301
chr1	232864	232865	2	0.5102
chr1	232879	232880	4	0.3985
chr1	232905	232906	4	0.3114
chr1	232923	232924	5	0.4774
chr1	232956	232957	5	0.4838
chr1	232987	232988	4	0.3958
chr1	233009	233010	6	0.3475
chr1	233018	233019	2	0.5097
chr1	233087	233088	4	0.3486
chr1	233137	233138	7	0.4625
chr1	233237	233238	5	0.4432
chr1	233295	233296	4	0.3359
chr1	233377	233378	3	0.385
chr1	233477	233478	5	0.5019
chr1	233617	233618	4	0.0039
chr1	233621	233622	6	0.043
chr1	233773	233774	3	0.2072
chr1	233827	233828	6	0.1259
chr1	233877	233878	5	0.0834
chr1	233923	233924	4	0.1452
chr1	233927	233928	4	0.0211
chr1	233974	233975	5	0.3731
chr1	234024	234025	5	0.265
chr1	234056	234057	5	0.1496
chr1	234077	234078	5	0.2755
chr1	234098	234099	5	0.3205
chr1	234113	234114	4	0.3476
chr1	234141	234142	5	0.3405
chr1	234191	234192	3	0.1617
chr1	234221	234222	4	0.2372
chr1	234242	234243	4	0.2491
chr1	234276	234277	6	0.1803
chr1	234326	234327	6	0.2646
chr1	234352	234353	6	0.2129
chr1	234393	234394	5	0.1979
chr1	234414	234415	6	0.2537
chr1	234435	234436	5	0.3234
chr1	234535	234536	6	0.3082
chr1	234589	234590	4	0.349
chr1	234689	234690	3	0.3099
chr1	234789	234790	4	0.2275
chr1	234889	234890	4	0.293
chr1	234927	234928	5	0.387
chr1	234950	234951	4	0.8462
chr1	234990	234991	6	0.7308
chr1	235037	235038	3	0.7369
chr1	235057	235058	4	0.7053
chr1	235101	235102	5	0.6508
chr1	235138	235139	4	0.7259
chr1	235162	235163	5	0.6928
chr1	235177	235178	4	0.7524
chr1	235201	235202	4	0.7289
chr1	235247	235248	4	0.6126
chr1	235269	235270	4	0.6817
chr1	235292	235293	5	0.6456
chr1	235325	235326	4	0.6964
chr1	235361	235362	3	0.6426
chr1	235402	235403	4	0.6774
chr1	235426	235427	5	0.8067
chr1	235526	235527	5	0.5637
chr1	235602	235603	6	0.7163
chr1	235664	235665	3	0.6308
chr1	235764	235765	3	0.6736
chr1	235837	235838	3	0.8765
chr1	235847	235848	6	0.8104
chr1	235852	235853	3	0.4358
chr1	235886	235887	4	0.4914
chr1	235910	235911	4	0.5675
chr1	235929	235930	5	0.5374
chr1	235944	235945	5	0.5097
chr1	235984	235985	5	0.5387
chr1	235999	236000	3	0.3711
chr1	236047	236048	5	0.4487
chr1	236070	236071	4	0.4724
chr1	236120	236121	2	0.4143
chr1	236170	236171	4	0.2717
chr1	236214	236215	5	0.6235
chr1	236239	236240	5	0.6097
chr1	236263	236264	4	0.4796
chr1	236292	236293	5	0.4576
chr1	236313	236314	5	0.4856
chr1	236331	236332	7	0.4769
chr1	236341	236342	3	0.403
chr1	236417	236418	3	0.3215
chr1	236492	236493	5	0.2988
chr1	236551	236552	3	0.4205
chr1	236601	236602	3	0.6915
chr1	236701	236702	5	0.5144
chr1	236801	236802	3	0.5426
chr1	236809	236810	3	0.9512
chr1	236839	236840	4	0.7668
chr1	236983	236984	6	0.7346
chr1	237007	237008	4	0.6035
chr1	237077	237078	6	0.8083
chr1	237097	237098	5	0.604
chr1	237115	237116	4	0.631
chr1	237161	237162	4	0.5084
chr1	237269	237270	3	0.7816
chr1	237295	237296	4	0.5842
chr1	237345	237346	5	0.5531
chr1	237382	237383	4	0.741
chr1	237420	237421	5	0.4707
chr1	237441	237442	4	0.6755
chr1	237491	237492	5	0.7703
chr1	237513	237514	5	0.7728
chr1	237563	237564	3	0.6506
chr1	237601	237602	6	0.8529
chr1	237644	237645	5	0.7213
chr1	237678	237679	4	0.5076
chr1	237695	237696	6	0.6704
chr1	237715	237716	5	0.6277
chr1	237757	237758	4	0.4228
chr1	237787	237788	5	0.5629
chr1	237826	237827	5	0.6459
chr1	237841	237842	6	0.5151
chr1	237850	237851	4	0.6701
chr1	237943	237944	4	0.6231
chr1	238014	238015	4	0.6879
chr1	238114	238115	5	0.5571
chr1	238168	238169	3	0.8086
chr1	238229	238230	2	0.8158
chr1	238297	238298	4	0.7728
chr1	238347	238348	6	0.7099
chr1	238381	238382	3	0.6596
chr1	238443	238444	6	0.5074
chr1	238480	238481	5	0.6165
chr1	238509	238510	5	0.8223
chr1	238524	238525	3	0.7357
chr1	238542	238543	4	0.6058
chr1	238561	238562	4	0.7743
chr1	238581	238582	3	0.7302
chr1	238628	238629	3	0.7498
chr1	238659	238660	3	0.6655
chr1	238677	238678	3	0.5901
chr1	238723	238724	7	0.6429
chr1	238773	238774	3	0.6849
chr1	238823	238824	5	0.6685
chr1	238867	238868	3	0.6691
chr1	238902	238903	5	0.7124
chr1	238917	238918	3	0.7858
chr1	238939	238940	4	0.8439
chr1	238977	238978	3	0.7507
chr1	239027	239028	5	0.6632
chr1	239040	239041	6	0.7489
chr1	239140	239141	4	0.6891
chr1	239240	239241	5	0.7806
chr1	239290	239291	4	0.7533
chr1	239390	239391	4	0.7579
chr1	239490	239491	4	0.5689
chr1	239545	239546	6	0.6388
chr1	239559	239560	4	0.6072
chr1	239597	239598	4	0.7556
chr1	239606	239607	5	0.5589
chr1	239621	239622	5	0.5888
chr1	239671	239672	5	0.7487
chr1	239687	239688	3	0.5854
chr1	239704	239705	5	0.4985
chr1	239742	239743	6	0.4871
chr1	239760	239761	4	0.5692
chr1	239785	239786	4	0.7277
chr1	239810	239811	5	0.6135
chr1	239827	239828	5	0.471
chr1	239873	239874	6	0.6084
chr1	239923	239924	6	0.6327
chr1	239942	239943	4	0.6921
chr1	239957	239958	4	0.6426
chr1	240005	240006	4	0.5819
chr1	240032	240033	5	0.4585
chr1	240049	240050	6	0.673
chr1	240072	240073	6	0.6556
chr1	240093	240094	6	0.6674
chr1	240097	240098	4	0.5921
chr1	240194	240195	6	0.6209
chr1	240265	240266	5	0.6537
chr1	240332	240333	5	0.6231
chr1	240432	240433	4	0.4447
chr1	240532	240533	5	0.6693
chr1	240540	240541	4	1.0
chr1	240576	240577	5	0.9408
chr1	240598	240599	4	0.8291
chr1	240734	240735	3	0.8346
chr1	240736	240737	5	0.878
chr1	241028	241029	6	0.9002
chr1	241044	241045	4	0.6474
chr1	241059	241060	6	0.7036
chr1	241093	241094	5	0.7006
chr1	241143	241144	4	0.7258
chr1	241165	241166	6	0.7435
chr1	241188	241189	5	0.6094
chr1	241211	241212	6	0.7025
chr1	241261	241262	4	0.7137
chr1	241276	241277	3	0.7357
chr1	241291	241292	3	0.462
chr1	241341	241342	5	0.5542
chr1	241357	241358	4	0.56
chr1	241403	241404	5	0.8501
chr1	241453	241454	4	0.7071
chr1	241495	241496	4	0.7358
chr1	241530	241531	5	0.7361
chr1	241547	241548	5	0.6092
chr1	241647	241648	3	0.6477
chr1	241747	241748	3	0.7859
chr1	241847	241848	6	0.566
chr1	241947	241948	3	0.878
chr1	242047	242048	4	0.7265
chr1	242115	242116	3	0.676
chr1	242129	242130	4	0.6931
chr1	242134	242135	4	0.8908
chr1	242156	242157	7	0.8686
chr1	242179	242180	4	0.7542
chr1	242221	242222	6	0.658
chr1	242239	242240	5	0.3767
chr1	242267	242268	5	0.5242
chr1	242290	242291	7	0.5889
chr1	242316	242317	5	0.5599
chr1	242331	242332	4	0.5613
chr1	242357	242358	5	0.6464
chr1	242389	242390	3	0.5604
chr1	242420	242421	6	0.5805
chr1	242443	242444	5	0.8722
chr1	242461	242462	3	0.8114
chr1	242505	242506	3	0.7965
chr1	242522	242523	3	0.7117
chr1	242552	242553	5	0.8197
chr1	242576	242577	3	0.8419
chr1	242592	242593	4	0.748
chr1	242692	242693	4	0.841
chr1	242781	242782	5	0.7564
chr1	242881	242882	6	0.6813
chr1	242981	242982	6	0.8378
chr1	243005	243006	4	0.6806
chr1	243013	243014	5	0.8686
chr1	243113	243114	5	0.6723
chr1	243161	243162	3	0.7394
chr1	243277	243278	5	0.7281
chr1	243299	243300	4	0.9684
chr1	243333	243334	4	0.8065
chr1	243365	243366	4	0.622
chr1	243400	243401	6	0.534
chr1	243415	243416	5	0.6489
chr1	243441	243442	7	0.7021
chr1	243476	243477	5	0.6246
chr1	243491	243492	4	0.557
chr1	243513	243514	4	0.7539
chr1	243536	243537	5	0.7449
chr1	243551	243552	5	0.7963
chr1	243568	243569	4	0.7478
chr1	243590	243591	3	0.7736
chr1	243620	243621	5	0.7571
chr1	243635	243636	6	0.8314
chr1	243650	243651	5	0.6401
chr1	243700	243701	5	0.7967
chr1	243750	243751	6	0.6985
chr1	243776	243777	5	0.702
chr1	243798	243799	6	0.7325
chr1	243826	243827	4	0.7152
chr1	243869	243870	4	0.6689
chr1	243895	243896	5	0.8441
chr1	243900	243901	5	0.8207
chr1	244000	244001	4	0.6588
chr1	244100	244101	3	0.7486
chr1	244200	244201	5	0.6439
chr1	244269	244270	6	0.6211
chr1	244369	244370	4	0.7338
chr1	244465	244466	3	0.8671
chr1	244500	244501	5	0.7848
chr1	244541	244542	5	0.561
chr1	244565	244566	5	0.817
chr1	244593	244594	4	0.7338
chr1	244621	244622	4	0.6625
chr1	244652	244653	4	0.8385
chr1	244702	244703	4	0.7032
chr1	244748	244749	3	0.6985
chr1	244778	244779	4	0.6399
chr1	244793	244794	5	0.7662
chr1	244828	244829	5	0.5591
chr1	244878	244879	5	0.6184
chr1	244928	244929	5	0.589
chr1	244965	244966	5	0.6587
chr1	245000	245001	3	0.6804
chr1	245007	245008	5	0.6358
chr1	245107	245108	4	0.627
chr1	245172	245173	4	0.601
chr1	245272	245273	3	0.5363
chr1	245363	245364	3	0.6435
chr1	245463	245464	5	0.6729
chr1	245469	245470	3	0.9168
chr1	245485	245486	4	0.2883
chr1	245535	245536	6	0.1079
chr1	245559	245560	5	0.1377
chr1	245599	245600	6	0.1545
chr1	245620	245621	4	0.0927
chr1	245670	245671	6	0.1953
chr1	245697	245698	5	0.1391
chr1	245747	245748	5	0.0849
chr1	245765	245766	4	0.1429
chr1	245799	245800	4	0.2085
chr1	245823	245824	5	0.0264
chr1	245853	245854	5	0.1331
chr1	245890	245891	5	0.0878
chr1	245920	245921	5	0.0703
chr1	245932	245933	5	0.1615
chr1	246018	246019	4	0.1394
chr1	246088	246089	3	0.0564
chr1	246188	246189	4	0.0039
chr1	246251	246252	3	0.212
chr1	246327	246328	5	0.0893
chr1	246375	246376	4	0.1084
chr1	246425	246426	4	0.3657
chr1	246445	246446	7	0.6398
chr1	246476	246477	3	0.6063
chr1	246491	246492	5	0.4874
chr1	246513	246514	4	0.4989
chr1	246555	246556	6	0.5291
chr1	246589	246590	4	0.702
chr1	246622	246623	5	0.7456
chr1	246642	246643	6	0.5324
chr1	246692	246693	6	0.5756
chr1	246719	246720	5	0.7028
chr1	246737	246738	5	0.6714
chr1	246769	246770	5	0.5271
chr1	246787	246788	3	0.6894
chr1	246826	246827	5	0.6353
chr1	246876	246877	6	0.5379
chr1	246923	246924	3	0.5433
chr1	246946	246947	4	0.6417
chr1	246985	246986	6	0.7248
chr1	247016	247017	5	0.6698
chr1	247030	247031	5	0.5909
chr1	247121	247122	5	0.661
chr1	247221	247222	4	0.5941
chr1	247321	247322	4	0.634
chr1	247417	247418	3	0.6808
chr1	247480	247481	4	0.4539
chr1	247541	247542	5	0.706
chr1	247619	247620	4	0.6238
chr1	247679	247680	5	0.4704
chr1	247681	247682	4	0.6973
chr1	247731	247732	5	0.8598
chr1	247748	247749	6	0.851
chr1	247782	247783	5	0.6285
chr1	247807	247808	5	0.885
chr1	247841	247842	5	0.7613
chr1	247864	247865	5	0.7696
chr1	247889	247890	4	0.8306
chr1	247939	247940	5	0.8541
chr1	247954	247955	3	0.9317
chr1	248000	248001	4	0.8187
chr1	248019	248020	3	0.7787
chr1	248035	248036	6	0.7729
chr1	248064	248065	4	0.9192
chr1	248094	248095	6	0.5764
chr1	248127	248128	6	0.658
chr1	248150	248151	7	0.7783
chr1	248167	248168	6	0.759
chr1	248196	248197	4	0.9115
chr1	248217	248218	3	0.6553
chr1	248240	248241	5	0.6773
chr1	248297	248298	3	0.6953
chr1	248397	248398	4	0.7331
chr1	248481	248482	3	0.7203
chr1	248531	248532	5	0.7036
chr1	248581	248582	4	0.7672
chr1	248678	248679	4	0.7603
chr1	248728	248729	6	0.8884
chr1	248730	248731	4	0.9385
chr1	248780	248781	4	0.5041
chr1	248823	248824	4	0.874
chr1	248851	248852	4	0.6952
chr1	248868	248869	3	0.8272
chr1	248913	248914	4	0.6251
chr1	248952	248953	5	0.8198
chr1	249002	249003	4	0.8275
chr1	249026	249027	5	0.7563
chr1	249074	249075	4	0.7613
chr1	249124	249125	6	0.6711
chr1	249148	249149	4	0.7811
chr1	249167	249168	3	0.7683
chr1	249191	249192	4	0.8169
chr1	249207	249208	5	0.6145
chr1	249238	249239	4	0.6893
chr1	249255	249256	5	0.7596
chr1	249281	249282	4	0.9134
chr1	249307	249308	4	0.8639
chr1	249312	249313	3	0.8211
chr1	249412	249413	5	0.609
chr1	249510	249511	4	0.8469
chr1	249610	249611	4	0.6456
chr1	249710	249711	5	0.8343
chr1	249810	249811	4	0.7698
chr1	249830	249831	5	1.0
chr1	249847	249848	4	0.3581
chr1	249888	249889	5	0.3658
chr1	249927	249928	4	0.3184
chr1	249942	249943	4	0.001
chr1	249963	249964	5	0.0
chr1	250013	250014	4	0.0
chr1	250063	250064	5	0.3429
chr1	250083	250084	4	0.3589
chr1	250133	250134	5	0.4002
chr1	250168	250169	6	0.0
chr1	250190	250191	4	0.0
chr1	250211	250212	4	0.3767
chr1	250252	250253	5	0.0
chr1	250277	250278	3	0.3386
chr1	250303	250304	6	0.1009
chr1	250403	250404	5	0.1678
chr1	250480	250481	6	0.0237
chr1	250580	250581	3	0.316
chr1	250630	250631	4	0.0
chr1	250730	250731	5	0.0
chr1	250774	250775	5	0.0
chr1	250782	250783	3	0.7029
chr1	250811	250812	5	0.7505
chr1	250855	250856	4	0.6869
chr1	250887	250888	4	0.6593
chr1	250916	250917	4	0.7317
chr1	250961	250962	4	0.7204
chr1	250983	250984	5	0.7396
chr1	251017	251018	4	0.6337
chr1	251038	251039	5	0.481
chr1	251066	251067	5	0.3877
chr1	251081	251082	6	0.3055
chr1	251117	251118	6	0.5351
chr1	251152	251153	5	0.4315
chr1	251167	251168	4	0.5236
chr1	251217	251218	4	0.3668
chr1	251260	251261	6	0.3449
chr1	251307	251308	3	0.6848
chr1	251357	251358	5	0.5933
chr1	251407	251408	6	0.7139
chr1	251503	251504	5	0.4748
chr1	251603	251604	4	0.5333
chr1	251689	251690	6	0.7676
chr1	251789	251790	5	0.5751
chr1	251847	251848	4	0.5747
chr1	251939	251940	4	0.5949
chr1	251967	251968	5	0.6306
chr1	251995	251996	5	0.7851
chr1	252159	252160	6	0.6859
chr1	252181	252182	5	0.5109
chr1	252247	252248	4	0.6642
chr1	252267	252268	5	0.5934
chr1	252290	252291	5	0.9753
chr1	252332	252333	3	0.8708
chr1	252361	252362	3	0.7006
chr1	252411	252412	1	0.6604
chr1	252443	252444	2	0.6893
chr1	252476	252477	4	0.7671
chr1	252509	252510	6	0.7791
chr1	252537	252538	4	0.9062
chr1	252563	252564	5	0.8461
chr1	252589	252590	4	0.8142
chr1	252626	252627	6	0.6568
chr1	252664	252665	5	0.798
chr1	252714	252715	5	0.7816
chr1	252738	252739	4	0.7685
chr1	252759	252760	4	0.6107
chr1	252768	252769	5	0.6999
chr1	252868	252869	4	0.713
chr1	252968	252969	4	0.7361
chr1	253068	253069	5	0.9338
chr1	253168	253169	6	0.6701
chr1	253225	253226	3	0.9002
chr1	253237	253238	5	0.9861
chr1	253239	253240	6	0.793
chr1	253246	253247	4	0.2596
chr1	253270	253271	3	0.1931
chr1	253304	253305	6	0.2232
chr1	253329	253330	3	0.3355
chr1	253344	253345	4	0.2084
chr1	253394	253395	6	0.3997
chr1	253444	253445	5	0.2785
chr1	253469	253470	5	0.2935
chr1	253500	253501	5	0.2215
chr1	253534	253535	5	0.3675
chr1	253578	253579	5	0.2559
chr1	253596	253597	4	0.3166
chr1	253617	253618	3	0.279
chr1	253667	253668	7	0.2427
chr1	253701	253702	4	0.3021
chr1	253716	253717	5	0.3034
chr1	253743	253744	6	0.2203
chr1	253763	253764	4	0.2609
chr1	253797	253798	3	0.2178
chr1	253815	253816	4	0.3158
chr1	253830	253831	6	0.3065
chr1	253927	253928	5	0.4057
chr1	253982	253983	4	0.3917
chr1	254061	254062	5	0.1964
chr1	254140	254141	4	0.2766
chr1	254240	254241	2	0.1719
chr1	254310	254311	4	0.4315
chr1	254386	254387	5	0.303
chr1	254422	254423	3	0.0
chr1	254540	254541	7	0.0
chr1	254586	254587	6	0.0359
chr1	254588	254589	4	0.1903
chr1	254650	254651	5	0.1077
chr1	254690	254691	4	0.0116
chr1	254746	254747	4	0.0
chr1	254822	254823	6	0.1056
chr1	254833	254834	5	0.8771
chr1	254883	254884	5	0.6647
chr1	254915	254916	5	0.8563
chr1	254944	254945	3	0.7351
chr1	254961	254962	7	0.6995
chr1	255011	255012	4	0.8669
chr1	255034	255035	5	0.9379
chr1	255075	255076	4	0.8586
chr1	255125	255126	4	0.8196
chr1	255147	255148	5	0.902
chr1	255174	255175	3	0.6694
chr1	255224	255225	5	0.7982
chr1	255239	255240	5	0.8636
chr1	255306	255307	5	0.7373
chr1	255406	255407	4	0.6003
chr1	255506	255507	5	0.7936
chr1	255606	255607	4	0.9363
chr1	255612	255613	5	0.9489
chr1	255643	255644	5	0.0132
chr1	255670	255671	5	0.0837
chr1	255720	255721	6	0.1206
chr1	255753	255754	5	0.0924
chr1	255782	255783	5	0.1941
chr1	255805	255806	5	0.0851
chr1	255827	255828	5	0.1201
chr1	255857	255858	5	0.1412
chr1	255872	255873	6	0.1263
chr1	255888	255889	6	0.0816
chr1	255916	255917	5	0.1326
chr1	255966	255967	4	0.0
chr1	255997	255998	4	0.0561
chr1	256033	256034	3	0.1186
chr1	256071	256072	2	0.165
chr1	256121	256122	5	0.0091
chr1	256168	256169	4	0.0447
chr1	256268	256269	4	0.1722
chr1	256368	256369	4	0.2025
chr1	256451	256452	5	0.0473
chr1	256536	256537	3	0.0871
chr1	256635	256636	3	0.0613
chr1	256649	256650	4	0.0984
chr1	257807	257808	4	0.7239
chr1	257824	257825	3	0.6345
chr1	257846	257847	5	0.6868
chr1	257876	257877	3	0.8718
chr1	257897	257898	3	0.8256
chr1	257933	257934	5	0.7227
chr1	257967	257968	4	0.7277
chr1	258017	258018	3	0.77
chr1	258067	258068	4	0.8619
chr1	258084	258085	4	0.7955
chr1	258107	258108	5	0.808
chr1	258153	258154	7	0.7528
chr1	258180	258181	5	0.8657
chr1	258207	258208	4	0.6212
chr1	258231	258232	6	0.818
chr1	258250	258251	5	0.633
chr1	258287	258288	5	0.6046
chr1	258306	258307	4	0.6451
chr1	258356	258357	4	0.6542
chr1	258383	258384	5	0.6482
chr1	258384	258385	6	0.6308
chr1	258462	258463	4	0.7155
chr1	258524	258525	5	0.7802
chr1	258608	258609	5	0.6863
chr1	258708	258709	3	0.6607
chr1	258808	258809	6	0.7499
chr1	258858	258859	5	0.8905
chr1	258958	258959	4	0.6059
chr1	258986	258987	4	0.8602
chr1	259028	259029	4	0.584
chr1	259037	259038	4	0.2413
chr1	259063	259064	2	0.3022
chr1	259078	259079	3	0.3018
chr1	259101	259102	5	0.3165
chr1	259131	259132	3	0.42
chr1	259155	259156	3	0.2867
chr1	259205	259206	5	0.291
chr1	259255	259256	2	0.2429
chr1	259293	259294	6	0.3022
chr1	259330	259331	4	0.301
chr1	259377	259378	5	0.3953
chr1	259401	259402	4	0.3334
chr1	259445	259446	3	0.2204
chr1	259482	259483	4	0.2582
chr1	259505	259506	4	0.3961
chr1	259524	259525	4	0.2245
chr1	259544	259545	2	0.3628
chr1	259629	259630	3	0.2953
chr1	259716	259717	6	0.3343
chr1	259766	259767	6	0.2445
chr1	259838	259839	6	0.3004
chr1	259938	259939	6	0.2349
chr1	260038	260039	5	0.1744
chr1	260082	260083	4	0.0
chr1	260196	260197	5	0.0468
chr1	260198	260199	5	0.0097
chr1	260280	260281	5	0.0674
chr1	260282	260283	6	0.1942
chr1	260364	260365	5	0.2011
chr1	260438	260439	3	0.0687
chr1	260502	260503	3	0.0344
chr1	260511	260512	4	0.5533
chr1	260545	260546	5	0.5114
chr1	260574	260575	5	0.6435
chr1	260601	260602	5	0.4562
chr1	260643	260644	4	0.369
chr1	260690	260691	5	0.5723
chr1	260714	260715	5	0.5534
chr1	260730	260731	6	0.4765
chr1	260754	260755	4	0.4758
chr1	260801	260802	4	0.5994
chr1	260833	260834	5	0.6218
chr1	260870	260871	7	0.3444
chr1	260898	260899	4	0.4659
chr1	260926	260927	5	0.5933
chr1	260954	260955	4	0.5505
chr1	261054	261055	6	0.482
chr1	261146	261147	3	0.4922
chr1	261246	261247	5	0.4893
chr1	261322	261323	3	0.5027
chr1	261454	261455	5	0.8698
chr1	261502	261503	5	0.7588
chr1	261510	261511	3	0.8492
chr1	261516	261517	3	0.8479
chr1	261530	261531	5	0.7365
chr1	261598	261599	4	0.7988
chr1	261600	261601	4	0.7396
chr1	261654	261655	4	0.5987
chr1	261664	261665	5	0.7894
chr1	261732	261733	3	0.59
chr1	261740	261741	5	0.2987
chr1	261778	261779	3	0.3202
chr1	261801	261802	3	0.4496
chr1	261825	261826	4	0.4389
chr1	261853	261854	4	0.3143
chr1	261874	261875	4	0.2738
chr1	261893	261894	4	0.3419
chr1	261908	261909	5	0.3062
chr1	261958	261959	6	0.5585
chr1	261990	261991	4	0.4443
chr1	262025	262026	4	0.536
chr1	262060	262061	2	0.4179
chr1	262080	262081	3	0.4345
chr1	262104	262105	5	0.4428
chr1	262119	262120	6	0.4019
chr1	262134	262135	6	0.3513
chr1	262184	262185	5	0.3238
chr1	262201	262202	6	0.3532
chr1	262251	262252	5	0.2694
chr1	262328	262329	4	0.4347
chr1	262428	262429	6	0.5093
chr1	262528	262529	5	0.6053
chr1	262578	262579	6	0.343
chr1	262628	262629	6	0.2209
chr1	262820	262821	5	0.5892
chr1	262858	262859	6	0.762
chr1	262892	262893	5	0.5947
chr1	263034	263035	2	0.6794
chr1	263050	263051	6	0.5024
chr1	263124	263125	5	0.8951
chr1	263150	263151	4	0.7923
chr1	263187	263188	5	0.5623
chr1	263225	263226	5	0.6808
chr1	263254	263255	4	0.5876
chr1	263287	263288	3	0.6771
chr1	263325	263326	4	0.576
chr1	263373	263374	3	0.6591
chr1	263423	263424	3	0.7206
chr1	263461	263462	4	0.6812
chr1	263483	263484	5	0.6633
chr1	263498	263499	5	0.7479
chr1	263516	263517	6	0.586
chr1	263532	263533	7	0.6122
chr1	263570	263571	7	0.6149
chr1	263576	263577	2	0.6388
chr1	263652	263653	4	0.5884
chr1	263733	263734	4	0.5234
chr1	263833	263834	5	0.7751
chr1	263892	263893	4	0.6965
chr1	263942	263943	2	0.7779
chr1	263992	263993	4	0.5347
chr1	264006	264007	4	0.862
chr1	264014	264015	3	0.439
chr1	264052	264053	4	0.4683
chr1	264091	264092	5	0.5808
chr1	264141	264142	5	0.5388
chr1	264175	264176	4	0.4553
chr1	264193	264194	3	0.474
chr1	264208	264209	4	0.3869
chr1	264223	264224	4	0.5707
chr1	264245	264246	1	0.5181
chr1	264282	264283	4	0.4158
chr1	264316	264317	3	0.3219
chr1	264331	264332	4	0.4343
chr1	264381	264382	3	0.3708
chr1	264407	264408	5	0.5351
chr1	264428	264429	5	0.4359
chr1	264457	264458	6	0.541
chr1	264484	264485	8	0.5389
chr1	264515	264516	3	0.4976
chr1	264527	264528	2	0.5781
chr1	264627	264628	4	0.5894
chr1	264714	264715	5	0.5589
chr1	264814	264815	5	0.5048
chr1	264910	264911	6	0.4618
chr1	265010	265011	3	0.5055
chr1	265026	265027	4	0.8297
chr1	265092	265093	6	0.7324
chr1	265152	265153	4	0.6594
chr1	265182	265183	4	0.6683
chr1	265326	265327	4	0.7451
chr1	265334	265335	4	0.7391
chr1	265336	265337	5	0.8562
chr1	265348	265349	5	0.3013
chr1	265368	265369	5	0.2978
chr1	265415	265416	5	0.336
chr1	265465	265466	3	0.2725
chr1	265489	265490	3	0.1634
chr1	265539	265540	6	0.3727
chr1	265563	265564	5	0.175
chr1	265588	265589	5	0.3328
chr1	265629	265630	5	0.2353
chr1	265650	265651	3	0.292
chr1	265673	265674	4	0.2996
chr1	265723	265724	4	0.427
chr1	265773	265774	4	0.2204
chr1	265788	265789	2	0.2475
chr1	265833	265834	4	0.149
chr1	265933	265934	4	0.1591
chr1	266033	266034	4	0.4454
chr1	266116	266117	4	0.5297
chr1	266216	266217	6	0.3508
chr1	266266	266267	6	0.2381
chr1	266323	266324	3	0.1904
chr1	266347	266348	2	0.0782
chr1	266368	266369	4	0.6585
chr1	266412	266413	4	0.8599
chr1	266439	266440	4	0.7462
chr1	266460	266461	3	0.7328
chr1	266510	266511	4	0.7887
chr1	266556	266557	4	0.7975
chr1	266604	266605	5	0.6419
chr1	266653	266654	4	0.8416
chr1	266670	266671	5	0.6877
chr1	266720	266721	6	0.8182
chr1	266741	266742	4	0.7688
chr1	266756	266757	4	0.8245
chr1	266802	266803	4	0.7539
chr1	266834	266835	4	0.6838
chr1	266862	266863	5	0.6802
chr1	266877	266878	5	0.7117
chr1	266879	266880	6	0.7492
chr1	266979	266980	5	0.7999
chr1	267034	267035	6	0.8485
chr1	267134	267135	6	0.9182
chr1	267187	267188	1	0.7667
chr1	267287	267288	5	0.7373
chr1	267387	267388	4	0.8349
chr1	267469	267470	6	0.9211
chr1	267514	267515	4	0.1781
chr1	267534	267535	3	0.3151
chr1	267565	267566	4	0.2025
chr1	267596	267597	6	0.232
chr1	267631	267632	3	0.2869
chr1	267681	267682	4	0.1493
chr1	267698	267699	4	0.3799
chr1	267728	267729	5	0.1557
chr1	267778	267779	4	0.3012
chr1	267820	267821	6	0.0559
chr1	267838	267839	4	0.1898
chr1	267856	267857	4	0.1627
chr1	267881	267882	4	0.1763
chr1	267913	267914	5	0.1531
chr1	267936	267937	4	0.1871
chr1	267960	267961	5	0.2178
chr1	268010	268011	5	0.3017
chr1	268110	268111	4	0.1765
chr1	268180	268181	5	0.1294
chr1	268280	268281	5	0.2117
chr1	268380	268381	4	0.0878
chr1	268426	268427	4	0.248
chr1	268456	268457	5	0.1388
chr1	268472	268473	4	0.106
chr1	268509	268510	4	0.1007
chr1	268540	268541	4	0.1246
chr1	268555	268556	5	0.0615
chr1	268594	268595	6	0.1939
chr1	268623	268624	5	0.1537
chr1	268645	268646	5	0.2005
chr1	268674	268675	6	0.1036
chr1	268716	268717	5	0.1061
chr1	268745	268746	4	0.1808
chr1	268779	268780	5	0.0925
chr1	268801	268802	4	0.159
chr1	268851	268852	3	0.0371
chr1	268888	268889	5	0.1429
chr1	268903	268904	5	0.152
chr1	268921	268922	4	0.1265
chr1	268949	268950	5	0.1247
chr1	268981	268982	4	0.0
chr1	269008	269009	5	0.0617
chr1	269058	269059	6	0.1317
chr1	269072	269073	6	0.155
chr1	269138	269139	4	0.1353
chr1	269238	269239	6	0.0346
chr1	269294	269295	3	0.0127
chr1	269394	269395	5	0.0
chr1	269494	269495	5	0.0
chr1	269589	269590	6	0.0429
chr1	269645	269646	3	0.0133
chr1	269660	269661	6	0.7119
chr1	269696	269697	4	0.5809
chr1	269727	269728	5	0.8717
chr1	269777	269778	2	0.6001
chr1	269810	269811	3	0.7167
chr1	269859	269860	5	0.7085
chr1	269909	269910	3	0.6575
chr1	269943	269944	5	0.7028
chr1	269982	269983	6	0.7554
chr1	270032	270033	6	0.6765
chr1	270077	270078	4	0.9508
chr1	270107	270108	5	0.7556
chr1	270144	270145	4	0.674
chr1	270169	270170	4	0.7513
chr1	270210	270211	2	0.6483
chr1	270216	270217	5	0.7716
chr1	270316	270317	5	0.8911
chr1	270416	270417	3	0.7967
chr1	270506	270507	4	0.8054
chr1	270556	270557	5	0.7088
chr1	270635	270636	4	0.6722
chr1	270735	270736	5	0.8321
chr1	270781	270782	7	1.0
chr1	270786	270787	4	0.5531
chr1	270813	270814	5	0.5003
chr1	270831	270832	4	0.3307
chr1	270868	270869	2	0.5163
chr1	270894	270895	5	0.4515
chr1	270916	270917	5	0.6008
chr1	270954	270955	3	0.589
chr1	270981	270982	5	0.4906
chr1	271014	271015	4	0.4213
chr1	271064	271065	4	0.3902
chr1	271093	271094	3	0.5557
chr1	271111	271112	3	0.3322
chr1	271127	271128	3	0.4737
chr1	271142	271143	3	0.5352
chr1	271173	271174	5	0.4479
chr1	271206	271207	5	0.4414
chr1	271234	271235	3	0.4198
chr1	271270	271271	4	0.4153
chr1	271327	271328	5	0.483
chr1	271427	271428	6	0.4828
chr1	271527	271528	5	0.446
chr1	271615	271616	4	0.2348
chr1	271672	271673	5	0.6765
chr1	271743	271744	5	0.316
chr1	271903	271904	6	0.9372
chr1	271915	271916	4	0.9676
chr1	271931	271932	3	0.6941
chr1	271935	271936	5	0.9349
chr1	271941	271942	5	0.7746
chr1	272033	272034	4	0.8597
chr1	272077	272078	4	0.9366
chr1	272109	272110	4	1.0
chr1	272157	272158	6	0.7311
chr1	272166	272167	5	0.5152
chr1	272198	272199	4	0.4914
chr1	272213	272214	5	0.3277
chr1	272246	272247	2	0.5653
chr1	272279	272280	6	0.6733
chr1	272324	272325	4	0.6307
chr1	272339	272340	4	0.6415
chr1	272387	272388	3	0.5999
chr1	272423	272424	6	0.6479
chr1	272459	272460	5	0.5062
chr1	272494	272495	6	0.38
chr1	272526	272527	6	0.5931
chr1	272576	272577	5	0.5805
chr1	272626	272627	5	0.7644
chr1	272651	272652	5	0.5294
chr1	272715	272716	2	0.5417
chr1	272815	272816	5	0.4554
chr1	272887	272888	4	0.6034
chr1	272937	272938	6	0.6293
chr1	273037	273038	5	0.4773
chr1	273114	273115	4	0.5866
chr1	273186	273187	4	0.7844
chr1	273212	273213	5	0.7036
chr1	273338	273339	5	0.7887
chr1	273344	273345	5	0.8343
chr1	273434	273435	5	0.7024
chr1	273500	273501	6	0.7031
chr1	273554	273555	6	0.6444
chr1	273560	273561	4	0.9163
chr1	273566	273567	7	0.7238
chr1	273575	273576	6	0.4882
chr1	273595	273596	3	0.3139
chr1	273635	273636	6	0.2576
chr1	273654	273655	4	0.1883
chr1	273682	273683	7	0.4728
chr1	273701	273702	6	0.3068
chr1	273746	273747	3	0.4157
chr1	273787	273788	3	0.3451
chr1	273814	273815	3	0.1554
chr1	273852	273853	4	0.3726
chr1	273867	273868	4	0.3254
chr1	273917	273918	5	0.3937
chr1	273967	273968	5	0.3664
chr1	273991	273992	5	0.3887
chr1	274041	274042	3	0.2831
chr1	274075	274076	4	0.4526
chr1	274103	274104	4	0.2665
chr1	274123	274124	4	0.4855
chr1	274143	274144	5	0.2674
chr1	274163	274164	4	0.2197
chr1	274189	274190	5	0.2986
chr1	274197	274198	6	0.5006
chr1	274297	274298	4	0.3669
chr1	274347	274348	4	0.2398
chr1	274442	274443	4	0.2787
chr1	274535	274536	3	0.3284
chr1	274635	274636	3	0.3996
chr1	274685	274686	4	0.3694
chr1	274735	274736	4	0.3672
chr1	274785	274786	4	0.4577
chr1	274895	274896	5	0.029
chr1	275085	275086	4	0.0
chr1	275183	275184	5	0.2012
chr1	275235	275236	5	0.2351
chr1	275241	275242	6	0.1081
chr1	275249	275250	4	0.2521
chr1	275273	275274	4	0.415
chr1	275297	275298	5	0.4278
chr1	275347	275348	3	0.5055
chr1	275385	275386	3	0.3765
chr1	275415	275416	5	0.3737
chr1	275431	275432	5	0.28
chr1	275466	275467	4	0.535
chr1	275489	275490	6	0.3035
chr1	275536	275537	3	0.2574
chr1	275576	275577	4	0.2623
chr1	275598	275599	4	0.4807
chr1	275648	275649	5	0.2841
chr1	275686	275687	4	0.3668
chr1	275705	275706	4	0.4627
chr1	275755	275756	3	0.2883
chr1	275787	275788	4	0.2897
chr1	275802	275803	4	0.2595
chr1	275864	275865	5	0.3039
chr1	275914	275915	5	0.4031
chr1	275991	275992	5	0.2759
chr1	276086	276087	4	0.5216
chr1	276158	276159	4	0.4261
chr1	276258	276259	4	0.5639
chr1	276426	276427	2	0.1262
chr1	276474	276475	3	0.1569
chr1	276610	276611	5	0.3279
chr1	276630	276631	5	0.2652
chr1	276692	276693	7	0.3809
chr1	276718	276719	3	0.7938
chr1	276733	276734	5	0.5894
chr1	276748	276749	4	0.5953
chr1	276779	276780	7	0.8592
chr1	276811	276812	6	0.8339
chr1	276855	276856	3	0.5595
chr1	276876	276877	4	0.7802
chr1	276903	276904	5	0.7823
chr1	276953	276954	4	0.7639
chr1	276995	276996	5	0.8115
chr1	277016	277017	3	0.9355
chr1	277066	277067	5	0.6875
chr1	277116	277117	5	0.6426
chr1	277166	277167	4	0.7307
chr1	277210	277211	4	0.7529
chr1	277280	277281	5	0.7964
chr1	277380	277381	4	0.7667
chr1	277449	277450	5	0.8163
chr1	277549	277550	4	0.7753
chr1	277636	277637	3	0.7282
chr1	277662	277663	4	0.7814
chr1	277671	277672	3	0.5536
chr1	277716	277717	6	0.5424
chr1	277746	277747	4	0.6544
chr1	277771	277772	3	0.5804
chr1	277793	277794	4	0.4822
chr1	277808	277809	4	0.5965
chr1	277848	277849	5	0.5266
chr1	277892	277893	5	0.562
chr1	277930	277931	5	0.4698
chr1	277951	277952	5	0.4813
chr1	278001	278002	4	0.6146
chr1	278051	278052	4	0.6671
chr1	278069	278070	5	0.5373
chr1	278088	278089	4	0.5283
chr1	278114	278115	2	0.6212
chr1	278164	278165	5	0.571
chr1	278214	278215	5	0.7505
chr1	278241	278242	4	0.4493
chr1	278301	278302	8	0.4854
chr1	278401	278402	6	0.5476
chr1	278501	278502	7	0.611
chr1	278601	278602	4	0.5365
chr1	278701	278702	3	0.5888
chr1	278801	278802	4	0.7015
chr1	278827	278828	3	0.9027
chr1	278905	278906	3	0.8434
chr1	279029	279030	4	0.9404
chr1	279051	279052	3	0.7814
chr1	279079	279080	4	0.6403
chr1	279217	279218	5	0.7033
chr1	279235	279236	4	0.935
chr1	279263	279264	4	0.6497
chr1	279273	279274	4	0.8227
chr1	279296	279297	3	0.0
chr1	279320	279321	5	0.1533
chr1	279346	279347	4	0.2132
chr1	279370	279371	5	0.1664
chr1	279386	279387	4	0.0917
chr1	279408	279409	4	0.0173
chr1	279435	279436	5	0.1937
chr1	279468	279469	5	0.1476
chr1	279501	279502	4	0.0
chr1	279533	279534	7	0.0686
chr1	279566	279567	4	0.2712
chr1	279586	279587	6	0.1486
chr1	279607	279608	4	0.1059
chr1	279644	279645	3	0.3227
chr1	279659	279660	4	0.2088
chr1	279688	279689	5	0.2181
chr1	279703	279704	5	0.0354
chr1	279726	279727	5	0.131
chr1	279741	279742	5	0.0472
chr1	279767	279768	5	0.1179
chr1	279795	279796	6	0.1159
chr1	279821	279822	5	0.127
chr1	279850	279851	6	0.1168
chr1	279909	279910	5	0.0757
chr1	280009	280010	5	0.092
chr1	280109	280110	4	0.2525
chr1	280209	280210	4	0.0484
chr1	280301	280302	4	0.044
chr1	280361	280362	4	0.1743
chr1	280389	280390	5	0.1323
chr1	280391	280392	6	0.1906
chr1	280400	280401	6	0.5401
chr1	280427	280428	3	0.6621
chr1	280475	280476	4	0.4764
chr1	280498	280499	4	0.4387
chr1	280520	280521	5	0.4821
chr1	280538	280539	4	0.5949
chr1	280557	280558	5	0.3885
chr1	280579	280580	4	0.6198
chr1	280629	280630	5	0.5457
chr1	280669	280670	3	0.5599
chr1	280718	280719	6	0.4098
chr1	280767	280768	4	0.574
chr1	280799	280800	4	0.5534
chr1	280832	280833	7	0.4818
chr1	280852	280853	4	0.5659
chr1	280944	280945	3	0.4502
chr1	281004	281005	3	0.3871
chr1	281090	281091	4	0.4576
chr1	281157	281158	5	0.2867
chr1	281225	281226	4	0.555
chr1	281255	281256	5	0.7679
chr1	281281	281282	3	0.7607
chr1	281299	281300	4	0.5616
chr1	281353	281354	4	0.5905
chr1	281387	281388	5	0.7679
chr1	281391	281392	6	0.9032
chr1	281429	281430	5	0.6937
chr1	281529	281530	5	0.5709
chr1	281537	281538	3	0.5787
chr1	281562	281563	6	0.6407
chr1	281590	281591	4	0.8192
chr1	281618	281619	4	0.5906
chr1	281633	281634	7	0.6976
chr1	281661	281662	4	0.6619
chr1	281708	281709	6	0.7041
chr1	281731	281732	5	0.6864
chr1	281759	281760	4	0.6778
chr1	281788	281789	5	0.4088
chr1	281838	281839	4	0.548
chr1	281866	281867	4	0.7053
chr1	281902	281903	5	0.652
chr1	281938	281939	6	0.5878
chr1	281968	281969	4	0.6277
chr1	282018	282019	5	0.7289
chr1	282086	282087	5	0.7258
chr1	282142	282143	4	0.6732
chr1	282209	282210	6	0.5634
chr1	282309	282310	7	0.7154
chr1	282409	282410	7	0.6622
chr1	282459	282460	5	0.6422
chr1	282493	282494	3	1.0
chr1	282565	282566	4	0.9025
chr1	282637	282638	4	0.8141
chr1	282713	282714	6	0.6679
chr1	282751	282752	4	0.7468
chr1	282767	282768	5	0.8976
chr1	282875	282876	3	0.9638
chr1	282919	282920	5	0.8678
chr1	282946	282947	5	0.0655
chr1	282988	282989	3	0.0
chr1	283023	283024	4	0.1843
chr1	283044	283045	5	0.0249
chr1	283060	283061	5	0.0631
chr1	283106	283107	7	0.0
chr1	283147	283148	5	0.0044
chr1	283197	283198	6	0.0481
chr1	283229	283230	5	0.0524
chr1	283279	283280	4	0.0529
chr1	283303	283304	5	0.1167
chr1	283339	283340	4	0.0336
chr1	283364	283365	5	0.1504
chr1	283381	283382	4	0.1088
chr1	283396	283397	7	0.0206
chr1	283435	283436	5	0.0463
chr1	283515	283516	5	0.1476
chr1	283605	283606	4	0.0774
chr1	283658	283659	6	0.0632
chr1	283758	283759	5	0.095
chr1	283854	283855	4	0.099
chr1	283923	283924	6	0.0677
chr1	283973	283974	4	0.0157
chr1	283987	283988	5	0.28
chr1	284028	284029	5	0.4372
chr1	284054	284055	4	0.0
chr1	284104	284105	5	0.782
chr1	284119	284120	3	0.5228
chr1	284161	284162	6	0.0
chr1	284202	284203	3	0.7732
chr1	284252	284253	4	0.0938
chr1	284267	284268	5	0.0034
chr1	284305	284306	5	0.5314
chr1	284341	284342	5	0.1871
chr1	284358	284359	5	0.0
chr1	284395	284396	5	0.722
chr1	284421	284422	6	0.749
chr1	284447	284448	5	0.1066
chr1	284465	284466	5	0.1259
chr1	284486	284487	4	0.733
chr1	284553	284554	5	0.831
chr1	284653	284654	4	0.0
chr1	284753	284754	6	0.2444
chr1	284803	284804	5	0.038
chr1	284885	284886	3	0.4227
chr1	284913	284914	4	0.0
chr1	284929	284930	5	0.8061
chr1	284944	284945	6	0.7469
chr1	284966	284967	3	0.933
chr1	285014	285015	4	0.9044
chr1	285050	285051	3	0.753
chr1	285075	285076	5	0.7139
chr1	285095	285096	4	0.7821
chr1	285132	285133	4	0.7354
chr1	285182	285183	5	0.8468
chr1	285232	285233	4	0.8772
chr1	285248	285249	5	0.982
chr1	285269	285270	5	0.7561
chr1	285284	285285	3	0.8456
chr1	285316	285317	4	0.7225
chr1	285366	285367	3	0.7945
chr1	285406	285407	3	0.8613
chr1	285428	285429	5	0.7083
chr1	285443	285444	5	0.9527
chr1	285446	285447	3	0.9195
chr1	285496	285497	3	0.8556
chr1	285565	285566	3	0.8923
chr1	285622	285623	4	0.9705
chr1	285686	285687	4	0.8274
chr1	285786	285787	4	0.9493
chr1	285856	285857	5	0.7596
chr1	285906	285907	5	0.9195
chr1	285958	285959	3	0.9514
chr1	285968	285969	5	0.2737
chr1	285983	285984	3	0.3412
chr1	286017	286018	5	0.1693
chr1	286067	286068	5	0.1202
chr1	286093	286094	4	0.1968
chr1	286118	286119	5	0.3481
chr1	286141	286142	5	0.2684
chr1	286179	286180	4	0.2596
chr1	286211	286212	5	0.2071
chr1	286261	286262	6	0.3523
chr1	286288	286289	4	0.1768
chr1	286311	286312	3	0.2199
chr1	286326	286327	5	0.2493
chr1	286352	286353	5	0.1357
chr1	286387	286388	3	0.3929
chr1	286441	286442	6	0.3888
chr1	286491	286492	5	0.2202
chr1	286591	286592	4	0.1037
chr1	286691	286692	4	0.2148
chr1	286791	286792	5	0.3203
chr1	286813	286814	5	0.1038
chr1	286841	286842	5	0.6914
chr1	286891	286892	4	0.7194
chr1	286931	286932	3	0.7614
chr1	286949	286950	3	0.4828
chr1	286980	286981	4	0.5456
chr1	287003	287004	6	0.5617
chr1	287024	287025	6	0.4471
chr1	287065	287066	4	0.5521
chr1	287094	287095	4	0.7258
chr1	287116	287117	5	0.558
chr1	287131	287132	4	0.4824
chr1	287156	287157	4	0.4131
chr1	287180	287181	3	0.6696
chr1	287198	287199	3	0.5701
chr1	287248	287249	4	0.511
chr1	287277	287278	6	0.6197
chr1	287306	287307	5	0.5923
chr1	287336	287337	5	0.4935
chr1	287345	287346	6	0.7373
chr1	287395	287396	3	0.6566
chr1	287495	287496	5	0.5444
chr1	287545	287546	4	0.6607
chr1	287645	287646	4	0.7106
chr1	287745	287746	5	0.5715
chr1	287845	287846	6	0.4792
chr1	287883	287884	4	0.7334
chr1	287935	287936	5	0.6628
chr1	287941	287942	4	0.4494
chr1	287969	287970	4	0.3543
chr1	287993	287994	5	0.5032
chr1	288011	288012	2	0.3728
chr1	288054	288055	3	0.3563
chr1	288091	288092	4	0.3356
chr1	288115	288116	5	0.2267
chr1	288130	288131	5	0.4568
chr1	288159	288160	5	0.3186
chr1	288199	288200	5	0.398
chr1	288224	288225	5	0.345
chr1	288250	288251	5	0.4475
chr1	288287	288288	4	0.4038
chr1	288302	288303	3	0.3491
chr1	288343	288344	4	0.5568
chr1	288393	288394	4	0.3266
chr1	288412	288413	5	0.2675
chr1	288437	288438	4	0.4668
chr1	288498	288499	4	0.2932
chr1	288598	288599	5	0.3537
chr1	288698	288699	4	0.3239
chr1	288798	288799	4	0.2932
chr1	288889	288890	4	0.2669
chr1	288959	288960	3	0.0377
chr1	288997	288998	5	0.0355
chr1	289015	289016	4	0.1219
chr1	289039	289040	5	0.1258
chr1	289077	289078	5	0.3888
chr1	289297	289298	3	0.2776
chr1	289324	289325	3	0.7595
chr1	289361	289362	5	0.983
chr1	289405	289406	3	0.8587
chr1	289432	289433	5	0.8421
chr1	289451	289452	5	0.7634
chr1	289487	289488	5	0.8893
chr1	289524	289525	5	0.6427
chr1	289564	289565	3	0.9186
chr1	289611	289612	5	0.8576
chr1	289657	289658	6	0.6272
chr1	289672	289673	5	0.8161
chr1	289711	289712	5	0.81
chr1	289734	289735	4	0.8906
chr1	289749	289750	4	0.6854
chr1	289768	289769	5	0.8464
chr1	289818	289819	5	0.7534
chr1	289848	289849	4	0.7216
chr1	289948	289949	6	0.6413
chr1	290048	290049	5	0.8693
chr1	290114	290115	5	0.8627
chr1	290214	290215	5	0.6589
chr1	290268	290269	4	0.6618
chr1	290346	290347	6	0.7904
chr1	290386	290387	5	0.8782
chr1	290415	290416	5	0.7912
chr1	290465	290466	6	0.9607
chr1	290483	290484	4	0.8437
chr1	290511	290512	4	0.9248
chr1	290535	290536	5	0.8978
chr1	290580	290581	7	0.8446
chr1	290609	290610	4	0.948
chr1	290647	290648	6	0.8838
chr1	290680	290681	4	0.8863
chr1	290730	290731	2	0.7516
chr1	290757	290758	4	0.8539
chr1	290795	290796	5	0.8333
chr1	290821	290822	5	0.8889
chr1	290838	290839	5	0.9209
chr1	290842	290843	3	0.9067
chr1	290942	290943	4	0.7958
chr1	290992	290993	6	1.0
chr1	291067	291068	5	0.9558
chr1	291167	291168	5	0.9042
chr1	291262	291263	4	0.9465
chr1	291276	291277	4	0.8843
chr1	291282	291283	4	0.5475
chr1	291332	291333	5	0.5691
chr1	291363	291364	5	0.5612
chr1	291396	291397	7	0.623
chr1	291414	291415	4	0.4439
chr1	291455	291456	4	0.7258
chr1	291474	291475	6	0.5746
chr1	291489	291490	5	0.5407
chr1	291539	291540	4	0.5723
chr1	291561	291562	4	0.7058
chr1	291611	291612	4	0.5028
chr1	291626	291627	4	0.6592
chr1	291726	291727	5	0.5553
chr1	291826	291827	4	0.698
chr1	291926	291927	4	0.5525
chr1	292020	292021	3	0.8565
chr1	292062	292063	3	0.7796
chr1	292178	292179	6	0.7183
chr1	292248	292249	5	0.7446
chr1	292390	292391	5	0.7759
chr1	292436	292437	5	0.825
chr1	292451	292452	3	0.7505
chr1	292477	292478	6	0.763
chr1	292527	292528	5	0.8893
chr1	292550	292551	5	0.7062
chr1	292582	292583	4	0.7659
chr1	292632	292633	4	0.9047
chr1	292669	292670	4	0.7605
chr1	292705	292706	5	0.8072
chr1	292755	292756	5	0.7249
chr1	292789	292790	4	0.6086
chr1	292824	292825	2	0.7271
chr1	292840	292841	4	0.6821
chr1	292857	292858	6	0.6878
chr1	292907	292908	5	0.8773
chr1	292916	292917	4	0.851
chr1	292996	292997	5	0.6854
chr1	293049	293050	6	0.8086
chr1	293149	293150	3	0.8307
chr1	293199	293200	5	0.788
chr1	293299	293300	4	0.7651
chr1	293361	293362	5	0.808
chr1	293371	293372	6	0.9841
chr1	293377	293378	3	0.4946
chr1	293406	293407	5	0.5854
chr1	293456	293457	3	0.664
chr1	293478	293479	4	0.5049
chr1	293528	293529	3	0.5826
chr1	293546	293547	5	0.5154
chr1	293577	293578	5	0.6952
chr1	293605	293606	3	0.58
chr1	293642	293643	3	0.6581
chr1	293659	293660	5	0.4899
chr1	293674	293675	4	0.62
chr1	293712	293713	4	0.7439
chr1	293756	293757	3	0.515
chr1	293784	293785	4	0.6295
chr1	293810	293811	4	0.541
chr1	293826	293827	4	0.5111
chr1	293859	293860	3	0.4943
chr1	293886	293887	4	0.7394
chr1	293901	293902	4	0.4817
chr1	293923	293924	5	0.656
chr1	294023	294024	3	0.4677
chr1	294123	294124	4	0.5672
chr1	294223	294224	5	0.5348
chr1	294311	294312	5	0.5602
chr1	294411	294412	5	0.6099
chr1	294465	294466	6	0.9048
chr1	294517	294518	4	0.8471
chr1	294563	294564	4	0.8467
chr1	294565	294566	6	0.9772
chr1	294575	294576	3	0.9446
chr1	294639	294640	3	0.7532
chr1	294857	294858	6	1.0
chr1	294879	294880	3	0.5795
chr1	294910	294911	5	0.6901
chr1	294960	294961	4	0.4597
chr1	294998	294999	5	0.6044
chr1	295025	295026	5	0.5571
chr1	295048	295049	5	0.5999
chr1	295063	295064	4	0.5666
chr1	295113	295114	3	0.6875
chr1	295152	295153	4	0.5804
chr1	295174	295175	5	0.605
chr1	295209	295210	5	0.7148
chr1	295245	295246	3	0.6195
chr1	295263	295264	4	0.5497
chr1	295297	295298	3	0.4977
chr1	295333	295334	5	0.7608
chr1	295377	295378	4	0.7893
chr1	295399	295400	5	0.5312
chr1	295432	295433	6	0.6526
chr1	295532	295533	6	0.6982
chr1	295632	295633	6	0.6627
chr1	295732	295733	5	0.6037
chr1	295782	295783	6	0.679
chr1	295832	295833	4	0.5932
chr1	295898	295899	5	0.5324
chr1	295936	295937	4	0.5683
chr1	295975	295976	4	0.0699
chr1	295998	295999	4	0.1177
chr1	296048	296049	3	0.1705
chr1	296098	296099	4	0.0
chr1	296148	296149	5	0.0915
chr1	296198	296199	5	0.0836
chr1	296225	296226	6	0.2018
chr1	296275	296276	6	0.1881
chr1	296306	296307	6	0.1573
chr1	296331	296332	5	0.2601
chr1	296381	296382	5	0.2472
chr1	296429	296430	5	0.1866
chr1	296450	296451	4	0.0483
chr1	296474	296475	5	0.2159
chr1	296507	296508	6	0.2528
chr1	296607	296608	3	0.2346
chr1	296683	296684	5	0.0803
chr1	296783	296784	5	0.2733
chr1	296853	296854	6	0.196
chr1	296940	296941	5	0.126
chr1	296992	296993	5	0.0
chr1	297016	297017	5	0.5587
chr1	297066	297067	4	0.8191
chr1	297081	297082	6	0.6848
chr1	297119	297120	5	0.8282
chr1	297134	297135	6	0.7841
chr1	297168	297169	5	0.6996
chr1	297190	297191	5	0.5772
chr1	297226	297227	4	0.8597
chr1	297260	297261	4	0.6955
chr1	297300	297301	6	0.6572
chr1	297350	297351	6	0.7594
chr1	297391	297392	3	0.825
chr1	297441	297442	5	0.8086
chr1	297485	297486	4	0.7298
chr1	297531	297532	5	0.6729
chr1	297534	297535	4	0.6292
chr1	297634	297635	6	0.7963
chr1	297734	297735	6	0.6194
chr1	297784	297785	5	0.804
chr1	297884	297885	5	0.6004
chr1	297938	297939	4	0.8923
chr1	298038	298039	4	0.7413
chr1	298058	298059	5	0.7973
chr1	298098	298099	5	0.6376
chr1	298133	298134	6	0.6468
chr1	298148	298149	4	0.6773
chr1	298182	298183	4	0.8933
chr1	298197	298198	6	0.7798
chr1	298243	298244	7	0.5719
chr1	298293	298294	5	0.5893
chr1	298343	298344	6	0.6382
chr1	298377	298378	5	0.5839
chr1	298427	298428	5	0.7369
chr1	298447	298448	5	0.7403
chr1	298497	298498	5	0.6472
chr1	298535	298536	5	0.5696
chr1	298570	298571	4	0.6026
chr1	298581	298582	5	0.6674
chr1	298681	298682	4	0.7625
chr1	298765	298766	5	0.6389
chr1	298845	298846	5	0.7154
chr1	298945	298946	2	0.7604
chr1	298997	298998	4	0.6801
chr1	299047	299048	4	0.6282
chr1	299073	299074	4	0.7749
chr1	299079	299080	4	0.521
chr1	299112	299113	5	0.5067
chr1	299154	299155	5	0.5365
chr1	299169	299170	3	0.5071
chr1	299219	299220	4	0.4419
chr1	299236	299237	3	0.4719
chr1	299276	299277	5	0.4782
chr1	299313	299314	5	0.4602
chr1	299328	299329	4	0.6193
chr1	299378	299379	4	0.4932
chr1	299421	299422	3	0.5094
chr1	299447	299448	5	0.3826
chr1	299479	299480	5	0.3654
chr1	299501	299502	4	0.3834
chr1	299551	299552	5	0.4853
chr1	299601	299602	5	0.6004
chr1	299647	299648	6	0.5495
chr1	299666	299667	4	0.6016
chr1	299682	299683	3	0.5693
chr1	299752	299753	4	0.6529
chr1	299851	299852	4	0.4314
chr1	299951	299952	6	0.441
chr1	300038	300039	5	0.6078
chr1	300138	300139	4	0.5871
chr1	300201	300202	3	0.513
chr1	300243	300244	5	0.8348
chr1	300437	300438	6	0.7302
chr1	300525	300526	4	0.8667
chr1	300545	300546	4	0.8536
chr1	300593	300594	6	0.7925
chr1	300607	300608	5	0.0603
chr1	300646	300647	3	0.1291
chr1	300696	300697	4	0.0093
chr1	300731	300732	4	0.0705
chr1	300754	300755	3	0.1518
chr1	300799	300800	3	0.2564
chr1	300814	300815	4	0.1238
chr1	300849	300850	5	0.1666
chr1	300880	300881	3	0.1667
chr1	300924	300925	3	0.1574
chr1	300974	300975	5	0.1466
chr1	301024	301025	6	0.1165
chr1	301074	301075	5	0.0347
chr1	301095	301096	4	0.2069
chr1	301143	301144	5	0.2523
chr1	301160	301161	5	0.2145
chr1	301182	301183	6	0.2404
chr1	301206	301207	5	0.0291
chr1	301306	301307	6	0.2341
chr1	301406	301407	5	0.0861
chr1	301506	301507	3	0.0907
chr1	301606	301607	4	0.1129
chr1	301706	301707	4	0.1172
chr1	301716	301717	5	0.0408
chr1	301748	301749	6	0.3254
chr1	301766	301767	4	0.1598
chr1	301781	301782	4	0.1842
chr1	301831	301832	5	0.0
chr1	301881	301882	4	0.1683
chr1	301902	301903	2	0.2618
chr1	301929	301930	5	0.126
chr1	301951	301952	5	0.1328
chr1	301992	301993	5	0.0675
chr1	302020	302021	4	0.2996
chr1	302052	302053	5	0.0753
chr1	302088	302089	4	0.2312
chr1	302110	302111	2	0.1969
chr1	302160	302161	3	0.1066
chr1	302192	302193	4	0.0716
chr1	302217	302218	5	0.2565
chr1	302254	302255	5	0.3822
chr1	302261	302262	4	0.125
chr1	302354	302355	5	0.1708
chr1	302454	302455	3	0.2726
chr1	302528	302529	5	0.0751
chr1	302578	302579	6	0.1689
chr1	302678	302679	4	0.2764
chr1	302690	302691	3	0.0552
chr1	302696	302697	4	0.2936
chr1	302735	302736	6	0.1119
chr1	302784	302785	5	0.3473
chr1	302799	302800	4	0.4143
chr1	302817	302818	5	0.3172
chr1	302838	302839	5	0.3389
chr1	302888	302889	4	0.2001
chr1	302905	302906	7	0.2925
chr1	302925	302926	4	0.3393
chr1	302944	302945	5	0.4068
chr1	302967	302968	5	0.1884
chr1	302996	302997	5	0.3555
chr1	303014	303015	4	0.3647
chr1	303034	303035	4	0.3377
chr1	303068	303069	4	0.5958
chr1	303102	303103	5	0.3477
chr1	303128	303129	4	0.2134
chr1	303161	303162	4	0.3632
chr1	303176	303177	5	0.417
chr1	303226	303227	4	0.2725
chr1	303238	303239	5	0.4323
chr1	303288	303289	5	0.3524
chr1	303338	303339	4	0.2315
chr1	303438	303439	5	0.4285
chr1	303538	303539	4	0.5047
chr1	303607	303608	4	0.3947
chr1	303657	303658	4	0.2917
chr1	303757	303758	4	0.4528
chr1	303835	303836	4	0.8586
chr1	303841	303842	5	0.6604
chr1	303891	303892	3	0.5989
chr1	303947	303948	5	0.6718
chr1	304011	304012	4	0.8178
chr1	304097	304098	4	0.751
chr1	304113	304114	3	0.6413
chr1	304131	304132	5	0.7092
chr1	304187	304188	5	0.8489
chr1	304193	304194	3	0.2833
chr1	304234	304235	3	0.2708
chr1	304279	304280	6	0.2389
chr1	304312	304313	5	0.3776
chr1	304338	304339	5	0.3104
chr1	304363	304364	4	0.2374
chr1	304402	304403	3	0.1535
chr1	304448	304449	3	0.2526
chr1	304498	304499	4	0.2273
chr1	304522	304523	6	0.3562
chr1	304567	304568	3	0.2872
chr1	304590	304591	5	0.1624
chr1	304621	304622	5	0.2686
chr1	304644	304645	4	0.2477
chr1	304693	304694	4	0.2583
chr1	304730	304731	6	0.2956
chr1	304764	304765	3	0.3213
chr1	304794	304795	6	0.2375
chr1	304859	304860	4	0.3358
chr1	304909	304910	3	0.2406
chr1	304990	304991	4	0.1339
chr1	305041	305042	4	0.21
chr1	305141	305142	5	0.2302
chr1	305241	305242	6	0.105
chr1	305341	305342	4	0.2501
chr1	305363	305364	5	0.054
chr1	305497	305498	5	0.0469
chr1	305543	305544	5	0.0115
chr1	305681	305682	6	0.1034
chr1	305693	305694	4	0.0109
chr1	305695	305696	6	0.0
chr1	305721	305722	4	0.0
chr1	305777	305778	4	0.0751
chr1	305803	305804	6	0.1461
chr1	305823	305824	4	0.0
chr1	305872	305873	6	0.8396
chr1	305887	305888	4	0.6844
chr1	305908	305909	5	0.7626
chr1	305927	305928	4	0.6387
chr1	305975	305976	4	0.7399
chr1	306021	306022	4	0.8451
chr1	306071	306072	5	0.8254
chr1	306121	306122	5	0.7183
chr1	306151	306152	3	0.5553
chr1	306181	306182	4	0.8269
chr1	306210	306211	6	0.724
chr1	306245	306246	3	0.8237
chr1	306284	306285	4	0.5937
chr1	306311	306312	4	0.5858
chr1	306341	306342	3	0.5016
chr1	306358	306359	5	0.639
chr1	306404	306405	3	0.5969
chr1	306427	306428	6	0.7809
chr1	306460	306461	5	0.6989
chr1	306524	306525	3	0.7836
chr1	306624	306625	4	0.5956
chr1	306724	306725	4	0.6985
chr1	306824	306825	4	0.7795
chr1	306924	306925	3	0.6041
chr1	307024	307025	5	0.8313
chr1	307048	307049	4	0.9001
chr1	307058	307059	5	0.2321
chr1	307108	307109	5	0.0235
chr1	307155	307156	5	0.1484
chr1	307180	307181	4	0.1784
chr1	307230	307231	6	0.1703
chr1	307265	307266	4	0.1759
chr1	307280	307281	4	0.1882
chr1	307304	307305	4	0.1099
chr1	307327	307328	5	0.2094
chr1	307346	307347	4	0.1893
chr1	307396	307397	5	0.0896
chr1	307411	307412	3	0.2848
chr1	307457	307458	5	0.038
chr1	307487	307488	5	0.3933
chr1	307512	307513	4	0.0
chr1	307561	307562	6	0.1543
chr1	307566	307567	4	0.1195
chr1	307616	307617	6	0.0419
chr1	307666	307667	4	0.3074
chr1	307766	307767	5	0.2929
chr1	307817	307818	5	0.2485
chr1	307917	307918	6	0.0949
chr1	308017	308018	5	0.1199
chr1	308091	308092	4	0.102
chr1	308128	308129	4	0.5577
chr1	308148	308149	3	0.8576
chr1	308164	308165	4	0.7222
chr1	308198	308199	3	0.7746
chr1	308248	308249	3	1.0
chr1	308263	308264	5	0.7538
chr1	308282	308283	4	0.8433
chr1	308307	308308	3	0.8466
chr1	308327	308328	5	0.9063
chr1	308353	308354	4	0.8625
chr1	308368	308369	4	0.7142
chr1	308412	308413	3	0.9666
chr1	308443	308444	3	0.8834
chr1	308475	308476	4	0.7143
chr1	308490	308491	7	0.6502
chr1	308540	308541	4	0.9187
chr1	308576	308577	6	0.767
chr1	308590	308591	4	0.6433
chr1	308690	308691	4	0.6787
chr1	308790	308791	5	0.8609
chr1	308840	308841	5	0.5765
chr1	308940	308941	6	0.8347
chr1	308992	308993	5	0.8008
chr1	309020	309021	6	0.8479
chr1	309042	309043	6	0.9368
chr1	309071	309072	4	0.9722
chr1	309100	309101	4	0.7772
chr1	309137	309138	4	0.988
chr1	309161	309162	5	0.7206
chr1	309209	309210	6	0.8602
chr1	309242	309243	5	0.8628
chr1	309285	309286	5	0.8341
chr1	309303	309304	5	0.7848
chr1	309322	309323	5	0.8346
chr1	309372	309373	6	0.6348
chr1	309414	309415	2	0.779
chr1	309437	309438	5	0.7845
chr1	309487	309488	6	0.9701
chr1	309494	309495	5	0.815
chr1	309594	309595	3	0.929
chr1	309652	309653	4	0.7986
chr1	309702	309703	5	0.7826
chr1	309780	309781	4	0.8273
chr1	309842	309843	3	0.8617
chr1	309893	309894	6	0.5793
chr1	309931	309932	3	0.8873
chr1	309945	309946	5	1.0
chr1	309951	309952	3	0.4345
chr1	310001	310002	4	0.3717
chr1	310051	310052	5	0.467
chr1	310069	310070	4	0.4155
chr1	310090	310091	5	0.5806
chr1	310116	310117	4	0.5298
chr1	310166	310167	5	0.5593
chr1	310197	310198	5	0.7324
chr1	310228	310229	7	0.5077
chr1	310244	310245	4	0.3034
chr1	310264	310265	6	0.6214
chr1	310290	310291	6	0.357
chr1	310340	310341	4	0.616
chr1	310376	310377	4	0.4379
chr1	310421	310422	4	0.4733
chr1	310452	310453	5	0.5034
chr1	310457	310458	5	0.5282
chr1	310557	310558	4	0.4086
chr1	310615	310616	5	0.4308
chr1	310715	310716	3	0.2358
chr1	310791	310792	5	0.5387
chr1	310891	310892	5	0.5434
chr1	310949	310950	6	0.5609
chr1	310953	310954	5	0.8093
chr1	311031	311032	3	0.8511
chr1	311207	311208	4	0.8296
chr1	311311	311312	5	0.4823
chr1	311391	311392	3	0.8353
chr1	311440	311441	3	0.1977
chr1	311470	311471	5	0.2805
chr1	311520	311521	4	0.2817
chr1	311554	311555	6	0.215
chr1	311595	311596	5	0.1044
chr1	311620	311621	5	0.253
chr1	311645	311646	3	0.1894
chr1	311686	311687	3	0.1347
chr1	311704	311705	8	0.23
chr1	311744	311745	3	0.1751
chr1	311794	311795	5	0.1928
chr1	311844	311845	5	0.3326
chr1	311885	311886	5	0.2295
chr1	311897	311898	5	0.1967
chr1	311997	311998	4	0.1991
chr1	312085	312086	4	0.2524
chr1	312185	312186	5	0.1834
chr1	312265	312266	5	0.3903
chr1	312341	312342	5	0.3134
chr1	312411	312412	4	0.014
chr1	312421	312422	4	0.4075
chr1	312460	312461	4	0.4895
chr1	312488	312489	5	0.6086
chr1	312538	312539	4	0.4322
chr1	312563	312564	5	0.475
chr1	312598	312599	5	0.4108
chr1	312646	312647	6	0.4013
chr1	312674	312675	7	0.5366
chr1	312698	312699	5	0.4075
chr1	312741	312742	5	0.4411
chr1	312770	312771	5	0.3869
chr1	312791	312792	5	0.3234
chr1	312827	312828	5	0.3834
chr1	312848	312849	4	0.3715
chr1	312878	312879	4	0.4142
chr1	312904	312905	7	0.3608
chr1	312931	312932	4	0.4513
chr1	312959	312960	5	0.5093
chr1	313059	313060	2	0.3938
chr1	313159	313160	4	0.3311
chr1	313209	313210	4	0.2518
chr1	313309	313310	6	0.4032
chr1	313409	313410	3	0.4348
chr1	313445	313446	2	0.216
chr1	313487	313488	5	0.2686
chr1	313503	313504	4	0.284
chr1	313507	313508	5	0.1439
chr1	313711	313712	3	0.2049
chr1	313735	313736	5	0.3001
chr1	313787	313788	4	0.2498
chr1	313827	313828	4	0.4937
chr1	313831	313832	4	0.023
chr1	313905	313906	4	0.1628
chr1	313952	313953	5	0.5479
chr1	313967	313968	4	0.6315
chr1	313982	313983	5	0.4944
chr1	314011	314012	6	0.5715
chr1	314040	314041	4	0.4689
chr1	314090	314091	5	0.6961
chr1	314140	314141	6	0.6975
chr1	314174	314175	4	0.6367
chr1	314204	314205	5	0.6441
chr1	314226	314227	6	0.553
chr1	314270	314271	4	0.7219
chr1	314291	314292	4	0.6526
chr1	314325	314326	6	0.6904
chr1	314354	314355	3	0.6862
chr1	314385	314386	4	0.5527
chr1	314404	314405	4	0.65
chr1	314422	314423	3	0.7564
chr1	314451	314452	4	0.6318
chr1	314479	314480	6	0.7288
chr1	314512	314513	6	0.6399
chr1	314530	314531	5	0.7117
chr1	314630	314631	4	0.4943
chr1	314680	314681	4	0.46
chr1	314735	314736	6	0.6303
chr1	314798	314799	4	0.599
chr1	314863	314864	5	0.421
chr1	314963	314964	4	0.6421
chr1	315049	315050	3	0.6885
chr1	315099	315100	5	0.7303
chr1	315165	315166	4	0.5839
chr1	315172	315173	5	0.7053
chr1	315217	315218	5	0.5808
chr1	315245	315246	3	0.7547
chr1	315293	315294	4	0.5364
chr1	315333	315334	5	0.6232
chr1	315383	315384	4	0.6532
chr1	315401	315402	5	0.6175
chr1	315426	315427	4	0.6327
chr1	315465	315466	4	0.5479
chr1	315480	315481	6	0.571
chr1	315506	315507	4	0.6255
chr1	315537	315538	6	0.7808
chr1	315587	315588	5	0.6992
chr1	315606	315607	3	0.6152
chr1	315622	315623	4	0.7524
chr1	315626	315627	4	0.6031
chr1	315726	315727	5	0.7072
chr1	315826	315827	5	0.6092
chr1	315926	315927	6	0.6477
chr1	316026	316027	4	0.5085
chr1	316190	316191	5	0.8318
chr1	316256	316257	5	0.9477
chr1	316266	316267	6	0.961
chr1	316304	316305	5	0.8171
chr1	316320	316321	4	0.6534
chr1	316424	316425	5	0.8273
chr1	316450	316451	5	0.8376
chr1	316457	316458	5	0.585
chr1	316488	316489	6	0.4354
chr1	316506	316507	4	0.5898
chr1	316556	316557	4	0.4714
chr1	316583	316584	6	0.5602
chr1	316633	316634	5	0.5851
chr1	316669	316670	4	0.6031
chr1	316688	316689	5	0.5816
chr1	316704	316705	3	0.4249
chr1	316733	316734	3	0.6116
chr1	316783	316784	3	0.5854
chr1	316806	316807	4	0.6853
chr1	316851	316852	4	0.7134
chr1	316867	316868	3	0.5983
chr1	316903	316904	4	0.4943
chr1	316953	316954	6	0.5067
chr1	316997	316998	4	0.6118
chr1	317022	317023	6	0.6205
chr1	317039	317040	6	0.448
chr1	317049	317050	3	0.717
chr1	317149	317150	4	0.6529
chr1	317199	317200	4	0.5367
chr1	317299	317300	4	0.5453
chr1	317399	317400	5	0.5378
chr1	317480	317481	5	0.4127
chr1	317580	317581	4	0.5907
chr1	317638	317639	3	0.9604
chr1	317656	317657	3	0.9124
chr1	317718	317719	5	0.8524
chr1	317762	317763	6	0.8934
chr1	317794	317795	7	1.0
chr1	317980	317981	6	0.8282
chr1	318022	318023	7	0.8957
chr1	318070	318071	2	0.909
chr1	318094	318095	4	0.9357
chr1	318123	318124	4	0.7232
chr1	318172	318173	4	0.8783
chr1	318192	318193	4	0.7876
chr1	318212	318213	4	0.8348
chr1	318261	318262	3	0.8769
chr1	318290	318291	3	0.8305
chr1	318312	318313	4	0.8279
chr1	318329	318330	3	0.9743
chr1	318379	318380	5	0.8059
chr1	318409	318410	4	0.707
chr1	318445	318446	5	0.8654
chr1	318463	318464	4	0.9516
chr1	318506	318507	5	0.872
chr1	318543	318544	3	0.909
chr1	318593	318594	3	0.9146
chr1	318621	318622	4	0.7632
chr1	318638	318639	5	0.8863
chr1	318642	318643	7	0.8458
chr1	318742	318743	4	0.876
chr1	318842	318843	4	0.7624
chr1	318942	318943	4	0.9081
chr1	319042	319043	5	0.9147
chr1	319142	319143	5	0.8998
chr1	319196	319197	4	0.784
chr1	319240	319241	3	0.9174
chr1	319246	319247	4	0.6505
chr1	319261	319262	6	0.5704
chr1	319285	319286	3	0.488
chr1	319331	319332	3	0.2558
chr1	319346	319347	5	0.4417
chr1	319396	319397	3	0.6761
chr1	319412	319413	3	0.564
chr1	319462	319463	5	0.5815
chr1	319496	319497	5	0.4196
chr1	319546	319547	6	0.471
chr1	319596	319597	5	0.4161
chr1	319638	319639	3	0.5445
chr1	319653	319654	5	0.4316
chr1	319687	319688	4	0.536
chr1	319716	319717	5	0.447
chr1	319754	319755	6	0.5461
chr1	319773	319774	6	0.4841
chr1	319823	319824	4	0.485
chr1	319913	319914	5	0.4957
chr1	319993	319994	5	0.635
chr1	320093	320094	4	0.4854
chr1	320193	320194	3	0.3991
chr1	320251	320252	6	0.3803
chr1	320263	320264	5	0.6452
chr1	320319	320320	5	0.8562
chr1	320345	320346	4	0.7494
chr1	320369	320370	3	0.683
chr1	320523	320524	5	0.6439
chr1	320539	320540	4	0.8039
chr1	320569	320570	5	0.7162
chr1	320611	320612	4	0.685
chr1	320731	320732	5	0.7736
chr1	320770	320771	5	0.325
chr1	320808	320809	4	0.3819
chr1	320858	320859	6	0.2223
chr1	320899	320900	5	0.2509
chr1	320925	320926	4	0.2388
chr1	320968	320969	4	0.2757
chr1	320992	320993	5	0.3306
chr1	321020	321021	4	0.3142
chr1	321048	321049	5	0.184
chr1	321079	321080	4	0.1004
chr1	321129	321130	5	0.1009
chr1	321161	321162	4	0.2419
chr1	321182	321183	4	0.2577
chr1	321206	321207	4	0.4336
chr1	321256	321257	5	0.2692
chr1	321286	321287	4	0.1801
chr1	321303	321304	4	0.3732
chr1	321331	321332	5	0.3648
chr1	321356	321357	4	0.3523
chr1	321456	321457	5	0.1671
chr1	321556	321557	3	0.1351
chr1	321656	321657	5	0.2027
chr1	321706	321707	5	0.24
chr1	321806	321807	4	0.1468
chr1	321871	321872	6	0.1307
chr1	321921	321922	5	0.1471
chr1	321937	321938	5	0.1688
chr1	321946	321947	6	0.7729
chr1	321980	321981	6	0.7056
chr1	322028	322029	2	0.8098
chr1	322069	322070	3	0.6941
chr1	322089	322090	4	0.6751
chr1	322126	322127	5	0.7326
chr1	322159	322160	3	0.5893
chr1	322209	322210	4	0.7545
chr1	322259	322260	3	0.7705
chr1	322293	322294	6	0.7004
chr1	322336	322337	5	0.7941
chr1	322351	322352	5	0.6703
chr1	322393	322394	4	0.6612
chr1	322422	322423	4	0.6771
chr1	322438	322439	7	0.5005
chr1	322510	322511	4	0.6982
chr1	322584	322585	6	0.8682
chr1	322684	322685	4	0.797
chr1	322784	322785	5	0.608
chr1	322848	322849	5	0.7226
chr1	322917	322918	4	0.7142
chr1	322931	322932	4	0.7564
chr1	323003	323004	5	0.9441
chr1	323107	323108	4	0.9891
chr1	323117	323118	4	0.861
chr1	323327	323328	3	0.8195
chr1	323341	323342	6	0.9717
chr1	323359	323360	4	0.7709
chr1	323385	323386	4	0.7033
chr1	323401	323402	4	0.1135
chr1	323425	323426	5	0.0407
chr1	323475	323476	6	0.2907
chr1	323523	323524	4	0.1043
chr1	323539	323540	5	0.1315
chr1	323554	323555	5	0.181
chr1	323573	323574	5	0.167
chr1	323623	323624	3	0.1892
chr1	323651	323652	5	0.3136
chr1	323668	323669	5	0.3132
chr1	323697	323698	4	0.0454
chr1	323736	323737	5	0.2047
chr1	323774	323775	5	0.1055
chr1	323794	323795	5	0.1713
chr1	323818	323819	5	0.1303
chr1	323849	323850	3	0.0454
chr1	323876	323877	5	0.1764
chr1	323908	323909	6	0.1411
chr1	323930	323931	4	0.1228
chr1	323980	323981	4	0.0671
chr1	324001	324002	6	0.3834
chr1	324051	324052	6	0.046
chr1	324151	324152	3	0.1995
chr1	324251	324252	3	0.3109
chr1	324304	324305	5	0.1344
chr1	324404	324405	5	0.0514
chr1	324472	324473	5	0.2777
chr1	324522	324523	3	0.0491
chr1	324524	324525	5	0.1232
chr1	324574	324575	4	0.2554
chr1	324598	324599	4	0.6619
chr1	324622	324623	6	0.6674
chr1	324661	324662	6	0.7635
chr1	324676	324677	5	0.5844
chr1	324726	324727	4	0.6646
chr1	324745	324746	5	0.66
chr1	324761	324762	6	0.5051
chr1	324778	324779	5	0.5738
chr1	324798	324799	4	0.6146
chr1	324816	324817	4	0.7097
chr1	324849	324850	6	0.6768
chr1	324880	324881	5	0.5257
chr1	324914	324915	5	0.8397
chr1	324929	324930	5	0.7355
chr1	324956	324957	3	0.8332
chr1	324986	324987	5	0.5671
chr1	325021	325022	4	0.6394
chr1	325067	325068	5	0.6522
chr1	325077	325078	4	0.8963
chr1	325160	325161	4	0.8429
chr1	325260	325261	6	0.5586
chr1	325323	325324	6	0.7271
chr1	325423	325424	5	0.6252
chr1	325516	325517	2	0.6176
chr1	325606	325607	3	0.7112
chr1	325645	325646	4	0.8536
chr1	325687	325688	2	0.6532
chr1	325714	325715	4	0.818
chr1	325745	325746	6	0.7383
chr1	325773	325774	5	0.4801
chr1	325823	325824	4	0.7985
chr1	325844	325845	4	0.7812
chr1	325861	325862	4	0.5325
chr1	325889	325890	4	0.5878
chr1	325920	325921	3	0.6914
chr1	325942	325943	5	0.696
chr1	325974	325975	5	0.6161
chr1	325997	325998	5	0.6753
chr1	326047	326048	5	0.7841
chr1	326097	326098	3	0.5456
chr1	326101	326102	4	0.8173
chr1	326167	326168	4	0.6892
chr1	326219	326220	5	0.5807
chr1	326319	326320	3	0.7092
chr1	326419	326420	3	0.7038
chr1	326519	326520	4	0.8701
chr1	326571	326572	7	0.8632
chr1	326579	326580	5	0.771
chr1	326606	326607	4	0.8251
chr1	326636	326637	4	0.8218
chr1	326674	326675	3	0.8601
chr1	326710	326711	3	0.7493
chr1	326730	326731	6	0.8535
chr1	326751	326752	5	0.8631
chr1	326775	326776	3	0.8916
chr1	326791	326792	6	0.826
chr1	326841	326842	5	0.9229
chr1	326868	326869	5	0.756
chr1	326918	326919	3	0.8797
chr1	326934	326935	4	1.0
chr1	326977	326978	5	0.7869
chr1	327016	327017	4	0.7602
chr1	327033	327034	4	0.798
chr1	327083	327084	5	0.9499
chr1	327116	327117	4	0.8242
chr1	327143	327144	5	0.9312
chr1	327243	327244	4	0.6945
chr1	327310	327311	3	0.9526
chr1	327410	327411	4	0.8728
chr1	327510	327511	6	0.7708
chr1	327560	327561	6	0.7416
chr1	327656	327657	4	0.8863
chr1	327704	327705	6	0.9203
chr1	327712	327713	6	0.637
chr1	327721	327722	5	0.5314
chr1	327771	327772	5	0.4317
chr1	327786	327787	4	0.3591
chr1	327807	327808	2	0.4663
chr1	327829	327830	5	0.4919
chr1	327844	327845	5	0.5928
chr1	327881	327882	5	0.5608
chr1	327931	327932	4	0.3865
chr1	327949	327950	5	0.5423
chr1	327964	327965	5	0.4922
chr1	328014	328015	5	0.4884
chr1	328030	328031	5	0.3352
chr1	328080	328081	4	0.5324
chr1	328106	328107	5	0.3741
chr1	328124	328125	6	0.4034
chr1	328139	328140	6	0.3777
chr1	328171	328172	4	0.4665
chr1	328271	328272	6	0.3696
chr1	328321	328322	4	0.3544
chr1	328371	328372	5	0.3617
chr1	328471	328472	5	0.5628
chr1	328571	328572	4	0.3436
chr1	328685	328686	5	0.2067
chr1	328701	328702	4	0.1383
chr1	328737	328738	5	0.0
chr1	328743	328744	3	0.1825
chr1	328813	328814	5	0.2202
chr1	328945	328946	5	0.1009
chr1	329045	329046	6	0.3719
chr1	329079	329080	3	0.0974
chr1	329113	329114	5	0.238
chr1	329142	329143	4	0.119
chr1	329178	329179	3	0.0151
chr1	329197	329198	5	0.0077
chr1	329212	329213	3	0.1274
chr1	329238	329239	5	0.073
chr1	329254	329255	5	0.1597
chr1	329279	329280	6	0.1497
chr1	329329	329330	4	0.1324
chr1	329361	329362	5	0.1773
chr1	329387	329388	5	0.1975
chr1	329437	329438	2	0.1153
chr1	329467	329468	4	0.1371
chr1	329482	329483	5	0.2357
chr1	329504	329505	3	0.0979
chr1	329519	329520	4	0.1387
chr1	329569	329570	3	0.2315
chr1	329619	329620	4	0.0793
chr1	329627	329628	5	0.118
chr1	329677	329678	6	0.1883
chr1	329777	329778	4	0.2208
chr1	329851	329852	3	0.0978
chr1	329929	329930	4	0.2486
chr1	330026	330027	5	0.1751
chr1	330126	330127	4	0.1626
chr1	330154	330155	6	0.1719
chr1	330222	330223	5	0.2062
chr1	330246	330247	5	0.6643
chr1	330275	330276	4	0.7025
chr1	330298	330299	5	0.6165
chr1	330348	330349	6	0.6325
chr1	330380	330381	5	0.5508
chr1	330408	330409	4	0.562
chr1	330429	330430	5	0.6247
chr1	330449	330450	5	0.6611
chr1	330499	330500	5	0.6839
chr1	330523	330524	6	0.519
chr1	330553	330554	4	0.6412
chr1	330582	330583	4	0.6986
chr1	330600	330601	4	0.5762
chr1	330640	330641	3	0.5769
chr1	330667	330668	6	0.7361
chr1	330706	330707	6	0.6177
chr1	330744	330745	4	0.577
chr1	330794	330795	5	0.634
chr1	330798	330799	3	0.5543
chr1	330857	330858	4	0.5521
chr1	330957	330958	4	0.722
chr1	331057	331058	3	0.7177
chr1	331157	331158	4	0.6533
chr1	331284	331285	6	0.5085
chr1	331336	331337	3	0.7543
chr1	331341	331342	4	0.4923
chr1	331356	331357	3	0.4042
chr1	331390	331391	6	0.2711
chr1	331414	331415	5	0.2243
chr1	331464	331465	3	0.4536
chr1	331486	331487	7	0.3435
chr1	331501	331502	4	0.3293
chr1	331516	331517	3	0.35
chr1	331549	331550	3	0.1324
chr1	331575	331576	4	0.379
chr1	331625	331626	4	0.5166
chr1	331662	331663	4	0.3503
chr1	331707	331708	5	0.2914
chr1	331729	331730	4	0.3675
chr1	331759	331760	3	0.3586
chr1	331809	331810	4	0.3529
chr1	331832	331833	4	0.5644
chr1	331848	331849	4	0.422
chr1	331869	331870	5	0.4159
chr1	331906	331907	4	0.5651
chr1	331909	331910	6	0.3636
chr1	332009	332010	5	0.2344
chr1	332109	332110	3	0.4249
chr1	332209	332210	6	0.6035
chr1	332269	332270	6	0.5753
chr1	332319	332320	4	0.3983
chr1	332419	332420	4	0.4332
chr1	332469	332470	4	0.4544
chr1	332513	332514	5	0.8898
chr1	332523	332524	4	0.752
chr1	332569	332570	5	0.7063
chr1	332595	332596	5	0.7036
chr1	332767	332768	4	0.685
chr1	332791	332792	4	0.7112
chr1	332897	332898	5	0.4795
chr1	332902	332903	4	0.5493
chr1	332952	332953	5	0.4945
chr1	332973	332974	4	0.6859
chr1	333020	333021	2	0.5975
chr1	333070	333071	4	0.6385
chr1	333096	333097	5	0.4613
chr1	333135	333136	4	0.6336
chr1	333165	333166	3	0.4391
chr1	333181	333182	4	0.427
chr1	333196	333197	5	0.4183
chr1	333211	333212	5	0.5584
chr1	333244	333245	5	0.5293
chr1	333294	333295	4	0.481
chr1	333314	333315	1	0.6207
chr1	333345	333346	4	0.55
chr1	333360	333361	4	0.5877
chr1	333395	333396	5	0.4704
chr1	333461	333462	3	0.4706
chr1	333561	333562	4	0.5418
chr1	333611	333612	5	0.5984
chr1	333711	333712	5	0.4089
chr1	333771	333772	5	0.3765
chr1	333871	333872	4	0.6072
chr1	333939	333940	5	1.0
chr1	334069	334070	5	0.9024
chr1	334087	334088	5	0.9924
chr1	334089	334090	3	0.9292
chr1	334219	334220	5	0.7841
chr1	334231	334232	3	0.6633
chr1	334257	334258	4	1.0
chr1	334345	334346	5	0.8933
chr1	334350	334351	1	0.0656
chr1	334386	334387	4	0.2096
chr1	334420	334421	7	0.3623
chr1	334470	334471	5	0.4309
chr1	334493	334494	5	0.4427
chr1	334528	334529	5	0.3498
chr1	334564	334565	4	0.3616
chr1	334609	334610	5	0.3333
chr1	334659	334660	6	0.2988
chr1	334696	334697	5	0.1026
chr1	334726	334727	5	0.0756
chr1	334747	334748	3	0.0993
chr1	334782	334783	6	0.1026
chr1	334808	334809	4	0.2073
chr1	334841	334842	5	0.0619
chr1	334852	334853	3	0.2331
chr1	334902	334903	4	0.0172
chr1	335002	335003	4	0.103
chr1	335102	335103	5	0.1099
chr1	335202	335203	5	0.0291
chr1	335302	335303	3	0.1839
chr1	335316	335317	4	0.0557
chr1	335326	335327	4	0.0
chr1	335454	335455	4	0.1292
chr1	335500	335501	6	0.2793
chr1	335542	335543	5	0.1691
chr1	335674	335675	5	0.0089
chr1	335684	335685	5	0.7296
chr1	335724	335725	6	0.6252
chr1	335753	335754	6	0.5523
chr1	335803	335804	5	0.7115
chr1	335818	335819	5	0.6641
chr1	335838	335839	2	0.6638
chr1	335871	335872	6	0.5079
chr1	335899	335900	4	0.4933
chr1	335939	335940	5	0.5276
chr1	335967	335968	3	0.5632
chr1	336016	336017	5	0.6249
chr1	336047	336048	3	0.5066
chr1	336064	336065	4	0.6651
chr1	336086	336087	3	0.5277
chr1	336139	336140	5	0.3866
chr1	336239	336240	4	0.714
chr1	336339	336340	5	0.6979
chr1	336439	336440	3	0.6715
chr1	336473	336474	6	0.5103
chr1	336535	336536	5	0.8034
chr1	336562	336563	5	0.2336
chr1	336579	336580	4	0.1
chr1	336610	336611	5	0.237
chr1	336651	336652	5	0.1371
chr1	336673	336674	5	0.1723
chr1	336691	336692	5	0.1693
chr1	336727	336728	5	0.0071
chr1	336757	336758	5	0.0724
chr1	336798	336799	4	0.1045
chr1	336813	336814	5	0.11
chr1	336830	336831	4	0.0
chr1	336861	336862	4	0.1044
chr1	336906	336907	6	0.1342
chr1	336956	336957	4	0.2238
chr1	336991	336992	4	0.0777
chr1	337025	337026	4	0.0
chr1	337040	337041	4	0.1576
chr1	337055	337056	4	0.1761
chr1	337074	337075	4	0.0
chr1	337075	337076	2	0.0602
chr1	337175	337176	5	0.1595
chr1	337232	337233	5	0.3101
chr1	337332	337333	4	0.0467
chr1	337432	337433	5	0.1279
chr1	337520	337521	5	0.1819
chr1	337550	337551	4	0.0442
chr1	337555	337556	3	0.6421
chr1	337579	337580	6	0.7277
chr1	337620	337621	4	0.748
chr1	337670	337671	5	0.6057
chr1	337694	337695	4	0.6603
chr1	337744	337745	5	0.662
chr1	337762	337763	3	0.6842
chr1	337788	337789	5	0.7351
chr1	337829	337830	5	0.727
chr1	337864	337865	4	0.7593
chr1	337904	337905	3	0.7173
chr1	337927	337928	4	0.7063
chr1	337947	337948	5	0.8125
chr1	337966	337967	4	0.5604
chr1	338066	338067	5	0.6678
chr1	338166	338167	3	0.7272
chr1	338266	338267	5	0.51
chr1	338316	338317	4	0.8518
chr1	338404	338405	5	1.0
chr1	338408	338409	4	0.8967
chr1	338506	338507	5	0.861
chr1	338580	338581	6	0.9455
chr1	338614	338615	5	0.86
chr1	338616	338617	5	0.6725
chr1	338646	338647	4	0.8505
chr1	338684	338685	3	0.8972
chr1	338716	338717	5	0.8106
chr1	338812	338813	4	0.5312
chr1	338856	338857	4	0.6423
chr1	338877	338878	3	0.8183
chr1	338901	338902	4	0.5389
chr1	338916	338917	5	0.534
chr1	338954	338955	6	0.5851
chr1	338995	338996	6	0.5811
chr1	339010	339011	5	0.6605
chr1	339035	339036	4	0.4742
chr1	339064	339065	3	0.547
chr1	339079	339080	2	0.4992
chr1	339107	339108	5	0.6237
chr1	339122	339123	4	0.5962
chr1	339168	339169	3	0.6696
chr1	339197	339198	4	0.6055
chr1	339212	339213	4	0.504
chr1	339231	339232	4	0.4547
chr1	339273	339274	4	0.5591
chr1	339296	339297	5	0.7366
chr1	339332	339333	6	0.7518
chr1	339356	339357	3	0.6063
chr1	339371	339372	5	0.7219
chr1	339425	339426	4	0.615
chr1	339496	339497	5	0.7659
chr1	339575	339576	6	0.5812
chr1	339675	339676	6	0.8813
chr1	339740	339741	5	0.6219
chr1	339840	339841	6	0.522
chr1	339860	339861	3	0.8208
chr1	339900	339901	5	0.8528
chr1	339905	339906	3	0.6873
chr1	339927	339928	3	0.8621
chr1	339942	339943	5	0.906
chr1	339992	339993	3	0.8173
chr1	340007	340008	6	0.7352
chr1	340027	340028	5	0.6417
chr1	340059	340060	7	0.5552
chr1	340109	340110	4	0.5735
chr1	340158	340159	6	0.668
chr1	340197	340198	4	0.4716
chr1	340214	340215	4	0.4639
chr1	340243	340244	3	0.7366
chr1	340277	340278	5	0.5723
chr1	340303	340304	5	0.7724
chr1	340329	340330	6	0.8455
chr1	340367	340368	4	0.8682
chr1	340391	340392	4	0.7067
chr1	340491	340492	4	0.7027
chr1	340591	340592	6	0.6283
chr1	340691	340692	5	0.705
chr1	340746	340747	5	0.7676
chr1	340846	340847	4	0.6297
chr1	340874	340875	6	0.8555
chr1	340910	340911	4	0.9121
chr1	340972	340973	4	0.9333
chr1	341054	341055	5	0.9143
chr1	341108	341109	4	0.849
chr1	341122	341123	4	0.7535
chr1	341296	341297	6	0.7465
chr1	341308	341309	5	0.576
chr1	341345	341346	4	0.626
chr1	341360	341361	3	0.7114
chr1	341397	341398	5	0.4729
chr1	341412	341413	4	0.6475
chr1	341462	341463	5	0.5937
chr1	341477	341478	4	0.6432
chr1	341501	341502	4	0.8019
chr1	341528	341529	4	0.5204
chr1	341566	341567	4	0.6597
chr1	341581	341582	4	0.5171
chr1	341610	341611	5	0.7437
chr1	341643	341644	5	0.6169
chr1	341693	341694	5	0.5588
chr1	341721	341722	4	0.6383
chr1	341736	341737	5	0.6055
chr1	341754	341755	3	0.5717
chr1	341773	341774	6	0.7369
chr1	341812	341813	6	0.7642
chr1	341814	341815	3	0.8033
chr1	341914	341915	4	0.6139
chr1	341990	341991	2	0.5071
chr1	342090	342091	3	0.4653
chr1	342175	342176	6	0.6597
chr1	342275	342276	7	0.4124
chr1	342277	342278	3	0.5768
chr1	342333	342334	5	0.766
chr1	342338	342339	5	0.257
chr1	342373	342374	6	0.2867
chr1	342398	342399	5	0.3764
chr1	342428	342429	4	0.4091
chr1	342446	342447	6	0.2225
chr1	342477	342478	5	0.4563
chr1	342527	342528	6	0.3316
chr1	342563	342564	3	0.4658
chr1	342594	342595	6	0.441
chr1	342632	342633	4	0.2789
chr1	342647	342648	6	0.3939
chr1	342662	342663	6	0.3612
chr1	342684	342685	6	0.341
chr1	342712	342713	3	0.3085
chr1	342728	342729	5	0.3473
chr1	342752	342753	5	0.2761
chr1	342776	342777	4	0.2757
chr1	342815	342816	6	0.2191
chr1	342862	342863	5	0.3996
chr1	342880	342881	4	0.4324
chr1	342896	342897	3	0.3266
chr1	342996	342997	4	0.3269
chr1	343046	343047	4	0.4502
chr1	343146	343147	6	0.1601
chr1	343246	343247	5	0.3179
chr1	343346	343347	4	0.292
chr1	343446	343447	5	0.331
chr1	343522	343523	5	0.0833
chr1	343636	343637	4	0.1642
chr1	343664	343665	5	0.2267
chr1	343792	343793	5	0.0312
chr1	343848	343849	5	0.2153
chr1	343904	343905	5	0.1426
chr1	343920	343921	5	0.1672
chr1	343925	343926	2	0.4632
chr1	343948	343949	6	0.4847
chr1	343969	343970	3	0.5267
chr1	344019	344020	6	0.6536
chr1	344038	344039	7	0.6523
chr1	344088	344089	6	0.487
chr1	344138	344139	4	0.609
chr1	344168	344169	5	0.5876
chr1	344183	344184	5	0.6163
chr1	344207	344208	6	0.5659
chr1	344236	344237	4	0.5268
chr1	344271	344272	4	0.4983
chr1	344321	344322	5	0.4653
chr1	344366	344367	6	0.6578
chr1	344427	344428	4	0.65
chr1	344442	344443	4	0.6033
chr1	344473	344474	3	0.4869
chr1	344477	344478	4	0.4029
chr1	344577	344578	4	0.4826
chr1	344661	344662	2	0.5214
chr1	344761	344762	6	0.6498
chr1	344843	344844	5	0.6239
chr1	344907	344908	4	0.657
chr1	345007	345008	6	0.5656
chr1	345061	345062	4	1.0
chr1	345085	345086	3	0.914
chr1	345187	345188	5	0.8979
chr1	345207	345208	5	0.9598
chr1	345213	345214	5	0.8005
chr1	345241	345242	4	0.6373
chr1	345373	345374	6	0.8757
chr1	345435	345436	5	0.9687
chr1	345475	345476	3	0.7402
chr1	345480	345481	4	0.5774
chr1	345500	345501	3	0.415
chr1	345535	345536	6	0.4674
chr1	345560	345561	6	0.2816
chr1	345584	345585	4	0.3687
chr1	345621	345622	5	0.5197
chr1	345671	345672	5	0.3421
chr1	345688	345689	4	0.383
chr1	345720	345721	5	0.3519
chr1	345735	345736	4	0.5172
chr1	345762	345763	6	0.4767
chr1	345780	345781	4	0.488
chr1	345805	345806	6	0.5551
chr1	345821	345822	6	0.5388
chr1	345843	345844	6	0.3757
chr1	345870	345871	4	0.3257
chr1	345909	345910	3	0.4056
chr1	345930	345931	3	0.5263
chr1	345931	345932	5	0.4348
chr1	345997	345998	3	0.4357
chr1	346047	346048	4	0.5186
chr1	346147	346148	4	0.5019
chr1	346197	346198	6	0.5357
chr1	346297	346298	5	0.6378
chr1	346321	346322	3	0.7297
chr1	346397	346398	6	0.7183
chr1	346415	346416	4	0.6796
chr1	346449	346450	4	0.8634
chr1	346583	346584	3	0.839
chr1	346599	346600	4	0.6033
chr1	346617	346618	5	0.7643
chr1	346657	346658	3	1.0
chr1	346781	346782	5	0.5975
chr1	346789	346790	5	0.7663
chr1	346813	346814	5	0.8177
chr1	346859	346860	6	0.8399
chr1	346909	346910	5	0.6835
chr1	346936	346937	3	0.7265
chr1	346980	346981	3	0.704
chr1	347019	347020	5	0.8523
chr1	347042	347043	4	0.7951
chr1	347065	347066	5	0.6595
chr1	347080	347081	6	0.8195
chr1	347110	347111	6	0.8641
chr1	347130	347131	6	0.7973
chr1	347180	347181	3	0.7421
chr1	347195	347196	5	0.6814
chr1	347216	347217	5	0.6948
chr1	347236	347237	4	0.557
chr1	347255	347256	7	0.7097
chr1	347282	347283	5	0.6618
chr1	347297	347298	4	0.763
chr1	347313	347314	6	0.8563
chr1	347321	347322	4	0.92
chr1	347421	347422	5	0.892
chr1	347471	347472	3	0.7209
chr1	347571	347572	6	0.6472
chr1	347671	347672	4	0.7573
chr1	347721	347722	5	0.7373
chr1	347821	347822	6	0.8677
chr1	347845	347846	4	0.8359
chr1	347887	347888	6	0.572
chr1	347916	347917	5	0.6887
chr1	347949	347950	5	0.6708
chr1	347981	347982	6	0.6968
chr1	348022	348023	5	0.5522
chr1	348055	348056	4	0.7865
chr1	348099	348100	5	0.6222
chr1	348114	348115	6	0.5957
chr1	348164	348165	5	0.8334
chr1	348205	348206	5	0.782
chr1	348255	348256	5	0.591
chr1	348275	348276	5	0.6803
chr1	348300	348301	4	0.7409
chr1	348337	348338	5	0.5053
chr1	348387	348388	4	0.5579
chr1	348437	348438	4	0.6763
chr1	348537	348538	3	0.6853
chr1	348637	348638	5	0.5597
chr1	348737	348738	3	0.5495
chr1	348787	348788	5	0.537
chr1	348805	348806	6	0.6841
chr1	348834	348835	4	0.4691
chr1	348879	348880	3	0.5157
chr1	348924	348925	5	0.4458
chr1	348974	348975	4	0.6298
chr1	348994	348995	5	0.3738
chr1	349044	349045	4	0.6198
chr1	349059	349060	4	0.5549
chr1	349109	349110	5	0.3831
chr1	349144	349145	2	0.4276
chr1	349164	349165	3	0.4361
chr1	349182	349183	3	0.4086
chr1	349223	349224	3	0.5575
chr1	349238	349239	4	0.4219
chr1	349253	349254	5	0.4442
chr1	349275	349276	5	0.3418
chr1	349285	349286	3	0.3178
chr1	349385	349386	4	0.559
chr1	349462	349463	2	0.6399
chr1	349525	349526	4	0.4889
chr1	349625	349626	4	0.4911
chr1	349678	349679	5	0.4156
chr1	349704	349705	7	0.3831
chr1	349732	349733	5	0.5656
chr1	349772	349773	6	0.8332
chr1	349796	349797	4	0.7967
chr1	349837	349838	4	0.8344
chr1	349874	349875	4	0.8282
chr1	349894	349895	3	0.7821
chr1	349912	349913	5	0.8056
chr1	349959	349960	4	0.683
chr1	349974	349975	2	0.8592
chr1	349989	349990	3	0.8391
chr1	350021	350022	5	0.8241
chr1	350036	350037	6	0.887
chr1	350073	350074	5	0.7251
chr1	350100	350101	3	0.7489
chr1	350125	350126	4	0.8
chr1	350175	350176	5	0.6922
chr1	350209	350210	4	0.7206
chr1	350233	350234	3	0.7766
chr1	350248	350249	4	0.7943
chr1	350251	350252	7	0.7395
chr1	350351	350352	5	0.8188
chr1	350438	350439	5	0.7333
chr1	350538	350539	6	0.6508
chr1	350638	350639	5	0.6407
chr1	350716	350717	5	0.9491
chr1	350738	350739	4	0.786
chr1	350780	350781	3	0.9388
chr1	350797	350798	4	0.6527
chr1	350812	350813	5	0.7896
chr1	350847	350848	8	0.7869
chr1	350897	350898	6	0.815
chr1	350929	350930	4	0.5971
chr1	350979	350980	3	0.7854
chr1	351008	351009	4	0.5922
chr1	351052	351053	4	0.8353
chr1	351067	351068	3	0.8686
chr1	351082	351083	4	0.832
chr1	351112	351113	5	0.9519
chr1	351127	351128	5	0.7721
chr1	351147	351148	4	0.7491
chr1	351165	351166	4	0.8133
chr1	351181	351182	6	0.8393
chr1	351195	351196	4	0.6848
chr1	351291	351292	6	0.8151
chr1	351391	351392	3	0.8802
chr1	351441	351442	4	0.8321
chr1	351514	351515	6	0.6307
chr1	351573	351574	4	0.7667
chr1	351615	351616	5	0.765
chr1	351623	351624	5	0.9244
chr1	352672	352673	5	0.7169
chr1	352708	352709	6	0.6833
chr1	352743	352744	3	0.6621
chr1	352780	352781	6	0.7861
chr1	352803	352804	5	0.6385
chr1	352824	352825	4	0.6616
chr1	352844	352845	4	0.5224
chr1	352859	352860	5	0.732
chr1	352897	352898	5	0.7116
chr1	352927	352928	3	0.6095
chr1	352948	352949	7	0.575
chr1	352963	352964	3	0.7034
chr1	353013	353014	5	0.5741
chr1	353032	353033	5	0.6833
chr1	353073	353074	5	0.7348
chr1	353110	353111	4	0.8042
chr1	353125	353126	5	0.6908
chr1	353165	353166	4	0.6149
chr1	353179	353180	3	0.6195
chr1	353278	353279	4	0.6358
chr1	353378	353379	4	0.6509
chr1	353478	353479	4	0.6467
chr1	353553	353554	5	0.6626
chr1	353603	353604	5	0.6018
chr1	353653	353654	5	0.8596
chr1	353753	353754	5	0.696
chr1	353763	353764	5	0.5549
chr1	353781	353782	5	0.8612
chr1	353807	353808	3	0.6955
chr1	353826	353827	5	0.8313
chr1	353876	353877	7	0.9061
chr1	353900	353901	4	0.8657
chr1	353921	353922	5	0.8
chr1	353957	353958	4	0.7303
chr1	354007	354008	4	0.6242
chr1	354049	354050	6	0.8456
chr1	354095	354096	4	0.6131
chr1	354126	354127	3	0.8997
chr1	354164	354165	6	0.6659
chr1	354187	354188	4	0.6978
chr1	354228	354229	5	0.4355
chr1	354261	354262	4	0.6379
chr1	354311	354312	6	0.5855
chr1	354342	354343	4	0.6335
chr1	354358	354359	4	0.4881
chr1	354458	354459	5	0.2992
chr1	354549	354550	5	0.4582
chr1	354649	354650	5	0.5666
chr1	354735	354736	3	0.8597
chr1	354785	354786	5	0.713
chr1	354885	354886	5	0.874
chr1	355011	355012	5	0.8724
chr1	355183	355184	4	0.8622
chr1	355207	355208	4	0.7807
chr1	355303	355304	2	0.9158
chr1	355319	355320	5	0.8511
chr1	355333	355334	5	0.9889
chr1	355347	355348	3	0.8289
chr1	355367	355368	6	0.6273
chr1	355373	355374	4	0.7441
chr1	355381	355382	5	0.8978
chr1	355398	355399	4	0.7743
chr1	355413	355414	6	0.7235
chr1	355441	355442	3	0.7361
chr1	355491	355492	4	0.9254
chr1	355520	355521	5	0.8124
chr1	355570	355571	5	0.6504
chr1	355595	355596	4	0.7805
chr1	355645	355646	3	0.8601
chr1	355686	355687	3	0.7314
chr1	355712	355713	5	0.7039
chr1	355761	355762	5	0.8032
chr1	355785	355786	6	0.7477
chr1	355820	355821	6	0.7465
chr1	355844	355845	5	0.6747
chr1	355860	355861	5	0.821
chr1	355884	355885	6	0.7083
chr1	355904	355905	5	0.8332
chr1	355937	355938	6	0.6115
chr1	355969	355970	5	0.4778
chr1	355984	355985	3	0.5227
chr1	355996	355997	4	0.5641
chr1	356047	356048	6	0.5142
chr1	356097	356098	5	0.5917
chr1	356197	356198	3	0.4431
chr1	356247	356248	5	0.4739
chr1	356347	356348	4	0.6953
chr1	356447	356448	4	0.6635
chr1	356547	356548	3	0.7983
chr1	356600	356601	7	0.7621
chr1	356720	356721	5	0.8454
chr1	356742	356743	6	0.8959
chr1	356752	356753	5	0.8214
chr1	356766	356767	5	0.7431
chr1	356914	356915	5	0.9829
chr1	356936	356937	3	0.8834
chr1	356960	356961	4	0.9153
chr1	357018	357019	3	0.7605
chr1	357050	357051	4	0.9234
chr1	357099	357100	4	0.687
chr1	357138	357139	4	0.608
chr1	357188	357189	4	0.6251
chr1	357203	357204	5	0.5976
chr1	357241	357242	3	0.7581
chr1	357262	357263	4	0.7339
chr1	357277	357278	4	0.7905
chr1	357323	357324	4	0.5904
chr1	357354	357355	4	0.6442
chr1	357372	357373	3	0.6567
chr1	357422	357423	5	0.5696
chr1	357449	357450	5	0.7053
chr1	357485	357486	4	0.7331
chr1	357500	357501	3	0.6297
chr1	357525	357526	7	0.659
chr1	357584	357585	6	0.6105
chr1	357634	357635	4	0.6671
chr1	357734	357735	5	0.5302
chr1	357834	357835	5	0.5706
chr1	357934	357935	6	0.4927
chr1	358020	358021	6	0.8326
chr1	358050	358051	6	1.0
chr1	358083	358084	4	0.8591
chr1	358122	358123	4	0.9399
chr1	358164	358165	6	0.8334
chr1	358179	358180	3	0.9491
chr1	358214	358215	4	0.8753
chr1	358247	358248	5	0.8394
chr1	358289	358290	4	0.8992
chr1	358332	358333	4	0.9792
chr1	358376	358377	4	0.9455
chr1	358420	358421	2	0.7396
chr1	358461	358462	6	0.9854
chr1	358502	358503	3	0.8719
chr1	358522	358523	6	0.8519
chr1	358548	358549	5	0.8777
chr1	358598	358599	3	0.9775
chr1	358620	358621	6	0.8631
chr1	358720	358721	5	0.9288
chr1	358803	358804	6	0.8953
chr1	358895	358896	4	0.8508
chr1	358967	358968	5	0.9063
chr1	359039	359040	4	0.9356
chr1	359112	359113	5	0.9417
chr1	359126	359127	4	0.8353
chr1	359156	359157	5	0.9281
chr1	359179	359180	6	0.0889
chr1	359229	359230	5	0.4508
chr1	359256	359257	4	0.2253
chr1	359279	359280	5	0.2421
chr1	359300	359301	5	0.159
chr1	359340	359341	6	0.1728
chr1	359383	359384	4	0.1429
chr1	359413	359414	5	0.1558
chr1	359442	359443	6	0.1591
chr1	359459	359460	3	0.3565
chr1	359493	359494	7	0.2775
chr1	359543	359544	5	0.2976
chr1	359592	359593	5	0.2574
chr1	359642	359643	4	0.2871
chr1	359688	359689	3	0.2976
chr1	359718	359719	5	0.2742
chr1	359743	359744	6	0.3663
chr1	359843	359844	5	0.2767
chr1	359943	359944	5	0.3134
chr1	360043	360044	4	0.1641
chr1	360139	360140	4	0.2239
chr1	360190	360191	5	0.2241
chr1	360290	360291	5	0.1119
chr1	360334	360335	3	0.0993
chr1	360346	360347	5	0.8103
chr1	360365	360366	3	0.7546
chr1	360391	360392	3	0.896
chr1	360425	360426	5	0.6818
chr1	360457	360458	5	0.8007
chr1	360507	360508	5	0.7576
chr1	360526	360527	4	0.875
chr1	360541	360542	4	0.9027
chr1	360571	360572	4	0.8879
chr1	360594	360595	5	0.851
chr1	360618	360619	4	0.8
chr1	360644	360645	5	0.9258
chr1	360691	360692	3	0.8
chr1	360741	360742	3	0.8478
chr1	360774	360775	5	0.8537
chr1	360808	360809	4	0.7402
chr1	360823	360824	5	0.9345
chr1	360916	360917	5	0.7237
chr1	360996	360997	5	0.9509
chr1	361096	361097	5	0.7075
chr1	361196	361197	4	0.789
chr1	361296	361297	6	0.9674
chr1	361298	361299	3	0.8639
chr1	361325	361326	2	0.7531
chr1	361357	361358	4	0.6157
chr1	361382	361383	3	0.7247
chr1	361411	361412	7	0.6498
chr1	361447	361448	5	0.7516
chr1	361472	361473	5	0.6009
chr1	361502	361503	4	0.6448
chr1	361536	361537	5	0.6753
chr1	361551	361552	5	0.7115
chr1	361571	361572	3	0.6521
chr1	361594	361595	3	0.734
chr1	361614	361615	6	0.802
chr1	361664	361665	5	0.8018
chr1	361690	361691	4	0.7845
chr1	361727	361728	4	0.8415
chr1	361743	361744	4	0.785
chr1	361780	361781	4	0.7691
chr1	361830	361831	3	0.8492
chr1	361879	361880	4	0.8307
chr1	361945	361946	4	0.6968
chr1	362045	362046	4	0.5652
chr1	362095	362096	4	0.8484
chr1	362195	362196	5	0.6614
chr1	362290	362291	4	0.771
chr1	362379	362380	5	0.7868
chr1	362419	362420	5	0.88
chr1	362427	362428	4	0.7745
chr1	362470	362471	5	0.766
chr1	362506	362507	4	0.8191
chr1	362556	362557	3	0.6326
chr1	362600	362601	4	0.7316
chr1	362615	362616	4	0.6235
chr1	362633	362634	4	0.8052
chr1	362683	362684	3	0.6592
chr1	362698	362699	6	0.5454
chr1	362748	362749	4	0.8353
chr1	362774	362775	4	0.7511
chr1	362803	362804	5	0.6774
chr1	362818	362819	3	0.6305
chr1	362838	362839	5	0.569
chr1	362856	362857	6	0.796
chr1	362879	362880	5	0.6229
chr1	362913	362914	3	0.503
chr1	362951	362952	5	0.6737
chr1	363001	363002	3	0.6606
chr1	363004	363005	5	0.8022
chr1	363104	363105	5	0.7693
chr1	363156	363157	5	0.7703
chr1	363252	363253	5	0.6301
chr1	363352	363353	5	0.8162
chr1	363452	363453	5	0.8556
chr1	363552	363553	3	0.7284
chr1	363584	363585	5	0.2881
chr1	363800	363801	4	0.1909
chr1	363872	363873	3	0.4188
chr1	363928	363929	4	0.5535
chr1	363946	363947	6	0.5917
chr1	363972	363973	4	0.7635
chr1	364002	364003	5	0.7174
chr1	364019	364020	5	0.5729
chr1	364051	364052	5	0.5783
chr1	364089	364090	3	0.6218
chr1	364104	364105	3	0.5505
chr1	364154	364155	4	0.6123
chr1	364174	364175	4	0.6079
chr1	364202	364203	6	0.7618
chr1	364226	364227	5	0.4742
chr1	364274	364275	5	0.6001
chr1	364305	364306	5	0.6362
chr1	364331	364332	4	0.5051
chr1	364375	364376	5	0.5866
chr1	364402	364403	3	0.676
chr1	364420	364421	5	0.5892
chr1	364454	364455	5	0.5914
chr1	364474	364475	4	0.6227
chr1	364490	364491	5	0.4553
chr1	364575	364576	2	0.6327
chr1	364636	364637	4	0.7488
chr1	364716	364717	5	0.6983
chr1	364803	364804	6	0.6076
chr1	364872	364873	3	0.7425
chr1	364972	364973	4	0.6818
chr1	365068	365069	3	0.9128
chr1	365078	365079	4	0.6802
chr1	365118	365119	7	0.8907
chr1	365137	365138	5	0.7968
chr1	365187	365188	5	0.6667
chr1	365228	365229	4	0.7937
chr1	365257	365258	4	0.7078
chr1	365307	365308	4	0.6971
chr1	365357	365358	3	0.653
chr1	365372	365373	4	0.7259
chr1	365416	365417	3	0.7184
chr1	365466	365467	5	0.6467
chr1	365492	365493	6	0.6123
chr1	365542	365543	5	0.6593
chr1	365545	365546	4	0.8188
chr1	365645	365646	4	0.7815
chr1	365745	365746	5	0.668
chr1	365795	365796	4	0.7052
chr1	365895	365896	6	0.968
chr1	365947	365948	4	0.6598
chr1	366010	366011	4	0.6789
chr1	366026	366027	5	0.759
chr1	366038	366039	3	0.7589
chr1	366054	366055	4	0.8181
chr1	366069	366070	5	0.8675
chr1	366085	366086	5	0.9559
chr1	366115	366116	4	0.8311
chr1	366165	366166	6	0.8063
chr1	366191	366192	3	0.9175
chr1	366230	366231	5	0.8449
chr1	366245	366246	4	0.9069
chr1	366273	366274	5	0.8644
chr1	366314	366315	5	0.8464
chr1	366329	366330	4	0.7862
chr1	366351	366352	5	0.9179
chr1	366366	366367	5	0.6716
chr1	366416	366417	3	0.8213
chr1	366455	366456	4	0.8188
chr1	366479	366480	4	0.7975
chr1	366503	366504	4	0.8811
chr1	366551	366552	5	0.7326
chr1	366573	366574	5	0.7522
chr1	366633	366634	5	0.8845
chr1	366733	366734	5	0.7012
chr1	366809	366810	6	0.9319
chr1	366909	366910	4	0.8604
chr1	366959	366960	4	0.8444
chr1	367012	367013	5	0.9008
chr1	367030	367031	5	0.8354
chr1	367070	367071	4	0.8536
chr1	367077	367078	2	0.4892
chr1	367103	367104	3	0.3636
chr1	367133	367134	5	0.5696
chr1	367161	367162	4	0.4639
chr1	367189	367190	5	0.4406
chr1	367204	367205	4	0.5306
chr1	367223	367224	4	0.4297
chr1	367241	367242	5	0.4538
chr1	367286	367287	5	0.4699
chr1	367336	367337	4	0.526
chr1	367386	367387	4	0.3193
chr1	367436	367437	4	0.5204
chr1	367460	367461	6	0.2128
chr1	367510	367511	3	0.4378
chr1	367527	367528	5	0.3033
chr1	367577	367578	6	0.4057
chr1	367582	367583	6	0.3852
chr1	367632	367633	5	0.5032
chr1	367711	367712	5	0.3586
chr1	367773	367774	4	0.312
chr1	367836	367837	5	0.5966
chr1	367936	367937	4	0.4242
chr1	368036	368037	4	0.5111
chr1	368130	368131	3	0.5959
chr1	368232	368233	5	0.6399
chr1	368238	368239	4	0.6618
chr1	368244	368245	4	0.7651
chr1	368246	368247	4	0.6108
chr1	368278	368279	5	0.4239
chr1	368290	368291	4	0.5998
chr1	368304	368305	7	0.6027
chr1	368416	368417	5	0.6787
chr1	368444	368445	6	0.701
chr1	368456	368457	4	0.6894
chr1	368479	368480	4	0.6392
chr1	368507	368508	5	0.6079
chr1	368527	368528	5	0.7311
chr1	368568	368569	5	0.659
chr1	368609	368610	3	0.8198
chr1	368624	368625	4	0.6603
chr1	368651	368652	5	0.7115
chr1	368682	368683	5	0.6315
chr1	368713	368714	5	0.7041
chr1	368729	368730	5	0.8992
chr1	368754	368755	6	0.6371
chr1	368779	368780	6	0.6056
chr1	368817	368818	5	0.7971
chr1	368838	368839	4	0.6725
chr1	368855	368856	4	0.862
chr1	368872	368873	3	0.8011
chr1	368896	368897	4	0.8235
chr1	368902	368903	4	0.5385
chr1	369002	369003	4	0.671
chr1	369102	369103	4	0.6721
chr1	369162	369163	5	0.7119
chr1	369223	369224	5	0.669
chr1	369292	369293	5	0.7585
chr1	369322	369323	4	0.7758
chr1	369352	369353	5	0.8038
chr1	369400	369401	4	1.0
chr1	369450	369451	3	0.8361
chr1	369500	369501	3	0.6753
chr1	369533	369534	5	0.7809
chr1	369555	369556	4	0.8708
chr1	369597	369598	4	0.9206
chr1	369647	369648	4	0.8154
chr1	369689	369690	7	0.8977
chr1	369712	369713	5	0.6674
chr1	369731	369732	3	0.9349
chr1	369748	369749	4	0.9152
chr1	369773	369774	4	0.7353
chr1	369788	369789	5	0.7265
chr1	369812	369813	6	0.8276
chr1	369835	369836	4	0.9564
chr1	369884	369885	6	0.8707
chr1	369908	369909	3	0.8963
chr1	370008	370009	4	0.8526
chr1	370071	370072	6	0.8384
chr1	370171	370172	2	0.7355
chr1	370268	370269	5	0.8277
chr1	370318	370319	4	0.9663
chr1	370379	370380	4	0.8434
chr1	370385	370386	4	0.6506
chr1	370419	370420	4	0.8666
chr1	370460	370461	4	0.7533
chr1	370510	370511	4	0.7436
chr1	370546	370547	4	0.9152
chr1	370570	370571	2	0.8269
chr1	370590	370591	4	0.8947
chr1	370608	370609	3	0.7605
chr1	370637	370638	6	0.9742
chr1	370656	370657	5	0.9761
chr1	370671	370672	4	0.8242
chr1	370693	370694	4	0.6707
chr1	370734	370735	4	0.9326
chr1	370760	370761	6	0.8447
chr1	370794	370795	4	0.9507
chr1	370827	370828	3	0.8112
chr1	370877	370878	3	0.7254
chr1	370911	370912	3	0.9764
chr1	370927	370928	3	0.8781
chr1	370942	370943	4	0.8389
chr1	370962	370963	5	0.9382
chr1	371012	371013	5	0.8762
chr1	371084	371085	6	0.9389
chr1	371150	371151	3	0.916
chr1	371222	371223	4	0.9416
chr1	371304	371305	4	0.8238
chr1	371384	371385	4	0.8205
chr1	371464	371465	5	1.0
chr1	371471	371472	5	0.31
chr1	371498	371499	3	0.207
chr1	371525	371526	3	0.3001
chr1	371549	371550	6	0.3597
chr1	371569	371570	4	0.2184
chr1	371586	371587	5	0.2608
chr1	371610	371611	5	0.1276
chr1	371627	371628	4	0.2631
chr1	371665	371666	6	0.3398
chr1	371694	371695	3	0.3241
chr1	371721	371722	4	0.2856
chr1	371753	371754	4	0.3892
chr1	371781	371782	4	0.1452
chr1	371807	371808	5	0.2748
chr1	371822	371823	2	0.0894
chr1	371860	371861	3	0.4379
chr1	371910	371911	4	0.3808
chr1	371932	371933	5	0.1632
chr1	371955	371956	5	0.326
chr1	371983	371984	5	0.2337
chr1	372083	372084	5	0.3023
chr1	372136	372137	6	0.1425
chr1	372209	372210	6	0.2181
chr1	372309	372310	5	0.34
chr1	372359	372360	5	0.4404
chr1	372459	372460	6	0.3954
chr1	372575	372576	7	0.8294
chr1	372621	372622	6	0.5182
chr1	372749	372750	5	0.4245
chr1	372757	372758	5	0.5888
chr1	372923	372924	6	0.5768
chr1	372950	372951	6	0.5853
chr1	372989	372990	3	0.5854
chr1	373039	373040	5	0.7198
chr1	373070	373071	5	0.7942
chr1	373094	373095	4	0.7983
chr1	373129	373130	2	0.8243
chr1	373179	373180	6	0.7682
chr1	373217	373218	4	0.9135
chr1	373232	373233	6	0.7455
chr1	373274	373275	5	0.8557
chr1	373313	373314	4	0.7688
chr1	373363	373364	3	0.684
chr1	373405	373406	4	0.8545
chr1	373438	373439	7	0.7971
chr1	373464	373465	4	0.8191
chr1	373496	373497	4	0.7398
chr1	373511	373512	5	0.806
chr1	373520	373521	5	0.6787
chr1	373585	373586	5	0.7103
chr1	373668	373669	4	0.7242
chr1	373718	373719	3	0.7948
chr1	373818	373819	6	0.8004
chr1	373886	373887	3	0.6439
chr1	373943	373944	3	0.8034
chr1	374014	374015	5	0.7158
chr1	374076	374077	4	0.8762
chr1	374106	374107	4	0.8794
chr1	374168	374169	6	0.7311
chr1	374201	374202	4	0.6401
chr1	374229	374230	6	0.5928
chr1	374256	374257	5	0.6898
chr1	374293	374294	4	0.6457
chr1	374310	374311	4	0.6884
chr1	374346	374347	5	0.8197
chr1	374369	374370	3	0.579
chr1	374392	374393	6	0.7243
chr1	374435	374436	4	0.762
chr1	374475	374476	3	0.7027
chr1	374510	374511	3	0.6701
chr1	374560	374561	3	0.6342
chr1	374610	374611	5	0.5429
chr1	374647	374648	5	0.5561
chr1	374697	374698	4	0.4811
chr1	374717	374718	5	0.7464
chr1	374767	374768	3	0.7001
chr1	374776	374777	4	0.676
chr1	374827	374828	5	0.7013
chr1	374890	374891	5	0.7239
chr1	374990	374991	5	0.6831
chr1	375040	375041	3	0.6388
chr1	375140	375141	3	0.6428
chr1	375240	375241	6	0.6109
chr1	375327	375328	4	0.4997
chr1	375399	375400	5	0.8012
chr1	375411	375412	4	0.772
chr1	375453	375454	3	0.7705
chr1	375481	375482	5	0.8759
chr1	375531	375532	4	0.748
chr1	375580	375581	6	0.8096
chr1	375623	375624	4	0.8575
chr1	375651	375652	3	0.8558
chr1	375673	375674	4	0.7509
chr1	375723	375724	5	0.8401
chr1	375755	375756	4	0.6906
chr1	375779	375780	5	0.7464
chr1	375798	375799	4	0.8347
chr1	375835	375836	5	0.835
chr1	375872	375873	5	0.7453
chr1	375910	375911	5	0.8181
chr1	375945	375946	4	0.6223
chr1	375980	375981	5	0.6966
chr1	375995	375996	4	0.8212
chr1	376020	376021	4	0.7562
chr1	376022	376023	4	0.8261
chr1	376122	376123	4	0.7995
chr1	376222	376223	6	0.8512
chr1	376322	376323	4	0.823
chr1	376395	376396	3	0.753
chr1	376495	376496	4	0.809
chr1	376521	376522	6	0.912
chr1	376526	376527	3	0.0894
chr1	376576	376577	3	0.3624
chr1	376626	376627	4	0.2464
chr1	376641	376642	5	0.0784
chr1	376656	376657	4	0.1957
chr1	376671	376672	3	0.3327
chr1	376721	376722	5	0.1013
chr1	376771	376772	5	0.1929
chr1	376793	376794	5	0.2366
chr1	376808	376809	4	0.2619
chr1	376845	376846	5	0.2336
chr1	376866	376867	5	0.1586
chr1	376892	376893	4	0.3361
chr1	376916	376917	3	0.2918
chr1	376934	376935	5	0.4717
chr1	376949	376950	5	0.3293
chr1	376999	377000	5	0.4402
chr1	377026	377027	4	0.3715
chr1	377076	377077	4	0.4319
chr1	377126	377127	6	0.4095
chr1	377176	377177	5	0.3494
chr1	377263	377264	3	0.4509
chr1	377345	377346	5	0.1391
chr1	377445	377446	4	0.1848
chr1	377515	377516	4	0.0116
chr1	377603	377604	3	0.1338
chr1	377613	377614	4	0.0
chr1	377687	377688	5	0.3056
chr1	377719	377720	4	0.0811
chr1	377767	377768	5	0.1321
chr1	377807	377808	5	0.0482
chr1	377859	377860	8	0.0169
chr1	377883	377884	6	0.2335
chr1	377989	377990	5	0.1092
chr1	378030	378031	4	0.875
chr1	378080	378081	4	0.7522
chr1	378111	378112	4	0.7305
chr1	378138	378139	4	0.7727
chr1	378153	378154	5	0.9825
chr1	378203	378204	4	0.8544
chr1	378226	378227	5	0.8266
chr1	378248	378249	4	0.896
chr1	378278	378279	3	0.8961
chr1	378315	378316	5	0.8302
chr1	378330	378331	7	0.924
chr1	378370	378371	5	0.7341
chr1	378397	378398	5	0.8841
chr1	378412	378413	4	0.7683
chr1	378446	378447	4	0.8368
chr1	378468	378469	4	0.948
chr1	378518	378519	4	0.8365
chr1	378551	378552	6	0.9269
chr1	378565	378566	4	0.7471
chr1	378626	378627	5	0.7187
chr1	378713	378714	4	0.9491
chr1	378813	378814	5	0.8063
chr1	378868	378869	4	0.9762
chr1	378968	378969	4	0.8635
chr1	379068	379069	4	0.8145
chr1	379106	379107	6	0.9706
chr1	379150	379151	4	0.8033
chr1	379165	379166	5	0.7043
chr1	379215	379216	3	0.812
chr1	379230	379231	5	0.7954
chr1	379255	379256	4	0.8117
chr1	379274	379275	4	0.7574
chr1	379301	379302	4	0.7783
chr1	379351	379352	4	0.6683
chr1	379380	379381	6	0.6957
chr1	379397	379398	4	0.822
chr1	379420	379421	5	0.8455
chr1	379443	379444	4	0.7094
chr1	379493	379494	5	0.7224
chr1	379512	379513	6	0.7312
chr1	379543	379544	5	0.5883
chr1	379567	379568	5	0.6041
chr1	379617	379618	4	0.7678
chr1	379646	379647	5	0.7629
chr1	379746	379747	4	0.5361
chr1	379846	379847	5	0.8269
chr1	379946	379947	5	0.7967
chr1	380022	380023	5	0.5788
chr1	380122	380123	2	0.8387
chr1	380200	380201	6	0.6684
chr1	380220	380221	4	0.8585
chr1	380248	380249	5	0.6854
chr1	380272	380273	5	0.6107
chr1	380321	380322	4	0.6411
chr1	380371	380372	4	0.6644
chr1	380405	380406	4	0.7683
chr1	380455	380456	6	0.6044
chr1	380473	380474	5	0.7301
chr1	380498	380499	8	0.7213
chr1	380516	380517	6	0.4391
chr1	380531	380532	4	0.777
chr1	380555	380556	5	0.6783
chr1	380578	380579	3	0.6638
chr1	380595	380596	6	0.7117
chr1	380629	380630	6	0.5943
chr1	380658	380659	5	0.6188
chr1	380684	380685	3	0.7267
chr1	380699	380700	4	0.4271
chr1	380714	380715	3	0.592
chr1	380734	380735	6	0.7762
chr1	380834	380835	3	0.5963
chr1	380884	380885	6	0.8588
chr1	380984	380985	3	0.6759
chr1	381084	381085	6	0.7615
chr1	381184	381185	4	0.5809
chr1	381258	381259	3	0.5259
chr1	381288	381289	5	0.0254
chr1	381338	381339	6	0.0758
chr1	381388	381389	5	0.1862
chr1	381418	381419	2	0.1294
chr1	381439	381440	5	0.0793
chr1	381479	381480	5	0.0873
chr1	381496	381497	5	0.1199
chr1	381514	381515	4	0.1266
chr1	381529	381530	5	0.134
chr1	381578	381579	3	0.1273
chr1	381605	381606	5	0.1097
chr1	381645	381646	5	0.0872
chr1	381673	381674	4	0.0009
chr1	381715	381716	5	0.185
chr1	381730	381731	5	0.0467
chr1	381767	381768	4	0.043
chr1	381817	381818	3	0.1343
chr1	381867	381868	5	0.1451
chr1	381917	381918	4	0.0
chr1	382017	382018	3	0.1324
chr1	382067	382068	5	0.0308
chr1	382167	382168	5	0.1411
chr1	382237	382238	4	0.1587
chr1	382331	382332	5	0.0
chr1	382336	382337	6	0.4287
chr1	382365	382366	5	0.6084
chr1	382396	382397	5	0.4263
chr1	382437	382438	4	0.4992
chr1	382486	382487	3	0.5948
chr1	382505	382506	6	0.6105
chr1	382546	382547	6	0.5036
chr1	382562	382563	4	0.3705
chr1	382607	382608	6	0.5402
chr1	382647	382648	5	0.1109
chr1	382690	382691	4	0.3058
chr1	382727	382728	4	0.2826
chr1	382770	382771	3	0.2277
chr1	382805	382806	7	0.303
chr1	382845	382846	5	0.4842
chr1	382895	382896	4	0.4269
chr1	382913	382914	5	0.2058
chr1	383013	383014	3	0.3104
chr1	383113	383114	6	0.2955
chr1	383213	383214	6	0.505
chr1	383311	383312	4	0.2418
chr1	383411	383412	4	0.5122
chr1	383466	383467	6	0.4035
chr1	383580	383581	5	0.5908
chr1	383610	383611	5	0.4457
chr1	383618	383619	6	0.5147
chr1	383672	383673	5	0.6507
chr1	383680	383681	4	0.2872
chr1	383694	383695	4	0.6286
chr1	383717	383718	5	0.7012
chr1	383767	383768	6	0.6239
chr1	383784	383785	4	0.6444
chr1	383824	383825	6	0.6079
chr1	383843	383844	5	0.6915
chr1	383868	383869	5	0.6806
chr1	383909	383910	4	0.5081
chr1	383953	383954	4	0.6573
chr1	383968	383969	3	0.6708
chr1	383998	383999	5	0.6486
chr1	384048	384049	3	0.5558
chr1	384078	384079	6	0.6544
chr1	384117	384118	4	0.6501
chr1	384157	384158	5	0.779
chr1	384204	384205	5	0.8373
chr1	384294	384295	6	0.5838
chr1	384394	384395	6	0.6012
chr1	384494	384495	4	0.5676
chr1	384594	384595	3	0.5814
chr1	384690	384691	4	0.5422
chr1	384740	384741	2	0.9087
chr1	384778	384779	4	0.6465
chr1	384823	384824	4	0.2088
chr1	384839	384840	5	0.3138
chr1	384878	384879	5	0.1243
chr1	384928	384929	3	0.1082
chr1	384964	384965	6	0.2237
chr1	385005	385006	4	0.2103
chr1	385055	385056	4	0.1982
chr1	385083	385084	5	0.134
chr1	385107	385108	3	0.1271
chr1	385157	385158	3	0.1601
chr1	385196	385197	5	0.1346
chr1	385217	385218	5	0.0727
chr1	385234	385235	5	0.054
chr1	385249	385250	3	0.2314
chr1	385290	385291	6	0.2496
chr1	385305	385306	4	0.1893
chr1	385355	385356	3	0.2056
chr1	385455	385456	4	0.1909
chr1	385555	385556	5	0.1802
chr1	385655	385656	3	0.0442
chr1	385755	385756	3	0.0904
chr1	385855	385856	5	0.0
chr1	385876	385877	3	0.6877
chr1	385926	385927	4	0.8574
chr1	385958	385959	6	0.6052
chr1	386008	386009	4	0.6495
chr1	386023	386024	4	0.6231
chr1	386041	386042	7	0.6762
chr1	386091	386092	4	0.5768
chr1	386124	386125	4	0.6745
chr1	386166	386167	5	0.7808
chr1	386187	386188	4	0.6522
chr1	386208	386209	3	0.5801
chr1	386248	386249	3	0.7549
chr1	386269	386270	3	0.731
chr1	386284	386285	4	0.6681
chr1	386313	386314	4	0.6003
chr1	386351	386352	5	0.7344
chr1	386394	386395	3	0.6385
chr1	386397	386398	5	0.5503
chr1	386497	386498	3	0.7116
chr1	386597	386598	6	0.8153
chr1	386688	386689	5	0.6417
chr1	386788	386789	5	0.559
chr1	386888	386889	5	0.8058
chr1	386894	386895	6	0.7367
chr1	386933	386934	4	0.8024
chr1	386983	386984	5	0.8278
chr1	387033	387034	5	0.7371
chr1	387067	387068	2	0.7931
chr1	387083	387084	4	0.8464
chr1	387101	387102	4	0.7401
chr1	387123	387124	6	0.8562
chr1	387173	387174	3	1.0
chr1	387203	387204	6	0.7446
chr1	387253	387254	4	0.8621
chr1	387269	387270	4	0.8675
chr1	387319	387320	6	0.901
chr1	387362	387363	4	0.8096
chr1	387365	387366	5	0.7839
chr1	387459	387460	3	0.8994
chr1	387538	387539	4	0.9237
chr1	387638	387639	5	0.9581
chr1	387738	387739	3	0.9734
chr1	387776	387777	5	0.9449
chr1	387817	387818	7	0.7885
chr1	387842	387843	5	0.7465
chr1	387892	387893	5	0.7129
chr1	387907	387908	4	0.8209
chr1	387924	387925	4	0.7313
chr1	387941	387942	6	0.6708
chr1	387971	387972	4	0.71
chr1	387987	387988	4	0.8068
chr1	388024	388025	5	0.8019
chr1	388059	388060	5	0.852
chr1	388080	388081	4	0.7681
chr1	388096	388097	5	0.7079
chr1	388130	388131	5	0.7937
chr1	388161	388162	5	0.8025
chr1	388183	388184	6	0.822
chr1	388233	388234	5	0.7819
chr1	388251	388252	3	0.7816
chr1	388275	388276	4	0.8352
chr1	388320	388321	5	0.5961
chr1	388338	388339	6	0.8113
chr1	388411	388412	4	0.8668
chr1	388511	388512	3	0.8257
chr1	388611	388612	4	0.8319
chr1	388711	388712	5	0.7154
chr1	388811	388812	4	0.8057
chr1	388855	388856	5	0.9429
chr1	388865	388866	5	0.9172
chr1	388888	388889	4	0.9557
chr1	388938	388939	4	0.8403
chr1	388988	388989	3	0.8088
chr1	389036	389037	5	0.8899
chr1	389051	389052	4	0.7517
chr1	389087	389088	5	0.839
chr1	389137	389138	6	0.8809
chr1	389165	389166	4	0.9762
chr1	389183	389184	6	0.9079
chr1	389217	389218	4	0.8426
chr1	389232	389233	5	0.9362
chr1	389277	389278	3	0.8784
chr1	389327	389328	5	0.8731
chr1	389366	389367	5	0.8612
chr1	389384	389385	5	0.8668
chr1	389453	389454	4	0.7001
chr1	389510	389511	4	0.9106
chr1	389584	389585	4	0.7919
chr1	389684	389685	3	0.8253
chr1	389734	389735	3	0.9052
chr1	389831	389832	5	0.9891
chr1	389855	389856	6	1.0
chr1	389895	389896	4	0.5327
chr1	389927	389928	4	0.6999
chr1	389951	389952	5	0.5713
chr1	389972	389973	5	0.5665
chr1	389999	390000	3	0.6254
chr1	390015	390016	4	0.7241
chr1	390034	390035	2	0.6888
chr1	390049	390050	6	0.7523
chr1	390068	390069	3	0.6426
chr1	390107	390108	4	0.6726
chr1	390141	390142	5	0.5851
chr1	390174	390175	4	0.7634
chr1	390193	390194	6	0.5551
chr1	390211	390212	5	0.6528
chr1	390242	390243	4	0.6876
chr1	390269	390270	5	0.7191
chr1	390310	390311	4	0.6093
chr1	390360	390361	4	0.5657
chr1	390388	390389	6	0.6757
chr1	390480	390481	4	0.5471
chr1	390537	390538	2	0.7223
chr1	390624	390625	4	0.475
chr1	390724	390725	3	0.6118
chr1	390824	390825	3	0.6339
chr1	390860	390861	4	0.8449
chr1	390906	390907	4	0.1447
chr1	390923	390924	6	0.1764
chr1	390973	390974	3	0.1123
chr1	390996	390997	6	0.1818
chr1	391019	391020	5	0.1612
chr1	391039	391040	4	0.1021
chr1	391060	391061	6	0.1765
chr1	391110	391111	4	0.1423
chr1	391158	391159	7	0.0775
chr1	391173	391174	5	0.113
chr1	391207	391208	2	0.1068
chr1	391230	391231	5	0.0363
chr1	391253	391254	5	0.2051
chr1	391275	391276	3	0.1628
chr1	391325	391326	5	0.1114
chr1	391359	391360	5	0.1323
chr1	391389	391390	4	0.0928
chr1	391418	391419	4	0.1399
chr1	391468	391469	7	0.2624
chr1	391518	391519	5	0.152
chr1	391568	391569	7	0.0389
chr1	391658	391659	5	0.2322
chr1	391758	391759	4	0.089
chr1	391808	391809	4	0.2635
chr1	391908	391909	4	0.0627
chr1	391986	391987	4	0.2018
chr1	392006	392007	6	0.0
chr1	392031	392032	5	0.5396
chr1	392080	392081	5	0.5056
chr1	392116	392117	4	0.4334
chr1	392134	392135	4	0.7622
chr1	392158	392159	3	0.4833
chr1	392203	392204	4	0.7261
chr1	392238	392239	4	0.7108
chr1	392269	392270	5	0.5403
chr1	392300	392301	4	0.6202
chr1	392333	392334	5	0.6427
chr1	392366	392367	5	0.6919
chr1	392390	392391	5	0.6717
chr1	392423	392424	4	0.413
chr1	392452	392453	3	0.5105
chr1	392476	392477	3	0.5355
chr1	392506	392507	4	0.6177
chr1	392514	392515	5	0.7297
chr1	392614	392615	7	0.7903
chr1	392714	392715	5	0.7265
chr1	392795	392796	5	0.6959
chr1	392895	392896	4	0.6114
chr1	392956	392957	3	0.6194
chr1	393052	393053	4	0.7141
chr1	393090	393091	4	0.7101
chr1	393131	393132	5	0.8446
chr1	393166	393167	5	0.7592
chr1	393216	393217	4	0.9291
chr1	393258	393259	4	0.7647
chr1	393285	393286	4	0.7838
chr1	393300	393301	7	0.6995
chr1	393322	393323	5	0.793
chr1	393349	393350	4	0.937
chr1	393396	393397	5	0.7928
chr1	393430	393431	6	0.7337
chr1	393459	393460	6	0.7593
chr1	393509	393510	5	0.9269
chr1	393539	393540	6	0.7005
chr1	393554	393555	4	0.5836
chr1	393637	393638	3	0.8593
chr1	393737	393738	7	0.8069
chr1	393837	393838	4	0.814
chr1	393937	393938	6	0.8379
chr1	394001	394002	3	0.6412
chr1	394043	394044	5	0.7573
chr1	394091	394092	4	1.0
chr1	394130	394131	2	0.5539
chr1	394153	394154	4	0.4071
chr1	394202	394203	4	0.4168
chr1	394227	394228	5	0.7275
chr1	394277	394278	4	0.8249
chr1	394296	394297	4	0.7587
chr1	394318	394319	4	0.4455
chr1	394365	394366	5	0.7826
chr1	394391	394392	6	0.6107
chr1	394417	394418	4	0.4889
chr1	394432	394433	5	0.4286
chr1	394451	394452	5	0.8139
chr1	394483	394484	8	0.3888
chr1	394533	394534	5	0.6407
chr1	394564	394565	4	0.4945
chr1	394604	394605	4	0.4006
chr1	394646	394647	4	0.579
chr1	394708	394709	4	0.6296
chr1	394808	394809	4	0.6743
chr1	394872	394873	5	0.5525
chr1	394940	394941	4	0.4677
chr1	395023	395024	4	0.4654
chr1	395087	395088	5	0.837
chr1	395219	395220	6	0.6814
chr1	395229	395230	3	0.576
chr1	395266	395267	6	0.5974
chr1	395316	395317	5	0.5285
chr1	395348	395349	2	0.4994
chr1	395389	395390	6	0.4926
chr1	395422	395423	3	0.5357
chr1	395440	395441	5	0.4644
chr1	395477	395478	4	0.3117
chr1	395499	395500	3	0.5992
chr1	395522	395523	5	0.5952
chr1	395544	395545	5	0.5509
chr1	395575	395576	5	0.5466
chr1	395605	395606	4	0.5306
chr1	395634	395635	6	0.4194
chr1	395665	395666	4	0.5051
chr1	395715	395716	5	0.4702
chr1	395738	395739	5	0.4985
chr1	395743	395744	6	0.45
chr1	395793	395794	4	0.3832
chr1	395843	395844	4	0.5164
chr1	395943	395944	4	0.5438
chr1	396043	396044	4	0.4567
chr1	396128	396129	4	0.4137
chr1	396228	396229	4	0.4969
chr1	396260	396261	5	0.8042
chr1	396298	396299	2	0.8688
chr1	396410	396411	5	0.5965
chr1	396506	396507	5	0.7495
chr1	396558	396559	2	0.7972
chr1	396576	396577	3	0.7117
chr1	396600	396601	5	0.7431
chr1	396644	396645	4	0.63
chr1	396675	396676	5	0.834
chr1	396725	396726	4	0.7183
chr1	396767	396768	6	0.8135
chr1	396817	396818	5	0.7192
chr1	396860	396861	5	0.9259
chr1	396876	396877	4	0.6955
chr1	396897	396898	4	0.719
chr1	396947	396948	4	0.8259
chr1	396965	396966	1	0.6948
chr1	396999	397000	5	0.7502
chr1	397041	397042	5	0.6976
chr1	397060	397061	4	0.8355
chr1	397077	397078	3	0.8006
chr1	397177	397178	4	0.7443
chr1	397249	397250	4	0.7428
chr1	397299	397300	4	0.6186
chr1	397399	397400	4	0.7804
chr1	397499	397500	6	0.9278
chr1	397531	397532	4	0.6977
chr1	397538	397539	5	0.6672
chr1	397556	397557	3	0.6988
chr1	397598	397599	7	0.684
chr1	397616	397617	4	0.6443
chr1	397656	397657	4	0.6564
chr1	397688	397689	3	0.6984
chr1	397717	397718	4	0.5942
chr1	397736	397737	4	0.5577
chr1	397764	397765	4	0.6016
chr1	397814	397815	5	0.5901
chr1	397829	397830	2	0.5384
chr1	397869	397870	4	0.7726
chr1	397888	397889	4	0.5123
chr1	397930	397931	5	0.7014
chr1	397960	397961	4	0.6143
chr1	398024	398025	5	0.725
chr1	398124	398125	4	0.6666
chr1	398224	398225	4	0.811
chr1	398324	398325	5	0.653
chr1	398374	398375	5	0.8347
chr1	398550	398551	4	0.8574
chr1	398658	398659	4	0.9376
chr1	398684	398685	3	0.8658
chr1	398692	398693	4	0.9618
chr1	398742	398743	6	0.942
chr1	398772	398773	5	0.8303
chr1	398780	398781	5	0.5459
chr1	398823	398824	4	0.7068
chr1	398864	398865	5	0.8113
chr1	398888	398889	2	0.6446
chr1	398903	398904	5	0.7053
chr1	398921	398922	4	0.5251
chr1	398947	398948	5	0.6574
chr1	398997	398998	5	0.7111
chr1	399012	399013	4	0.768
chr1	399038	399039	4	0.5162
chr1	399069	399070	4	0.5676
chr1	399119	399120	4	0.7412
chr1	399158	399159	4	0.4685
chr1	399190	399191	6	0.7751
chr1	399290	399291	6	0.5869
chr1	399390	399391	5	0.6356
chr1	399462	399463	5	0.7325
chr1	399533	399534	5	0.6557
chr1	399583	399584	4	0.5663
chr1	399593	399594	4	0.9138
chr1	399643	399644	4	1.0
chr1	399695	399696	4	0.8665
chr1	399793	399794	4	0.7722
chr1	399947	399948	5	0.8494
chr1	399954	399955	3	0.5374
chr1	399988	399989	3	0.2948
chr1	400038	400039	5	0.6154
chr1	400072	400073	5	0.3889
chr1	400117	400118	3	0.3916
chr1	400167	400168	4	0.3361
chr1	400192	400193	5	0.3902
chr1	400219	400220	5	0.2968
chr1	400238	400239	5	0.4835
chr1	400256	400257	4	0.4657
chr1	400290	400291	6	0.3921
chr1	400306	400307	4	0.4948
chr1	400341	400342	6	0.1994
chr1	400362	400363	3	0.3719
chr1	400399	400400	4	0.3852
chr1	400406	400407	2	0.4302
chr1	400506	400507	6	0.3359
chr1	400573	400574	4	0.4376
chr1	400627	400628	6	0.406
chr1	400708	400709	5	0.217
chr1	400758	400759	3	0.4723
chr1	400830	400831	4	0.2876
chr1	400836	400837	5	0.1221
chr1	400868	400869	4	0.0911
chr1	400898	400899	4	0.1698
chr1	400920	400921	5	0.031
chr1	400978	400979	4	0.0
chr1	400996	400997	6	0.2133
chr1	401112	401113	5	0.0125
chr1	401222	401223	3	0.209
chr1	401232	401233	4	0.0741
chr1	401268	401269	5	0.599
chr1	401283	401284	3	0.6984
chr1	401298	401299	4	0.5447
chr1	401322	401323	5	0.7051
chr1	401354	401355	5	0.7232
chr1	401399	401400	4	0.8356
chr1	401449	401450	5	0.6372
chr1	401466	401467	5	0.8879
chr1	401516	401517	3	0.8556
chr1	401535	401536	4	0.7914
chr1	401561	401562	4	0.7144
chr1	401589	401590	5	0.6784
chr1	401619	401620	5	0.8054
chr1	401652	401653	5	0.5503
chr1	401683	401684	6	0.5303
chr1	401733	401734	6	0.5868
chr1	401751	401752	4	0.805
chr1	401838	401839	5	0.6918
chr1	401938	401939	4	0.7771
chr1	402034	402035	6	0.7674
chr1	402084	402085	4	0.5914
chr1	402134	402135	5	0.5846
chr1	402184	402185	6	0.7117
chr1	402226	402227	4	0.6044
chr1	402246	402247	5	0.8345
chr1	402257	402258	4	1.0
chr1	402295	402296	5	0.8406
chr1	402331	402332	4	0.9062
chr1	402375	402376	4	0.7389
chr1	402405	402406	5	0.7495
chr1	402446	402447	3	0.9064
chr1	402483	402484	5	0.8926
chr1	402510	402511	6	0.6624
chr1	402525	402526	4	0.8073
chr1	402561	402562	4	0.8918
chr1	402597	402598	5	0.7935
chr1	402632	402633	5	0.7314
chr1	402677	402678	4	0.7805
chr1	402687	402688	5	0.8318
chr1	402757	402758	7	0.6603
chr1	402857	402858	4	0.8288
chr1	402957	402958	3	0.8435
chr1	403057	403058	3	0.7484
chr1	403109	403110	5	0.8726
chr1	403147	403148	3	0.942
chr1	403192	403193	6	0.8436
chr1	403232	403233	5	0.8392
chr1	403254	403255	5	0.8239
chr1	403289	403290	5	0.6133
chr1	403312	403313	5	0.7546
chr1	403337	403338	5	0.8285
chr1	403371	403372	4	0.9507
chr1	403386	403387	4	0.7713
chr1	403407	403408	4	0.8043
chr1	403448	403449	5	0.7992
chr1	403471	403472	5	0.7457
chr1	403521	403522	4	0.9282
chr1	403544	403545	5	0.8747
chr1	403559	403560	5	0.8216
chr1	403609	403610	4	0.873
chr1	403654	403655	5	0.8818
chr1	403669	403670	5	0.8272
chr1	403738	403739	5	0.8651
chr1	403807	403808	6	0.8534
chr1	403907	403908	3	0.8412
chr1	404007	404008	6	0.882
chr1	404107	404108	5	0.8234
chr1	404203	404204	4	0.7189
chr1	404244	404245	4	0.8235
chr1	404264	404265	5	0.794
chr1	404309	404310	5	0.9581
chr1	404353	404354	5	0.8753
chr1	404379	404380	4	0.8157
chr1	404394	404395	6	0.7163
chr1	404444	404445	2	0.824
chr1	404493	404494	4	0.886
chr1	404508	404509	2	0.7467
chr1	404555	404556	4	0.8671
chr1	404605	404606	6	0.674
chr1	404644	404645	5	0.8111
chr1	404684	404685	4	0.8419
chr1	404725	404726	3	0.7483
chr1	404755	404756	4	0.9529
chr1	404785	404786	5	0.8457
chr1	404835	404836	5	0.9507
chr1	404885	404886	4	0.7603
chr1	404985	404986	6	0.8426
chr1	405068	405069	4	0.8487
chr1	405119	405120	5	0.8124
chr1	405169	405170	5	0.9519
chr1	405269	405270	4	0.7971
chr1	405319	405320	6	0.8581
chr1	405335	405336	3	0.8038
chr1	405373	405374	6	0.8633
chr1	405392	405393	4	0.7733
chr1	405419	405420	5	0.6561
chr1	405442	405443	5	0.7916
chr1	405474	405475	5	0.7082
chr1	405491	405492	5	0.8278
chr1	405526	405527	5	0.7823
chr1	405562	405563	4	0.6368
chr1	405578	405579	7	0.7331
chr1	405626	405627	2	0.6614
chr1	405654	405655	5	0.5774
chr1	405677	405678	6	0.6289
chr1	405695	405696	4	0.7528
chr1	405739	405740	4	0.7003
chr1	405754	405755	4	0.7044
chr1	405804	405805	3	0.8173
chr1	405854	405855	4	0.8086
chr1	405859	405860	4	0.6159
chr1	405959	405960	5	0.7078
chr1	406059	406060	7	0.6342
chr1	406133	406134	4	0.8103
chr1	406221	406222	5	0.6347
chr1	406321	406322	4	0.7392
chr1	406337	406338	4	0.9176
chr1	406380	406381	4	0.05
chr1	406400	406401	5	0.2318
chr1	406419	406420	4	0.0546
chr1	406449	406450	6	0.1471
chr1	406499	406500	4	0.0993
chr1	406522	406523	4	0.1242
chr1	406567	406568	6	0.1512
chr1	406588	406589	4	0.1189
chr1	406603	406604	4	0.0972
chr1	406626	406627	6	0.0305
chr1	406676	406677	3	0.0517
chr1	406704	406705	4	0.0944
chr1	406719	406720	4	0.1275
chr1	406747	406748	5	0.1012
chr1	406766	406767	6	0.0962
chr1	406810	406811	5	0.0434
chr1	406853	406854	2	0.1252
chr1	406953	406954	6	0.0752
chr1	407053	407054	4	0.1117
chr1	407120	407121	4	0.1239
chr1	407184	407185	5	0.0
chr1	407257	407258	4	0.0189
chr1	407307	407308	5	0.0978
chr1	407325	407326	3	0.0522
chr1	407373	407374	5	0.1971
chr1	407388	407389	5	0.7957
chr1	407418	407419	4	0.7062
chr1	407433	407434	5	0.6469
chr1	407483	407484	4	0.676
chr1	407518	407519	3	0.7001
chr1	407549	407550	6	0.71
chr1	407564	407565	5	0.7706
chr1	407597	407598	4	0.8248
chr1	407626	407627	3	0.8359
chr1	407658	407659	2	0.6283
chr1	407673	407674	4	0.7411
chr1	407696	407697	4	0.6577
chr1	407738	407739	4	0.6104
chr1	407766	407767	5	0.7651
chr1	407796	407797	5	0.795
chr1	407816	407817	5	0.8173
chr1	407837	407838	4	0.637
chr1	407865	407866	4	0.7326
chr1	407909	407910	4	0.6223
chr1	408009	408010	5	0.6838
chr1	408109	408110	5	0.7822
chr1	408195	408196	4	0.6771
chr1	408256	408257	5	0.5619
chr1	408356	408357	5	0.7626
chr1	408428	408429	6	0.8116
chr1	408438	408439	4	0.6072
chr1	408502	408503	4	0.8691
chr1	408517	408518	6	0.9034
chr1	408533	408534	5	0.8286
chr1	408558	408559	4	0.9744
chr1	408597	408598	5	0.8901
chr1	408616	408617	4	0.9195
chr1	408658	408659	5	0.7734
chr1	408673	408674	5	0.7212
chr1	408703	408704	5	0.965
chr1	408718	408719	5	0.6841
chr1	408756	408757	4	0.8672
chr1	408786	408787	4	0.943
chr1	408824	408825	6	0.8162
chr1	408874	408875	5	0.9833
chr1	408890	408891	5	0.8586
chr1	408922	408923	5	0.9362
chr1	408962	408963	4	1.0
chr1	408964	408965	6	0.8471
chr1	409064	409065	4	0.8517
chr1	409164	409165	5	0.8223
chr1	409251	409252	5	1.0
chr1	409351	409352	5	0.8655
chr1	409365	409366	5	0.8097
chr1	409393	409394	5	0.9884
chr1	409402	409403	4	0.4129
chr1	409421	409422	3	0.4448
chr1	409459	409460	5	0.4923
chr1	409484	409485	3	0.4609
chr1	409500	409501	8	0.4352
chr1	409518	409519	5	0.5494
chr1	409533	409534	5	0.3996
chr1	409572	409573	4	0.3436
chr1	409611	409612	4	0.4192
chr1	409661	409662	3	0.5849
chr1	409687	409688	3	0.4309
chr1	409723	409724	4	0.4964
chr1	409765	409766	5	0.4362
chr1	409792	409793	4	0.4732
chr1	409842	409843	5	0.4538
chr1	409857	409858	5	0.6529
chr1	409885	409886	5	0.5403
chr1	409935	409936	3	0.5991
chr1	409936	409937	6	0.5644
chr1	410036	410037	3	0.3831
chr1	410136	410137	4	0.466
chr1	410236	410237	4	0.257
chr1	410336	410337	3	0.4571
chr1	410436	410437	5	0.4203
chr1	410464	410465	4	0.7453
chr1	410520	410521	4	0.6988
chr1	410566	410567	5	0.7723
chr1	410662	410663	5	0.505
chr1	410666	410667	3	0.6825
chr1	410778	410779	5	0.9103
chr1	410884	410885	3	0.6528
chr1	410896	410897	5	0.7271
chr1	410923	410924	3	0.879
chr1	410941	410942	5	0.7938
chr1	410961	410962	5	0.8934
chr1	410998	410999	3	0.7837
chr1	411022	411023	4	0.7415
chr1	411054	411055	6	0.7717
chr1	411069	411070	7	0.8056
chr1	411119	411120	4	0.8614
chr1	411165	411166	4	0.6451
chr1	411197	411198	4	0.6112
chr1	411212	411213	6	0.7355
chr1	411240	411241	4	0.7172
chr1	411258	411259	3	0.8714
chr1	411308	411309	5	0.7878
chr1	411331	411332	4	0.6568
chr1	411350	411351	3	0.6482
chr1	411388	411389	5	0.8359
chr1	411445	411446	4	0.7805
chr1	411545	411546	4	0.8499
chr1	411645	411646	6	0.7643
chr1	411745	411746	5	0.8004
chr1	411845	411846	4	0.7793
chr1	411851	411852	2	0.8934
chr1	411879	411880	5	0.6263
chr1	411909	411910	5	0.8151
chr1	411944	411945	6	0.7028
chr1	411959	411960	2	0.7254
chr1	411974	411975	5	0.7674
chr1	412011	412012	3	0.6421
chr1	412061	412062	4	0.5289
chr1	412100	412101	5	0.8
chr1	412150	412151	5	0.6428
chr1	412178	412179	4	0.8769
chr1	412209	412210	4	0.5416
chr1	412259	412260	6	0.6341
chr1	412279	412280	5	0.7081
chr1	412298	412299	6	0.7009
chr1	412321	412322	6	0.6863
chr1	412349	412350	5	0.7498
chr1	412371	412372	4	0.7493
chr1	412407	412408	5	0.701
chr1	412507	412508	5	0.7838
chr1	412607	412608	6	0.5105
chr1	412657	412658	5	0.6055
chr1	412757	412758	3	0.7636
chr1	412857	412858	4	0.6272
chr1	412863	412864	6	0.6744
chr1	412869	412870	5	0.7682
chr1	412875	412876	4	0.7005
chr1	412892	412893	5	0.7099
chr1	412917	412918	5	0.8577
chr1	412932	412933	5	0.6931
chr1	412982	412983	4	0.7867
chr1	413032	413033	5	0.4765
chr1	413062	413063	6	0.6397
chr1	413105	413106	7	0.6818
chr1	413130	413131	4	0.755
chr1	413157	413158	6	0.7475
chr1	413172	413173	5	0.7909
chr1	413222	413223	4	0.6496
chr1	413245	413246	4	0.6433
chr1	413262	413263	4	0.8637
chr1	413307	413308	3	0.7062
chr1	413341	413342	5	0.6764
chr1	413371	413372	5	0.8099
chr1	413384	413385	5	0.7888
chr1	413443	413444	2	0.6496
chr1	413543	413544	3	0.7711
chr1	413643	413644	4	0.5688
chr1	413743	413744	3	0.6803
chr1	413843	413844	4	0.8724
chr1	413845	413846	5	0.8956
chr1	413903	413904	5	0.7648
chr1	413939	413940	6	0.7153
chr1	413943	413944	4	0.8249
chr1	413959	413960	5	0.8773
chr1	414019	414020	4	0.7431
chr1	414089	414090	4	0.9168
chr1	414321	414322	4	0.7413
chr1	414358	414359	5	0.8692
chr1	414376	414377	3	0.827
chr1	414412	414413	5	0.9462
chr1	414462	414463	5	0.8443
chr1	414477	414478	5	0.829
chr1	414507	414508	4	0.8804
chr1	414531	414532	4	0.9195
chr1	414546	414547	6	0.8412
chr1	414590	414591	4	0.8634
chr1	414640	414641	4	0.857
chr1	414678	414679	5	0.8112
chr1	414702	414703	4	0.7853
chr1	414717	414718	2	0.8354
chr1	414767	414768	5	0.8266
chr1	414797	414798	7	0.8274
chr1	414838	414839	4	0.902
chr1	414862	414863	5	0.7821
chr1	414863	414864	3	0.8643
chr1	414963	414964	4	0.8079
chr1	415063	415064	5	0.8134
chr1	415129	415130	5	0.8547
chr1	415206	415207	5	0.8752
chr1	415256	415257	5	0.8654
chr1	415346	415347	5	0.8614
chr1	415386	415387	5	1.0
chr1	415435	415436	4	0.5303
chr1	415482	415483	5	0.5569
chr1	415517	415518	4	0.5536
chr1	415556	415557	6	0.8475
chr1	415576	415577	4	0.741
chr1	415615	415616	6	0.6959
chr1	415630	415631	3	0.7169
chr1	415666	415667	4	0.8186
chr1	415709	415710	3	0.6746
chr1	415759	415760	5	0.5367
chr1	415786	415787	4	0.5999
chr1	415804	415805	5	0.7519
chr1	415854	415855	5	0.5324
chr1	415904	415905	5	0.6144
chr1	415932	415933	5	0.5204
chr1	415965	415966	5	0.6315
chr1	416007	416008	3	0.7046
chr1	416022	416023	4	0.5256
chr1	416038	416039	5	0.6424
chr1	416138	416139	3	0.6892
chr1	416238	416239	4	0.5777
chr1	416305	416306	4	0.6458
chr1	416401	416402	5	0.6669
chr1	416489	416490	5	0.9096
chr1	416589	416590	6	0.6785
chr1	416601	416602	4	0.6861
chr1	416607	416608	6	0.4201
chr1	416638	416639	6	0.4141
chr1	416688	416689	5	0.584
chr1	416713	416714	4	0.6093
chr1	416734	416735	6	0.6124
chr1	416757	416758	4	0.4434
chr1	416783	416784	6	0.4779
chr1	416799	416800	4	0.591
chr1	416835	416836	3	0.535
chr1	416885	416886	4	0.3116
chr1	416903	416904	5	0.3575
chr1	416925	416926	5	0.6818
chr1	416949	416950	5	0.4775
chr1	416999	417000	4	0.6999
chr1	417031	417032	4	0.6095
chr1	417059	417060	3	0.5674
chr1	417085	417086	3	0.5303
chr1	417100	417101	6	0.652
chr1	417119	417120	6	0.4442
chr1	417146	417147	6	0.5695
chr1	417183	417184	4	0.3783
chr1	417198	417199	4	0.6786
chr1	417227	417228	3	0.4936
chr1	417277	417278	4	0.5703
chr1	417330	417331	4	0.5686
chr1	417418	417419	4	0.589
chr1	417518	417519	6	0.5985
chr1	417618	417619	4	0.5353
chr1	417689	417690	6	0.512
chr1	417789	417790	3	0.5297
chr1	417869	417870	3	0.7817
chr1	417929	417930	5	0.8909
chr1	418061	418062	5	0.784
chr1	418091	418092	4	0.8034
chr1	418113	418114	6	0.8461
chr1	418255	418256	3	0.9393
chr1	418299	418300	6	0.7167
chr1	418315	418316	3	0.787
chr1	418330	418331	5	0.7558
chr1	418364	418365	5	0.6988
chr1	418393	418394	4	0.7671
chr1	418414	418415	3	0.9715
chr1	418438	418439	5	0.7745
chr1	418481	418482	5	0.8109
chr1	418523	418524	6	0.7805
chr1	418538	418539	4	0.7956
chr1	418588	418589	5	0.7979
chr1	418613	418614	5	0.8339
chr1	418653	418654	5	0.7813
chr1	418694	418695	4	0.6644
chr1	418717	418718	4	0.7421
chr1	418742	418743	5	0.8817
chr1	418764	418765	4	0.7479
chr1	418864	418865	6	0.7581
chr1	418964	418965	4	0.823
chr1	419064	419065	4	0.8877
chr1	419164	419165	5	0.7994
chr1	419222	419223	4	0.8986
chr1	419264	419265	5	0.8903
chr1	419271	419272	4	0.3012
chr1	419306	419307	4	0.3516
chr1	419331	419332	5	0.3164
chr1	419346	419347	3	0.3391
chr1	419366	419367	5	0.4596
chr1	419398	419399	4	0.3385
chr1	419440	419441	5	0.2503
chr1	419466	419467	3	0.2073
chr1	419509	419510	3	0.3655
chr1	419524	419525	4	0.3785
chr1	419547	419548	4	0.4448
chr1	419592	419593	3	0.4662
chr1	419636	419637	5	0.4878
chr1	419659	419660	5	0.3639
chr1	419699	419700	4	0.3666
chr1	419737	419738	5	0.4834
chr1	419753	419754	4	0.2765
chr1	419836	419837	5	0.4781
chr1	419936	419937	5	0.2744
chr1	420022	420023	4	0.2149
chr1	420097	420098	4	0.3983
chr1	420197	420198	5	0.2872
chr1	420251	420252	4	0.1197
chr1	420289	420290	5	0.054
chr1	420321	420322	6	0.0717
chr1	420365	420366	3	0.1552
chr1	420395	420396	2	0.2427
chr1	420497	420498	5	0.147
chr1	420513	420514	4	0.2607
chr1	420559	420560	6	0.0152
chr1	420575	420576	5	0.0467
chr1	420661	420662	4	0.1952
chr1	420693	420694	5	0.4374
chr1	420737	420738	3	0.5
chr1	420774	420775	5	0.6045
chr1	420824	420825	4	0.5804
chr1	420840	420841	3	0.3559
chr1	420878	420879	4	0.5127
chr1	420917	420918	3	0.5569
chr1	420946	420947	6	0.5159
chr1	420974	420975	3	0.457
chr1	420996	420997	7	0.5581
chr1	421032	421033	5	0.4214
chr1	421051	421052	4	0.542
chr1	421100	421101	6	0.3842
chr1	421125	421126	5	0.4112
chr1	421165	421166	3	0.5123
chr1	421176	421177	3	0.4813
chr1	421276	421277	4	0.4021
chr1	421376	421377	4	0.5638
chr1	421476	421477	5	0.5716
chr1	421534	421535	5	0.3261
chr1	421584	421585	7	0.3615
chr1	421630	421631	5	0.3717
chr1	421646	421647	3	0.3451
chr1	421656	421657	3	0.448
chr1	421701	421702	3	0.3207
chr1	421726	421727	4	0.5694
chr1	421754	421755	5	0.4721
chr1	421786	421787	4	0.2034
chr1	421813	421814	5	0.4092
chr1	421828	421829	6	0.5362
chr1	421855	421856	3	0.3615
chr1	421876	421877	4	0.5667
chr1	421908	421909	3	0.6454
chr1	421958	421959	5	0.4858
chr1	421991	421992	6	0.4635
chr1	422006	422007	5	0.4833
chr1	422027	422028	4	0.6819
chr1	422077	422078	5	0.4891
chr1	422100	422101	6	0.4375
chr1	422115	422116	4	0.6061
chr1	422130	422131	5	0.6104
chr1	422177	422178	4	0.4119
chr1	422192	422193	5	0.4988
chr1	422202	422203	4	0.5208
chr1	422299	422300	5	0.6784
chr1	422399	422400	4	0.3016
chr1	422480	422481	4	0.4218
chr1	422530	422531	3	0.5136
chr1	422604	422605	5	0.4075
chr1	422704	422705	3	0.4943
chr1	422710	422711	6	0.899
chr1	422880	422881	5	0.8063
chr1	422892	422893	4	0.7556
chr1	422962	422963	6	0.707
chr1	423048	423049	5	0.8054
chr1	423138	423139	5	0.6752
chr1	423185	423186	5	0.7339
chr1	423235	423236	3	0.9505
chr1	423250	423251	5	0.8891
chr1	423285	423286	5	0.7794
chr1	423306	423307	3	0.5996
chr1	423349	423350	6	0.7563
chr1	423399	423400	4	0.6437
chr1	423430	423431	5	0.5929
chr1	423474	423475	4	0.8146
chr1	423521	423522	4	0.807
chr1	423536	423537	5	0.7199
chr1	423551	423552	6	0.9143
chr1	423601	423602	5	0.9275
chr1	423618	423619	5	0.8512
chr1	423668	423669	3	0.7565
chr1	423702	423703	4	0.6591
chr1	423752	423753	6	0.7481
chr1	423849	423850	7	0.7419
chr1	423938	423939	6	0.6943
chr1	423988	423989	5	0.7809
chr1	424038	424039	4	0.7168
chr1	424138	424139	4	0.7977
chr1	424198	424199	4	0.6728
chr1	424202	424203	3	0.8931
chr1	424218	424219	6	0.6511
chr1	424268	424269	5	0.8068
chr1	424304	424305	6	0.8186
chr1	424344	424345	5	0.7321
chr1	424382	424383	4	0.6791
chr1	424406	424407	6	0.9194
chr1	424432	424433	3	0.6931
chr1	424482	424483	6	0.8068
chr1	424523	424524	3	0.6526
chr1	424566	424567	5	1.0
chr1	424593	424594	5	0.8421
chr1	424623	424624	4	0.839
chr1	424663	424664	4	0.7716
chr1	424695	424696	4	0.7685
chr1	424710	424711	4	0.9206
chr1	424716	424717	5	0.8542
chr1	424809	424810	6	0.8146
chr1	424901	424902	5	0.944
chr1	425001	425002	5	0.8997
chr1	425101	425102	6	0.8228
chr1	425191	425192	3	0.9131
chr1	425257	425258	4	0.9243
chr1	425273	425274	5	0.8613
chr1	425292	425293	4	0.868
chr1	425342	425343	4	0.8064
chr1	425371	425372	6	0.8255
chr1	425408	425409	3	0.7047
chr1	425432	425433	5	0.7742
chr1	425453	425454	4	0.8695
chr1	425481	425482	4	0.7358
chr1	425530	425531	6	0.8262
chr1	425580	425581	5	0.7749
chr1	425615	425616	3	0.8754
chr1	425665	425666	2	0.8959
chr1	425681	425682	1	0.9397
chr1	425694	425695	4	0.7076
chr1	425794	425795	5	0.9667
chr1	425871	425872	6	0.8776
chr1	425928	425929	5	0.8083
chr1	425978	425979	4	0.9382
chr1	426042	426043	5	0.9225
chr1	426095	426096	5	0.7689
chr1	426097	426098	4	0.6632
chr1	426127	426128	5	1.0
chr1	426160	426161	5	0.7277
chr1	426178	426179	5	0.9193
chr1	426200	426201	5	0.8446
chr1	426237	426238	3	0.7597
chr1	426267	426268	5	0.8496
chr1	426285	426286	4	0.6921
chr1	426329	426330	7	0.7231
chr1	426344	426345	6	0.7976
chr1	426394	426395	5	0.8945
chr1	426429	426430	5	0.8192
chr1	426479	426480	5	0.8711
chr1	426521	426522	5	0.8327
chr1	426540	426541	4	0.84
chr1	426588	426589	4	0.8778
chr1	426602	426603	3	0.8516
chr1	426691	426692	3	0.8529
chr1	426791	426792	6	0.7973
chr1	426891	426892	5	0.9074
chr1	426941	426942	5	0.8733
chr1	427041	427042	5	0.9719
chr1	427049	427050	4	0.7172
chr1	427091	427092	5	0.7484
chr1	427127	427128	3	0.6439
chr1	427168	427169	4	0.541
chr1	427186	427187	4	0.7855
chr1	427203	427204	6	0.8074
chr1	427237	427238	4	0.75
chr1	427269	427270	4	0.9075
chr1	427284	427285	4	0.6579
chr1	427315	427316	4	0.7665
chr1	427362	427363	2	0.6789
chr1	427382	427383	4	0.7786
chr1	427423	427424	3	0.7475
chr1	427445	427446	5	0.6846
chr1	427469	427470	5	0.7382
chr1	427498	427499	4	0.7231
chr1	427520	427521	5	0.7449
chr1	427570	427571	3	0.5736
chr1	427620	427621	4	0.5966
chr1	427644	427645	4	0.5648
chr1	427744	427745	7	0.7383
chr1	427844	427845	4	0.6305
chr1	427911	427912	6	0.6309
chr1	428011	428012	3	0.5928
chr1	428105	428106	3	0.702
chr1	428161	428162	3	0.8417
chr1	428209	428210	3	0.2676
chr1	428226	428227	4	0.1908
chr1	428248	428249	5	0.1228
chr1	428278	428279	4	0.2568
chr1	428300	428301	4	0.199
chr1	428334	428335	3	0.4831
chr1	428356	428357	5	0.2413
chr1	428393	428394	7	0.2358
chr1	428443	428444	4	0.324
chr1	428459	428460	5	0.2557
chr1	428474	428475	5	0.3014
chr1	428518	428519	5	0.2343
chr1	428557	428558	6	0.3234
chr1	428597	428598	3	0.2815
chr1	428647	428648	5	0.3848
chr1	428673	428674	6	0.3297
chr1	428698	428699	5	0.2574
chr1	428798	428799	5	0.2378
chr1	428853	428854	5	0.2416
chr1	428953	428954	5	0.1323
chr1	429053	429054	5	0.1909
chr1	429153	429154	5	0.42
chr1	429233	429234	4	0.2086
chr1	429268	429269	6	0.1566
chr1	429295	429296	5	0.126
chr1	429326	429327	3	0.1891
chr1	429344	429345	6	0.1216
chr1	429371	429372	4	0.2169
chr1	429405	429406	3	0.2717
chr1	429424	429425	4	0.2813
chr1	429444	429445	4	0.2386
chr1	429459	429460	3	0.1825
chr1	429490	429491	3	0.1804
chr1	429531	429532	4	0.166
chr1	429546	429547	5	0.1958
chr1	429582	429583	3	0.166
chr1	429597	429598	4	0.1289
chr1	429636	429637	5	0.2868
chr1	429666	429667	4	0.1674
chr1	429710	429711	4	0.0
chr1	429728	429729	6	0.0753
chr1	429778	429779	4	0.2021
chr1	429814	429815	3	0.1765
chr1	429826	429827	4	0.0242
chr1	429880	429881	4	0.1185
chr1	429980	429981	5	0.1173
chr1	430034	430035	3	0.1855
chr1	430134	430135	4	0.2472
chr1	430234	430235	5	0.3373
chr1	430390	430391	4	0.0928
chr1	430411	430412	6	0.5939
chr1	430432	430433	5	0.6754
chr1	430456	430457	3	0.5636
chr1	430506	430507	4	0.5514
chr1	430556	430557	4	0.5974
chr1	430606	430607	4	0.4435
chr1	430621	430622	4	0.5493
chr1	430640	430641	5	0.6024
chr1	430672	430673	5	0.6969
chr1	430699	430700	5	0.5556
chr1	430749	430750	4	0.4934
chr1	430799	430800	4	0.6846
chr1	430816	430817	5	0.4944
chr1	430866	430867	3	0.4492
chr1	430886	430887	5	0.4488
chr1	430905	430906	3	0.6795
chr1	430913	430914	5	0.5437
chr1	430965	430966	4	0.5843
chr1	431065	431066	4	0.5602
chr1	431165	431166	3	0.639
chr1	431222	431223	4	0.6102
chr1	431272	431273	5	0.485
chr1	431372	431373	5	0.6972
chr1	431424	431425	5	0.5039
chr1	431444	431445	4	0.4969
chr1	431452	431453	4	0.4568
chr1	431469	431470	3	0.5121
chr1	431519	431520	3	0.5899
chr1	431536	431537	6	0.5962
chr1	431585	431586	2	0.4578
chr1	431635	431636	3	0.6412
chr1	431669	431670	3	0.5312
chr1	431687	431688	5	0.5029
chr1	431702	431703	6	0.5948
chr1	431741	431742	4	0.498
chr1	431770	431771	5	0.3775
chr1	431807	431808	5	0.4184
chr1	431857	431858	4	0.4387
chr1	431889	431890	4	0.7151
chr1	431908	431909	6	0.5004
chr1	431925	431926	5	0.5362
chr1	431991	431992	6	0.3771
chr1	432091	432092	3	0.4963
chr1	432191	432192	5	0.5749
chr1	432291	432292	5	0.4247
chr1	432360	432361	4	0.366
chr1	432424	432425	4	0.9129
chr1	432474	432475	4	0.8467
chr1	432522	432523	4	0.7924
chr1	432664	432665	4	0.6584
chr1	432710	432711	6	0.791
chr1	432732	432733	5	0.9544
chr1	432734	432735	3	0.7519
chr1	432754	432755	4	0.6654
chr1	432858	432859	4	0.7374
chr1	432870	432871	3	0.8575
chr1	432910	432911	3	0.6009
chr1	432960	432961	5	0.7148
chr1	433010	433011	4	0.703
chr1	433037	433038	5	0.678
chr1	433054	433055	6	0.6376
chr1	433076	433077	3	0.8421
chr1	433100	433101	4	0.6974
chr1	433130	433131	5	0.7509
chr1	433180	433181	6	0.6663
chr1	433224	433225	2	0.704
chr1	433239	433240	4	0.6193
chr1	433266	433267	5	0.7764
chr1	433306	433307	5	0.6452
chr1	433356	433357	4	0.8249
chr1	433456	433457	6	0.7044
chr1	433543	433544	5	0.8729
chr1	433643	433644	4	0.831
chr1	433677	433678	4	0.8437
chr1	433737	433738	5	0.8434
chr1	433759	433760	5	0.9501
chr1	433793	433794	5	0.849
chr1	433816	433817	5	0.144
chr1	433855	433856	3	0.3542
chr1	433870	433871	6	0.142
chr1	433896	433897	5	0.999
chr1	433916	433917	6	0.7326
chr1	433931	433932	5	0.186
chr1	433951	433952	5	0.7925
chr1	433994	433995	6	0.712
chr1	434014	434015	6	1.0
chr1	434029	434030	4	0.7253
chr1	434055	434056	7	0.5395
chr1	434098	434099	3	0.8805
chr1	434148	434149	4	0.4805
chr1	434198	434199	3	0.4003
chr1	434248	434249	6	0.6218
chr1	434263	434264	5	1.0
chr1	434288	434289	4	0.7645
chr1	434382	434383	4	1.0
chr1	434482	434483	3	1.0
chr1	434572	434573	5	0.2452
chr1	434672	434673	4	0.3349
chr1	434722	434723	4	0.8595
chr1	434742	434743	5	0.9978
chr1	434766	434767	4	0.485
chr1	434807	434808	4	0.907
chr1	434835	434836	6	0.8961
chr1	434872	434873	4	0.6995
chr1	434900	434901	4	0.9618
chr1	434923	434924	6	0.8499
chr1	434938	434939	5	0.8769
chr1	434960	434961	4	0.8741
chr1	435010	435011	6	0.8483
chr1	435044	435045	4	0.858
chr1	435074	435075	6	0.8434
chr1	435089	435090	4	0.8226
chr1	435115	435116	3	0.8603
chr1	435163	435164	6	0.8654
chr1	435213	435214	3	0.9063
chr1	435230	435231	5	0.8934
chr1	435256	435257	4	0.9155
chr1	435298	435299	6	0.9561
chr1	435341	435342	5	0.8154
chr1	435441	435442	6	0.8118
chr1	435491	435492	4	0.9945
chr1	435591	435592	5	0.9824
chr1	435691	435692	5	0.9283
chr1	435791	435792	5	0.7685
chr1	435829	435830	4	0.8288
chr1	435847	435848	2	1.0
chr1	435876	435877	6	0.6581
chr1	435906	435907	4	0.5564
chr1	435956	435957	3	0.9078
chr1	435977	435978	3	0.9624
chr1	436006	436007	4	0.6064
chr1	436023	436024	6	0.8888
chr1	436073	436074	4	1.0
chr1	436113	436114	5	0.5723
chr1	436136	436137	3	0.9442
chr1	436157	436158	4	0.5677
chr1	436175	436176	5	0.6902
chr1	436207	436208	4	0.8412
chr1	436222	436223	5	0.9626
chr1	436269	436270	5	1.0
chr1	436295	436296	5	0.7157
chr1	436324	436325	3	0.996
chr1	436343	436344	4	0.5776
chr1	436356	436357	3	0.6176
chr1	436456	436457	6	1.0
chr1	436515	436516	6	0.9887
chr1	436615	436616	4	0.8611
chr1	436678	436679	5	0.4491
chr1	436728	436729	4	0.895
chr1	436828	436829	5	0.9747
chr1	436840	436841	4	0.9391
chr1	436848	436849	4	0.4916
chr1	436898	436899	6	0.5373
chr1	436930	436931	4	0.5046
chr1	436952	436953	4	0.5062
chr1	437002	437003	5	0.4211
chr1	437031	437032	4	0.4587
chr1	437046	437047	4	0.3228
chr1	437086	437087	3	0.4564
chr1	437104	437105	3	0.4463
chr1	437137	437138	5	0.5145
chr1	437164	437165	4	0.2413
chr1	437184	437185	6	0.452
chr1	437216	437217	4	0.2138
chr1	437264	437265	4	0.3964
chr1	437302	437303	3	0.4513
chr1	437318	437319	4	0.4246
chr1	437341	437342	4	0.4092
chr1	437365	437366	6	0.4354
chr1	437384	437385	4	0.5338
chr1	437397	437398	4	0.3708
chr1	437467	437468	4	0.3643
chr1	437567	437568	5	0.4426
chr1	437653	437654	4	0.52
chr1	437730	437731	5	0.4478
chr1	437818	437819	3	0.57
chr1	437918	437919	4	0.3721
chr1	437986	437987	5	0.884
chr1	438016	438017	4	0.8104
chr1	438062	438063	6	0.8818
chr1	438132	438133	5	0.8127
chr1	438136	438137	5	0.6718
chr1	438154	438155	5	0.7093
chr1	438226	438227	5	0.6781
chr1	438266	438267	5	0.9313
chr1	438354	438355	3	0.839
chr1	438396	438397	5	0.6693
chr1	438402	438403	7	0.5083
chr1	438417	438418	4	0.7134
chr1	438437	438438	5	0.5649
chr1	438458	438459	4	0.7704
chr1	438497	438498	5	0.6923
chr1	438514	438515	5	0.5821
chr1	438529	438530	4	0.6906
chr1	438556	438557	4	0.6692
chr1	438598	438599	3	0.6049
chr1	438617	438618	5	0.6966
chr1	438663	438664	4	0.5385
chr1	438690	438691	5	0.7684
chr1	438716	438717	3	0.6239
chr1	438748	438749	5	0.674
chr1	438783	438784	4	0.4931
chr1	438811	438812	4	0.674
chr1	438847	438848	4	0.7211
chr1	438879	438880	5	0.5097
chr1	438910	438911	5	0.4899
chr1	438947	438948	6	0.6096
chr1	438978	438979	3	0.5243
chr1	439039	439040	5	0.7886
chr1	439089	439090	4	0.5111
chr1	439185	439186	3	0.5451
chr1	439285	439286	5	0.4725
chr1	439385	439386	4	0.634
chr1	439485	439486	2	0.4563
chr1	439627	439628	4	0.835
chr1	439749	439750	6	0.8102
chr1	439817	439818	4	0.584
chr1	439839	439840	6	0.6502
chr1	439843	439844	3	0.7878
chr1	439892	439893	5	0.6497
chr1	439928	439929	5	0.5924
chr1	439970	439971	4	0.7063
chr1	440003	440004	5	0.6004
chr1	440036	440037	3	0.7165
chr1	440068	440069	5	0.7614
chr1	440118	440119	5	0.6938
chr1	440168	440169	6	0.7916
chr1	440213	440214	4	0.6512
chr1	440229	440230	3	0.6312
chr1	440256	440257	5	0.5258
chr1	440274	440275	5	0.6499
chr1	440294	440295	4	0.5635
chr1	440321	440322	3	0.5701
chr1	440345	440346	4	0.6284
chr1	440399	440400	4	0.4995
chr1	440498	440499	5	0.4589
chr1	440598	440599	5	0.7675
chr1	440661	440662	6	0.7324
chr1	440751	440752	5	0.639
chr1	440793	440794	6	0.6326
chr1	440798	440799	5	0.5355
chr1	440848	440849	4	0.5584
chr1	440880	440881	4	0.4491
chr1	440920	440921	4	0.6687
chr1	440965	440966	4	0.5187
chr1	440984	440985	5	0.4879
chr1	441008	441009	5	0.6712
chr1	441031	441032	4	0.7031
chr1	441056	441057	5	0.5928
chr1	441087	441088	4	0.4469
chr1	441106	441107	6	0.482
chr1	441123	441124	4	0.6027
chr1	441150	441151	5	0.5992
chr1	441168	441169	5	0.6913
chr1	441217	441218	5	0.632
chr1	441236	441237	4	0.5078
chr1	441260	441261	4	0.4787
chr1	441277	441278	3	0.6626
chr1	441374	441375	5	0.5836
chr1	441433	441434	4	0.5891
chr1	441533	441534	3	0.7865
chr1	441583	441584	4	0.5533
chr1	441633	441634	5	0.5354
chr1	441706	441707	3	0.6709
chr1	441712	441713	5	0.8963
chr1	441904	441905	5	0.9384
chr1	441992	441993	5	0.8481
chr1	442136	442137	5	0.9473
chr1	442148	442149	5	0.7693
chr1	442172	442173	4	0.7856
chr1	442210	442211	5	0.0
chr1	442248	442249	4	0.2802
chr1	442274	442275	6	0.1221
chr1	442303	442304	6	0.0
chr1	442323	442324	3	0.2058
chr1	442352	442353	6	0.2176
chr1	442382	442383	4	0.1011
chr1	442418	442419	4	0.1614
chr1	442450	442451	5	0.3498
chr1	442486	442487	6	0.0496
chr1	442501	442502	4	0.1509
chr1	442528	442529	5	0.1518
chr1	442543	442544	4	0.1229
chr1	442568	442569	5	0.2447
chr1	442618	442619	6	0.1956
chr1	442648	442649	2	0.0951
chr1	442684	442685	5	0.0404
chr1	442710	442711	3	0.1169
chr1	442733	442734	3	0.2443
chr1	442738	442739	5	0.0924
chr1	442838	442839	5	0.0955
chr1	442888	442889	5	0.1379
chr1	442938	442939	4	0.2398
chr1	443020	443021	7	0.1312
chr1	443120	443121	5	0.2156
chr1	443189	443190	4	0.2112
chr1	443251	443252	6	0.1099
chr1	443299	443300	5	0.2018
chr1	443333	443334	5	0.1059
chr1	443380	443381	5	0.0988
chr1	443403	443404	6	0.0668
chr1	443429	443430	4	0.0703
chr1	443475	443476	3	0.1041
chr1	443491	443492	2	0.0096
chr1	443541	443542	6	0.0539
chr1	443591	443592	3	0.1908
chr1	443619	443620	6	0.2269
chr1	443648	443649	3	0.0696
chr1	443676	443677	6	0.0692
chr1	443706	443707	5	0.0931
chr1	443708	443709	3	0.2467
chr1	443796	443797	6	0.0085
chr1	443890	443891	4	0.0751
chr1	443981	443982	7	0.2128
chr1	444081	444082	4	0.0
chr1	444123	444124	3	0.105
chr1	444152	444153	7	0.0738
chr1	444202	444203	6	0.135
chr1	444231	444232	5	0.1241
chr1	444278	444279	5	0.2471
chr1	444328	444329	6	0.0
chr1	444358	444359	6	0.1603
chr1	444388	444389	4	0.1275
chr1	444423	444424	5	0.1722
chr1	444473	444474	5	0.1659
chr1	444490	444491	7	0.0413
chr1	444527	444528	6	0.0031
chr1	444543	444544	4	0.2151
chr1	444583	444584	6	0.2681
chr1	444589	444590	5	0.2135
chr1	444675	444676	4	0.0951
chr1	444740	444741	5	0.1471
chr1	444840	444841	5	0.0636
chr1	444925	444926	6	0.0242
chr1	445006	445007	4	0.1795
chr1	445034	445035	3	0.0459
chr1	445054	445055	5	0.2906
chr1	445073	445074	5	0.8254
chr1	445091	445092	4	0.7738
chr1	445115	445116	4	0.8884
chr1	445162	445163	5	0.8185
chr1	445195	445196	3	0.7309
chr1	445212	445213	6	0.8063
chr1	445253	445254	3	0.7896
chr1	445296	445297	7	0.8101
chr1	445314	445315	4	0.7264
chr1	445364	445365	4	0.9129
chr1	445388	445389	5	0.928
chr1	445415	445416	3	0.7976
chr1	445465	445466	5	0.7365
chr1	445484	445485	5	0.9307
chr1	445519	445520	6	0.7501
chr1	445548	445549	5	0.8478
chr1	445584	445585	5	0.7761
chr1	445684	445685	5	0.696
chr1	445784	445785	5	0.8724
chr1	445834	445835	6	0.6534
chr1	445934	445935	5	0.9453
chr1	446034	446035	4	0.8034
chr1	446082	446083	5	0.9108
chr1	446114	446115	5	0.7358
chr1	446124	446125	3	0.1156
chr1	446171	446172	5	0.228
chr1	446215	446216	5	0.2501
chr1	446242	446243	5	0.3868
chr1	446257	446258	5	0.1711
chr1	446295	446296	4	0.0712
chr1	446344	446345	4	0.2137
chr1	446394	446395	4	0.2229
chr1	446415	446416	3	0.3145
chr1	446432	446433	3	0.1927
chr1	446452	446453	5	0.188
chr1	446467	446468	6	0.2305
chr1	446492	446493	4	0.2942
chr1	446524	446525	3	0.1897
chr1	446549	446550	7	0.1624
chr1	446572	446573	5	0.207
chr1	446595	446596	3	0.3103
chr1	446619	446620	4	0.1055
chr1	446628	446629	5	0.018
chr1	446728	446729	5	0.1099
chr1	446778	446779	3	0.091
chr1	446853	446854	4	0.1193
chr1	446926	446927	4	0.1491
chr1	447026	447027	4	0.2269
chr1	447076	447077	4	0.1357
chr1	447126	447127	6	0.1066
chr1	447158	447159	5	0.3313
chr1	447212	447213	5	0.0195
chr1	447239	447240	4	0.0904
chr1	447276	447277	4	0.1566
chr1	447310	447311	4	0.1902
chr1	447338	447339	4	0.1756
chr1	447367	447368	6	0.1388
chr1	447391	447392	5	0.1246
chr1	447412	447413	6	0.068
chr1	447449	447450	5	0.0731
chr1	447475	447476	3	0.0314
chr1	447507	447508	5	0.1115
chr1	447557	447558	6	0.1288
chr1	447607	447608	4	0.2709
chr1	447630	447631	3	0.2639
chr1	447665	447666	4	0.11
chr1	447682	447683	6	0.1209
chr1	447708	447709	5	0.0922
chr1	447732	447733	5	0.2425
chr1	447832	447833	6	0.062
chr1	447890	447891	5	0.1537
chr1	447990	447991	6	0.1336
chr1	448090	448091	5	0.2169
chr1	448175	448176	2	0.1063
chr1	448193	448194	4	0.1358
chr1	448238	448239	5	0.6603
chr1	448262	448263	4	0.7628
chr1	448279	448280	6	0.8306
chr1	448318	448319	5	0.8538
chr1	448333	448334	6	0.9173
chr1	448375	448376	4	0.6754
chr1	448397	448398	3	0.8052
chr1	448423	448424	2	0.779
chr1	448473	448474	5	0.8028
chr1	448503	448504	4	0.798
chr1	448527	448528	3	0.8453
chr1	448577	448578	4	0.6254
chr1	448592	448593	4	0.6214
chr1	448624	448625	4	0.7082
chr1	448639	448640	3	0.7316
chr1	448676	448677	4	0.6389
chr1	448715	448716	3	0.8514
chr1	448807	448808	5	0.7262
chr1	448864	448865	3	0.7758
chr1	448964	448965	3	0.7107
chr1	449064	449065	6	0.786
chr1	449118	449119	5	0.7075
chr1	449122	449123	4	0.939
chr1	449159	449160	4	0.9031
chr1	449181	449182	5	0.7604
chr1	449202	449203	5	0.7586
chr1	449221	449222	6	0.8695
chr1	449241	449242	5	0.8521
chr1	449259	449260	4	0.7195
chr1	449274	449275	3	0.8562
chr1	449311	449312	4	0.9222
chr1	449353	449354	4	0.6825
chr1	449395	449396	4	0.9682
chr1	449437	449438	3	0.883
chr1	449467	449468	4	0.7605
chr1	449517	449518	3	0.8392
chr1	449548	449549	3	0.8326
chr1	449617	449618	4	0.7324
chr1	449717	449718	4	0.8578
chr1	449817	449818	4	0.7347
chr1	449871	449872	5	0.8422
chr1	449883	449884	6	0.799
chr1	449917	449918	4	0.7303
chr1	449929	449930	5	0.6181
chr1	449953	449954	3	0.738
chr1	449990	449991	4	0.5734
chr1	450039	450040	3	0.649
chr1	450084	450085	3	0.069
chr1	450134	450135	4	0.507
chr1	450163	450164	3	0.295
chr1	450185	450186	4	0.817
chr1	450235	450236	6	0.0
chr1	450263	450264	4	0.2133
chr1	450284	450285	3	0.6192
chr1	450303	450304	4	0.0
chr1	450353	450354	4	0.808
chr1	450403	450404	5	0.6337
chr1	450415	450416	4	0.8798
chr1	450515	450516	4	0.051
chr1	450615	450616	4	0.7586
chr1	450701	450702	6	0.203
chr1	450795	450796	4	0.5288
chr1	450845	450846	3	0.1198
chr1	450919	450920	4	0.5581
chr1	450969	450970	4	0.8055
chr1	450991	450992	4	0.7448
chr1	451016	451017	4	0.8543
chr1	451032	451033	4	0.9547
chr1	451047	451048	6	0.7662
chr1	451070	451071	4	0.7328
chr1	451117	451118	5	0.871
chr1	451141	451142	4	0.8925
chr1	451184	451185	3	0.8926
chr1	451211	451212	4	0.8045
chr1	451236	451237	4	0.7225
chr1	451286	451287	4	0.9595
chr1	451309	451310	6	0.8638
chr1	451325	451326	7	0.786
chr1	451375	451376	4	0.7992
chr1	451407	451408	5	0.859
chr1	451408	451409	4	0.9085
chr1	451475	451476	4	0.7846
chr1	451525	451526	4	0.7487
chr1	451585	451586	5	0.8151
chr1	451685	451686	5	0.8152
chr1	451750	451751	5	0.7564
chr1	451792	451793	5	0.9674
chr1	451831	451832	5	0.2699
chr1	451859	451860	5	0.0
chr1	451890	451891	5	0.1016
chr1	451926	451927	3	0.6762
chr1	451971	451972	5	0.0
chr1	452021	452022	5	0.0
chr1	452053	452054	5	0.4418
chr1	452074	452075	4	0.3633
chr1	452098	452099	6	0.0
chr1	452113	452114	4	0.513
chr1	452137	452138	6	0.4619
chr1	452161	452162	4	0.5424
chr1	452198	452199	6	0.4108
chr1	452223	452224	5	0.0727
chr1	452248	452249	4	0.84
chr1	452345	452346	5	0.6704
chr1	452424	452425	6	0.0617
chr1	452491	452492	5	0.659
chr1	452591	452592	5	0.3309
chr1	452645	452646	3	0.0
chr1	452679	452680	6	0.0
chr1	452690	452691	4	0.8991
chr1	452740	452741	3	0.7905
chr1	452759	452760	4	0.773
chr1	452780	452781	5	0.8328
chr1	452830	452831	6	0.6045
chr1	452856	452857	6	0.8199
chr1	452894	452895	3	0.7985
chr1	452944	452945	4	0.9254
chr1	452983	452984	3	0.8817
chr1	453013	453014	5	0.6122
chr1	453028	453029	4	0.919
chr1	453057	453058	5	0.691
chr1	453087	453088	4	0.6832
chr1	453137	453138	4	0.8401
chr1	453140	453141	4	0.7773
chr1	453240	453241	7	0.7384
chr1	453290	453291	6	0.7369
chr1	453390	453391	3	0.7999
chr1	453443	453444	5	0.8254
chr1	453543	453544	4	0.6593
chr1	453577	453578	4	0.8753
chr1	453623	453624	5	0.5183
chr1	453673	453674	5	0.766
chr1	453696	453697	6	0.6104
chr1	453723	453724	5	0.5898
chr1	453758	453759	5	0.5619
chr1	453807	453808	4	0.6485
chr1	453822	453823	5	0.6948
chr1	453862	453863	5	0.8616
chr1	453881	453882	4	0.8308
chr1	453930	453931	5	0.7987
chr1	453980	453981	5	0.6186
chr1	454020	454021	7	0.8256
chr1	454070	454071	5	0.5985
chr1	454089	454090	4	0.5763
chr1	454174	454175	3	0.7009
chr1	454274	454275	3	0.73
chr1	454343	454344	5	0.7242
chr1	454418	454419	5	0.5137
chr1	454518	454519	4	0.7668
chr1	454538	454539	4	0.8234
chr1	454548	454549	5	0.7997
chr1	454557	454558	3	0.156
chr1	454572	454573	4	0.4563
chr1	454596	454597	6	0.4287
chr1	454634	454635	4	0.4382
chr1	454667	454668	4	0.3081
chr1	454717	454718	3	0.3204
chr1	454735	454736	3	0.3033
chr1	454771	454772	5	0.2483
chr1	454796	454797	3	0.3296
chr1	454811	454812	4	0.3752
chr1	454826	454827	4	0.4123
chr1	454849	454850	4	0.3078
chr1	454871	454872	3	0.1898
chr1	454916	454917	3	0.3582
chr1	454954	454955	4	0.2167
chr1	455003	455004	5	0.2942
chr1	455041	455042	5	0.2373
chr1	455056	455057	3	0.3082
chr1	455084	455085	7	0.3361
chr1	455100	455101	5	0.4675
chr1	455191	455192	4	0.2622
chr1	455262	455263	6	0.3063
chr1	455312	455313	6	0.2957
chr1	455412	455413	4	0.2705
chr1	455512	455513	5	0.3272
chr1	455612	455613	5	0.237
chr1	455644	455645	5	0.2118
chr1	455832	455833	6	0.128
chr1	455896	455897	5	0.0618
chr1	455968	455969	4	0.2708
chr1	455990	455991	5	0.0437
chr1	456002	456003	5	0.5359
chr1	456052	456053	5	0.6896
chr1	456077	456078	5	0.8227
chr1	456097	456098	6	0.5748
chr1	456147	456148	5	0.6449
chr1	456162	456163	3	0.6752
chr1	456188	456189	5	0.7637
chr1	456238	456239	4	0.7156
chr1	456261	456262	5	0.8238
chr1	456311	456312	4	0.7612
chr1	456343	456344	6	0.8236
chr1	456382	456383	5	0.7637
chr1	456402	456403	5	0.8291
chr1	456429	456430	4	0.8504
chr1	456444	456445	2	0.729
chr1	456475	456476	4	0.8458
chr1	456490	456491	3	0.7469
chr1	456540	456541	2	0.8831
chr1	456546	456547	3	0.7253
chr1	456624	456625	5	0.76
chr1	456724	456725	4	0.653
chr1	456824	456825	5	0.8312
chr1	456924	456925	3	0.6907
chr1	457024	457025	7	0.7721
chr1	457102	457103	4	0.8449
chr1	457140	457141	4	0.6916
chr1	457190	457191	3	0.7107
chr1	457220	457221	4	0.7961
chr1	457251	457252	5	0.826
chr1	457266	457267	7	0.8075
chr1	457298	457299	5	0.6052
chr1	457323	457324	7	0.6474
chr1	457366	457367	5	0.65
chr1	457382	457383	6	0.6589
chr1	457409	457410	6	0.7355
chr1	457435	457436	4	0.6691
chr1	457452	457453	4	0.8487
chr1	457484	457485	4	0.885
chr1	457505	457506	5	0.7268
chr1	457547	457548	4	0.7812
chr1	457559	457560	4	0.8366
chr1	457609	457610	5	0.809
chr1	457709	457710	5	0.728
chr1	457809	457810	5	0.6858
chr1	457859	457860	4	0.8526
chr1	457959	457960	5	0.9164
chr1	458047	458048	4	0.7875
chr1	458087	458088	5	0.8458
chr1	458137	458138	6	0.9285
chr1	458173	458174	5	0.806
chr1	458205	458206	4	0.7724
chr1	458231	458232	4	0.8601
chr1	458258	458259	5	0.8254
chr1	458295	458296	5	0.7581
chr1	458311	458312	5	0.8113
chr1	458337	458338	5	0.8307
chr1	458363	458364	4	0.9444
chr1	458378	458379	3	0.901
chr1	458408	458409	6	0.8398
chr1	458458	458459	6	0.7568
chr1	458490	458491	4	0.7471
chr1	458524	458525	4	0.7273
chr1	458552	458553	3	0.8144
chr1	458594	458595	4	0.8704
chr1	458694	458695	3	0.8502
chr1	458794	458795	5	0.8917
chr1	458850	458851	5	0.9923
chr1	458950	458951	5	0.9491
chr1	459034	459035	4	0.757
chr1	459036	459037	5	1.0
chr1	459061	459062	5	0.6919
chr1	459111	459112	6	0.8452
chr1	459141	459142	5	0.8446
chr1	459184	459185	5	0.8636
chr1	459223	459224	4	0.8068
chr1	459252	459253	5	0.6951
chr1	459268	459269	4	0.7693
chr1	459318	459319	5	0.7583
chr1	459352	459353	5	0.8753
chr1	459392	459393	4	0.6282
chr1	459413	459414	5	0.8098
chr1	459446	459447	4	0.8455
chr1	459496	459497	4	0.7942
chr1	459546	459547	4	0.7746
chr1	459567	459568	4	0.8281
chr1	459613	459614	4	0.7195
chr1	459625	459626	6	0.8009
chr1	459725	459726	4	0.7077
chr1	459825	459826	4	0.8481
chr1	459913	459914	7	0.8958
chr1	460013	460014	5	0.9196
chr1	460113	460114	3	0.6226
chr1	460159	460160	7	0.823
chr1	460167	460168	4	0.7117
chr1	460195	460196	7	0.9356
chr1	460245	460246	5	0.8842
chr1	460295	460296	5	0.9931
chr1	460335	460336	4	0.7721
chr1	460353	460354	4	0.9503
chr1	460377	460378	3	0.9762
chr1	460424	460425	6	1.0
chr1	460455	460456	5	0.8397
chr1	460490	460491	4	0.7927
chr1	460505	460506	5	0.8187
chr1	460555	460556	4	0.9145
chr1	460572	460573	4	0.9413
chr1	460605	460606	4	0.9322
chr1	460655	460656	5	0.8203
chr1	460692	460693	4	0.9387
chr1	460723	460724	4	0.8279
chr1	460823	460824	4	0.9019
chr1	460923	460924	6	0.8347
chr1	461023	461024	4	0.8023
chr1	461123	461124	4	0.935
chr1	461223	461224	3	0.8432
chr1	461279	461280	3	1.0
chr1	461320	461321	5	0.6768
chr1	461370	461371	4	0.8005
chr1	461396	461397	4	0.6172
chr1	461446	461447	5	0.7332
chr1	461469	461470	5	0.8344
chr1	461494	461495	4	0.8695
chr1	461514	461515	4	0.7155
chr1	461538	461539	6	0.7926
chr1	461565	461566	5	0.8073
chr1	461611	461612	4	0.6329
chr1	461629	461630	4	0.6433
chr1	461648	461649	5	0.8787
chr1	461679	461680	4	0.5446
chr1	461714	461715	4	0.6393
chr1	461764	461765	5	0.6917
chr1	461798	461799	5	0.7292
chr1	461814	461815	7	0.7018
chr1	461832	461833	4	0.7222
chr1	461932	461933	4	0.6719
chr1	462032	462033	5	0.9281
chr1	462132	462133	4	0.9291
chr1	462232	462233	4	0.7557
chr1	462306	462307	3	0.7594
chr1	462334	462335	4	0.7827
chr1	462362	462363	3	0.6776
chr1	462368	462369	5	0.2753
chr1	462397	462398	5	0.2334
chr1	462412	462413	6	0.383
chr1	462452	462453	3	0.3982
chr1	462495	462496	4	0.3206
chr1	462521	462522	4	0.331
chr1	462559	462560	5	0.259
chr1	462582	462583	4	0.343
chr1	462613	462614	4	0.2483
chr1	462642	462643	6	0.3604
chr1	462672	462673	4	0.3046
chr1	462722	462723	4	0.4944
chr1	462759	462760	5	0.4591
chr1	462774	462775	6	0.3116
chr1	462818	462819	5	0.3672
chr1	462845	462846	6	0.4197
chr1	462945	462946	4	0.4501
chr1	463045	463046	4	0.4601
chr1	463145	463146	3	0.338
chr1	463230	463231	5	0.3992
chr1	463248	463249	4	0.0997
chr1	463368	463369	5	0.0869
chr1	463454	463455	4	0.1621
chr1	463510	463511	7	0.2914
chr1	463596	463597	4	0.1144
chr1	463646	463647	4	0.0953
chr1	463676	463677	5	0.114
chr1	463705	463706	5	0.5748
chr1	463749	463750	3	0.6981
chr1	463799	463800	6	0.6637
chr1	463831	463832	3	0.7619
chr1	463856	463857	5	0.6559
chr1	463898	463899	5	0.7044
chr1	463925	463926	5	0.7798
chr1	463949	463950	4	0.8091
chr1	463995	463996	5	0.6639
chr1	464027	464028	5	0.683
chr1	464046	464047	5	0.7881
chr1	464071	464072	4	0.7844
chr1	464117	464118	2	0.7747
chr1	464150	464151	4	0.8954
chr1	464200	464201	6	0.8379
chr1	464216	464217	6	0.6715
chr1	464266	464267	6	0.8007
chr1	464366	464367	5	0.5537
chr1	464466	464467	4	0.7803
chr1	464565	464566	4	0.8062
chr1	464646	464647	3	0.5801
chr1	464696	464697	4	0.709
chr1	464758	464759	5	0.553
chr1	464786	464787	3	0.7181
chr1	464832	464833	5	0.8122
chr1	464851	464852	5	0.8365
chr1	464895	464896	3	0.729
chr1	464910	464911	4	0.7938
chr1	464956	464957	4	0.7689
chr1	464991	464992	6	0.7012
chr1	465013	465014	3	0.5738
chr1	465034	465035	4	0.899
chr1	465056	465057	5	0.6115
chr1	465071	465072	4	0.7907
chr1	465096	465097	5	0.9402
chr1	465146	465147	4	0.8215
chr1	465168	465169	4	0.7888
chr1	465218	465219	4	0.8044
chr1	465261	465262	4	0.7185
chr1	465302	465303	4	0.8457
chr1	465323	465324	3	0.7202
chr1	465325	465326	6	0.6865
chr1	465409	465410	5	0.9535
chr1	465471	465472	5	0.7648
chr1	465571	465572	5	0.8395
chr1	465621	465622	4	0.8234
chr1	465716	465717	4	0.7436
chr1	465816	465817	5	0.8703
chr1	465894	465895	4	0.855
chr1	465904	465905	4	0.9785
chr1	465942	465943	5	0.8431
chr1	465980	465981	5	0.7792
chr1	466016	466017	3	0.6184
chr1	466042	466043	5	0.6208
chr1	466092	466093	5	0.6564
chr1	466124	466125	4	0.6404
chr1	466146	466147	4	0.6633
chr1	466171	466172	4	0.7586
chr1	466195	466196	5	0.9295
chr1	466218	466219	6	0.6818
chr1	466242	466243	7	0.6794
chr1	466261	466262	5	0.6674
chr1	466311	466312	4	0.5782
chr1	466353	466354	5	0.5863
chr1	466381	466382	4	0.7426
chr1	466411	466412	6	0.6978
chr1	466441	466442	3	0.8512
chr1	466491	466492	5	0.5644
chr1	466591	466592	4	0.6589
chr1	466641	466642	5	0.6373
chr1	466741	466742	5	0.7977
chr1	466841	466842	4	0.7683
chr1	466875	466876	6	0.6928
chr1	466941	466942	6	0.8146
chr1	466991	466992	4	0.7677
chr1	467034	467035	7	0.9821
chr1	467079	467080	6	0.7686
chr1	467102	467103	6	0.8297
chr1	467147	467148	4	0.86
chr1	467197	467198	4	0.8117
chr1	467213	467214	6	0.7908
chr1	467255	467256	4	0.7339
chr1	467298	467299	4	0.8047
chr1	467328	467329	5	0.6286
chr1	467378	467379	5	0.7003
chr1	467428	467429	4	0.7823
chr1	467453	467454	2	0.7465
chr1	467481	467482	6	0.9304
chr1	467496	467497	5	0.8932
chr1	467525	467526	4	0.7571
chr1	467596	467597	3	0.8211
chr1	467696	467697	5	0.8706
chr1	467796	467797	7	0.6349
chr1	467876	467877	5	0.8274
chr1	467938	467939	5	0.6772
chr1	468038	468039	6	0.8462
chr1	468040	468041	4	0.8488
chr1	468092	468093	6	0.8596
chr1	468097	468098	5	0.4533
chr1	468144	468145	5	0.2948
chr1	468160	468161	4	0.3369
chr1	468176	468177	5	0.5218
chr1	468198	468199	3	0.3599
chr1	468225	468226	3	0.2673
chr1	468241	468242	6	0.3414
chr1	468274	468275	4	0.3084
chr1	468313	468314	4	0.4386
chr1	468353	468354	3	0.3482
chr1	468391	468392	6	0.3533
chr1	468418	468419	6	0.4396
chr1	468444	468445	4	0.5564
chr1	468478	468479	4	0.286
chr1	468493	468494	3	0.4175
chr1	468521	468522	5	0.4681
chr1	468564	468565	3	0.369
chr1	468583	468584	4	0.2922
chr1	468635	468636	6	0.3988
chr1	468712	468713	5	0.3645
chr1	468812	468813	4	0.5227
chr1	468872	468873	5	0.4448
chr1	468922	468923	6	0.4463
chr1	469022	469023	4	0.5295
chr1	469054	469055	4	0.1908
chr1	469128	469129	5	0.0276
chr1	469146	469147	4	0.1129
chr1	469222	469223	4	0.1876
chr1	469236	469237	6	0.1992
chr1	469462	469463	6	0.0786
chr1	469470	469471	4	0.7275
chr1	469520	469521	3	0.5538
chr1	469557	469558	4	0.5838
chr1	469577	469578	5	0.4751
chr1	469604	469605	6	0.5921
chr1	469619	469620	5	0.5176
chr1	469653	469654	5	0.384
chr1	469672	469673	4	0.636
chr1	469687	469688	4	0.5996
chr1	469721	469722	4	0.5411
chr1	469771	469772	4	0.564
chr1	469789	469790	3	0.5973
chr1	469829	469830	4	0.6791
chr1	469852	469853	4	0.5564
chr1	469897	469898	5	0.5543
chr1	469923	469924	4	0.5313
chr1	470023	470024	5	0.592
chr1	470073	470074	4	0.5485
chr1	470173	470174	4	0.3723
chr1	470233	470234	3	0.585
chr1	470283	470284	5	0.4684
chr1	470293	470294	5	0.7732
chr1	470315	470316	4	0.8058
chr1	470321	470322	6	0.655
chr1	470369	470370	5	0.7347
chr1	470489	470490	4	0.8617
chr1	470563	470564	4	0.5166
chr1	470713	470714	4	0.7116
chr1	470723	470724	6	0.088
chr1	470750	470751	4	0.1021
chr1	470777	470778	4	0.0994
chr1	470827	470828	5	0.0288
chr1	470872	470873	5	0.1838
chr1	470902	470903	4	0.0902
chr1	470950	470951	7	0.3412
chr1	470965	470966	5	0.1739
chr1	470980	470981	5	0.0054
chr1	471030	471031	5	0.1993
chr1	471055	471056	4	0.1403
chr1	471076	471077	4	0.0864
chr1	471103	471104	4	0.1522
chr1	471122	471123	6	0.0392
chr1	471143	471144	5	0.1045
chr1	471193	471194	4	0.2824
chr1	471233	471234	4	0.0051
chr1	471283	471284	6	0.137
chr1	471298	471299	5	0.1692
chr1	471303	471304	4	0.0539
chr1	471403	471404	3	0.06
chr1	471489	471490	6	0.0
chr1	471589	471590	4	0.0353
chr1	471639	471640	3	0.1326
chr1	471706	471707	5	0.075
chr1	471800	471801	4	0.0592
chr1	471816	471817	4	0.1385
chr1	471847	471848	5	0.7709
chr1	471897	471898	5	0.7975
chr1	471918	471919	5	0.7265
chr1	471968	471969	4	0.5955
chr1	472018	472019	5	0.5925
chr1	472047	472048	3	0.5504
chr1	472068	472069	4	0.4963
chr1	472086	472087	4	0.4626
chr1	472126	472127	6	0.469
chr1	472167	472168	3	0.6062
chr1	472217	472218	4	0.6976
chr1	472248	472249	5	0.6142
chr1	472271	472272	4	0.5951
chr1	472286	472287	3	0.5859
chr1	472386	472387	5	0.6335
chr1	472471	472472	5	0.6879
chr1	472571	472572	5	0.7282
chr1	472622	472623	3	0.7248
chr1	472672	472673	4	0.7782
chr1	472740	472741	4	0.7537
chr1	472768	472769	5	0.671
chr1	472802	472803	3	0.1684
chr1	472852	472853	6	0.066
chr1	472897	472898	4	0.0951
chr1	472932	472933	2	0.0879
chr1	472947	472948	5	0.309
chr1	472976	472977	6	0.4197
chr1	473026	473027	6	0.3566
chr1	473073	473074	5	0.2708
chr1	473123	473124	5	0.1636
chr1	473154	473155	3	0.1395
chr1	473178	473179	4	0.2399
chr1	473228	473229	5	0.2787
chr1	473257	473258	5	0.071
chr1	473306	473307	5	0.1584
chr1	473346	473347	4	0.2809
chr1	473407	473408	2	0.2915
chr1	473474	473475	5	0.0416
chr1	473526	473527	5	0.1254
chr1	473576	473577	3	0.2342
chr1	473637	473638	4	0.0457
chr1	473713	473714	4	0.1222
chr1	473813	473814	5	0.153
chr1	473859	473860	5	0.2094
chr1	473879	473880	3	0.0103
chr1	473891	473892	6	0.2525
chr1	473928	473929	6	0.2451
chr1	473948	473949	5	0.2862
chr1	473987	473988	6	0.2893
chr1	474037	474038	4	0.3053
chr1	474057	474058	6	0.3305
chr1	474107	474108	7	0.2606
chr1	474131	474132	5	0.2321
chr1	474181	474182	5	0.0847
chr1	474231	474232	5	0.2391
chr1	474258	474259	5	0.3079
chr1	474298	474299	4	0.1282
chr1	474322	474323	5	0.2264
chr1	474355	474356	4	0.0979
chr1	474371	474372	4	0.2242
chr1	474421	474422	4	0.1659
chr1	474454	474455	4	0.0829
chr1	474504	474505	6	0.1526
chr1	474602	474603	4	0.2345
chr1	474652	474653	7	0.2458
chr1	474752	474753	3	0.1257
chr1	474852	474853	5	0.1881
chr1	474902	474903	5	0.2429
chr1	475002	475003	5	0.2204
chr1	475068	475069	4	0.2938
chr1	475084	475085	5	0.066
chr1	475093	475094	2	0.3961
chr1	475118	475119	3	0.167
chr1	475168	475169	4	0.237
chr1	475198	475199	5	0.3241
chr1	475225	475226	5	0.3884
chr1	475263	475264	6	0.3367
chr1	475282	475283	4	0.4109
chr1	475303	475304	4	0.46
chr1	475327	475328	7	0.412
chr1	475361	475362	6	0.406
chr1	475411	475412	6	0.3773
chr1	475459	475460	3	0.2977
chr1	475509	475510	4	0.2668
chr1	475524	475525	4	0.4869
chr1	475552	475553	5	0.4533
chr1	475567	475568	6	0.3694
chr1	475583	475584	5	0.4235
chr1	475673	475674	4	0.3993
chr1	475723	475724	4	0.2564
chr1	475773	475774	4	0.3088
chr1	475873	475874	6	0.4078
chr1	475965	475966	4	0.3194
chr1	476059	476060	4	0.3669
chr1	476097	476098	5	0.1209
chr1	476147	476148	5	0.0646
chr1	476185	476186	5	0.1871
chr1	476239	476240	4	0.1885
chr1	476253	476254	5	0.2589
chr1	476259	476260	6	0.216
chr1	476317	476318	5	0.0971
chr1	476515	476516	5	0.0845
chr1	476549	476550	2	0.131
chr1	476595	476596	4	0.3426
chr1	476645	476646	4	0.3552
chr1	476670	476671	6	0.4225
chr1	476720	476721	4	0.3823
chr1	476768	476769	4	0.514
chr1	476815	476816	4	0.5
chr1	476860	476861	4	0.3013
chr1	476910	476911	5	0.4301
chr1	476960	476961	4	0.2892
chr1	476980	476981	5	0.4631
chr1	476995	476996	4	0.2949
chr1	477036	477037	4	0.3881
chr1	477054	477055	5	0.4239
chr1	477068	477069	5	0.4758
chr1	477168	477169	5	0.318
chr1	477268	477269	6	0.2616
chr1	477368	477369	3	0.3869
chr1	477468	477469	3	0.5375
chr1	477519	477520	5	0.4011
chr1	477541	477542	2	0.0377
chr1	477571	477572	2	0.545
chr1	477611	477612	6	0.4745
chr1	477629	477630	3	0.5457
chr1	477673	477674	5	0.5323
chr1	477705	477706	3	0.4541
chr1	477741	477742	3	0.6502
chr1	477756	477757	4	0.6418
chr1	477771	477772	5	0.5564
chr1	477798	477799	3	0.4857
chr1	477836	477837	5	0.4877
chr1	477857	477858	5	0.6637
chr1	477872	477873	5	0.7298
chr1	477887	477888	5	0.7429
chr1	477903	477904	4	0.5386
chr1	477953	477954	4	0.601
chr1	477973	477974	5	0.5523
chr1	478004	478005	2	0.5457
chr1	478019	478020	5	0.5042
chr1	478038	478039	5	0.5823
chr1	478088	478089	5	0.4985
chr1	478109	478110	4	0.6277
chr1	478124	478125	5	0.4427
chr1	478153	478154	3	0.4989
chr1	478205	478206	4	0.5075
chr1	478255	478256	3	0.5448
chr1	478355	478356	3	0.639
chr1	478415	478416	5	0.4514
chr1	478515	478516	4	0.3168
chr1	478610	478611	5	0.499
chr1	478690	478691	4	0.5103
chr1	478722	478723	4	0.5434
chr1	478748	478749	5	0.076
chr1	478770	478771	6	0.12
chr1	478800	478801	5	0.1585
chr1	478831	478832	5	0.0486
chr1	478846	478847	4	0.0761
chr1	478871	478872	5	0.1336
chr1	478913	478914	2	0.1294
chr1	478963	478964	5	0.0674
chr1	478993	478994	5	0.163
chr1	479024	479025	6	0.2616
chr1	479063	479064	3	0.1445
chr1	479078	479079	5	0.2441
chr1	479125	479126	4	0.1236
chr1	479150	479151	3	0.0315
chr1	479174	479175	4	0.063
chr1	479194	479195	3	0.1436
chr1	479223	479224	6	0.0663
chr1	479245	479246	4	0.1322
chr1	479286	479287	4	0.0507
chr1	479330	479331	3	0.2036
chr1	479345	479346	5	0.1993
chr1	479372	479373	3	0.1978
chr1	479448	479449	6	0.2086
chr1	479548	479549	4	0.0617
chr1	479598	479599	5	0.1922
chr1	479698	479699	4	0.1084
chr1	479765	479766	4	0.0475
chr1	479865	479866	5	0.0395
chr1	479965	479966	6	0.0967
chr1	479977	479978	5	0.1304
chr1	480055	480056	5	0.0832
chr1	480072	480073	5	0.6784
chr1	480094	480095	6	0.5217
chr1	480125	480126	3	0.9278
chr1	480150	480151	5	0.7297
chr1	480198	480199	4	0.8436
chr1	480213	480214	5	0.5735
chr1	480233	480234	5	0.5963
chr1	480258	480259	5	0.6271
chr1	480281	480282	4	0.8657
chr1	480328	480329	5	0.8279
chr1	480347	480348	5	0.5669
chr1	480383	480384	3	0.6931
chr1	480428	480429	5	0.7114
chr1	480478	480479	6	1.0
chr1	480521	480522	5	0.8128
chr1	480568	480569	6	0.8819
chr1	480590	480591	6	0.599
chr1	480607	480608	5	0.686
chr1	480707	480708	6	0.9888
chr1	480782	480783	4	0.6511
chr1	480882	480883	5	0.5541
chr1	480982	480983	4	0.7012
chr1	481082	481083	3	0.9659
chr1	481152	481153	3	0.8959
chr1	481218	481219	6	0.4829
chr1	481242	481243	4	0.8285
chr1	481273	481274	4	0.8152
chr1	481290	481291	5	0.8903
chr1	481305	481306	5	0.9452
chr1	481335	481336	7	0.6198
chr1	481380	481381	5	0.852
chr1	481417	481418	4	0.6038
chr1	481453	481454	5	0.8065
chr1	481499	481500	7	0.8339
chr1	481514	481515	5	0.8479
chr1	481564	481565	3	0.8541
chr1	481601	481602	7	0.6103
chr1	481624	481625	4	0.8529
chr1	481651	481652	5	0.879
chr1	481676	481677	4	0.832
chr1	481699	481700	3	0.8118
chr1	481732	481733	6	0.8732
chr1	481832	481833	6	0.8859
chr1	481905	481906	6	0.7688
chr1	482005	482006	6	0.9688
chr1	482105	482106	5	0.8176
chr1	482205	482206	4	0.8512
chr1	482279	482280	4	0.8641
chr1	482314	482315	4	0.8378
chr1	482333	482334	3	0.8769
chr1	482348	482349	2	0.8319
chr1	482363	482364	5	0.8127
chr1	482390	482391	6	0.8912
chr1	482405	482406	4	0.7613
chr1	482449	482450	4	0.8443
chr1	482465	482466	5	0.8463
chr1	482493	482494	5	0.8112
chr1	482511	482512	5	0.8489
chr1	482526	482527	5	1.0
chr1	482541	482542	4	0.9107
chr1	482575	482576	3	0.8752
chr1	482596	482597	4	0.7267
chr1	482646	482647	5	0.8024
chr1	482674	482675	4	0.9201
chr1	482701	482702	5	0.9838
chr1	482722	482723	6	0.7539
chr1	482772	482773	5	0.8814
chr1	482787	482788	5	0.8956
chr1	482810	482811	4	0.92
chr1	482836	482837	6	0.9006
chr1	482856	482857	4	0.7627
chr1	482878	482879	2	0.8508
chr1	482907	482908	6	0.9936
chr1	482944	482945	3	0.8435
chr1	483044	483045	3	0.9447
chr1	483144	483145	3	0.7757
chr1	483244	483245	5	0.9486
chr1	483301	483302	6	0.8881
chr1	483401	483402	3	0.8241
chr1	483498	483499	5	0.7885
chr1	483548	483549	4	0.8899
chr1	483612	483613	4	0.9604
chr1	483646	483647	4	0.7563
chr1	483669	483670	5	0.6089
chr1	483719	483720	5	0.6683
chr1	483734	483735	3	0.7822
chr1	483749	483750	3	0.7181
chr1	483795	483796	5	0.5915
chr1	483830	483831	5	0.7528
chr1	483855	483856	7	0.6215
chr1	483884	483885	3	0.7211
chr1	483920	483921	3	0.7232
chr1	483957	483958	4	0.6252
chr1	484003	484004	4	0.6775
chr1	484027	484028	6	0.6665
chr1	484044	484045	3	0.7772
chr1	484094	484095	6	0.7621
chr1	484137	484138	2	0.596
chr1	484156	484157	4	0.5223
chr1	484203	484204	3	0.8073
chr1	484212	484213	3	0.7056
chr1	484262	484263	6	0.5176
chr1	484319	484320	4	0.9042
chr1	484369	484370	6	0.6211
chr1	484462	484463	4	0.6673
chr1	484562	484563	4	0.6948
chr1	484662	484663	5	0.7436
chr1	484702	484703	5	0.7915
chr1	484722	484723	5	0.6191
chr1	484767	484768	4	0.6653
chr1	484782	484783	5	0.849
chr1	484832	484833	5	0.6725
chr1	484867	484868	5	0.6666
chr1	484886	484887	5	0.8166
chr1	484917	484918	4	0.8034
chr1	484942	484943	3	0.5974
chr1	484982	484983	5	0.6731
chr1	485032	485033	3	0.649
chr1	485048	485049	4	0.5978
chr1	485089	485090	6	0.7113
chr1	485121	485122	5	0.614
chr1	485159	485160	5	0.7076
chr1	485192	485193	5	0.6127
chr1	485207	485208	5	0.7157
chr1	485226	485227	4	0.7295
chr1	485232	485233	5	0.8444
chr1	485318	485319	4	0.7737
chr1	485402	485403	3	0.6333
chr1	485502	485503	5	0.7494
chr1	485554	485555	5	0.7237
chr1	485654	485655	5	0.8134
chr1	485718	485719	4	0.8978
chr1	485727	485728	4	0.3227
chr1	485755	485756	5	0.2697
chr1	485781	485782	7	0.391
chr1	485796	485797	5	0.2446
chr1	485820	485821	5	0.2832
chr1	485853	485854	5	0.4364
chr1	485889	485890	4	0.2973
chr1	485911	485912	4	0.4454
chr1	485935	485936	5	0.3331
chr1	485951	485952	4	0.1051
chr1	485977	485978	6	0.3656
chr1	485992	485993	5	0.3992
chr1	486042	486043	6	0.4274
chr1	486069	486070	5	0.3355
chr1	486099	486100	3	0.4449
chr1	486116	486117	4	0.4618
chr1	486142	486143	4	0.1943
chr1	486167	486168	4	0.3411
chr1	486194	486195	6	0.5087
chr1	486208	486209	4	0.1467
chr1	486264	486265	5	0.4217
chr1	486314	486315	4	0.2236
chr1	486364	486365	7	0.329
chr1	486414	486415	3	0.3098
chr1	486505	486506	5	0.3636
chr1	486555	486556	4	0.2873
chr1	486655	486656	5	0.3584
chr1	486673	486674	6	0.5951
chr1	486773	486774	5	0.6485
chr1	486781	486782	4	0.586
chr1	486907	486908	5	0.547
chr1	487043	487044	4	0.4684
chr1	487048	487049	2	0.5699
chr1	487070	487071	4	0.4971
chr1	487094	487095	5	0.746
chr1	487144	487145	3	0.8142
chr1	487166	487167	4	0.4631
chr1	487205	487206	7	0.711
chr1	487232	487233	3	0.5792
chr1	487282	487283	5	0.6856
chr1	487301	487302	3	0.634
chr1	487319	487320	5	0.5595
chr1	487365	487366	6	0.578
chr1	487415	487416	4	0.5571
chr1	487434	487435	6	0.601
chr1	487470	487471	5	0.6634
chr1	487498	487499	4	0.606
chr1	487513	487514	3	0.6472
chr1	487532	487533	3	0.4511
chr1	487546	487547	6	0.6529
chr1	487596	487597	3	0.5509
chr1	487696	487697	4	0.6246
chr1	487796	487797	5	0.5365
chr1	487896	487897	3	0.4924
chr1	487946	487947	5	0.7156
chr1	488060	488061	3	0.6699
chr1	488064	488065	7	0.8005
chr1	488168	488169	5	0.8103
chr1	488194	488195	6	0.8796
chr1	488244	488245	4	0.8128
chr1	488304	488305	4	0.7579
chr1	488326	488327	2	1.0
chr1	488406	488407	3	0.8397
chr1	488434	488435	4	0.7807
chr1	488464	488465	5	0.7552
chr1	488500	488501	6	0.8808
chr1	488525	488526	4	0.7253
chr1	488555	488556	3	0.8311
chr1	488585	488586	4	0.7573
chr1	488613	488614	4	0.7101
chr1	488663	488664	5	0.9171
chr1	488686	488687	3	0.6744
chr1	488713	488714	4	0.6947
chr1	488754	488755	3	0.7516
chr1	488781	488782	2	0.9084
chr1	488796	488797	5	0.727
chr1	488825	488826	4	0.8798
chr1	488853	488854	3	0.9131
chr1	488903	488904	4	0.6317
chr1	488923	488924	5	0.7201
chr1	488938	488939	4	0.6801
chr1	488984	488985	5	0.7281
chr1	489084	489085	3	0.6861
chr1	489134	489135	4	0.7637
chr1	489234	489235	4	0.9687
chr1	489334	489335	4	0.7093
chr1	489392	489393	2	0.8482
chr1	489492	489493	5	0.8008
chr1	489522	489523	4	0.9077
chr1	489561	489562	6	0.7284
chr1	489583	489584	4	0.6257
chr1	489606	489607	5	0.6865
chr1	489656	489657	5	0.5909
chr1	489677	489678	5	0.645
chr1	489699	489700	4	0.4619
chr1	489717	489718	3	0.4524
chr1	489732	489733	4	0.6207
chr1	489768	489769	4	0.3964
chr1	489796	489797	3	0.5873
chr1	489846	489847	3	0.5477
chr1	489861	489862	6	0.6184
chr1	489894	489895	4	0.6787
chr1	489923	489924	5	0.6184
chr1	489955	489956	6	0.7407
chr1	489985	489986	5	0.5971
chr1	490019	490020	4	0.6164
chr1	490034	490035	6	0.5322
chr1	490049	490050	4	0.5623
chr1	490072	490073	2	0.5977
chr1	490106	490107	5	0.4412
chr1	490122	490123	4	0.6242
chr1	490141	490142	4	0.5645
chr1	490225	490226	4	0.6533
chr1	490325	490326	6	0.5677
chr1	490425	490426	4	0.6604
chr1	490525	490526	4	0.6513
chr1	490625	490626	5	0.5607
chr1	490685	490686	4	0.5409
chr1	490711	490712	5	0.7628
chr1	490746	490747	4	0.8079
chr1	490796	490797	5	0.8396
chr1	490824	490825	4	0.7085
chr1	490874	490875	5	0.8146
chr1	490911	490912	3	0.883
chr1	490958	490959	3	0.6924
chr1	490973	490974	3	0.7897
chr1	491001	491002	6	0.6512
chr1	491026	491027	4	0.916
chr1	491041	491042	5	0.9359
chr1	491090	491091	5	0.6532
chr1	491105	491106	5	0.6333
chr1	491131	491132	5	0.7061
chr1	491169	491170	5	0.8508
chr1	491200	491201	7	0.6797
chr1	491239	491240	4	0.5696
chr1	491259	491260	5	0.7869
chr1	491289	491290	5	0.7711
chr1	491297	491298	5	0.6955
chr1	491376	491377	4	0.731
chr1	491460	491461	5	0.7422
chr1	491533	491534	5	0.7503
chr1	491609	491610	6	0.6251
chr1	491686	491687	5	0.7358
chr1	491786	491787	4	0.8256
chr1	491822	491823	4	0.655
chr1	491872	491873	4	0.9426
chr1	491881	491882	2	0.2557
chr1	491908	491909	5	0.227
chr1	491928	491929	6	0.2703
chr1	491963	491964	4	0.1381
chr1	491993	491994	3	0.1485
chr1	492030	492031	6	0.1089
chr1	492052	492053	5	0.158
chr1	492069	492070	4	0.205
chr1	492084	492085	5	0.0937
chr1	492099	492100	4	0.2711
chr1	492127	492128	4	0.1918
chr1	492155	492156	5	0.1201
chr1	492180	492181	5	0.238
chr1	492215	492216	3	0.3425
chr1	492238	492239	5	0.2917
chr1	492288	492289	5	0.3353
chr1	492312	492313	5	0.4656
chr1	492362	492363	4	0.3753
chr1	492391	492392	5	0.4577
chr1	492491	492492	4	0.2506
chr1	492591	492592	3	0.4296
chr1	492679	492680	4	0.2736
chr1	492766	492767	4	0.3348
chr1	492825	492826	5	0.1783
chr1	492875	492876	5	0.2179
chr1	492891	492892	5	0.0
chr1	492971	492972	6	0.0712
chr1	493067	493068	5	0.1584
chr1	493321	493322	6	0.3628
chr1	493367	493368	3	0.0073
chr1	493375	493376	4	0.219
chr1	493396	493397	5	0.8182
chr1	493423	493424	5	0.63
chr1	493466	493467	5	0.9267
chr1	493481	493482	5	0.7445
chr1	493497	493498	4	0.7018
chr1	493520	493521	3	0.8262
chr1	493557	493558	4	0.8409
chr1	493586	493587	5	0.5874
chr1	493636	493637	6	0.7199
chr1	493670	493671	6	0.6518
chr1	493706	493707	4	0.6222
chr1	493745	493746	4	0.5934
chr1	493760	493761	5	0.4979
chr1	493803	493804	5	0.8104
chr1	493851	493852	7	0.839
chr1	493882	493883	5	0.7183
chr1	493943	493944	4	0.7235
chr1	493993	493994	4	0.6637
chr1	494093	494094	4	0.8423
chr1	494161	494162	3	0.8309
chr1	494211	494212	6	0.6251
chr1	494311	494312	3	0.546
chr1	494341	494342	3	0.8491
chr1	494377	494378	5	0.7151
chr1	494386	494387	3	0.3913
chr1	494407	494408	5	0.5981
chr1	494444	494445	4	0.3939
chr1	494467	494468	2	0.4995
chr1	494517	494518	7	0.5865
chr1	494547	494548	4	0.5761
chr1	494585	494586	4	0.6422
chr1	494635	494636	5	0.536
chr1	494668	494669	4	0.5628
chr1	494683	494684	5	0.5249
chr1	494733	494734	5	0.3963
chr1	494762	494763	5	0.658
chr1	494777	494778	6	0.5393
chr1	494801	494802	5	0.5191
chr1	494821	494822	4	0.6224
chr1	494871	494872	4	0.5292
chr1	494879	494880	4	0.5797
chr1	494952	494953	5	0.508
chr1	495048	495049	5	0.5311
chr1	495137	495138	4	0.3612
chr1	495237	495238	5	0.5756
chr1	495287	495288	5	0.5452
chr1	495327	495328	4	0.1763
chr1	495363	495364	5	0.0377
chr1	495385	495386	6	0.1103
chr1	495597	495598	5	0.3017
chr1	495637	495638	4	0.1218
chr1	495651	495652	4	0.0803
chr1	495683	495684	5	0.2361
chr1	495723	495724	6	0.3647
chr1	495760	495761	5	0.1465
chr1	495810	495811	4	0.0542
chr1	495860	495861	4	0.0013
chr1	495878	495879	6	0.22
chr1	495928	495929	5	0.2263
chr1	495966	495967	5	0.3065
chr1	495981	495982	3	0.1427
chr1	496031	496032	6	0.0571
chr1	496048	496049	5	0.0308
chr1	496077	496078	4	0.213
chr1	496100	496101	6	0.0
chr1	496139	496140	5	0.2455
chr1	496181	496182	3	0.3184
chr1	496207	496208	5	0.2906
chr1	496222	496223	5	0.0314
chr1	496322	496323	4	0.0393
chr1	496422	496423	3	0.1802
chr1	496473	496474	4	0.2354
chr1	496563	496564	3	0.3205
chr1	496613	496614	5	0.0391
chr1	496713	496714	5	0.0761
chr1	496751	496752	5	0.0115
chr1	496765	496766	3	0.8925
chr1	496791	496792	4	0.806
chr1	496808	496809	6	0.8858
chr1	496830	496831	5	0.8023
chr1	496873	496874	3	0.7345
chr1	496909	496910	5	0.922
chr1	496937	496938	4	0.8522
chr1	496957	496958	4	0.7679
chr1	496986	496987	5	0.7195
chr1	497011	497012	5	0.7163
chr1	497061	497062	3	0.7815
chr1	497092	497093	4	0.8727
chr1	497107	497108	4	0.9006
chr1	497132	497133	8	0.852
chr1	497169	497170	6	0.7341
chr1	497211	497212	3	0.8517
chr1	497246	497247	5	0.9702
chr1	497290	497291	3	0.7311
chr1	497305	497306	5	0.7654
chr1	497311	497312	3	0.8352
chr1	497384	497385	2	0.6629
chr1	497462	497463	5	0.5589
chr1	497534	497535	5	0.8429
chr1	497630	497631	4	0.7964
chr1	497717	497718	4	0.8527
chr1	497812	497813	5	0.7167
chr1	497820	497821	1	0.946
chr1	497834	497835	4	0.6553
chr1	497841	497842	5	0.5868
chr1	497861	497862	2	0.7343
chr1	497876	497877	3	0.516
chr1	497895	497896	5	0.5153
chr1	497910	497911	4	0.4723
chr1	497960	497961	4	0.6003
chr1	497981	497982	5	0.4633
chr1	498031	498032	3	0.6405
chr1	498069	498070	6	0.4336
chr1	498093	498094	5	0.4969
chr1	498134	498135	6	0.5504
chr1	498158	498159	5	0.5484
chr1	498198	498199	4	0.4773
chr1	498221	498222	4	0.5341
chr1	498244	498245	4	0.6949
chr1	498268	498269	4	0.5942
chr1	498294	498295	5	0.513
chr1	498338	498339	5	0.5839
chr1	498381	498382	5	0.5415
chr1	498440	498441	5	0.5631
chr1	498540	498541	3	0.6001
chr1	498640	498641	5	0.4001
chr1	498739	498740	6	0.6286
chr1	498808	498809	8	0.5726
chr1	498907	498908	4	0.4461
chr1	498913	498914	5	1.0
chr1	498963	498964	5	0.8822
chr1	498991	498992	4	0.6828
chr1	499145	499146	5	0.9901
chr1	499185	499186	4	0.8561
chr1	499307	499308	4	0.8648
chr1	499345	499346	4	0.7941
chr1	499363	499364	5	0.8318
chr1	499373	499374	5	0.7279
chr1	499391	499392	3	0.6998
chr1	499413	499414	4	0.6008
chr1	499440	499441	2	0.5093
chr1	499476	499477	3	0.6799
chr1	499491	499492	5	0.5791
chr1	499536	499537	6	0.4624
chr1	499556	499557	5	0.6648
chr1	499600	499601	3	0.5416
chr1	499642	499643	5	0.6218
chr1	499658	499659	4	0.6547
chr1	499684	499685	3	0.6067
chr1	499707	499708	5	0.5935
chr1	499732	499733	4	0.4301
chr1	499779	499780	4	0.5137
chr1	499829	499830	7	0.4038
chr1	499843	499844	6	0.6066
chr1	499907	499908	6	0.6206
chr1	500007	500008	6	0.4608
chr1	500107	500108	6	0.4355
chr1	500157	500158	5	0.4473
chr1	500257	500258	7	0.4208
chr1	500293	500294	2	0.8459
chr1	500455	500456	5	0.8496
chr1	500541	500542	5	0.6334
chr1	500723	500724	5	0.6128
chr1	500731	500732	5	0.7883
chr1	500766	500767	5	0.729
chr1	500784	500785	4	0.7381
chr1	500831	500832	4	0.8104
chr1	500846	500847	5	0.7714
chr1	500896	500897	5	0.7988
chr1	500946	500947	6	0.759
chr1	500961	500962	5	0.8457
chr1	500979	500980	3	0.72
chr1	501028	501029	2	0.9246
chr1	501055	501056	5	0.7286
chr1	501070	501071	5	0.8776
chr1	501097	501098	5	0.8812
chr1	501126	501127	4	0.7793
chr1	501163	501164	3	0.7615
chr1	501192	501193	5	0.7707
chr1	501224	501225	4	0.4541
chr1	501274	501275	4	0.7386
chr1	501281	501282	4	0.7307
chr1	501363	501364	5	0.7215
chr1	501413	501414	4	0.6342
chr1	501513	501514	4	0.7458
chr1	501591	501592	6	0.7493
chr1	501691	501692	2	0.7436
chr1	501791	501792	2	0.7066
chr1	501819	501820	4	0.8114
chr1	501825	501826	4	0.8875
chr1	501833	501834	2	0.6481
chr1	501870	501871	2	0.447
chr1	501898	501899	5	0.7168
chr1	501927	501928	6	0.5169
chr1	501962	501963	5	0.6872
chr1	502012	502013	4	0.5592
chr1	502037	502038	4	0.6248
chr1	502087	502088	4	0.6572
chr1	502137	502138	5	0.6284
chr1	502187	502188	3	0.5355
chr1	502237	502238	3	0.7612
chr1	502287	502288	4	0.6134
chr1	502302	502303	6	0.6411
chr1	502319	502320	4	0.4792
chr1	502342	502343	3	0.6575
chr1	502380	502381	5	0.8074
chr1	502402	502403	6	0.6269
chr1	502440	502441	5	0.6008
chr1	502445	502446	5	0.4709
chr1	502525	502526	4	0.4522
chr1	502604	502605	5	0.5768
chr1	502704	502705	4	0.5869
chr1	502804	502805	5	0.548
chr1	502870	502871	5	0.5925
chr1	502932	502933	4	0.6384
chr1	503019	503020	5	0.5603
chr1	503241	503242	3	0.8902
chr1	503315	503316	5	0.937
chr1	503379	503380	4	0.9125
chr1	503403	503404	5	0.8613
chr1	503473	503474	4	0.7929
chr1	503503	503504	6	0.8977
chr1	503509	503510	5	0.5107
chr1	503539	503540	7	0.3704
chr1	503589	503590	2	0.4522
chr1	503619	503620	5	0.3826
chr1	503652	503653	5	0.4187
chr1	503667	503668	3	0.4555
chr1	503717	503718	7	0.5536
chr1	503765	503766	4	0.5468
chr1	503815	503816	5	0.2804
chr1	503849	503850	5	0.2524
chr1	503881	503882	6	0.4385
chr1	503929	503930	3	0.4618
chr1	503962	503963	5	0.4413
chr1	504012	504013	5	0.4668
chr1	504045	504046	4	0.6094
chr1	504097	504098	5	0.2512
chr1	504197	504198	5	0.3391
chr1	504297	504298	6	0.2403
chr1	504397	504398	6	0.4853
chr1	504497	504498	4	0.4783
chr1	504531	504532	4	0.8296
chr1	504543	504544	5	0.7591
chr1	504577	504578	5	0.6371
chr1	504695	504696	4	0.8083
chr1	504723	504724	3	0.7374
chr1	504957	504958	5	0.741
chr1	504963	504964	4	0.6365
chr1	504989	504990	5	0.4529
chr1	505033	505034	4	0.6061
chr1	505057	505058	4	0.5889
chr1	505073	505074	3	0.6366
chr1	505111	505112	3	0.6661
chr1	505137	505138	6	0.6705
chr1	505161	505162	4	0.702
chr1	505190	505191	6	0.5697
chr1	505227	505228	4	0.6817
chr1	505261	505262	4	0.5611
chr1	505276	505277	6	0.4224
chr1	505326	505327	4	0.497
chr1	505344	505345	5	0.7132
chr1	505363	505364	4	0.5838
chr1	505401	505402	4	0.7428
chr1	505425	505426	5	0.5039
chr1	505464	505465	3	0.5766
chr1	505482	505483	5	0.5325
chr1	505488	505489	3	0.4818
chr1	505588	505589	5	0.5705
chr1	505688	505689	3	0.6128
chr1	505788	505789	4	0.6481
chr1	505849	505850	6	0.558
chr1	505949	505950	5	0.6605
chr1	505973	505974	4	0.9268
chr1	506035	506036	5	0.964
chr1	506113	506114	4	0.7308
chr1	506117	506118	6	0.9053
chr1	506151	506152	5	0.8109
chr1	506327	506328	6	0.6144
chr1	506383	506384	6	0.8018
chr1	506419	506420	4	0.1421
chr1	506439	506440	4	0.1323
chr1	506470	506471	4	0.0652
chr1	506485	506486	4	0.2763
chr1	506511	506512	4	0.2813
chr1	506526	506527	4	0.4798
chr1	506546	506547	2	0.1637
chr1	506572	506573	6	0.18
chr1	506597	506598	5	0.1199
chr1	506623	506624	6	0.1932
chr1	506648	506649	4	0.2301
chr1	506669	506670	4	0.3401
chr1	506715	506716	5	0.3231
chr1	506765	506766	4	0.2049
chr1	506792	506793	5	0.1212
chr1	506835	506836	5	0.2553
chr1	506877	506878	4	0.1438
chr1	506927	506928	7	0.1627
chr1	506977	506978	4	0.3479
chr1	507007	507008	6	0.3272
chr1	507033	507034	3	0.2259
chr1	507046	507047	5	0.1801
chr1	507146	507147	5	0.2026
chr1	507246	507247	3	0.1617
chr1	507296	507297	4	0.2235
chr1	507368	507369	4	0.2167
chr1	507432	507433	6	0.274
chr1	507532	507533	4	0.257
chr1	507632	507633	4	0.195
chr1	507690	507691	7	0.1804
chr1	507698	507699	5	0.8644
chr1	507728	507729	4	0.7608
chr1	507747	507748	4	0.7772
chr1	507773	507774	3	0.7937
chr1	507816	507817	5	0.8396
chr1	507866	507867	6	0.8004
chr1	507889	507890	6	0.7111
chr1	507904	507905	3	0.6387
chr1	507941	507942	5	0.6641
chr1	507958	507959	3	0.7219
chr1	508001	508002	4	0.7175
chr1	508033	508034	5	0.8135
chr1	508080	508081	5	0.7629
chr1	508121	508122	5	0.8773
chr1	508152	508153	6	0.8052
chr1	508170	508171	6	0.5727
chr1	508172	508173	5	0.5705
chr1	508272	508273	5	0.741
chr1	508372	508373	3	0.6075
chr1	508472	508473	4	0.5011
chr1	508572	508573	3	0.7301
chr1	508662	508663	4	0.8905
chr1	508678	508679	4	0.9926
chr1	508704	508705	3	0.8352
chr1	508730	508731	4	0.8558
chr1	508806	508807	7	0.82
chr1	509064	509065	4	0.9887
chr1	509110	509111	4	0.5918
chr1	509137	509138	5	0.6525
chr1	509152	509153	6	0.631
chr1	509197	509198	4	0.8769
chr1	509212	509213	5	0.6042
chr1	509236	509237	5	0.7213
chr1	509286	509287	3	0.6832
chr1	509301	509302	4	0.3067
chr1	509323	509324	5	0.5341
chr1	509344	509345	4	0.6031
chr1	509381	509382	4	0.9358
chr1	509412	509413	6	0.8146
chr1	509434	509435	4	0.4943
chr1	509453	509454	4	0.9116
chr1	509476	509477	4	0.6964
chr1	509497	509498	5	0.4973
chr1	509521	509522	6	0.7951
chr1	509561	509562	5	0.5585
chr1	509592	509593	4	0.563
chr1	509616	509617	3	0.3332
chr1	509716	509717	7	0.522
chr1	509799	509800	5	0.9622
chr1	509899	509900	4	0.9235
chr1	509992	509993	4	0.6292
chr1	510062	510063	4	0.763
chr1	510137	510138	4	0.7997
chr1	510211	510212	5	0.6567
chr1	510256	510257	5	0.5793
chr1	510272	510273	5	0.7054
chr1	510322	510323	5	0.8227
chr1	510339	510340	4	0.6916
chr1	510389	510390	4	0.882
chr1	510421	510422	4	0.8471
chr1	510441	510442	4	0.8726
chr1	510474	510475	4	0.8224
chr1	510502	510503	3	0.9018
chr1	510529	510530	3	0.6794
chr1	510568	510569	3	0.7309
chr1	510618	510619	4	0.7843
chr1	510633	510634	5	0.7131
chr1	510658	510659	5	0.611
chr1	510673	510674	4	0.7304
chr1	510689	510690	2	0.7674
chr1	510716	510717	4	0.6986
chr1	510732	510733	6	0.5893
chr1	510735	510736	5	0.8028
chr1	510835	510836	4	0.8382
chr1	510935	510936	4	0.5706
chr1	511035	511036	5	0.7039
chr1	511106	511107	4	0.7592
chr1	511206	511207	4	0.6558
chr1	511302	511303	5	0.8079
chr1	511328	511329	5	0.6858
chr1	511343	511344	4	0.5414
chr1	511360	511361	3	0.7524
chr1	511395	511396	2	0.6738
chr1	511424	511425	4	0.6626
chr1	511463	511464	6	0.6027
chr1	511481	511482	4	0.8606
chr1	511496	511497	4	0.5699
chr1	511522	511523	6	0.8003
chr1	511548	511549	5	0.7853
chr1	511592	511593	3	0.5943
chr1	511642	511643	5	0.5941
chr1	511672	511673	5	0.7502
chr1	511692	511693	5	0.7238
chr1	511722	511723	6	0.8688
chr1	511747	511748	6	0.8009
chr1	511777	511778	4	0.8963
chr1	511792	511793	5	0.7125
chr1	511806	511807	3	0.7754
chr1	511856	511857	5	0.6145
chr1	511906	511907	5	0.7697
chr1	512006	512007	3	0.6997
chr1	512088	512089	6	0.6319
chr1	512165	512166	4	0.6282
chr1	512265	512266	6	0.712
chr1	512299	512300	5	0.8152
chr1	512329	512330	4	0.7305
chr1	512363	512364	4	0.3899
chr1	512413	512414	4	0.2556
chr1	512436	512437	5	0.3912
chr1	512472	512473	3	0.4447
chr1	512499	512500	3	0.3203
chr1	512521	512522	5	0.4237
chr1	512545	512546	4	0.1466
chr1	512586	512587	4	0.4946
chr1	512615	512616	5	0.2071
chr1	512644	512645	4	0.4182
chr1	512659	512660	6	0.458
chr1	512709	512710	4	0.3958
chr1	512733	512734	3	0.1641
chr1	512783	512784	6	0.4716
chr1	512805	512806	4	0.4105
chr1	512824	512825	4	0.6322
chr1	512853	512854	5	0.5589
chr1	512903	512904	1	0.218
chr1	512911	512912	3	0.3344
chr1	513011	513012	4	0.2157
chr1	513069	513070	6	0.4793
chr1	513169	513170	4	0.4831
chr1	513269	513270	4	0.234
chr1	513369	513370	4	0.3323
chr1	513455	513456	5	0.1734
chr1	513557	513558	3	0.3677
chr1	513564	513565	6	0.4323
chr1	513593	513594	5	0.3953
chr1	513625	513626	5	0.4176
chr1	513671	513672	6	0.4275
chr1	513703	513704	3	0.4075
chr1	513718	513719	3	0.3488
chr1	513749	513750	5	0.4187
chr1	513769	513770	4	0.5295
chr1	513798	513799	4	0.5471
chr1	513838	513839	4	0.5287
chr1	513885	513886	5	0.3063
chr1	513900	513901	5	0.3458
chr1	513950	513951	4	0.4841
chr1	513965	513966	4	0.4029
chr1	514009	514010	3	0.3883
chr1	514024	514025	6	0.4949
chr1	514041	514042	5	0.3612
chr1	514068	514069	4	0.4773
chr1	514150	514151	4	0.4926
chr1	514212	514213	6	0.6019
chr1	514312	514313	5	0.3169
chr1	514412	514413	3	0.4733
chr1	514512	514513	5	0.5867
chr1	514516	514517	7	0.2534
chr1	514530	514531	6	0.0867
chr1	514532	514533	4	0.2328
chr1	514688	514689	1	0.3573
chr1	514712	514713	4	0.237
chr1	514886	514887	4	0.0987
chr1	514895	514896	5	0.5293
chr1	514945	514946	3	0.4474
chr1	514960	514961	5	0.7477
chr1	514976	514977	6	0.6721
chr1	514999	515000	5	0.692
chr1	515043	515044	4	0.6527
chr1	515076	515077	6	0.6406
chr1	515091	515092	5	0.5227
chr1	515141	515142	3	0.5262
chr1	515164	515165	4	0.6561
chr1	515186	515187	4	0.6836
chr1	515203	515204	5	0.7072
chr1	515229	515230	2	0.5745
chr1	515244	515245	5	0.5797
chr1	515273	515274	4	0.723
chr1	515315	515316	6	0.5297
chr1	515340	515341	2	0.7091
chr1	515369	515370	5	0.5944
chr1	515443	515444	6	0.5969
chr1	515524	515525	3	0.5792
chr1	515624	515625	6	0.5731
chr1	515724	515725	4	0.591
chr1	515824	515825	5	0.6244
chr1	515846	515847	5	0.8839
chr1	515894	515895	5	0.9789
chr1	516032	516033	5	0.7955
chr1	516040	516041	4	0.7805
chr1	516058	516059	4	0.7396
chr1	516060	516061	5	1.0
chr1	516066	516067	5	0.8034
chr1	516204	516205	4	0.8896
chr1	516242	516243	5	0.9741
chr1	516282	516283	5	0.7877
chr1	516298	516299	6	0.652
chr1	516331	516332	2	0.6712
chr1	516346	516347	3	0.7803
chr1	516382	516383	4	0.8009
chr1	516405	516406	4	0.8283
chr1	516453	516454	5	0.6576
chr1	516474	516475	3	0.809
chr1	516493	516494	4	0.7096
chr1	516512	516513	4	0.8189
chr1	516557	516558	5	0.6391
chr1	516572	516573	4	0.7292
chr1	516602	516603	5	0.7576
chr1	516652	516653	4	0.6965
chr1	516678	516679	5	0.6778
chr1	516723	516724	2	0.689
chr1	516759	516760	5	0.8317
chr1	516783	516784	7	0.8661
chr1	516812	516813	5	0.6829
chr1	516816	516817	4	0.7555
chr1	516913	516914	3	0.7357
chr1	517013	517014	2	0.7206
chr1	517085	517086	4	0.8135
chr1	517185	517186	6	0.8215
chr1	517285	517286	3	0.6755
chr1	517335	517336	5	1.0
chr1	517365	517366	5	0.6171
chr1	517395	517396	3	0.6059
chr1	517432	517433	4	0.7374
chr1	517450	517451	4	0.6244
chr1	517488	517489	5	0.7373
chr1	517503	517504	4	0.7142
chr1	517527	517528	4	0.707
chr1	517551	517552	4	0.7717
chr1	517584	517585	4	0.7127
chr1	517634	517635	6	0.7548
chr1	517649	517650	6	0.7253
chr1	517699	517700	3	0.554
chr1	517749	517750	5	0.7135
chr1	517768	517769	5	0.8541
chr1	517791	517792	7	0.7522
chr1	517891	517892	5	0.6637
chr1	517972	517973	4	0.6122
chr1	518029	518030	5	0.6768
chr1	518090	518091	6	0.627
chr1	518102	518103	3	0.7325
chr1	518150	518151	5	0.7718
chr1	518182	518183	4	0.6863
chr1	518210	518211	6	0.6834
chr1	518258	518259	3	0.6711
chr1	518281	518282	7	0.7709
chr1	518331	518332	3	0.632
chr1	518381	518382	4	0.7161
chr1	518396	518397	2	0.8374
chr1	518440	518441	5	0.6069
chr1	518483	518484	4	0.7101
chr1	518533	518534	6	0.7772
chr1	518548	518549	5	0.6983
chr1	518598	518599	4	0.5877
chr1	518634	518635	3	0.7096
chr1	518654	518655	7	0.8427
chr1	518676	518677	5	0.551
chr1	518704	518705	4	0.577
chr1	518754	518755	6	0.7496
chr1	518809	518810	4	0.6703
chr1	518909	518910	5	0.6103
chr1	518979	518980	5	0.7479
chr1	519067	519068	6	0.6908
chr1	519167	519168	5	0.807
chr1	519183	519184	6	0.7928
chr1	519191	519192	5	0.534
chr1	519206	519207	3	0.4886
chr1	519240	519241	3	0.5042
chr1	519264	519265	4	0.576
chr1	519294	519295	4	0.4853
chr1	519331	519332	5	0.5424
chr1	519381	519382	5	0.7367
chr1	519418	519419	3	0.405
chr1	519433	519434	5	0.4357
chr1	519483	519484	6	0.5088
chr1	519501	519502	5	0.412
chr1	519527	519528	5	0.4395
chr1	519577	519578	3	0.5871
chr1	519595	519596	4	0.6079
chr1	519626	519627	4	0.4342
chr1	519654	519655	7	0.5969
chr1	519754	519755	4	0.5672
chr1	519812	519813	4	0.5248
chr1	519912	519913	6	0.5368
chr1	520012	520013	4	0.5505
chr1	520112	520113	3	0.5428
chr1	520126	520127	6	0.7637
chr1	520168	520169	4	0.6812
chr1	520214	520215	3	0.6819
chr1	520224	520225	3	0.7839
chr1	520242	520243	5	0.9745
chr1	520338	520339	5	0.9032
chr1	520400	520401	5	0.8922
chr1	520408	520409	5	0.977
chr1	520520	520521	5	0.5644
chr1	520526	520527	5	0.9196
chr1	520569	520570	6	0.4947
chr1	520603	520604	4	0.6291
chr1	520628	520629	5	0.7543
chr1	520652	520653	3	0.8654
chr1	520667	520668	5	0.5798
chr1	520698	520699	4	0.5682
chr1	520730	520731	5	0.6252
chr1	520777	520778	6	0.7732
chr1	520818	520819	3	0.5069
chr1	520868	520869	3	0.7381
chr1	520890	520891	4	0.5534
chr1	520926	520927	6	0.8536
chr1	520946	520947	5	0.8144
chr1	520973	520974	7	0.4888
chr1	520990	520991	5	0.3737
chr1	521090	521091	3	0.3667
chr1	521190	521191	5	0.7262
chr1	521290	521291	4	0.8254
chr1	521390	521391	5	0.6413
chr1	521482	521483	3	0.6889
chr1	521510	521511	3	0.7934
chr1	521534	521535	5	0.6637
chr1	521563	521564	6	0.8845
chr1	521582	521583	5	0.782
chr1	521632	521633	3	0.9003
chr1	521652	521653	5	0.665
chr1	521674	521675	6	0.8495
chr1	521689	521690	5	0.6528
chr1	521728	521729	5	0.7212
chr1	521751	521752	5	0.8459
chr1	521781	521782	5	0.7379
chr1	521814	521815	5	0.8664
chr1	521832	521833	5	0.728
chr1	521882	521883	4	0.7697
chr1	521916	521917	5	0.7943
chr1	521951	521952	5	0.7819
chr1	521990	521991	4	0.7397
chr1	522033	522034	4	0.9541
chr1	522062	522063	4	0.8996
chr1	522096	522097	4	0.8624
chr1	522116	522117	5	0.6111
chr1	522208	522209	3	0.8452
chr1	522308	522309	3	0.623
chr1	522408	522409	3	0.6016
chr1	522508	522509	5	0.8637
chr1	522608	522609	5	0.7205
chr1	522708	522709	4	0.5917
chr1	522756	522757	4	0.9012
chr1	522804	522805	5	0.1499
chr1	522832	522833	5	0.0258
chr1	522868	522869	6	0.0758
chr1	522894	522895	4	0.1357
chr1	522910	522911	4	0.1205
chr1	522939	522940	6	0.1279
chr1	522989	522990	5	0.25
chr1	523004	523005	5	0.2268
chr1	523022	523023	4	0.2895
chr1	523043	523044	3	0.1579
chr1	523060	523061	5	0.0734
chr1	523110	523111	4	0.1949
chr1	523144	523145	5	0.265
chr1	523159	523160	4	0.1956
chr1	523202	523203	3	0.1279
chr1	523224	523225	7	0.3231
chr1	523239	523240	5	0.1362
chr1	523282	523283	5	0.1639
chr1	523297	523298	4	0.1021
chr1	523325	523326	6	0.2036
chr1	523349	523350	5	0.1166
chr1	523374	523375	4	0.0944
chr1	523393	523394	4	0.1936
chr1	523429	523430	5	0.2848
chr1	523479	523480	4	0.2378
chr1	523579	523580	5	0.0739
chr1	523679	523680	7	0.298
chr1	523779	523780	4	0.1738
chr1	523879	523880	6	0.1927
chr1	523929	523930	4	0.223
chr1	523998	523999	4	0.3175
chr1	524000	524001	5	0.2347
chr1	524050	524051	5	0.5326
chr1	524075	524076	4	0.716
chr1	524106	524107	5	0.4765
chr1	524141	524142	5	0.6287
chr1	524184	524185	4	0.71
chr1	524200	524201	6	0.7497
chr1	524247	524248	5	0.7199
chr1	524285	524286	5	0.6578
chr1	524315	524316	4	0.7668
chr1	524337	524338	3	0.6335
chr1	524358	524359	5	0.6199
chr1	524385	524386	5	0.4957
chr1	524435	524436	6	0.6413
chr1	524485	524486	7	0.6391
chr1	524501	524502	5	0.5017
chr1	524551	524552	5	0.5173
chr1	524581	524582	4	0.6847
chr1	524681	524682	3	0.6592
chr1	524781	524782	6	0.5598
chr1	524862	524863	5	0.6587
chr1	524942	524943	5	0.7295
chr1	524992	524993	4	0.6839
chr1	525042	525043	5	0.5019
chr1	525074	525075	4	0.4863
chr1	525078	525079	5	0.6742
chr1	525113	525114	4	0.6088
chr1	525142	525143	6	0.6238
chr1	525176	525177	5	0.889
chr1	525194	525195	5	0.4958
chr1	525218	525219	4	0.7596
chr1	525268	525269	6	0.95
chr1	525290	525291	4	0.811
chr1	525320	525321	5	0.6753
chr1	525348	525349	5	0.6397
chr1	525386	525387	4	0.4617
chr1	525418	525419	3	0.9178
chr1	525435	525436	5	0.7334
chr1	525462	525463	4	0.8677
chr1	525492	525493	6	0.5652
chr1	525534	525535	5	0.6626
chr1	525563	525564	4	0.7973
chr1	525591	525592	4	0.9828
chr1	525614	525615	5	0.5403
chr1	525629	525630	4	0.5088
chr1	525632	525633	4	0.7625
chr1	525732	525733	4	0.501
chr1	525793	525794	4	0.6152
chr1	525843	525844	4	0.3702
chr1	525917	525918	4	0.9614
chr1	525981	525982	3	0.4291
chr1	526081	526082	5	0.7974
chr1	526211	526212	4	0.8041
chr1	526231	526232	5	0.7991
chr1	526262	526263	6	0.927
chr1	526277	526278	4	0.6928
chr1	526304	526305	6	0.8618
chr1	526334	526335	6	0.6569
chr1	526349	526350	4	0.757
chr1	526367	526368	6	0.8446
chr1	526397	526398	5	0.9665
chr1	526424	526425	5	0.8932
chr1	526442	526443	4	0.9046
chr1	526479	526480	3	0.8483
chr1	526502	526503	5	0.9188
chr1	526552	526553	5	0.9079
chr1	526581	526582	4	0.6776
chr1	526602	526603	5	1.0
chr1	526619	526620	6	0.8055
chr1	526662	526663	4	0.9677
chr1	526682	526683	5	0.9082
chr1	526732	526733	6	0.7171
chr1	526763	526764	7	0.8059
chr1	526804	526805	3	0.644
chr1	526812	526813	3	0.9059
chr1	526862	526863	5	0.8302
chr1	526962	526963	7	0.8788
chr1	527062	527063	3	0.8548
chr1	527162	527163	4	0.7275
chr1	527222	527223	3	0.831
chr1	527311	527312	4	0.8381
chr1	527361	527362	5	0.9941
chr1	527409	527410	5	0.7991
chr1	527430	527431	5	0.1215
chr1	527446	527447	5	0.0344
chr1	527475	527476	2	0.2013
chr1	527524	527525	4	0.0438
chr1	527563	527564	4	0.2435
chr1	527604	527605	5	0.1445
chr1	527622	527623	4	0.0371
chr1	527652	527653	5	0.1909
chr1	527675	527676	5	0.0251
chr1	527701	527702	3	0.1332
chr1	527751	527752	6	0.0993
chr1	527801	527802	4	0.1097
chr1	527851	527852	5	0.0545
chr1	527900	527901	5	0.0359
chr1	527932	527933	5	0.1798
chr1	527975	527976	3	0.1765
chr1	528066	528067	5	0.0416
chr1	528116	528117	4	0.0917
chr1	528216	528217	4	0.3325
chr1	528266	528267	5	0.0
chr1	528344	528345	2	0.1271
chr1	528409	528410	4	0.2329
chr1	528459	528460	4	0.0681
chr1	528473	528474	4	0.0395
chr1	528511	528512	3	0.2346
chr1	528530	528531	4	0.0204
chr1	528564	528565	6	0.2387
chr1	528614	528615	4	0.1966
chr1	528664	528665	3	0.3085
chr1	528714	528715	4	0.2177
chr1	528760	528761	5	0.1259
chr1	528801	528802	4	0.1877
chr1	528843	528844	3	0.1744
chr1	528879	528880	4	0.1222
chr1	528904	528905	4	0.1588
chr1	528921	528922	5	0.2603
chr1	528953	528954	4	0.0679
chr1	529003	529004	5	0.259
chr1	529094	529095	7	0.3248
chr1	529179	529180	4	0.1609
chr1	529279	529280	5	0.1123
chr1	529363	529364	4	0.0757
chr1	529401	529402	4	0.0639
chr1	529438	529439	2	0.5848
chr1	529466	529467	5	0.7078
chr1	529491	529492	4	0.664
chr1	529508	529509	2	0.6919
chr1	529536	529537	4	0.5568
chr1	529558	529559	4	0.7329
chr1	529579	529580	5	0.7345
chr1	529607	529608	4	0.6274
chr1	529657	529658	4	0.6556
chr1	529688	529689	4	0.6604
chr1	529738	529739	5	0.698
chr1	529753	529754	4	0.7426
chr1	529780	529781	6	0.4785
chr1	529830	529831	5	0.6862
chr1	529880	529881	6	0.6351
chr1	529883	529884	4	0.5894
chr1	529954	529955	5	0.658
chr1	530054	530055	5	0.5332
chr1	530154	530155	4	0.5872
chr1	530245	530246	4	0.4121
chr1	530283	530284	4	0.6154
chr1	530291	530292	4	0.6901
chr1	530337	530338	4	0.6227
chr1	530354	530355	5	0.7093
chr1	530370	530371	5	0.5857
chr1	530420	530421	3	0.5037
chr1	530470	530471	5	0.5245
chr1	530488	530489	5	0.5647
chr1	530507	530508	5	0.5565
chr1	530537	530538	3	0.5319
chr1	530587	530588	4	0.6881
chr1	530618	530619	5	0.7705
chr1	530633	530634	5	0.6394
chr1	530648	530649	4	0.6522
chr1	530682	530683	4	0.6452
chr1	530732	530733	5	0.7426
chr1	530764	530765	5	0.6574
chr1	530805	530806	5	0.6465
chr1	530905	530906	5	0.6342
chr1	530955	530956	5	0.5872
chr1	531005	531006	4	0.6476
chr1	531081	531082	4	0.5713
chr1	531165	531166	4	0.7515
chr1	531215	531216	4	0.4515
chr1	531285	531286	5	0.5765
chr1	531309	531310	5	0.9864
chr1	531341	531342	2	0.9486
chr1	531441	531442	5	0.8298
chr1	531445	531446	4	0.8126
chr1	531501	531502	3	0.8663
chr1	531541	531542	5	0.7107
chr1	531753	531754	5	0.7571
chr1	531755	531756	6	0.7135
chr1	531785	531786	4	0.7776
chr1	531817	531818	6	0.5743
chr1	531833	531834	3	0.7673
chr1	531860	531861	6	0.7193
chr1	531875	531876	5	0.7269
chr1	531890	531891	4	0.7331
chr1	531913	531914	3	0.7054
chr1	531931	531932	5	0.7314
chr1	531974	531975	4	0.6775
chr1	531989	531990	5	0.628
chr1	532017	532018	4	0.7102
chr1	532051	532052	6	0.7002
chr1	532089	532090	5	0.622
chr1	532123	532124	4	0.5599
chr1	532173	532174	3	0.6552
chr1	532194	532195	6	0.794
chr1	532213	532214	5	0.772
chr1	532263	532264	8	0.7233
chr1	532290	532291	3	0.6307
chr1	532324	532325	5	0.5687
chr1	532369	532370	5	0.6554
chr1	532376	532377	4	0.6734
chr1	532476	532477	4	0.4774
chr1	532565	532566	3	0.657
chr1	532619	532620	4	0.5312
chr1	532719	532720	6	0.6067
chr1	532810	532811	4	0.7009
chr1	532910	532911	5	0.6984
chr1	532940	532941	5	0.6643
chr1	532950	532951	5	0.7207
chr1	532969	532970	3	0.6974
chr1	533019	533020	4	0.8413
chr1	533042	533043	3	0.8607
chr1	533059	533060	4	0.8271
chr1	533088	533089	2	0.6658
chr1	533125	533126	4	0.7127
chr1	533147	533148	5	0.6049
chr1	533183	533184	6	0.7112
chr1	533232	533233	4	0.832
chr1	533257	533258	3	0.7967
chr1	533285	533286	4	0.6841
chr1	533333	533334	4	0.7817
chr1	533363	533364	5	0.764
chr1	533396	533397	4	0.79
chr1	533496	533497	5	0.7998
chr1	533592	533593	3	0.6345
chr1	533692	533693	5	0.6679
chr1	533792	533793	4	0.7906
chr1	533810	533811	4	0.7609
chr1	533824	533825	5	0.5792
chr1	533861	533862	6	0.8014
chr1	533876	533877	4	0.6828
chr1	533896	533897	4	0.791
chr1	533924	533925	5	0.813
chr1	533952	533953	4	0.722
chr1	533998	533999	6	0.5837
chr1	534048	534049	3	0.5799
chr1	534088	534089	5	0.7451
chr1	534116	534117	4	0.7478
chr1	534131	534132	4	0.7193
chr1	534147	534148	5	0.6801
chr1	534176	534177	2	0.6337
chr1	534226	534227	5	0.5797
chr1	534276	534277	5	0.7495
chr1	534313	534314	5	0.6
chr1	534343	534344	5	0.6959
chr1	534443	534444	4	0.701
chr1	534543	534544	4	0.5534
chr1	534614	534615	3	0.7111
chr1	534714	534715	3	0.7829
chr1	534814	534815	4	0.6436
chr1	534818	534819	3	0.8587
chr1	534868	534869	5	0.6817
chr1	534906	534907	5	0.6465
chr1	534930	534931	4	0.6543
chr1	534969	534970	4	0.6951
chr1	535019	535020	5	0.6003
chr1	535067	535068	5	0.7319
chr1	535091	535092	4	0.6503
chr1	535108	535109	4	0.9308
chr1	535124	535125	6	0.7592
chr1	535174	535175	5	0.7067
chr1	535224	535225	5	0.6647
chr1	535245	535246	3	0.6061
chr1	535261	535262	4	0.7314
chr1	535296	535297	5	0.7179
chr1	535311	535312	6	0.6505
chr1	535344	535345	6	0.492
chr1	535347	535348	4	0.65
chr1	535404	535405	4	0.8322
chr1	535504	535505	5	0.7399
chr1	535604	535605	4	0.6329
chr1	535704	535705	4	0.5497
chr1	535754	535755	5	0.5434
chr1	535804	535805	4	0.6392
chr1	535902	535903	6	0.8555
chr1	535908	535909	6	0.4026
chr1	535923	535924	5	0.2405
chr1	535938	535939	2	0.2904
chr1	535971	535972	4	0.3179
chr1	536011	536012	2	0.3218
chr1	536061	536062	4	0.3338
chr1	536104	536105	5	0.2385
chr1	536149	536150	6	0.2935
chr1	536167	536168	4	0.335
chr1	536217	536218	5	0.2154
chr1	536232	536233	2	0.1753
chr1	536252	536253	5	0.2778
chr1	536297	536298	4	0.3904
chr1	536347	536348	5	0.3449
chr1	536371	536372	7	0.4027
chr1	536396	536397	3	0.398
chr1	536402	536403	5	0.3183
chr1	536475	536476	5	0.1865
chr1	536525	536526	5	0.3719
chr1	536625	536626	5	0.2055
chr1	536725	536726	5	0.2725
chr1	536825	536826	5	0.2644
chr1	536875	536876	5	0.2708
chr1	536907	536908	3	0.0
chr1	536931	536932	3	0.141
chr1	536935	536936	4	0.2004
chr1	537161	537162	3	0.1332
chr1	537275	537276	5	0.1434
chr1	537325	537326	6	0.0261
chr1	537353	537354	4	0.1109
chr1	537375	537376	5	0.0047
chr1	537405	537406	3	0.5976
chr1	537440	537441	4	0.7723
chr1	537477	537478	5	0.734
chr1	537496	537497	5	0.7616
chr1	537518	537519	4	0.7784
chr1	537546	537547	6	0.752
chr1	537591	537592	4	0.708
chr1	537606	537607	4	0.7793
chr1	537642	537643	5	0.823
chr1	537667	537668	6	0.7909
chr1	537717	537718	6	0.6957
chr1	537762	537763	4	0.604
chr1	537799	537800	5	0.669
chr1	537849	537850	4	0.6388
chr1	537876	537877	5	0.863
chr1	537906	537907	5	0.7801
chr1	537923	537924	6	0.6445
chr1	537953	537954	5	0.7826
chr1	537969	537970	5	0.719
chr1	538069	538070	7	0.5931
chr1	538169	538170	5	0.7297
chr1	538269	538270	5	0.6211
chr1	538321	538322	5	0.6317
chr1	538371	538372	5	0.5725
chr1	538421	538422	5	0.8316
chr1	538490	538491	5	0.6073
chr1	538492	538493	6	0.6836
chr1	538538	538539	6	0.6752
chr1	538558	538559	3	0.319
chr1	538573	538574	6	0.1891
chr1	538600	538601	7	0.2328
chr1	538622	538623	3	0.2583
chr1	538639	538640	4	0.2485
chr1	538658	538659	3	0.4433
chr1	538679	538680	5	0.2445
chr1	538703	538704	4	0.2666
chr1	538739	538740	5	0.2358
chr1	538759	538760	3	0.1798
chr1	538809	538810	5	0.1234
chr1	538824	538825	5	0.257
chr1	538862	538863	4	0.2219
chr1	538889	538890	4	0.3184
chr1	538909	538910	4	0.2105
chr1	538932	538933	4	0.1646
chr1	538956	538957	3	0.1652
chr1	538976	538977	3	0.1516
chr1	538996	538997	4	0.3383
chr1	539080	539081	4	0.3174
chr1	539153	539154	3	0.2733
chr1	539253	539254	6	0.2646
chr1	539338	539339	5	0.1763
chr1	539430	539431	6	0.2906
chr1	539440	539441	5	0.3358
chr1	539502	539503	3	0.0038
chr1	539525	539526	5	0.1003
chr1	539570	539571	5	0.207
chr1	539593	539594	5	0.2643
chr1	539643	539644	4	0.2271
chr1	539665	539666	3	0.1554
chr1	539715	539716	5	0.2091
chr1	539736	539737	3	0.0949
chr1	539766	539767	3	0.2005
chr1	539793	539794	7	0.1217
chr1	539843	539844	5	0.0244
chr1	539893	539894	4	0.1142
chr1	539911	539912	4	0.3001
chr1	539928	539929	6	0.1957
chr1	539978	539979	4	0.0588
chr1	539986	539987	5	0.0996
chr1	540055	540056	4	0.1674
chr1	540155	540156	5	0.3169
chr1	540255	540256	6	0.2909
chr1	540319	540320	4	0.2034
chr1	540419	540420	5	0.0731
chr1	540437	540438	4	0.1575
chr1	540479	540480	4	0.1242
chr1	540524	540525	5	0.7263
chr1	540551	540552	4	0.6691
chr1	540601	540602	4	0.8525
chr1	540636	540637	4	0.8153
chr1	540664	540665	4	0.7067
chr1	540691	540692	4	0.7633
chr1	540741	540742	4	0.8478
chr1	540774	540775	4	0.7596
chr1	540818	540819	4	0.7469
chr1	540856	540857	5	0.5737
chr1	540881	540882	4	0.6821
chr1	540931	540932	6	0.6634
chr1	540960	540961	5	0.6925
chr1	541010	541011	3	0.7407
chr1	541037	541038	4	0.7883
chr1	541070	541071	4	0.8574
chr1	541075	541076	4	0.8894
chr1	541175	541176	5	0.6932
chr1	541275	541276	6	0.736
chr1	541331	541332	4	0.9111
chr1	541381	541382	5	0.8261
chr1	541447	541448	4	0.8411
chr1	541547	541548	3	0.611
chr1	541549	541550	4	1.0
chr1	541594	541595	4	0.6834
chr1	541625	541626	5	0.6603
chr1	541656	541657	5	0.7634
chr1	541680	541681	5	0.7286
chr1	541701	541702	6	0.7197
chr1	541723	541724	5	0.8056
chr1	541752	541753	5	0.6735
chr1	541795	541796	6	0.6218
chr1	541817	541818	4	0.7295
chr1	541832	541833	6	0.7285
chr1	541847	541848	4	0.7093
chr1	541897	541898	4	0.6676
chr1	541924	541925	5	0.5485
chr1	541947	541948	5	0.6466
chr1	541997	541998	3	0.6758
chr1	542036	542037	5	0.5707
chr1	542051	542052	7	0.8202
chr1	542082	542083	6	0.5388
chr1	542097	542098	4	0.8275
chr1	542107	542108	4	0.7729
chr1	542207	542208	4	0.8986
chr1	542307	542308	5	0.5199
chr1	542370	542371	6	0.5283
chr1	542470	542471	5	0.6603
chr1	542570	542571	4	0.797
chr1	542606	542607	4	0.7436
chr1	542612	542613	4	0.5564
chr1	542637	542638	4	0.7248
chr1	542683	542684	5	0.5028
chr1	542698	542699	6	0.7836
chr1	542741	542742	4	0.7542
chr1	542791	542792	3	0.7509
chr1	542818	542819	4	0.6248
chr1	542841	542842	5	0.7365
chr1	542880	542881	5	0.6619
chr1	542930	542931	5	0.5876
chr1	542953	542954	5	0.5099
chr1	542969	542970	4	0.7183
chr1	543019	543020	4	0.7298
chr1	543038	543039	4	0.7117
chr1	543053	543054	4	0.8429
chr1	543084	543085	6	0.7661
chr1	543128	543129	5	0.5353
chr1	543171	543172	4	0.6845
chr1	543207	543208	4	0.7879
chr1	543220	543221	4	0.7386
chr1	543270	543271	2	0.7631
chr1	543360	543361	4	0.7159
chr1	543452	543453	6	0.6656
chr1	543517	543518	6	0.7663
chr1	543617	543618	4	0.7295
chr1	543669	543670	4	0.7403
chr1	543758	543759	5	0.7266
chr1	543790	543791	4	1.0
chr1	543868	543869	5	0.764
chr1	543944	543945	5	0.8969
chr1	543970	543971	3	0.94
chr1	543984	543985	4	0.785
chr1	544064	544065	5	0.8709
chr1	544190	544191	6	0.9606
chr1	544200	544201	5	0.923
chr1	544215	544216	4	0.8754
chr1	544236	544237	5	0.7429
chr1	544258	544259	6	0.8066
chr1	544308	544309	4	0.7237
chr1	544325	544326	3	0.7518
chr1	544375	544376	5	0.6595
chr1	544422	544423	4	0.8872
chr1	544441	544442	6	0.691
chr1	544473	544474	5	0.804
chr1	544500	544501	5	0.7274
chr1	544525	544526	5	0.6063
chr1	544540	544541	5	0.7915
chr1	544582	544583	5	0.84
chr1	544632	544633	5	0.6489
chr1	544651	544652	3	0.9435
chr1	544666	544667	3	0.9274
chr1	544673	544674	4	0.884
chr1	544747	544748	4	0.8706
chr1	544844	544845	5	0.7426
chr1	544944	544945	4	0.8801
chr1	545044	545045	5	0.8989
chr1	545103	545104	4	0.7209
chr1	545105	545106	2	0.8431
chr1	545125	545126	5	0.8547
chr1	545127	545128	2	0.7327
chr1	545185	545186	6	0.9746
chr1	545187	545188	4	0.9893
chr1	545213	545214	3	0.8027
chr1	545439	545440	6	0.9504
chr1	545485	545486	3	0.8702
chr1	545491	545492	5	0.9261
chr1	545561	545562	6	0.8331
chr1	545586	545587	4	0.1552
chr1	545615	545616	4	0.2467
chr1	545630	545631	5	0.1999
chr1	545647	545648	4	0.0803
chr1	545663	545664	4	0.1672
chr1	545713	545714	3	0.1682
chr1	545736	545737	4	0.1715
chr1	545760	545761	5	0.2245
chr1	545787	545788	4	0.1304
chr1	545812	545813	3	0.222
chr1	545833	545834	4	0.0
chr1	545883	545884	4	0.099
chr1	545912	545913	3	0.1222
chr1	545932	545933	6	0.1324
chr1	545947	545948	6	0.056
chr1	545997	545998	3	0.218
chr1	546017	546018	4	0.1161
chr1	546046	546047	5	0.1609
chr1	546063	546064	6	0.161
chr1	546113	546114	5	0.0127
chr1	546213	546214	5	0.2698
chr1	546281	546282	4	0.0011
chr1	546331	546332	5	0.1134
chr1	546431	546432	5	0.1104
chr1	546531	546532	5	0.0493
chr1	546551	546552	4	0.0986
chr1	546561	546562	5	0.0
chr1	546599	546600	4	0.3094
chr1	546639	546640	4	0.349
chr1	546662	546663	4	0.0906
chr1	546694	546695	3	0.0459
chr1	546709	546710	4	0.2194
chr1	546748	546749	5	0.1376
chr1	546798	546799	3	0.2015
chr1	546832	546833	6	0.1253
chr1	546877	546878	4	0.1401
chr1	546911	546912	5	0.1497
chr1	546961	546962	6	0.1669
chr1	546976	546977	7	0.2115
chr1	547013	547014	4	0.0857
chr1	547036	547037	5	0.0081
chr1	547063	547064	5	0.047
chr1	547163	547164	4	0.1958
chr1	547263	547264	5	0.1047
chr1	547363	547364	5	0.2023
chr1	547463	547464	4	0.1937
chr1	547483	547484	7	0.1444
chr1	547519	547520	4	0.5696
chr1	547569	547570	5	0.6301
chr1	547605	547606	5	0.818
chr1	547628	547629	6	0.693
chr1	547655	547656	5	0.747
chr1	547688	547689	6	0.8244
chr1	547703	547704	6	0.685
chr1	547734	547735	5	0.5847
chr1	547769	547770	5	0.7434
chr1	547798	547799	5	0.8037
chr1	547837	547838	3	0.6156
chr1	547854	547855	5	0.8585
chr1	547884	547885	6	0.662
chr1	547903	547904	4	0.6491
chr1	547932	547933	4	0.6224
chr1	547949	547950	5	0.6232
chr1	547971	547972	4	0.7584
chr1	548011	548012	5	0.6509
chr1	548111	548112	4	0.7629
chr1	548169	548170	1	0.7671
chr1	548235	548236	4	0.7829
chr1	548285	548286	4	0.7104
chr1	548385	548386	5	0.6404
chr1	548435	548436	5	0.6199
chr1	548485	548486	5	0.5097
chr1	548517	548518	5	0.4545
chr1	548559	548560	3	0.8698
chr1	548592	548593	6	0.6536
chr1	548633	548634	6	0.92
chr1	548676	548677	3	0.7628
chr1	548694	548695	5	0.7979
chr1	548744	548745	6	0.8728
chr1	548760	548761	5	0.7493
chr1	548810	548811	5	0.834
chr1	548825	548826	7	0.6258
chr1	548865	548866	4	0.7918
chr1	548880	548881	4	0.7241
chr1	548917	548918	6	0.7636
chr1	548967	548968	4	0.7443
chr1	548982	548983	6	0.791
chr1	549030	549031	3	0.8092
chr1	549046	549047	4	0.6371
chr1	549065	549066	5	0.774
chr1	549165	549166	4	0.8659
chr1	549227	549228	6	0.834
chr1	549327	549328	4	0.9916
chr1	549394	549395	4	0.9971
chr1	549473	549474	6	0.7542
chr1	549511	549512	5	0.7281
chr1	549519	549520	5	0.7634
chr1	549536	549537	3	0.6986
chr1	549559	549560	2	0.7161
chr1	549582	549583	4	0.7057
chr1	549632	549633	5	0.6678
chr1	549654	549655	4	0.7279
chr1	549680	549681	4	0.7753
chr1	549715	549716	5	0.7237
chr1	549765	549766	2	0.5963
chr1	549797	549798	6	0.5963
chr1	549817	549818	5	0.7189
chr1	549832	549833	4	0.806
chr1	549847	549848	4	0.7082
chr1	549867	549868	4	0.6536
chr1	549885	549886	4	0.6109
chr1	549917	549918	5	0.6612
chr1	549932	549933	4	0.6742
chr1	549967	549968	5	0.6184
chr1	550016	550017	3	0.6975
chr1	550052	550053	5	0.7333
chr1	550056	550057	5	0.5806
chr1	550156	550157	4	0.7729
chr1	550256	550257	5	0.7031
chr1	550349	550350	6	0.7342
chr1	550449	550450	4	0.7152
chr1	550503	550504	6	0.7224
chr1	550623	550624	5	0.996
chr1	550649	550650	5	0.9896
chr1	550685	550686	4	0.9607
chr1	550827	550828	5	0.8372
chr1	550975	550976	4	0.9835
chr1	550990	550991	6	0.918
chr1	551005	551006	3	0.9579
chr1	551035	551036	4	0.8422
chr1	551082	551083	6	0.9694
chr1	551132	551133	4	0.9081
chr1	551153	551154	6	0.9003
chr1	551177	551178	5	0.8705
chr1	551227	551228	5	0.9564
chr1	551243	551244	5	0.8977
chr1	551273	551274	6	0.9613
chr1	551290	551291	5	1.0
chr1	551329	551330	4	0.8812
chr1	551351	551352	4	0.8323
chr1	551389	551390	5	0.8511
chr1	551439	551440	4	0.8529
chr1	551457	551458	4	0.8849
chr1	551482	551483	5	0.943
chr1	551485	551486	5	0.842
chr1	551535	551536	4	0.8281
chr1	551635	551636	4	0.8437
chr1	551735	551736	3	0.9652
chr1	551785	551786	3	0.8393
chr1	551853	551854	4	0.9108
chr1	551953	551954	4	0.8065
chr1	551999	552000	5	1.0
chr1	552041	552042	4	0.7816
chr1	552072	552073	4	0.8431
chr1	552122	552123	4	0.845
chr1	552172	552173	4	0.8541
chr1	552212	552213	4	0.8775
chr1	552239	552240	4	0.8854
chr1	552254	552255	5	0.7887
chr1	552292	552293	5	0.6457
chr1	552342	552343	5	0.9586
chr1	552380	552381	5	0.8056
chr1	552419	552420	4	0.7721
chr1	552469	552470	4	0.7549
chr1	552489	552490	5	0.7699
chr1	552539	552540	5	0.82
chr1	552554	552555	5	0.5913
chr1	552596	552597	3	0.647
chr1	552646	552647	4	0.985
chr1	552707	552708	4	0.7621
chr1	552807	552808	7	0.7307
chr1	552907	552908	3	0.7487
chr1	553007	553008	4	0.8073
chr1	553092	553093	5	0.59
chr1	553118	553119	6	0.9239
chr1	553154	553155	4	0.6511
chr1	553161	553162	5	0.5618
chr1	553211	553212	5	0.5802
chr1	553238	553239	3	0.5551
chr1	553266	553267	2	0.5972
chr1	553298	553299	5	0.6682
chr1	553322	553323	5	0.5991
chr1	553371	553372	5	0.631
chr1	553403	553404	4	0.6822
chr1	553424	553425	5	0.6994
chr1	553442	553443	4	0.748
chr1	553460	553461	5	0.5934
chr1	553481	553482	5	0.533
chr1	553507	553508	5	0.5885
chr1	553522	553523	3	0.7434
chr1	553545	553546	4	0.6773
chr1	553576	553577	5	0.6028
chr1	553611	553612	5	0.7532
chr1	553642	553643	5	0.6002
chr1	553692	553693	5	0.6913
chr1	553722	553723	5	0.6408
chr1	553798	553799	4	0.5299
chr1	553898	553899	6	0.7203
chr1	553998	553999	4	0.5222
chr1	554054	554055	4	0.6256
chr1	554132	554133	5	0.6241
chr1	554182	554183	5	0.5988
chr1	554244	554245	4	0.7746
chr1	554280	554281	4	0.897
chr1	554446	554447	6	0.9722
chr1	554462	554463	4	0.8352
chr1	554484	554485	3	0.7414
chr1	554490	554491	4	0.8845
chr1	554570	554571	4	0.811
chr1	554662	554663	5	0.9011
chr1	554664	554665	4	0.9256
chr1	554704	554705	3	0.6795
chr1	554722	554723	3	0.9118
chr1	554772	554773	3	0.8541
chr1	554822	554823	4	0.8638
chr1	554851	554852	5	0.8727
chr1	554901	554902	4	0.9247
chr1	554920	554921	5	0.8943
chr1	554960	554961	5	0.7919
chr1	554994	554995	4	0.9752
chr1	555024	555025	3	0.8061
chr1	555044	555045	7	0.917
chr1	555066	555067	6	0.8537
chr1	555113	555114	4	0.8865
chr1	555139	555140	4	0.9056
chr1	555157	555158	3	0.7948
chr1	555187	555188	7	0.7819
chr1	555194	555195	6	0.8876
chr1	555252	555253	6	0.8512
chr1	555303	555304	5	0.7421
chr1	555403	555404	5	0.7518
chr1	555492	555493	6	0.6852
chr1	555592	555593	5	0.781
chr1	555594	555595	4	0.809
chr1	555616	555617	5	0.9394
chr1	555641	555642	5	0.7102
chr1	555664	555665	5	0.7185
chr1	555702	555703	3	0.5495
chr1	555724	555725	5	0.4983
chr1	555774	555775	5	0.6387
chr1	555818	555819	5	0.7181
chr1	555840	555841	4	0.7611
chr1	555886	555887	6	0.6183
chr1	555918	555919	4	0.7615
chr1	555968	555969	5	0.7725
chr1	556018	556019	3	0.6872
chr1	556042	556043	4	0.5814
chr1	556073	556074	3	0.6964
chr1	556120	556121	5	0.9252
chr1	556206	556207	4	0.6089
chr1	556256	556257	3	0.6209
chr1	556356	556357	6	0.7922
chr1	556443	556444	4	0.8711
chr1	556543	556544	3	0.8024
chr1	556601	556602	5	0.7777
chr1	557849	557850	4	0.252
chr1	557899	557900	4	0.1566
chr1	557949	557950	6	0.1071
chr1	557989	557990	4	0.2428
chr1	558011	558012	4	0.4081
chr1	558043	558044	6	0.2197
chr1	558087	558088	5	0.112
chr1	558105	558106	3	0.2996
chr1	558154	558155	3	0.2208
chr1	558169	558170	4	0.2992
chr1	558209	558210	5	0.3355
chr1	558241	558242	4	0.2161
chr1	558276	558277	5	0.1472
chr1	558305	558306	2	0.2057
chr1	558331	558332	5	0.1652
chr1	558381	558382	3	0.1101
chr1	558458	558459	6	0.0232
chr1	558522	558523	5	0.1697
chr1	558622	558623	6	0.0311
chr1	558720	558721	4	0.2765
chr1	558730	558731	3	0.0084
chr1	558735	558736	5	0.6911
chr1	558785	558786	4	0.6607
chr1	558822	558823	4	0.4718
chr1	558852	558853	3	0.5892
chr1	558884	558885	7	0.6223
chr1	558934	558935	5	0.6612
chr1	558958	558959	5	0.5749
chr1	558989	558990	4	0.707
chr1	559012	559013	4	0.7107
chr1	559062	559063	4	0.6913
chr1	559086	559087	3	0.566
chr1	559117	559118	5	0.6506
chr1	559159	559160	5	0.7941
chr1	559189	559190	5	0.8021
chr1	559203	559204	6	0.6535
chr1	559303	559304	5	0.648
chr1	559353	559354	5	0.5508
chr1	559453	559454	5	0.7626
chr1	559538	559539	5	0.7022
chr1	559609	559610	4	0.5384
chr1	559695	559696	6	0.8413
chr1	559703	559704	5	0.792
chr1	559731	559732	5	0.9711
chr1	559743	559744	5	0.794
chr1	559865	559866	4	0.5706
chr1	559993	559994	6	0.754
chr1	560055	560056	4	0.7055
chr1	560065	560066	5	0.7526
chr1	560104	560105	5	0.6813
chr1	560144	560145	4	0.5193
chr1	560188	560189	5	0.7539
chr1	560224	560225	5	0.8986
chr1	560261	560262	3	0.7498
chr1	560277	560278	5	0.861
chr1	560301	560302	6	0.8198
chr1	560336	560337	5	0.8334
chr1	560386	560387	5	0.9354
chr1	560431	560432	3	0.7954
chr1	560481	560482	6	0.909
chr1	560500	560501	4	0.7617
chr1	560539	560540	5	0.7459
chr1	560565	560566	3	0.8638
chr1	560665	560666	4	0.9637
chr1	560765	560766	4	0.8873
chr1	560865	560866	6	0.771
chr1	560930	560931	5	0.7525
chr1	560994	560995	4	0.8284
chr1	561034	561035	4	0.6948
chr1	561084	561085	3	0.6893
chr1	561101	561102	6	0.5882
chr1	561148	561149	5	0.4759
chr1	561183	561184	4	0.5904
chr1	561209	561210	4	0.7141
chr1	561243	561244	3	0.5924
chr1	561292	561293	4	0.579
chr1	561315	561316	7	0.4693
chr1	561348	561349	3	0.5519
chr1	561368	561369	3	0.7225
chr1	561418	561419	4	0.6012
chr1	561454	561455	5	0.5407
chr1	561472	561473	5	0.6694
chr1	561498	561499	3	0.6327
chr1	561532	561533	4	0.5808
chr1	561557	561558	3	0.6342
chr1	561657	561658	4	0.4648
chr1	561757	561758	5	0.6486
chr1	561807	561808	5	0.6073
chr1	561891	561892	6	0.57
chr1	561971	561972	2	0.5092
chr1	562070	562071	5	0.5844
chr1	562114	562115	5	0.6131
chr1	562164	562165	5	0.5922
chr1	562210	562211	5	0.6614
chr1	562260	562261	5	0.6309
chr1	562284	562285	4	0.5794
chr1	562315	562316	4	0.5934
chr1	562331	562332	4	0.6887
chr1	562381	562382	6	0.737
chr1	562419	562420	4	0.4834
chr1	562434	562435	5	0.6774
chr1	562464	562465	6	0.7686
chr1	562479	562480	4	0.7578
chr1	562504	562505	4	0.8416
chr1	562524	562525	4	0.7986
chr1	562561	562562	4	0.7323
chr1	562611	562612	4	0.979
chr1	562640	562641	6	0.5754
chr1	562660	562661	6	0.8556
chr1	562700	562701	4	0.7518
chr1	562723	562724	6	0.7594
chr1	562749	562750	3	0.8184
chr1	562754	562755	3	1.0
chr1	562804	562805	6	0.828
chr1	562889	562890	5	0.6955
chr1	562989	562990	4	0.6967
chr1	563089	563090	5	0.6706
chr1	563154	563155	6	0.6489
chr1	563211	563212	2	0.7886
chr1	563235	563236	5	0.912
chr1	563246	563247	4	0.807
chr1	563296	563297	4	0.818
chr1	563312	563313	5	0.7589
chr1	563346	563347	6	0.8088
chr1	563375	563376	4	0.9073
chr1	563395	563396	4	0.7275
chr1	563410	563411	6	0.7902
chr1	563460	563461	5	0.848
chr1	563475	563476	4	0.6225
chr1	563515	563516	4	0.8483
chr1	563536	563537	4	0.7089
chr1	563561	563562	6	0.8185
chr1	563582	563583	6	0.8287
chr1	563627	563628	6	0.8694
chr1	563654	563655	5	0.801
chr1	563673	563674	4	0.709
chr1	563695	563696	5	0.7076
chr1	563733	563734	4	0.6681
chr1	563738	563739	5	0.8554
chr1	563838	563839	5	0.7615
chr1	563914	563915	5	0.7903
chr1	563994	563995	4	0.8296
chr1	564094	564095	4	0.6558
chr1	564194	564195	6	0.9568
chr1	564254	564255	4	0.7383
chr1	564280	564281	4	0.8476
chr1	564291	564292	4	0.6781
chr1	564321	564322	4	0.56
chr1	564358	564359	5	0.7778
chr1	564373	564374	3	0.7006
chr1	564395	564396	5	0.7356
chr1	564434	564435	4	0.681
chr1	564451	564452	4	0.7559
chr1	564488	564489	3	0.7548
chr1	564516	564517	5	0.8287
chr1	564531	564532	5	0.6743
chr1	564546	564547	4	0.6504
chr1	564574	564575	3	0.7504
chr1	564614	564615	5	0.515
chr1	564664	564665	5	0.741
chr1	564681	564682	4	0.7259
chr1	564721	564722	3	0.8277
chr1	564755	564756	3	0.7568
chr1	564770	564771	3	0.764
chr1	564796	564797	3	0.8285
chr1	564812	564813	4	0.7098
chr1	564876	564877	5	0.6994
chr1	564976	564977	5	0.5612
chr1	565076	565077	5	0.5246
chr1	565148	565149	4	0.6602
chr1	565203	565204	6	0.6031
chr1	565303	565304	5	0.6535
chr1	565377	565378	4	0.6291
chr1	565383	565384	4	0.6265
chr1	565408	565409	6	0.17
chr1	565458	565459	5	0.1809
chr1	565476	565477	5	0.0762
chr1	565525	565526	4	0.0021
chr1	565553	565554	4	0.19
chr1	565582	565583	6	0.227
chr1	565602	565603	3	0.1116
chr1	565630	565631	5	0.194
chr1	565673	565674	3	0.1624
chr1	565711	565712	3	0.1478
chr1	565729	565730	4	0.1643
chr1	565744	565745	4	0.128
chr1	565794	565795	5	0.1345
chr1	565844	565845	6	0.0847
chr1	565847	565848	5	0.0863
chr1	565898	565899	3	0.1433
chr1	566098	566099	4	0.1531
chr1	566198	566199	7	0.1013
chr1	566206	566207	5	0.0878
chr1	566270	566271	6	0.1022
chr1	566278	566279	5	0.6975
chr1	566293	566294	5	0.6325
chr1	566316	566317	3	0.5404
chr1	566343	566344	4	0.3492
chr1	566374	566375	5	0.3397
chr1	566405	566406	6	0.5293
chr1	566455	566456	7	0.4943
chr1	566490	566491	5	0.3717
chr1	566515	566516	5	0.5328
chr1	566554	566555	5	0.6346
chr1	566573	566574	4	0.66
chr1	566588	566589	4	0.6187
chr1	566631	566632	6	0.4139
chr1	566661	566662	5	0.5355
chr1	566692	566693	5	0.5272
chr1	566710	566711	3	0.5898
chr1	566755	566756	5	0.6102
chr1	566804	566805	5	0.6868
chr1	566872	566873	5	0.651
chr1	566972	566973	6	0.4955
chr1	567022	567023	5	0.5149
chr1	567122	567123	4	0.5789
chr1	567222	567223	4	0.5599
chr1	567311	567312	5	0.5181
chr1	567313	567314	5	0.892
chr1	567395	567396	5	0.9702
chr1	567419	567420	6	0.7989
chr1	567465	567466	5	0.8996
chr1	567639	567640	4	0.9371
chr1	567701	567702	3	0.629
chr1	567709	567710	4	0.4227
chr1	567737	567738	6	0.4733
chr1	567773	567774	4	0.5507
chr1	567801	567802	4	0.6592
chr1	567845	567846	6	0.6636
chr1	567866	567867	5	0.5935
chr1	567885	567886	4	0.619
chr1	567905	567906	6	0.5484
chr1	567950	567951	3	0.3738
chr1	568000	568001	3	0.72
chr1	568024	568025	4	0.5114
chr1	568043	568044	4	0.3942
chr1	568076	568077	5	0.4421
chr1	568093	568094	6	0.5274
chr1	568127	568128	3	0.4025
chr1	568155	568156	4	0.6902
chr1	568161	568162	5	0.6054
chr1	568234	568235	6	0.3515
chr1	568284	568285	5	0.414
chr1	568334	568335	4	0.4299
chr1	568434	568435	4	0.6307
chr1	568534	568535	4	0.5433
chr1	568564	568565	6	0.6163
chr1	568566	568567	5	0.6269
chr1	568666	568667	3	0.948
chr1	568692	568693	6	0.8596
chr1	568722	568723	6	0.8011
chr1	568760	568761	7	0.7135
chr1	568816	568817	3	0.8576
chr1	568908	568909	4	0.5832
chr1	568966	568967	3	0.5184
chr1	568996	568997	4	0.6968
chr1	569040	569041	5	0.611
chr1	569076	569077	4	0.7104
chr1	569105	569106	3	0.5713
chr1	569147	569148	3	0.6764
chr1	569182	569183	4	0.4619
chr1	569220	569221	6	0.6624
chr1	569270	569271	5	0.5563
chr1	569312	569313	4	0.5298
chr1	569336	569337	5	0.6659
chr1	569386	569387	4	0.4259
chr1	569416	569417	4	0.6455
chr1	569444	569445	4	0.5674
chr1	569467	569468	6	0.422
chr1	569505	569506	4	0.5899
chr1	569541	569542	4	0.6787
chr1	569558	569559	6	0.4417
chr1	569600	569601	4	0.4822
chr1	569700	569701	6	0.5026
chr1	569800	569801	4	0.5379
chr1	569857	569858	5	0.502
chr1	569927	569928	5	0.6049
chr1	570027	570028	6	0.6762
chr1	570127	570128	5	0.6317
chr1	570167	570168	4	0.5788
chr1	570189	570190	5	0.7836
chr1	570208	570209	4	0.9268
chr1	570238	570239	5	0.7524
chr1	570288	570289	5	0.9186
chr1	570310	570311	4	0.9182
chr1	570357	570358	3	0.8312
chr1	570405	570406	5	0.7623
chr1	570430	570431	4	0.8291
chr1	570480	570481	5	0.7262
chr1	570500	570501	5	0.9778
chr1	570525	570526	5	0.9003
chr1	570570	570571	6	1.0
chr1	570604	570605	5	0.8238
chr1	570626	570627	6	0.9603
chr1	570668	570669	3	0.8306
chr1	570718	570719	4	0.8173
chr1	570764	570765	4	0.7289
chr1	570846	570847	5	0.7396
chr1	570946	570947	4	0.8241
chr1	571046	571047	6	0.7224
chr1	571141	571142	5	0.739
chr1	571235	571236	4	0.7898
chr1	571335	571336	3	0.8153
chr1	571425	571426	6	0.893
chr1	571450	571451	4	0.1054
chr1	571500	571501	5	0.2749
chr1	571550	571551	4	0.5911
chr1	571592	571593	6	0.0
chr1	571631	571632	4	0.64
chr1	571650	571651	2	0.3361
chr1	571689	571690	5	0.7027
chr1	571729	571730	6	0.767
chr1	571755	571756	4	0.0741
chr1	571778	571779	5	0.0
chr1	571813	571814	3	0.1372
chr1	571831	571832	3	0.3605
chr1	571857	571858	6	0.1833
chr1	571883	571884	3	0.5338
chr1	571901	571902	5	0.4524
chr1	571951	571952	4	0.4644
chr1	571974	571975	5	0.4978
chr1	572025	572026	3	0.4378
chr1	572121	572122	6	0.1613
chr1	572171	572172	7	0.778
chr1	572271	572272	5	0.0554
chr1	572371	572372	4	0.2554
chr1	572422	572423	5	0.2176
chr1	572486	572487	5	0.0
chr1	572492	572493	3	0.0
chr1	572515	572516	5	0.5536
chr1	572541	572542	3	0.6462
chr1	572591	572592	6	0.7826
chr1	572615	572616	5	0.6894
chr1	572637	572638	4	0.6529
chr1	572654	572655	5	0.785
chr1	572671	572672	5	0.7817
chr1	572698	572699	4	0.5936
chr1	572727	572728	4	0.4797
chr1	572750	572751	4	0.628
chr1	572779	572780	6	0.7068
chr1	572810	572811	4	0.6259
chr1	572825	572826	3	0.4999
chr1	572841	572842	5	0.782
chr1	572856	572857	6	0.804
chr1	572895	572896	3	0.6846
chr1	572910	572911	3	0.704
chr1	572960	572961	4	0.7978
chr1	573007	573008	5	0.6621
chr1	573107	573108	5	0.6121
chr1	573207	573208	3	0.6543
chr1	573279	573280	4	0.5695
chr1	573379	573380	5	0.663
chr1	573479	573480	5	0.6292
chr1	573513	573514	4	0.5816
chr1	573551	573552	7	0.7263
chr1	573596	573597	4	0.196
chr1	573625	573626	6	0.253
chr1	573648	573649	4	0.9336
chr1	573671	573672	4	0.6966
chr1	573721	573722	4	0.9471
chr1	573758	573759	4	0.245
chr1	573806	573807	5	0.314
chr1	573825	573826	5	0.4032
chr1	573856	573857	7	0.7977
chr1	573879	573880	4	0.278
chr1	573923	573924	4	0.4126
chr1	573945	573946	2	0.8343
chr1	573968	573969	5	0.3076
chr1	574003	574004	6	1.0
chr1	574030	574031	5	0.321
chr1	574046	574047	4	0.667
chr1	574094	574095	5	0.9347
chr1	574103	574104	5	0.2699
chr1	574203	574204	4	0.4519
chr1	574303	574304	5	1.0
chr1	574401	574402	4	0.4927
chr1	574501	574502	5	0.6987
chr1	574596	574597	3	1.0
chr1	574620	574621	4	0.786
chr1	574659	574660	3	0.8363
chr1	574683	574684	6	0.7737
chr1	574733	574734	5	0.7698
chr1	574755	574756	5	0.8039
chr1	574788	574789	6	0.6296
chr1	574815	574816	4	0.7282
chr1	574842	574843	5	0.808
chr1	574892	574893	5	0.8145
chr1	574934	574935	6	0.5928
chr1	574949	574950	4	0.6525
chr1	574999	575000	6	0.5605
chr1	575016	575017	3	0.6681
chr1	575034	575035	3	0.7365
chr1	575052	575053	3	0.7545
chr1	575076	575077	3	0.6436
chr1	575096	575097	6	0.7375
chr1	575196	575197	4	0.7054
chr1	575282	575283	5	0.6034
chr1	575336	575337	6	0.8315
chr1	575436	575437	4	0.8242
chr1	575501	575502	6	0.7124
chr1	575585	575586	5	0.7453
chr1	575591	575592	4	0.7034
chr1	575599	575600	4	0.2278
chr1	575630	575631	6	0.2096
chr1	575680	575681	5	0.2379
chr1	575710	575711	4	0.4186
chr1	575733	575734	5	0.2751
chr1	575754	575755	5	0.3539
chr1	575792	575793	4	0.1659
chr1	575835	575836	3	0.3566
chr1	575853	575854	3	0.3534
chr1	575873	575874	5	0.2937
chr1	575923	575924	5	0.3554
chr1	575948	575949	5	0.4267
chr1	575998	575999	4	0.2546
chr1	576023	576024	4	0.3128
chr1	576059	576060	3	0.2775
chr1	576095	576096	4	0.2888
chr1	576129	576130	4	0.3837
chr1	576229	576230	1	0.2745
chr1	576279	576280	5	0.2635
chr1	576360	576361	4	0.2814
chr1	576414	576415	6	0.1689
chr1	576464	576465	4	0.3274
chr1	576552	576553	4	0.2481
chr1	576652	576653	5	0.3185
chr1	576682	576683	7	0.0543
chr1	576762	576763	5	0.0415
chr1	576776	576777	7	0.1035
chr1	576818	576819	6	0.0
chr1	576892	576893	5	0.1454
chr1	576936	576937	3	0.2108
chr1	577042	577043	5	0.1438
chr1	577092	577093	4	0.3205
chr1	577112	577113	4	0.1844
chr1	577138	577139	5	0.114
chr1	577159	577160	2	0.2449
chr1	577184	577185	3	0.1628
chr1	577207	577208	5	0.1345
chr1	577222	577223	4	0.2505
chr1	577237	577238	4	0.2925
chr1	577260	577261	3	0.3426
chr1	577310	577311	5	0.0698
chr1	577331	577332	3	0.1784
chr1	577347	577348	4	0.1764
chr1	577397	577398	5	0.2174
chr1	577435	577436	4	0.2285
chr1	577474	577475	5	0.097
chr1	577508	577509	5	0.4122
chr1	577534	577535	4	0.0689
chr1	577577	577578	6	0.0065
chr1	577614	577615	6	0.1915
chr1	577631	577632	3	0.0604
chr1	577731	577732	5	0.1786
chr1	577831	577832	4	0.2097
chr1	577931	577932	4	0.1959
chr1	578006	578007	3	0.3112
chr1	578106	578107	3	0.2858
chr1	578140	578141	3	0.3347
chr1	578188	578189	5	0.1972
chr1	578195	578196	3	0.6568
chr1	578218	578219	3	0.4627
chr1	578241	578242	4	0.5697
chr1	578285	578286	4	0.506
chr1	578306	578307	6	0.5346
chr1	578339	578340	6	0.6716
chr1	578360	578361	5	0.561
chr1	578377	578378	4	0.5662
chr1	578409	578410	5	0.5273
chr1	578429	578430	4	0.5136
chr1	578460	578461	6	0.5028
chr1	578475	578476	4	0.6211
chr1	578503	578504	5	0.6231
chr1	578535	578536	7	0.5917
chr1	578564	578565	4	0.4137
chr1	578590	578591	4	0.6394
chr1	578615	578616	4	0.6339
chr1	578665	578666	4	0.3103
chr1	578765	578766	5	0.5425
chr1	578865	578866	5	0.5736
chr1	578965	578966	3	0.6871
chr1	579015	579016	3	0.4415
chr1	579081	579082	4	0.8681
chr1	579215	579216	5	0.8563
chr1	579339	579340	5	0.7631
chr1	579441	579442	4	0.6748
chr1	579477	579478	5	0.9461
chr1	579484	579485	6	0.6414
chr1	579521	579522	4	0.6021
chr1	579571	579572	4	0.4513
chr1	579621	579622	5	0.5756
chr1	579668	579669	5	0.6978
chr1	579718	579719	7	0.5513
chr1	579741	579742	6	0.6421
chr1	579770	579771	6	0.797
chr1	579806	579807	4	0.6616
chr1	579856	579857	6	0.7615
chr1	579887	579888	3	0.5692
chr1	579961	579962	6	0.4717
chr1	580011	580012	5	0.6092
chr1	580077	580078	5	0.5688
chr1	580177	580178	3	0.6185
chr1	580277	580278	4	0.6701
chr1	580293	580294	3	0.896
chr1	580315	580316	4	1.0
chr1	580337	580338	3	0.8524
chr1	580627	580628	4	0.8923
chr1	580707	580708	5	1.0
chr1	580731	580732	2	0.7776
chr1	580775	580776	5	0.8405
chr1	580782	580783	4	0.3564
chr1	580818	580819	3	0.5214
chr1	580858	580859	4	0.5342
chr1	580873	580874	5	0.4775
chr1	580909	580910	5	0.4471
chr1	580940	580941	5	0.4065
chr1	580961	580962	3	0.4176
chr1	581001	581002	4	0.4686
chr1	581016	581017	4	0.5848
chr1	581046	581047	5	0.3764
chr1	581061	581062	5	0.4863
chr1	581102	581103	6	0.5678
chr1	581140	581141	4	0.5239
chr1	581159	581160	5	0.4932
chr1	581179	581180	5	0.5218
chr1	581228	581229	5	0.5101
chr1	581255	581256	4	0.5133
chr1	581275	581276	4	0.4983
chr1	581291	581292	3	0.6781
chr1	581341	581342	4	0.4981
chr1	581432	581433	5	0.5154
chr1	581532	581533	4	0.159
chr1	581632	581633	4	0.4671
chr1	581686	581687	4	0.4326
chr1	581786	581787	4	0.4197
chr1	581800	581801	4	0.3077
chr1	581836	581837	5	0.2537
chr1	581938	581939	6	0.296
chr1	582112	582113	6	0.2884
chr1	582176	582177	5	0.1723
chr1	582214	582215	5	0.3029
chr1	582250	582251	3	0.6868
chr1	582275	582276	5	0.7984
chr1	582291	582292	2	0.6363
chr1	582323	582324	4	0.7989
chr1	582362	582363	4	0.5035
chr1	582394	582395	2	0.6469
chr1	582423	582424	5	0.7565
chr1	582448	582449	3	0.8449
chr1	582474	582475	6	0.7706
chr1	582491	582492	5	0.7171
chr1	582520	582521	5	0.8636
chr1	582545	582546	5	0.6033
chr1	582580	582581	4	0.8656
chr1	582624	582625	3	0.7386
chr1	582672	582673	6	0.7954
chr1	582687	582688	5	0.8937
chr1	582721	582722	5	0.8969
chr1	582736	582737	4	0.7461
chr1	582791	582792	5	0.6748
chr1	582891	582892	4	0.8469
chr1	582991	582992	5	0.8191
chr1	583067	583068	4	0.6669
chr1	583167	583168	4	0.6939
chr1	583237	583238	5	0.846
chr1	583257	583258	3	0.8588
chr1	583263	583264	5	0.6318
chr1	583302	583303	5	0.7304
chr1	583333	583334	6	0.7385
chr1	583348	583349	5	0.6059
chr1	583363	583364	4	0.5148
chr1	583413	583414	5	0.5625
chr1	583443	583444	4	0.5929
chr1	583492	583493	5	0.7085
chr1	583542	583543	4	0.504
chr1	583570	583571	5	0.6037
chr1	583617	583618	5	0.5117
chr1	583642	583643	4	0.5203
chr1	583663	583664	4	0.5029
chr1	583700	583701	5	0.5648
chr1	583721	583722	4	0.621
chr1	583744	583745	4	0.5976
chr1	583768	583769	5	0.6121
chr1	583792	583793	5	0.588
chr1	583842	583843	4	0.6806
chr1	583942	583943	5	0.5437
chr1	584042	584043	7	0.5942
chr1	584142	584143	3	0.5835
chr1	584242	584243	3	0.5543
chr1	584262	584263	5	0.8699
chr1	584374	584375	4	1.0
chr1	584418	584419	4	0.6369
chr1	584458	584459	4	0.7461
chr1	584462	584463	3	0.7674
chr1	584558	584559	3	1.0
chr1	584712	584713	3	0.9144
chr1	584724	584725	6	0.8314
chr1	584749	584750	5	0.8052
chr1	584775	584776	5	0.6722
chr1	584812	584813	5	0.7912
chr1	584862	584863	3	0.6976
chr1	584880	584881	5	0.6952
chr1	584915	584916	7	0.5563
chr1	584951	584952	6	0.6739
chr1	584986	584987	5	0.6845
chr1	585001	585002	3	0.7632
chr1	585029	585030	5	0.6195
chr1	585079	585080	5	0.6378
chr1	585121	585122	3	0.8648
chr1	585147	585148	5	0.7913
chr1	585176	585177	4	0.7984
chr1	585201	585202	5	0.6092
chr1	585227	585228	4	0.6797
chr1	585320	585321	5	0.6853
chr1	585420	585421	4	0.7013
chr1	585520	585521	4	0.6767
chr1	585574	585575	5	0.7836
chr1	585674	585675	4	0.7149
chr1	585684	585685	6	0.8625
chr1	585694	585695	6	0.766
chr1	585727	585728	5	0.7455
chr1	585759	585760	2	0.7056
chr1	585799	585800	3	0.6501
chr1	585818	585819	4	0.4995
chr1	585868	585869	2	0.6062
chr1	585894	585895	5	0.3465
chr1	585944	585945	4	0.6674
chr1	585984	585985	5	0.5911
chr1	585999	586000	3	0.5337
chr1	586021	586022	5	0.5597
chr1	586044	586045	3	0.8225
chr1	586090	586091	5	0.5628
chr1	586105	586106	4	0.5051
chr1	586123	586124	7	0.5579
chr1	586164	586165	5	0.6596
chr1	586191	586192	4	0.788
chr1	586224	586225	5	0.5761
chr1	586250	586251	4	0.7057
chr1	586262	586263	5	0.5069
chr1	586362	586363	3	0.6305
chr1	586462	586463	3	0.53
chr1	586562	586563	3	0.4732
chr1	586662	586663	4	0.5012
chr1	586730	586731	4	0.4977
chr1	586786	586787	3	0.4718
chr1	586820	586821	6	0.9425
chr1	586866	586867	4	0.9628
chr1	586874	586875	6	0.7959
chr1	586942	586943	2	0.6582
chr1	586944	586945	5	0.7592
chr1	586970	586971	5	0.9285
chr1	587096	587097	4	0.8783
chr1	587130	587131	5	0.6371
chr1	587148	587149	4	0.8671
chr1	587220	587221	6	1.0
chr1	587229	587230	6	0.3073
chr1	587257	587258	5	0.3145
chr1	587307	587308	4	0.3703
chr1	587357	587358	3	0.2945
chr1	587387	587388	4	0.3775
chr1	587430	587431	7	0.4178
chr1	587448	587449	5	0.2503
chr1	587471	587472	5	0.3188
chr1	587517	587518	3	0.2673
chr1	587532	587533	5	0.3308
chr1	587582	587583	4	0.3204
chr1	587602	587603	5	0.3421
chr1	587652	587653	4	0.3451
chr1	587702	587703	6	0.1645
chr1	587728	587729	6	0.4275
chr1	587762	587763	4	0.1939
chr1	587812	587813	3	0.3252
chr1	587883	587884	3	0.3733
chr1	587933	587934	6	0.3064
chr1	588011	588012	6	0.4578
chr1	588111	588112	3	0.295
chr1	588191	588192	5	0.4138
chr1	588291	588292	3	0.427
chr1	588301	588302	4	0.0416
chr1	588339	588340	5	0.0972
chr1	588383	588384	5	0.0
chr1	588453	588454	4	0.1089
chr1	588495	588496	7	0.2969
chr1	588553	588554	5	0.1564
chr1	588661	588662	4	0.2809
chr1	588745	588746	4	0.0559
chr1	588793	588794	6	0.3391
chr1	588814	588815	5	0.1397
chr1	588864	588865	5	0.032
chr1	588888	588889	6	0.3034
chr1	588903	588904	6	0.2335
chr1	588947	588948	5	0.0563
chr1	588997	588998	5	0.0511
chr1	589039	589040	5	0.1763
chr1	589089	589090	3	0.2163
chr1	589109	589110	5	0.1113
chr1	589159	589160	4	0.0853
chr1	589187	589188	4	0.2771
chr1	589237	589238	6	0.0393
chr1	589255	589256	4	0.123
chr1	589276	589277	4	0.0044
chr1	589376	589377	5	0.1163
chr1	589476	589477	5	0.1157
chr1	589548	589549	3	0.1423
chr1	589636	589637	4	0.1616
chr1	589736	589737	5	0.0637
chr1	589794	589795	5	0.0769
chr1	589810	589811	4	0.3522
chr1	589820	589821	5	0.7032
chr1	589842	589843	5	0.6037
chr1	589892	589893	4	0.7097
chr1	589942	589943	2	0.577
chr1	589981	589982	4	0.5994
chr1	590009	590010	6	0.6971
chr1	590056	590057	4	0.8126
chr1	590071	590072	5	0.5926
chr1	590106	590107	6	0.6401
chr1	590156	590157	5	0.8005
chr1	590192	590193	4	0.7329
chr1	590234	590235	3	0.6106
chr1	590264	590265	5	0.5602
chr1	590295	590296	5	0.7072
chr1	590390	590391	4	0.7257
chr1	590440	590441	5	0.6806
chr1	590493	590494	4	0.7878
chr1	590590	590591	7	0.6231
chr1	590640	590641	5	0.5657
chr1	590726	590727	2	0.7334
chr1	590770	590771	4	0.978
chr1	590860	590861	4	1.0
chr1	590864	590865	6	0.8754
chr1	590904	590905	4	0.7882
chr1	590946	590947	6	0.8389
chr1	590958	590959	5	0.865
chr1	590994	590995	5	0.992
chr1	591026	591027	6	0.8746
chr1	591130	591131	4	0.8977
chr1	591148	591149	4	0.7973
chr1	591183	591184	4	0.3125
chr1	591205	591206	4	0.3572
chr1	591227	591228	6	0.3346
chr1	591247	591248	5	0.2272
chr1	591276	591277	3	0.3044
chr1	591326	591327	6	0.3135
chr1	591348	591349	4	0.1916
chr1	591382	591383	5	0.5925
chr1	591421	591422	5	0.2211
chr1	591436	591437	4	0.5297
chr1	591460	591461	3	0.3714
chr1	591510	591511	5	0.2629
chr1	591560	591561	4	0.3122
chr1	591578	591579	4	0.3594
chr1	591623	591624	6	0.1853
chr1	591723	591724	5	0.3366
chr1	591823	591824	4	0.3279
chr1	591923	591924	4	0.2301
chr1	591983	591984	6	0.4028
chr1	592019	592020	6	0.2005
chr1	592081	592082	3	0.3635
chr1	592113	592114	4	0.6087
chr1	592128	592129	5	0.6921
chr1	592144	592145	4	0.7377
chr1	592194	592195	5	0.6825
chr1	592213	592214	4	0.748
chr1	592260	592261	4	0.7964
chr1	592283	592284	4	0.8531
chr1	592324	592325	5	0.7372
chr1	592351	592352	3	0.6951
chr1	592401	592402	4	0.5183
chr1	592450	592451	5	0.7763
chr1	592469	592470	3	0.7419
chr1	592484	592485	3	0.7735
chr1	592520	592521	5	0.8312
chr1	592565	592566	4	0.6135
chr1	592597	592598	4	0.709
chr1	592656	592657	5	0.6968
chr1	592756	592757	5	0.628
chr1	592856	592857	4	0.5528
chr1	592906	592907	5	0.6824
chr1	592956	592957	6	0.6258
chr1	593056	593057	5	0.59
chr1	593060	593061	6	0.7745
chr1	593088	593089	4	0.826
chr1	593111	593112	4	0.7412
chr1	593154	593155	4	0.7966
chr1	593200	593201	4	0.8067
chr1	593225	593226	5	0.8639
chr1	593262	593263	5	0.8461
chr1	593307	593308	4	0.9433
chr1	593330	593331	5	0.706
chr1	593359	593360	6	0.753
chr1	593396	593397	6	0.9984
chr1	593415	593416	5	0.7223
chr1	593446	593447	3	0.7208
chr1	593496	593497	5	0.7874
chr1	593527	593528	1	0.7294
chr1	593563	593564	6	0.8336
chr1	593580	593581	4	0.779
chr1	593604	593605	5	0.8627
chr1	593642	593643	6	0.9414
chr1	593657	593658	6	0.8693
chr1	593670	593671	5	0.7481
chr1	593770	593771	3	0.6539
chr1	593820	593821	5	0.7763
chr1	593920	593921	4	0.7908
chr1	594020	594021	6	0.7462
chr1	594102	594103	5	0.8216
chr1	594202	594203	4	0.7381
chr1	594222	594223	4	0.8691
chr1	594228	594229	5	0.9137
chr1	594243	594244	3	0.8893
chr1	594293	594294	4	0.6745
chr1	594343	594344	5	0.7604
chr1	594372	594373	6	0.7374
chr1	594399	594400	4	0.7512
chr1	594414	594415	4	0.9795
chr1	594456	594457	5	0.6504
chr1	594481	594482	6	0.8259
chr1	594516	594517	5	0.7955
chr1	594543	594544	5	0.7686
chr1	594558	594559	4	0.725
chr1	594573	594574	3	0.8695
chr1	594605	594606	3	0.7594
chr1	594645	594646	4	0.7799
chr1	594684	594685	7	0.8461
chr1	594707	594708	3	0.6985
chr1	594807	594808	4	0.7738
chr1	594907	594908	5	0.8398
chr1	594959	594960	7	0.8934
chr1	595009	595010	5	0.7277
chr1	595072	595073	6	0.7234
chr1	595148	595149	5	0.8176
chr1	595168	595169	5	0.8399
chr1	595190	595191	5	0.8819
chr1	595209	595210	4	0.8458
chr1	595256	595257	4	0.8691
chr1	595295	595296	5	0.9453
chr1	595318	595319	6	0.7685
chr1	595355	595356	4	0.908
chr1	595394	595395	4	0.8763
chr1	595435	595436	3	0.824
chr1	595472	595473	6	0.8044
chr1	595505	595506	5	0.7418
chr1	595555	595556	4	0.9759
chr1	595570	595571	4	0.6321
chr1	595587	595588	5	0.8476
chr1	595592	595593	3	0.8259
chr1	595652	595653	6	0.7927
chr1	595744	595745	4	0.7722
chr1	595844	595845	5	0.7724
chr1	595939	595940	7	0.7869
chr1	596021	596022	4	0.7749
chr1	596029	596030	3	0.8067
chr1	596078	596079	4	0.3346
chr1	596095	596096	4	0.2872
chr1	596134	596135	6	0.1721
chr1	596170	596171	6	0.0736
chr1	596186	596187	5	0.0369
chr1	596205	596206	3	0.1628
chr1	596236	596237	3	0.1963
chr1	596273	596274	3	0.2959
chr1	596300	596301	4	0.097
chr1	596315	596316	5	0.0956
chr1	596341	596342	4	0.0522
chr1	596390	596391	4	0.0
chr1	596410	596411	4	0.0782
chr1	596436	596437	3	0.1656
chr1	596464	596465	5	0.2662
chr1	596487	596488	5	0.102
chr1	596503	596504	2	0.0699
chr1	596551	596552	4	0.1132
chr1	596593	596594	5	0.1052
chr1	596628	596629	4	0.2795
chr1	596655	596656	4	0.1319
chr1	596671	596672	4	0.1352
chr1	596728	596729	4	0.1401
chr1	596828	596829	5	0.1211
chr1	596928	596929	7	0.0827
chr1	597028	597029	3	0.3347
chr1	597107	597108	6	0.3233
chr1	597179	597180	4	0.1099
chr1	597249	597250	5	0.1042
chr1	597289	597290	4	0.0042
chr1	597313	597314	5	0.2661
chr1	597345	597346	5	0.5513
chr1	597386	597387	6	0.7945
chr1	597418	597419	4	0.6784
chr1	597433	597434	6	0.6538
chr1	597483	597484	6	0.6656
chr1	597527	597528	5	0.646
chr1	597542	597543	5	0.779
chr1	597566	597567	5	0.7697
chr1	597612	597613	2	0.7851
chr1	597644	597645	4	0.7799
chr1	597681	597682	5	0.6539
chr1	597696	597697	5	0.7839
chr1	597721	597722	4	0.7254
chr1	597745	597746	4	0.6824
chr1	597795	597796	4	0.6581
chr1	597828	597829	6	0.6369
chr1	597865	597866	4	0.599
chr1	597904	597905	5	0.6795
chr1	597919	597920	3	0.6483
chr1	598019	598020	5	0.7486
chr1	598117	598118	6	0.7435
chr1	598172	598173	4	0.7249
chr1	598259	598260	3	0.7675
chr1	598359	598360	4	0.8045
chr1	598459	598460	5	0.7152
chr1	598545	598546	5	0.7452
chr1	598557	598558	5	0.7193
chr1	598564	598565	3	0.6904
chr1	598605	598606	4	0.6669
chr1	598632	598633	5	0.6722
chr1	598682	598683	4	0.5057
chr1	598732	598733	6	0.635
chr1	598782	598783	3	0.6171
chr1	598809	598810	4	0.583
chr1	598828	598829	4	0.6474
chr1	598878	598879	6	0.6018
chr1	598914	598915	5	0.6904
chr1	598929	598930	6	0.6623
chr1	598960	598961	4	0.5724
chr1	598986	598987	2	0.5084
chr1	599086	599087	5	0.7151
chr1	599186	599187	5	0.6057
chr1	599286	599287	4	0.8368
chr1	599370	599371	3	0.7299
chr1	599394	599395	6	0.7734
chr1	599432	599433	6	0.817
chr1	599454	599455	4	0.7966
chr1	599478	599479	3	0.876
chr1	599504	599505	5	0.7022
chr1	599654	599655	4	0.9512
chr1	599682	599683	3	0.9251
chr1	599796	599797	3	0.6896
chr1	599804	599805	5	0.5511
chr1	599820	599821	4	0.6804
chr1	599835	599836	5	0.6566
chr1	599856	599857	5	0.7447
chr1	599904	599905	5	0.6197
chr1	599919	599920	5	0.5635
chr1	599955	599956	4	0.7766
chr1	599985	599986	3	0.6671
chr1	600020	600021	4	0.5686
chr1	600041	600042	4	0.8038
chr1	600063	600064	4	0.6286
chr1	600113	600114	2	0.6252
chr1	600140	600141	5	0.7168
chr1	600174	600175	6	0.6945
chr1	600195	600196	4	0.5396
chr1	600210	600211	4	0.7444
chr1	600232	600233	5	0.6233
chr1	600273	600274	3	0.558
chr1	600285	600286	3	0.6963
chr1	600385	600386	3	0.7074
chr1	600483	600484	4	0.7602
chr1	600583	600584	7	0.7065
chr1	600633	600634	4	0.659
chr1	600733	600734	4	0.7024
chr1	600799	600800	6	1.0
chr1	600833	600834	4	0.8687
chr1	600835	600836	5	0.7346
chr1	600915	600916	4	0.9146
chr1	600981	600982	5	0.9414
chr1	600993	600994	5	0.7281
chr1	601105	601106	5	0.8829
chr1	601185	601186	4	0.8493
chr1	601191	601192	5	0.7396
chr1	601227	601228	6	0.9968
chr1	601235	601236	4	0.3864
chr1	601258	601259	5	0.3473
chr1	601308	601309	5	0.4369
chr1	601329	601330	3	0.328
chr1	601370	601371	5	0.4385
chr1	601405	601406	5	0.4249
chr1	601424	601425	4	0.3513
chr1	601458	601459	4	0.3277
chr1	601493	601494	6	0.4571
chr1	601537	601538	3	0.3334
chr1	601563	601564	3	0.3801
chr1	601605	601606	4	0.5301
chr1	601644	601645	5	0.4952
chr1	601677	601678	5	0.4711
chr1	601727	601728	5	0.4849
chr1	601763	601764	5	0.3976
chr1	601863	601864	4	0.4906
chr1	601963	601964	5	0.4983
chr1	602035	602036	4	0.6018
chr1	602099	602100	4	0.3462
chr1	602199	602200	5	0.4859
chr1	602265	602266	4	0.8978
chr1	602505	602506	4	0.832
chr1	602593	602594	4	0.998
chr1	602597	602598	5	0.7206
chr1	602685	602686	5	0.6981
chr1	602689	602690	2	0.621
chr1	602697	602698	4	0.4379
chr1	602723	602724	2	0.6447
chr1	602763	602764	4	0.5001
chr1	602792	602793	3	0.503
chr1	602809	602810	4	0.5331
chr1	602828	602829	6	0.4687
chr1	602856	602857	4	0.4284
chr1	602906	602907	4	0.5869
chr1	602941	602942	6	0.4683
chr1	602991	602992	2	0.4117
chr1	603009	603010	3	0.4415
chr1	603032	603033	3	0.3984
chr1	603064	603065	5	0.4954
chr1	603107	603108	6	0.3895
chr1	603124	603125	3	0.4414
chr1	603164	603165	3	0.4992
chr1	603264	603265	4	0.626
chr1	603352	603353	5	0.4816
chr1	603421	603422	4	0.6219
chr1	603521	603522	5	0.3322
chr1	603621	603622	5	0.5889
chr1	603681	603682	3	0.8722
chr1	603719	603720	4	0.9831
chr1	603757	603758	5	0.6812
chr1	603875	603876	4	0.7061
chr1	603903	603904	3	0.927
chr1	603941	603942	4	0.7186
chr1	603983	603984	5	0.8241
chr1	604101	604102	5	0.7715
chr1	604119	604120	4	0.6556
chr1	604129	604130	3	0.2291
chr1	604176	604177	6	0.2824
chr1	604205	604206	5	0.2027
chr1	604255	604256	5	0.219
chr1	604290	604291	3	0.2126
chr1	604329	604330	5	0.2443
chr1	604349	604350	5	0.2992
chr1	604395	604396	4	0.3352
chr1	604417	604418	6	0.1717
chr1	604467	604468	3	0.3403
chr1	604501	604502	5	0.1922
chr1	604551	604552	7	0.2166
chr1	604575	604576	3	0.2994
chr1	604591	604592	3	0.2166
chr1	604608	604609	5	0.2313
chr1	604632	604633	4	0.4177
chr1	604649	604650	3	0.2724
chr1	604749	604750	5	0.2255
chr1	604849	604850	4	0.3029
chr1	604949	604950	4	0.2011
chr1	604999	605000	7	0.307
chr1	605099	605100	5	0.2437
chr1	605129	605130	5	0.0056
chr1	605201	605202	4	0.0516
chr1	605379	605380	4	0.0
chr1	605463	605464	2	0.0993
chr1	605505	605506	5	0.1632
chr1	605552	605553	6	0.2256
chr1	605571	605572	5	0.3812
chr1	605616	605617	4	0.1184
chr1	605643	605644	3	0.2103
chr1	605666	605667	4	0.1839
chr1	605709	605710	6	0.0
chr1	605736	605737	6	0.2479
chr1	605775	605776	4	0.316
chr1	605793	605794	6	0.1773
chr1	605843	605844	5	0.315
chr1	605876	605877	5	0.1836
chr1	605898	605899	5	0.2589
chr1	605921	605922	4	0.073
chr1	605942	605943	6	0.0342
chr1	605964	605965	4	0.2801
chr1	606014	606015	5	0.1379
chr1	606033	606034	8	0.1119
chr1	606133	606134	4	0.2508
chr1	606230	606231	4	0.1621
chr1	606330	606331	4	0.3725
chr1	606430	606431	4	0.1303
chr1	606436	606437	5	0.1458
chr1	606440	606441	4	0.0696
chr1	606486	606487	4	0.6926
chr1	606503	606504	4	0.6492
chr1	606520	606521	4	0.7778
chr1	606543	606544	6	0.5275
chr1	606590	606591	6	0.5971
chr1	606612	606613	3	0.7128
chr1	606630	606631	5	0.5514
chr1	606678	606679	5	0.8302
chr1	606712	606713	5	0.677
chr1	606727	606728	4	0.6731
chr1	606769	606770	3	0.5533
chr1	606819	606820	6	0.6648
chr1	606834	606835	5	0.8646
chr1	606854	606855	5	0.5062
chr1	606895	606896	6	0.5722
chr1	606918	606919	3	0.6444
chr1	606935	606936	3	0.7492
chr1	606981	606982	5	0.6317
chr1	606992	606993	2	0.7422
chr1	607092	607093	5	0.7137
chr1	607192	607193	4	0.8181
chr1	607275	607276	6	0.8366
chr1	607373	607374	5	0.5931
chr1	607473	607474	5	0.5705
chr1	607529	607530	3	0.8333
chr1	607553	607554	5	0.9566
chr1	607592	607593	3	0.6504
chr1	607618	607619	5	0.6379
chr1	607668	607669	6	0.7688
chr1	607711	607712	4	0.6781
chr1	607728	607729	5	0.6419
chr1	607752	607753	6	0.6676
chr1	607790	607791	4	0.5817
chr1	607817	607818	4	0.6959
chr1	607836	607837	5	0.7062
chr1	607879	607880	3	0.6714
chr1	607912	607913	4	0.7567
chr1	607939	607940	4	0.6703
chr1	607984	607985	4	0.7747
chr1	608034	608035	3	0.6247
chr1	608064	608065	5	0.6113
chr1	608104	608105	5	0.6962
chr1	608128	608129	5	0.6578
chr1	608161	608162	4	0.7789
chr1	608197	608198	5	0.7062
chr1	608204	608205	4	0.7809
chr1	608254	608255	6	0.7201
chr1	608354	608355	4	0.8196
chr1	608407	608408	6	0.8248
chr1	608507	608508	6	0.6761
chr1	608607	608608	5	0.6418
chr1	608707	608708	4	0.6948
chr1	608807	608808	4	0.7476
chr1	608901	608902	6	0.7498
chr1	608939	608940	5	0.737
chr1	608955	608956	4	0.6243
chr1	609005	609006	5	0.6753
chr1	609030	609031	4	0.5311
chr1	609058	609059	3	0.6539
chr1	609083	609084	5	0.6974
chr1	609099	609100	5	0.6253
chr1	609117	609118	4	0.696
chr1	609167	609168	6	0.5809
chr1	609195	609196	5	0.5706
chr1	609219	609220	4	0.8095
chr1	609248	609249	5	0.5967
chr1	609274	609275	3	0.5829
chr1	609292	609293	4	0.4143
chr1	609338	609339	4	0.5884
chr1	609356	609357	6	0.7662
chr1	609381	609382	5	0.5624
chr1	609427	609428	4	0.5264
chr1	609448	609449	4	0.5261
chr1	609476	609477	6	0.6057
chr1	609487	609488	5	0.6917
chr1	609587	609588	2	0.7816
chr1	609687	609688	5	0.6774
chr1	609787	609788	5	0.5875
chr1	609857	609858	4	0.5798
chr1	609941	609942	6	0.5977
chr1	609963	609964	3	0.6148
chr1	610003	610004	4	0.7416
chr1	610044	610045	5	0.7458
chr1	610077	610078	3	0.6532
chr1	610127	610128	4	0.6442
chr1	610151	610152	3	0.8772
chr1	610185	610186	6	0.8364
chr1	610200	610201	4	0.6657
chr1	610229	610230	3	0.6391
chr1	610250	610251	5	0.5967
chr1	610300	610301	4	0.731
chr1	610331	610332	5	0.7524
chr1	610356	610357	6	0.9464
chr1	610381	610382	2	0.624
chr1	610417	610418	4	0.7335
chr1	610462	610463	5	0.6732
chr1	610483	610484	3	0.7968
chr1	610500	610501	3	0.7759
chr1	610530	610531	2	0.8028
chr1	610533	610534	6	0.5699
chr1	610599	610600	5	0.8891
chr1	610695	610696	6	0.6826
chr1	610795	610796	3	0.9297
chr1	610895	610896	4	0.8088
chr1	610995	610996	4	0.9365
chr1	611024	611025	5	0.6887
chr1	611068	611069	6	0.7805
chr1	612036	612037	4	0.5866
chr1	612068	612069	5	0.6116
chr1	612110	612111	5	0.5422
chr1	612149	612150	3	0.376
chr1	612189	612190	6	0.5585
chr1	612217	612218	6	0.5045
chr1	612266	612267	5	0.5286
chr1	612300	612301	4	0.6074
chr1	612350	612351	3	0.5473
chr1	612374	612375	4	0.3837
chr1	612405	612406	6	0.628
chr1	612424	612425	4	0.6492
chr1	612461	612462	4	0.3299
chr1	612486	612487	4	0.5877
chr1	612536	612537	4	0.598
chr1	612580	612581	5	0.5167
chr1	612592	612593	5	0.6038
chr1	612645	612646	5	0.5144
chr1	612741	612742	3	0.5665
chr1	612841	612842	4	0.6894
chr1	612933	612934	7	0.625
chr1	613033	613034	3	0.5786
chr1	613133	613134	5	0.5193
chr1	613151	613152	4	0.9714
chr1	613253	613254	4	0.7863
chr1	613323	613324	3	0.9597
chr1	613435	613436	5	0.6387
chr1	613459	613460	4	0.9484
chr1	613545	613546	4	0.8018
chr1	613553	613554	4	0.7802
chr1	613572	613573	4	0.5928
chr1	613589	613590	4	0.6768
chr1	613604	613605	4	0.5678
chr1	613630	613631	5	0.5472
chr1	613680	613681	5	0.8323
chr1	613701	613702	4	0.5226
chr1	613716	613717	5	0.6624
chr1	613731	613732	6	0.4853
chr1	613755	613756	6	0.8218
chr1	613770	613771	3	0.5199
chr1	613820	613821	6	0.791
chr1	613870	613871	6	0.7591
chr1	613897	613898	5	0.7442
chr1	613928	613929	6	0.546
chr1	613967	613968	5	0.5683
chr1	614003	614004	3	0.7255
chr1	614025	614026	2	0.6689
chr1	614043	614044	5	0.6154
chr1	614077	614078	3	0.6965
chr1	614108	614109	5	0.6408
chr1	614134	614135	3	0.8338
chr1	614141	614142	5	0.7555
chr1	614235	614236	6	0.7249
chr1	614335	614336	6	0.7335
chr1	614413	614414	6	0.6159
chr1	614513	614514	6	0.5594
chr1	614613	614614	5	0.5635
chr1	614713	614714	4	0.5728
chr1	614747	614748	6	0.9708
chr1	614957	614958	4	0.96
chr1	614993	614994	4	0.748
chr1	615105	615106	3	0.7722
chr1	615111	615112	4	0.877
chr1	615119	615120	5	0.7514
chr1	615169	615170	4	0.8936
chr1	615189	615190	3	0.7818
chr1	615225	615226	3	0.6932
chr1	615256	615257	4	0.6675
chr1	615281	615282	3	0.7411
chr1	615321	615322	4	0.8491
chr1	615361	615362	4	0.8985
chr1	615387	615388	5	0.8055
chr1	615437	615438	4	0.7228
chr1	615452	615453	4	0.9706
chr1	615486	615487	5	0.8191
chr1	615536	615537	5	0.5406
chr1	615579	615580	4	0.6877
chr1	615615	615616	4	0.5784
chr1	615623	615624	5	0.6231
chr1	615723	615724	3	0.4461
chr1	615807	615808	4	0.376
chr1	615882	615883	4	0.509
chr1	615982	615983	4	0.8433
chr1	616032	616033	5	0.7863
chr1	616082	616083	5	0.7791
chr1	616262	616263	4	0.6537
chr1	616370	616371	5	0.8428
chr1	616380	616381	6	0.6841
chr1	616430	616431	4	0.6403
chr1	616462	616463	5	0.846
chr1	616576	616577	5	0.7888
chr1	616613	616614	3	0.7156
chr1	616652	616653	5	0.7463
chr1	616683	616684	4	0.8269
chr1	616704	616705	4	0.6674
chr1	616736	616737	3	0.617
chr1	616757	616758	5	0.7046
chr1	616806	616807	5	0.8413
chr1	616823	616824	3	0.7884
chr1	616851	616852	6	0.8511
chr1	616883	616884	6	0.5719
chr1	616913	616914	5	0.7718
chr1	616963	616964	5	0.8095
chr1	616978	616979	6	0.6351
chr1	617006	617007	5	0.697
chr1	617021	617022	5	0.5893
chr1	617036	617037	4	0.8353
chr1	617049	617050	4	0.6909
chr1	617142	617143	3	0.7
chr1	617242	617243	4	0.6508
chr1	617340	617341	5	0.7151
chr1	617404	617405	4	0.7778
chr1	617420	617421	6	0.5277
chr1	617444	617445	4	0.6967
chr1	617463	617464	4	0.3357
chr1	617484	617485	3	0.4662
chr1	617507	617508	4	0.2232
chr1	617557	617558	5	0.1187
chr1	617572	617573	3	0.3804
chr1	617609	617610	4	0.2772
chr1	617641	617642	6	0.4452
chr1	617660	617661	5	0.1364
chr1	617683	617684	7	0.1772
chr1	617698	617699	5	0.2856
chr1	617729	617730	5	0.3733
chr1	617779	617780	2	0.417
chr1	617810	617811	4	0.4047
chr1	617846	617847	4	0.2877
chr1	617876	617877	5	0.4863
chr1	617892	617893	4	0.2271
chr1	617921	617922	5	0.1902
chr1	617955	617956	4	0.2298
chr1	617991	617992	8	0.2648
chr1	617994	617995	5	0.3065
chr1	618089	618090	3	0.3172
chr1	618189	618190	6	0.2755
chr1	618289	618290	7	0.2561
chr1	618389	618390	6	0.2993
chr1	618487	618488	5	0.4308
chr1	618501	618502	5	0.2638
chr1	618507	618508	4	0.3334
chr1	618517	618518	4	0.5447
chr1	618560	618561	7	0.5141
chr1	618575	618576	5	0.576
chr1	618590	618591	4	0.719
chr1	618611	618612	4	0.5502
chr1	618629	618630	5	0.6844
chr1	618671	618672	5	0.5774
chr1	618721	618722	4	0.4769
chr1	618754	618755	4	0.5644
chr1	618773	618774	6	0.5737
chr1	618803	618804	3	0.4061
chr1	618822	618823	3	0.6857
chr1	618871	618872	4	0.6802
chr1	618909	618910	6	0.6608
chr1	618940	618941	4	0.4244
chr1	618970	618971	4	0.4972
chr1	618990	618991	6	0.6744
chr1	619003	619004	2	0.6062
chr1	619103	619104	6	0.3806
chr1	619160	619161	6	0.7073
chr1	619260	619261	4	0.5904
chr1	619314	619315	5	0.6932
chr1	619414	619415	5	0.6412
chr1	619475	619476	4	0.4536
chr1	619555	619556	6	0.8376
chr1	619575	619576	4	0.9184
chr1	619585	619586	4	0.8978
chr1	619629	619630	5	0.8197
chr1	619683	619684	4	0.756
chr1	619779	619780	4	0.7628
chr1	619797	619798	3	0.8216
chr1	619881	619882	4	0.8207
chr1	619945	619946	5	0.7786
chr1	619966	619967	6	0.5675
chr1	619999	620000	5	0.6115
chr1	620025	620026	6	0.7091
chr1	620073	620074	6	0.7515
chr1	620088	620089	4	0.8425
chr1	620119	620120	4	0.6401
chr1	620145	620146	3	0.783
chr1	620174	620175	3	0.7745
chr1	620207	620208	3	0.7036
chr1	620234	620235	4	0.6162
chr1	620271	620272	4	0.6569
chr1	620286	620287	5	0.6948
chr1	620336	620337	3	0.651
chr1	620369	620370	4	0.72
chr1	620391	620392	5	0.694
chr1	620415	620416	4	0.7939
chr1	620442	620443	4	0.6905
chr1	620466	620467	2	0.7406
chr1	620469	620470	3	0.6605
chr1	620528	620529	3	0.7437
chr1	620578	620579	3	0.6283
chr1	620657	620658	5	0.4577
chr1	620741	620742	5	0.7002
chr1	620841	620842	3	0.6983
chr1	620906	620907	4	0.7058
chr1	620912	620913	6	0.7392
chr1	620976	620977	3	0.8247
chr1	621025	621026	4	0.979
chr1	621050	621051	4	0.9664
chr1	621090	621091	5	0.7019
chr1	621140	621141	7	0.7476
chr1	621167	621168	5	0.8352
chr1	621182	621183	5	0.8852
chr1	621203	621204	5	0.885
chr1	621253	621254	3	0.7013
chr1	621287	621288	5	0.9101
chr1	621320	621321	5	0.8433
chr1	621346	621347	4	0.8217
chr1	621383	621384	5	0.8308
chr1	621402	621403	4	0.7669
chr1	621443	621444	5	0.8373
chr1	621458	621459	5	0.8324
chr1	621507	621508	2	0.9849
chr1	621512	621513	4	0.9221
chr1	621587	621588	5	0.9201
chr1	621687	621688	4	0.9138
chr1	621787	621788	5	0.8594
chr1	621887	621888	4	0.9761
chr1	621987	621988	5	0.9445
chr1	622045	622046	5	0.9474
chr1	622050	622051	4	0.4921
chr1	622090	622091	6	0.5654
chr1	622123	622124	4	0.5933
chr1	622144	622145	5	0.3708
chr1	622159	622160	4	0.4552
chr1	622209	622210	4	0.6371
chr1	622224	622225	4	0.6347
chr1	622274	622275	5	0.5451
chr1	622324	622325	5	0.4297
chr1	622374	622375	4	0.4937
chr1	622424	622425	6	0.4971
chr1	622455	622456	4	0.569
chr1	622505	622506	7	0.4638
chr1	622549	622550	4	0.6676
chr1	622599	622600	5	0.5471
chr1	622614	622615	3	0.562
chr1	622664	622665	3	0.5525
chr1	622764	622765	5	0.5495
chr1	622824	622825	6	0.5572
chr1	622895	622896	5	0.5545
chr1	622995	622996	5	0.4269
chr1	623095	623096	6	0.5904
chr1	623177	623178	3	0.7233
chr1	623231	623232	3	0.7035
chr1	623235	623236	5	0.9672
chr1	623289	623290	5	0.8665
chr1	623361	623362	5	0.7331
chr1	623459	623460	5	0.964
chr1	623607	623608	5	0.7309
chr1	623638	623639	4	0.76
chr1	623658	623659	4	0.691
chr1	623698	623699	4	0.844
chr1	623742	623743	4	0.7126
chr1	623762	623763	6	0.7858
chr1	623812	623813	4	0.6666
chr1	623829	623830	6	0.8423
chr1	623852	623853	4	0.6534
chr1	623884	623885	4	0.72
chr1	623934	623935	5	0.7693
chr1	623979	623980	5	0.8626
chr1	624000	624001	6	0.8443
chr1	624035	624036	4	0.548
chr1	624050	624051	3	0.6105
chr1	624069	624070	6	0.7213
chr1	624115	624116	3	0.691
chr1	624143	624144	3	0.6528
chr1	624172	624173	5	0.5905
chr1	624183	624184	5	0.7301
chr1	624248	624249	5	0.8159
chr1	624298	624299	3	0.88
chr1	624398	624399	5	0.7349
chr1	624498	624499	5	0.8175
chr1	624584	624585	4	0.7446
chr1	624684	624685	5	0.6783
chr1	624686	624687	5	0.7515
chr1	624724	624725	5	0.9116
chr1	624734	624735	6	0.9689
chr1	624763	624764	4	0.8801
chr1	624803	624804	5	0.8828
chr1	624842	624843	5	0.9465
chr1	624882	624883	5	0.8621
chr1	624897	624898	6	0.8311
chr1	624947	624948	3	0.9351
chr1	624987	624988	3	0.895
chr1	625037	625038	5	0.8873
chr1	625057	625058	4	0.9029
chr1	625102	625103	7	0.9379
chr1	625132	625133	4	0.8944
chr1	625165	625166	4	0.8685
chr1	625209	625210	5	0.8192
chr1	625224	625225	4	0.8202
chr1	625227	625228	5	0.9577
chr1	625327	625328	4	0.9287
chr1	625377	625378	5	0.9347
chr1	625477	625478	4	0.7934
chr1	625546	625547	4	0.9213
chr1	625646	625647	4	0.9111
chr1	625713	625714	3	0.8351
chr1	625783	625784	6	0.7381
chr1	625797	625798	6	0.9248
chr1	625803	625804	4	0.7378
chr1	625831	625832	5	0.5309
chr1	625848	625849	4	0.6131
chr1	625873	625874	5	0.6919
chr1	625911	625912	3	0.5639
chr1	625941	625942	4	0.7536
chr1	625991	625992	5	0.7963
chr1	626039	626040	5	0.7441
chr1	626055	626056	3	0.595
chr1	626082	626083	2	0.6949
chr1	626099	626100	5	0.6116
chr1	626149	626150	4	0.6089
chr1	626164	626165	4	0.6234
chr1	626204	626205	5	0.7136
chr1	626223	626224	4	0.6487
chr1	626256	626257	4	0.6867
chr1	626343	626344	3	0.6403
chr1	626407	626408	3	0.6605
chr1	626507	626508	5	0.6586
chr1	626607	626608	4	0.609
chr1	626657	626658	4	0.6128
chr1	626693	626694	3	0.8095
chr1	626725	626726	6	0.9098
chr1	626733	626734	5	0.7643
chr1	626739	626740	5	0.7576
chr1	626761	626762	5	0.7598
chr1	626783	626784	3	0.7557
chr1	626925	626926	5	0.8129
chr1	626955	626956	5	0.6913
chr1	627027	627028	4	0.939
chr1	627059	627060	5	0.8222
chr1	627092	627093	3	0.7786
chr1	627111	627112	5	0.8781
chr1	627129	627130	4	0.8182
chr1	627174	627175	5	0.7893
chr1	627215	627216	5	0.7361
chr1	627238	627239	4	0.8072
chr1	627253	627254	5	0.7999
chr1	627303	627304	5	0.7342
chr1	627350	627351	5	0.9589
chr1	627386	627387	3	0.748
chr1	627410	627411	5	0.8815
chr1	627436	627437	5	0.885
chr1	627467	627468	2	0.8427
chr1	627491	627492	5	0.774
chr1	627523	627524	6	0.703
chr1	627568	627569	6	0.7607
chr1	627618	627619	3	0.7916
chr1	627668	627669	5	0.8919
chr1	627748	627749	5	0.7156
chr1	627798	627799	5	0.7651
chr1	627898	627899	4	0.8797
chr1	627998	627999	4	0.8412
chr1	628078	628079	5	0.915
chr1	628088	628089	5	0.7205
chr1	628134	628135	5	0.567
chr1	628165	628166	4	0.5135
chr1	628210	628211	3	0.7144
chr1	628229	628230	3	0.6723
chr1	628257	628258	4	0.617
chr1	628273	628274	6	0.6484
chr1	628312	628313	7	0.6969
chr1	628335	628336	5	0.6788
chr1	628375	628376	6	0.567
chr1	628392	628393	4	0.5708
chr1	628413	628414	4	0.4918
chr1	628437	628438	5	0.4741
chr1	628460	628461	3	0.5142
chr1	628504	628505	5	0.1897
chr1	628533	628534	3	0.4776
chr1	628567	628568	4	0.4992
chr1	628578	628579	5	0.4611
chr1	628656	628657	5	0.3949
chr1	628706	628707	4	0.3509
chr1	628806	628807	5	0.2909
chr1	628906	628907	5	0.4468
chr1	629006	629007	6	0.3788
chr1	629056	629057	5	0.6434
chr1	629122	629123	3	0.613
chr1	629198	629199	3	0.6755
chr1	629238	629239	4	0.5533
chr1	629282	629283	4	0.5203
chr1	629390	629391	5	0.5203
chr1	629440	629441	7	0.7043
chr1	629473	629474	5	0.73
chr1	629508	629509	3	0.759
chr1	629526	629527	5	0.5945
chr1	629576	629577	5	0.5005
chr1	629596	629597	6	0.6582
chr1	629635	629636	3	0.8691
chr1	629658	629659	6	0.5295
chr1	629683	629684	4	0.7419
chr1	629728	629729	5	0.7471
chr1	629757	629758	4	0.5785
chr1	629789	629790	3	0.4729
chr1	629816	629817	6	0.532
chr1	629838	629839	4	0.6124
chr1	629873	629874	6	0.5383
chr1	629896	629897	4	0.7651
chr1	629921	629922	4	0.767
chr1	629930	629931	3	0.6976
chr1	630030	630031	3	0.6081
chr1	630110	630111	4	0.8081
chr1	630210	630211	5	0.6519
chr1	630310	630311	6	0.748
chr1	630410	630411	5	0.7785
chr1	630470	630471	5	0.9905
chr1	630475	630476	4	0.3438
chr1	630525	630526	5	0.2256
chr1	630542	630543	3	0.3376
chr1	630587	630588	4	0.4118
chr1	630637	630638	4	0.4155
chr1	630687	630688	6	0.4516
chr1	630728	630729	3	0.3194
chr1	630749	630750	3	0.4026
chr1	630799	630800	5	0.5294
chr1	630816	630817	3	0.3236
chr1	630836	630837	4	0.3482
chr1	630862	630863	5	0.526
chr1	630877	630878	3	0.3113
chr1	630899	630900	5	0.5052
chr1	630921	630922	3	0.5313
chr1	630951	630952	4	0.3297
chr1	630973	630974	4	0.3198
chr1	631073	631074	6	0.4664
chr1	631123	631124	6	0.2641
chr1	631223	631224	3	0.4272
chr1	631322	631323	5	0.5124
chr1	631422	631423	6	0.3974
chr1	631540	631541	3	0.7986
chr1	631550	631551	5	0.8156
chr1	631628	631629	4	0.872
chr1	631636	631637	5	0.7736
chr1	631754	631755	4	0.7308
chr1	631812	631813	4	0.6062
chr1	631910	631911	4	0.8017
chr1	631912	631913	5	0.7102
chr1	631922	631923	3	0.6086
chr1	631969	631970	6	0.7067
chr1	631993	631994	6	0.7992
chr1	632020	632021	4	0.6559
chr1	632050	632051	5	0.5367
chr1	632100	632101	3	0.6974
chr1	632150	632151	5	0.6698
chr1	632200	632201	5	0.6463
chr1	632221	632222	5	0.666
chr1	632271	632272	4	0.5529
chr1	632288	632289	3	0.6497
chr1	632338	632339	5	0.4282
chr1	632353	632354	4	0.4578
chr1	632368	632369	4	0.695
chr1	632415	632416	5	0.4413
chr1	632416	632417	4	0.6309
chr1	632500	632501	4	0.7472
chr1	632600	632601	4	0.6162
chr1	632700	632701	5	0.7326
chr1	632782	632783	4	0.7531
chr1	632882	632883	2	0.5885
chr1	632886	632887	6	0.7744
chr1	632934	632935	3	0.7971
chr1	633014	633015	5	0.6883
chr1	633076	633077	4	0.7079
chr1	633202	633203	5	0.7182
chr1	633206	633207	4	0.8121
chr1	633229	633230	5	0.8734
chr1	633257	633258	4	0.695
chr1	633307	633308	4	0.636
chr1	633336	633337	3	0.6189
chr1	633354	633355	3	0.6777
chr1	633373	633374	4	0.8363
chr1	633406	633407	4	0.779
chr1	633443	633444	4	0.7372
chr1	633478	633479	6	0.6877
chr1	633510	633511	5	0.5767
chr1	633536	633537	5	0.8248
chr1	633578	633579	4	0.5627
chr1	633608	633609	5	0.7509
chr1	633647	633648	5	0.6565
chr1	633675	633676	5	0.7006
chr1	633725	633726	3	0.6742
chr1	633773	633774	5	0.695
chr1	633801	633802	4	0.6467
chr1	633851	633852	5	0.8167
chr1	633855	633856	5	0.7356
chr1	633950	633951	4	0.7401
chr1	634050	634051	6	0.7945
chr1	634100	634101	5	0.6421
chr1	634150	634151	5	0.7813
chr1	634213	634214	5	0.7222
chr1	634294	634295	5	0.7578
chr1	634394	634395	7	0.7513
chr1	634464	634465	5	0.7374
chr1	634508	634509	4	0.7204
chr1	634520	634521	5	0.9424
chr1	634557	634558	5	0.7601
chr1	634574	634575	4	0.7211
chr1	634610	634611	4	0.7497
chr1	634656	634657	3	0.7285
chr1	634684	634685	5	0.5532
chr1	634734	634735	7	0.8076
chr1	634784	634785	3	0.743
chr1	634805	634806	5	0.7074
chr1	634834	634835	4	0.8641
chr1	634853	634854	5	0.7756
chr1	634889	634890	4	0.7982
chr1	634906	634907	5	0.8149
chr1	634944	634945	4	0.8563
chr1	634966	634967	4	0.7523
chr1	634993	634994	4	0.6226
chr1	635029	635030	5	0.8968
chr1	635079	635080	5	0.8329
chr1	635117	635118	4	0.8543
chr1	635120	635121	4	0.6673
chr1	635220	635221	5	0.8297
chr1	635320	635321	4	0.6943
chr1	635420	635421	4	0.5931
chr1	635470	635471	5	0.7466
chr1	635570	635571	3	0.7994
chr1	635670	635671	5	0.7265
chr1	635696	635697	4	0.7272
chr1	635768	635769	5	0.7711
chr1	635809	635810	2	0.8223
chr1	635829	635830	6	0.8939
chr1	635845	635846	4	0.6839
chr1	635862	635863	4	0.5675
chr1	635888	635889	5	0.8059
chr1	635906	635907	3	0.7526
chr1	635948	635949	3	0.676
chr1	635993	635994	5	0.8009
chr1	636008	636009	5	0.773
chr1	636026	636027	4	0.6638
chr1	636055	636056	3	0.9136
chr1	636104	636105	4	0.7058
chr1	636154	636155	4	0.7492
chr1	636189	636190	3	0.7047
chr1	636204	636205	5	0.7572
chr1	636254	636255	5	0.685
chr1	636274	636275	4	0.5747
chr1	636299	636300	5	0.7155
chr1	636323	636324	5	0.6669
chr1	636344	636345	4	0.7372
chr1	636422	636423	5	0.8543
chr1	636522	636523	4	0.8444
chr1	636596	636597	6	0.818
chr1	636646	636647	5	0.8779
chr1	636746	636747	5	0.8865
chr1	636796	636797	6	0.8457
chr1	636838	636839	4	0.9726
chr1	636856	636857	3	0.7863
chr1	636901	636902	3	0.7213
chr1	636951	636952	6	0.7114
chr1	637001	637002	5	0.9277
chr1	637043	637044	5	0.7131
chr1	637091	637092	3	0.6984
chr1	637106	637107	5	0.8278
chr1	637133	637134	6	0.8551
chr1	637150	637151	5	0.6241
chr1	637177	637178	5	0.8825
chr1	637211	637212	2	0.7946
chr1	637248	637249	5	0.8232
chr1	637275	637276	3	0.7335
chr1	637291	637292	4	0.8119
chr1	637319	637320	5	0.6071
chr1	637357	637358	6	0.8756
chr1	637402	637403	4	0.7313
chr1	637412	637413	6	0.7142
chr1	637462	637463	5	0.8688
chr1	637562	637563	5	0.9381
chr1	637662	637663	4	1.0
chr1	637725	637726	3	0.8712
chr1	637776	637777	4	0.7931
chr1	637847	637848	5	0.6318
chr1	637897	637898	5	0.6972
chr1	637909	637910	6	0.9354
chr1	637956	637957	4	0.6612
chr1	637985	637986	4	0.8648
chr1	638014	638015	5	0.5913
chr1	638031	638032	5	0.726
chr1	638052	638053	5	0.5322
chr1	638080	638081	4	0.5165
chr1	638124	638125	5	0.5797
chr1	638169	638170	3	0.6207
chr1	638213	638214	4	0.7099
chr1	638263	638264	4	0.7781
chr1	638291	638292	5	0.7578
chr1	638323	638324	5	0.6161
chr1	638358	638359	4	0.583
chr1	638376	638377	4	0.7183
chr1	638426	638427	5	0.5996
chr1	638445	638446	6	0.5693
chr1	638545	638546	4	0.6494
chr1	638595	638596	3	0.6256
chr1	638686	638687	2	0.712
chr1	638736	638737	5	0.7664
chr1	638786	638787	5	0.5738
chr1	638871	638872	4	0.6776
chr1	638931	638932	5	0.7599
chr1	638949	638950	4	0.678
chr1	639029	639030	3	0.818
chr1	639050	639051	6	0.9723
chr1	639100	639101	5	0.9263
chr1	639118	639119	4	0.8107
chr1	639145	639146	4	1.0
chr1	639185	639186	5	0.8521
chr1	639209	639210	5	0.9184
chr1	639233	639234	5	0.9104
chr1	639283	639284	6	0.8932
chr1	639325	639326	2	0.9455
chr1	639355	639356	3	0.8111
chr1	639392	639393	3	0.8111
chr1	639407	639408	5	0.8742
chr1	639422	639423	5	0.8548
chr1	639437	639438	6	0.7944
chr1	639445	639446	5	0.9094
chr1	639514	639515	5	0.9457
chr1	639564	639565	3	0.9867
chr1	639664	639665	5	0.9962
chr1	639764	639765	5	0.9155
chr1	639832	639833	4	0.8912
chr1	639840	639841	2	0.9636
chr1	639872	639873	6	0.8795
chr1	639892	639893	5	0.65
chr1	639907	639908	7	0.7822
chr1	639949	639950	4	0.7806
chr1	639969	639970	4	0.5918
chr1	640012	640013	2	0.8235
chr1	640028	640029	4	0.7075
chr1	640078	640079	3	0.6053
chr1	640128	640129	3	0.8023
chr1	640178	640179	6	0.6659
chr1	640225	640226	5	0.6734
chr1	640267	640268	6	0.6881
chr1	640305	640306	3	0.811
chr1	640405	640406	4	0.7179
chr1	640505	640506	6	0.6188
chr1	640605	640606	5	0.7021
chr1	640655	640656	5	0.6381
chr1	640738	640739	4	0.6392
chr1	640756	640757	4	0.9594
chr1	640775	640776	6	0.7173
chr1	640793	640794	5	0.8318
chr1	640828	640829	6	0.6243
chr1	640861	640862	4	0.5922
chr1	640876	640877	4	0.7756
chr1	640924	640925	6	0.7126
chr1	640945	640946	4	0.5785
chr1	640964	640965	5	0.6934
chr1	640980	640981	5	0.7982
chr1	641000	641001	7	0.8026
chr1	641026	641027	4	0.8752
chr1	641076	641077	1	0.6192
chr1	641126	641127	4	0.5253
chr1	641164	641165	5	0.5996
chr1	641213	641214	5	0.7325
chr1	641235	641236	3	0.6648
chr1	641262	641263	5	0.8468
chr1	641277	641278	6	0.7935
chr1	641320	641321	3	0.6686
chr1	641337	641338	5	0.7593
chr1	641437	641438	4	0.7821
chr1	641487	641488	5	0.7741
chr1	641557	641558	4	0.7968
chr1	641657	641658	5	0.5582
chr1	641757	641758	3	0.5694
chr1	641821	641822	5	0.7328
chr1	641898	641899	4	0.5276
chr1	641910	641911	6	0.7937
chr1	641958	641959	4	0.6674
chr1	641965	641966	6	0.3204
chr1	642004	642005	4	0.196
chr1	642026	642027	4	0.3518
chr1	642076	642077	5	0.3397
chr1	642109	642110	5	0.3408
chr1	642138	642139	4	0.4229
chr1	642153	642154	5	0.3555
chr1	642168	642169	4	0.3543
chr1	642186	642187	5	0.2816
chr1	642215	642216	5	0.3347
chr1	642257	642258	3	0.3314
chr1	642307	642308	5	0.1982
chr1	642334	642335	4	0.44
chr1	642353	642354	6	0.4393
chr1	642368	642369	2	0.198
chr1	642392	642393	6	0.3627
chr1	642422	642423	5	0.4604
chr1	642451	642452	3	0.2369
chr1	642551	642552	2	0.1909
chr1	642650	642651	4	0.3121
chr1	642704	642705	4	0.313
chr1	642804	642805	4	0.2464
chr1	642904	642905	5	0.3547
chr1	642962	642963	6	0.1492
chr1	643068	643069	4	0.0
chr1	643158	643159	5	0.1475
chr1	643172	643173	5	0.1592
chr1	643238	643239	5	0.0791
chr1	643306	643307	3	0.0847
chr1	643352	643353	5	0.1988
chr1	643397	643398	4	0.6613
chr1	643420	643421	5	0.8408
chr1	643435	643436	5	0.7217
chr1	643483	643484	4	0.814
chr1	643504	643505	4	0.7664
chr1	643528	643529	3	0.6358
chr1	643559	643560	4	0.8384
chr1	643578	643579	4	0.7395
chr1	643628	643629	3	0.8481
chr1	643678	643679	4	0.7701
chr1	643728	643729	5	0.6403
chr1	643755	643756	4	0.7786
chr1	643786	643787	5	0.6951
chr1	643834	643835	4	0.6756
chr1	643851	643852	5	0.8951
chr1	643853	643854	6	0.6871
chr1	643919	643920	5	0.7313
chr1	644019	644020	5	0.784
chr1	644085	644086	5	0.8611
chr1	644138	644139	4	0.6717
chr1	644238	644239	4	0.7636
chr1	644308	644309	4	0.9131
chr1	644316	644317	5	0.144
chr1	644335	644336	4	0.2673
chr1	644385	644386	4	0.3546
chr1	644400	644401	4	0.3273
chr1	644425	644426	4	0.295
chr1	644455	644456	4	0.3082
chr1	644504	644505	3	0.3774
chr1	644520	644521	5	0.3665
chr1	644546	644547	6	0.2729
chr1	644571	644572	3	0.3363
chr1	644599	644600	5	0.4739
chr1	644616	644617	5	0.3646
chr1	644651	644652	4	0.2226
chr1	644678	644679	5	0.2956
chr1	644704	644705	4	0.2359
chr1	644745	644746	5	0.4025
chr1	644773	644774	7	0.4004
chr1	644802	644803	4	0.3318
chr1	644807	644808	7	0.2587
chr1	644871	644872	6	0.2603
chr1	644971	644972	4	0.35
chr1	645071	645072	4	0.2392
chr1	645121	645122	5	0.3012
chr1	645221	645222	3	0.357
chr1	645239	645240	5	0.0
chr1	645315	645316	4	0.0981
chr1	645415	645416	4	0.1783
chr1	645467	645468	6	0.2062
chr1	645481	645482	4	0.2
chr1	645639	645640	5	0.0143
chr1	645715	645716	3	0.2056
chr1	645721	645722	6	0.4968
chr1	645746	645747	5	0.563
chr1	645777	645778	3	0.436
chr1	645792	645793	3	0.3672
chr1	645822	645823	5	0.3568
chr1	645866	645867	5	0.4812
chr1	645893	645894	4	0.4484
chr1	645919	645920	5	0.5007
chr1	645936	645937	4	0.4237
chr1	645959	645960	6	0.3747
chr1	645982	645983	5	0.3677
chr1	645997	645998	5	0.6278
chr1	646025	646026	4	0.3008
chr1	646063	646064	7	0.2985
chr1	646113	646114	5	0.396
chr1	646128	646129	3	0.4625
chr1	646178	646179	2	0.5323
chr1	646195	646196	3	0.4869
chr1	646295	646296	3	0.3122
chr1	646395	646396	6	0.4037
chr1	646462	646463	6	0.3747
chr1	646542	646543	5	0.3827
chr1	646592	646593	5	0.5273
chr1	646654	646655	5	0.2803
chr1	646666	646667	5	0.7635
chr1	646762	646763	4	0.6906
chr1	646766	646767	4	0.7232
chr1	646784	646785	3	0.5543
chr1	646818	646819	5	0.6565
chr1	646904	646905	3	0.8022
chr1	646946	646947	5	0.7807
chr1	646982	646983	6	0.619
chr1	646997	646998	6	0.8006
chr1	647038	647039	5	0.7999
chr1	647066	647067	5	0.6602
chr1	647112	647113	5	0.8194
chr1	647152	647153	4	0.6982
chr1	647195	647196	2	0.6823
chr1	647235	647236	6	0.7249
chr1	647281	647282	4	0.8122
chr1	647331	647332	3	0.5887
chr1	647348	647349	4	0.929
chr1	647388	647389	5	0.7425
chr1	647406	647407	4	0.8503
chr1	647437	647438	5	0.639
chr1	647468	647469	4	0.7663
chr1	647486	647487	6	0.9422
chr1	647536	647537	5	0.7826
chr1	647584	647585	4	0.8102
chr1	647585	647586	5	0.8852
chr1	647678	647679	6	0.8639
chr1	647756	647757	3	0.7963
chr1	647856	647857	3	0.847
chr1	647956	647957	3	0.8132
chr1	648056	648057	3	0.6378
chr1	648138	648139	6	0.8108
chr1	648160	648161	4	0.7457
chr1	648236	648237	4	0.7395
chr1	648282	648283	4	0.7141
chr1	648314	648315	5	0.8774
chr1	648356	648357	5	0.9699
chr1	648406	648407	3	0.9425
chr1	648430	648431	5	0.9769
chr1	648460	648461	5	0.964
chr1	648500	648501	5	1.0
chr1	648532	648533	5	0.965
chr1	648572	648573	5	0.8288
chr1	648593	648594	4	0.8684
chr1	648626	648627	4	0.7193
chr1	648644	648645	6	0.9547
chr1	648694	648695	3	0.9139
chr1	648715	648716	3	0.8502
chr1	648759	648760	5	0.9582
chr1	648777	648778	5	0.8217
chr1	648798	648799	4	1.0
chr1	648885	648886	5	0.8754
chr1	648935	648936	7	0.8902
chr1	649035	649036	6	0.9165
chr1	649135	649136	6	0.8735
chr1	649235	649236	5	0.9144
chr1	649291	649292	3	0.8365
chr1	649333	649334	4	0.8932
chr1	649391	649392	2	0.8669
chr1	649396	649397	5	0.5375
chr1	649419	649420	5	0.682
chr1	649453	649454	4	0.673
chr1	649476	649477	5	0.5368
chr1	649505	649506	5	0.3996
chr1	649550	649551	4	0.7095
chr1	649565	649566	5	0.4027
chr1	649613	649614	4	0.632
chr1	649663	649664	5	0.514
chr1	649694	649695	4	0.5567
chr1	649710	649711	3	0.5819
chr1	649737	649738	2	0.5579
chr1	649763	649764	3	0.6396
chr1	649800	649801	5	0.5859
chr1	649850	649851	4	0.5655
chr1	649871	649872	4	0.4803
chr1	649911	649912	5	0.7438
chr1	649956	649957	4	0.6721
chr1	649970	649971	5	0.5101
chr1	650070	650071	5	0.6895
chr1	650150	650151	5	0.5882
chr1	650250	650251	4	0.6484
chr1	650350	650351	5	0.6431
chr1	650450	650451	5	0.7051
chr1	650460	650461	5	0.8282
chr1	650638	650639	5	0.926
chr1	650646	650647	6	0.7374
chr1	650716	650717	4	0.8945
chr1	650860	650861	4	0.8383
chr1	650918	650919	3	0.6035
chr1	650965	650966	4	0.0
chr1	650998	650999	6	0.1694
chr1	651022	651023	6	0.0749
chr1	651056	651057	6	0.0
chr1	651088	651089	6	0.0614
chr1	651111	651112	5	0.0264
chr1	651161	651162	7	0.1046
chr1	651211	651212	5	0.0122
chr1	651232	651233	6	0.0582
chr1	651261	651262	4	0.0
chr1	651285	651286	4	0.0655
chr1	651335	651336	5	0.1431
chr1	651374	651375	6	0.0377
chr1	651401	651402	5	0.0375
chr1	651432	651433	5	0.2842
chr1	651447	651448	3	0.1519
chr1	651462	651463	5	0.092
chr1	651471	651472	4	0.0915
chr1	651561	651562	3	0.2118
chr1	651661	651662	5	0.1304
chr1	651732	651733	4	0.0476
chr1	651807	651808	4	0.1322
chr1	651907	651908	4	0.0339
chr1	651939	651940	3	0.0723
chr1	651997	651998	5	0.2364
chr1	652036	652037	3	0.0363
chr1	652070	652071	5	0.2249
chr1	652085	652086	6	0.0955
chr1	652105	652106	4	0.2257
chr1	652141	652142	5	0.2111
chr1	652160	652161	5	0.1068
chr1	652210	652211	4	0.0963
chr1	652232	652233	5	0.129
chr1	652247	652248	4	0.0405
chr1	652289	652290	5	0.14
chr1	652304	652305	3	0.0691
chr1	652344	652345	5	0.155
chr1	652386	652387	6	0.0632
chr1	652411	652412	3	0.0323
chr1	652447	652448	4	0.014
chr1	652479	652480	4	0.0523
chr1	652501	652502	5	0.2547
chr1	652601	652602	5	0.0885
chr1	652655	652656	4	0.1241
chr1	652705	652706	3	0.0167
chr1	652777	652778	4	0.2898
chr1	652877	652878	5	0.1177
chr1	652883	652884	5	0.0421
chr1	652926	652927	4	0.9591
chr1	652969	652970	5	0.9246
chr1	652996	652997	5	0.9198
chr1	653034	653035	3	0.8686
chr1	653060	653061	5	0.7152
chr1	653110	653111	2	0.9161
chr1	653125	653126	4	0.8691
chr1	653147	653148	5	0.8787
chr1	653183	653184	4	0.8533
chr1	653217	653218	5	0.8544
chr1	653263	653264	4	0.8955
chr1	653296	653297	5	0.8524
chr1	653335	653336	5	0.9688
chr1	653361	653362	6	0.9418
chr1	653461	653462	3	0.9314
chr1	653561	653562	4	0.8199
chr1	653661	653662	2	0.7289
chr1	653738	653739	4	0.9905
chr1	653764	653765	6	0.9716
chr1	653773	653774	4	0.3236
chr1	653814	653815	4	0.5233
chr1	653835	653836	4	0.5213
chr1	653884	653885	3	0.2571
chr1	653926	653927	5	0.6455
chr1	653962	653963	5	0.5077
chr1	654012	654013	4	0.3254
chr1	654062	654063	6	0.4731
chr1	654080	654081	5	0.57
chr1	654130	654131	4	0.4038
chr1	654180	654181	4	0.5611
chr1	654230	654231	5	0.4988
chr1	654280	654281	4	0.4437
chr1	654289	654290	5	0.3638
chr1	654381	654382	4	0.4657
chr1	654481	654482	5	0.4995
chr1	654573	654574	4	0.5088
chr1	654632	654633	5	0.38
chr1	654732	654733	5	0.384
chr1	654760	654761	5	0.1219
chr1	654826	654827	4	0.3084
chr1	654910	654911	5	0.3679
chr1	654950	654951	5	0.1753
chr1	654986	654987	5	0.2866
chr1	655134	655135	5	0.2727
chr1	655164	655165	6	0.3125
chr1	655228	655229	5	0.2862
chr1	655257	655258	5	0.6446
chr1	655282	655283	2	0.6861
chr1	655297	655298	5	0.5698
chr1	655347	655348	5	0.7331
chr1	655380	655381	5	0.4954
chr1	655407	655408	5	0.6807
chr1	655431	655432	5	0.6293
chr1	655461	655462	5	0.7242
chr1	655486	655487	4	0.611
chr1	655536	655537	6	0.7309
chr1	655586	655587	5	0.6317
chr1	655619	655620	3	0.5988
chr1	655643	655644	4	0.5592
chr1	655681	655682	5	0.6324
chr1	655709	655710	3	0.6258
chr1	655758	655759	4	0.7166
chr1	655789	655790	5	0.7313
chr1	655861	655862	4	0.7917
chr1	655961	655962	3	0.623
chr1	656025	656026	4	0.5554
chr1	656125	656126	4	0.595
chr1	656225	656226	5	0.5907
chr1	656275	656276	4	0.7167
chr1	656311	656312	4	0.6233
chr1	656359	656360	6	0.6686
chr1	656382	656383	3	0.1733
chr1	656400	656401	4	0.2363
chr1	656439	656440	5	0.0
chr1	656454	656455	6	0.2878
chr1	656504	656505	4	0.3759
chr1	656546	656547	3	0.2517
chr1	656583	656584	4	0.1498
chr1	656598	656599	4	0.2821
chr1	656637	656638	5	0.3258
chr1	656687	656688	5	0.1479
chr1	656710	656711	5	0.2037
chr1	656725	656726	5	0.191
chr1	656748	656749	5	0.3149
chr1	656766	656767	4	0.1709
chr1	656815	656816	4	0.213
chr1	656850	656851	5	0.1186
chr1	656876	656877	2	0.3255
chr1	656926	656927	4	0.3287
chr1	657026	657027	6	0.2542
chr1	657126	657127	3	0.2915
chr1	657225	657226	5	0.2537
chr1	657325	657326	5	0.3199
chr1	657341	657342	5	0.3357
chr1	657389	657390	4	0.1141
chr1	657397	657398	5	0.2333
chr1	657425	657426	5	0.111
chr1	657443	657444	4	0.2194
chr1	657493	657494	5	0.4732
chr1	657512	657513	4	0.4372
chr1	657538	657539	5	0.4613
chr1	657569	657570	6	0.4658
chr1	657590	657591	6	0.3846
chr1	657609	657610	3	0.6698
chr1	657624	657625	5	0.4763
chr1	657663	657664	4	0.5265
chr1	657695	657696	4	0.1351
chr1	657710	657711	6	0.2119
chr1	657754	657755	5	0.36
chr1	657769	657770	4	0.1872
chr1	657814	657815	5	0.1132
chr1	657850	657851	4	0.1566
chr1	657878	657879	5	0.1582
chr1	657978	657979	5	0.0818
chr1	658078	658079	6	0.133
chr1	658130	658131	5	0.2298
chr1	658230	658231	5	0.3023
chr1	658292	658293	4	0.3712
chr1	658304	658305	4	0.2751
chr1	658336	658337	5	0.1106
chr1	658398	658399	1	0.2997
chr1	658420	658421	6	0.2698
chr1	658438	658439	5	0.1326
chr1	658446	658447	3	0.2006
chr1	658486	658487	5	0.1846
chr1	658666	658667	4	0.2354
chr1	658718	658719	4	0.0378
chr1	658724	658725	5	0.706
chr1	658751	658752	2	0.6962
chr1	658777	658778	4	0.5225
chr1	658792	658793	5	0.6447
chr1	658821	658822	4	0.747
chr1	658860	658861	4	0.7738
chr1	658888	658889	5	0.703
chr1	658931	658932	4	0.6536
chr1	658975	658976	6	0.6606
chr1	659010	659011	4	0.6268
chr1	659030	659031	5	0.5602
chr1	659054	659055	4	0.5096
chr1	659069	659070	5	0.5384
chr1	659103	659104	4	0.6211
chr1	659129	659130	5	0.6495
chr1	659167	659168	5	0.673
chr1	659216	659217	6	0.7344
chr1	659221	659222	2	0.631
chr1	659301	659302	5	0.5851
chr1	659401	659402	6	0.6607
chr1	659469	659470	4	0.6095
chr1	659569	659570	4	0.7242
chr1	659663	659664	6	0.585
chr1	659763	659764	6	0.8693
chr1	659799	659800	4	1.0
chr1	659927	659928	5	0.8098
chr1	659939	659940	5	0.8147
chr1	660023	660024	5	0.9179
chr1	660097	660098	3	0.8331
chr1	660139	660140	2	1.0
chr1	660147	660148	5	0.2817
chr1	660197	660198	5	0.3356
chr1	660242	660243	6	0.3998
chr1	660278	660279	3	0.3103
chr1	660317	660318	5	0.3344
chr1	660335	660336	6	0.2603
chr1	660372	660373	5	0.3125
chr1	660389	660390	5	0.31
chr1	660404	660405	6	0.2283
chr1	660454	660455	6	0.2464
chr1	660474	660475	5	0.407
chr1	660496	660497	4	0.6282
chr1	660535	660536	5	0.7768
chr1	660560	660561	4	0.4375
chr1	660562	660563	5	0.4806
chr1	660662	660663	7	0.3734
chr1	660753	660754	6	0.3347
chr1	660819	660820	3	0.0913
chr1	660869	660870	3	0.4046
chr1	660964	660965	5	0.2467
chr1	660998	660999	6	0.1341
chr1	661062	661063	4	0.2244
chr1	661168	661169	4	0.3198
chr1	661334	661335	5	0.2146
chr1	661368	661369	5	0.296
chr1	661411	661412	3	0.8059
chr1	661430	661431	4	0.9909
chr1	661456	661457	4	0.8016
chr1	661480	661481	4	0.8524
chr1	661500	661501	4	0.7564
chr1	661520	661521	5	0.7292
chr1	661547	661548	6	0.7706
chr1	661585	661586	4	0.887
chr1	661607	661608	4	0.7948
chr1	661638	661639	5	0.6914
chr1	661669	661670	3	0.8049
chr1	661695	661696	4	0.8187
chr1	661720	661721	4	0.7616
chr1	661765	661766	6	0.757
chr1	661800	661801	5	0.7136
chr1	661835	661836	4	0.8011
chr1	661885	661886	6	0.652
chr1	661900	661901	4	0.6918
chr1	661914	661915	5	0.8303
chr1	661990	661991	5	0.8754
chr1	662090	662091	3	0.7631
chr1	662190	662191	3	0.8149
chr1	662290	662291	4	0.8569
chr1	662364	662365	3	0.7988
chr1	662366	662367	4	0.7707
chr1	662420	662421	4	0.9211
chr1	662438	662439	6	0.8557
chr1	662465	662466	5	0.9443
chr1	662515	662516	4	0.6836
chr1	662539	662540	5	0.7625
chr1	662564	662565	5	0.861
chr1	662601	662602	5	0.8836
chr1	662651	662652	4	0.8595
chr1	662683	662684	4	0.7956
chr1	662706	662707	4	0.847
chr1	662756	662757	5	0.8327
chr1	662775	662776	5	0.9085
chr1	662809	662810	5	0.8125
chr1	662857	662858	4	0.7974
chr1	662902	662903	4	0.7457
chr1	662924	662925	4	0.6413
chr1	662925	662926	2	0.7564
chr1	663018	663019	5	0.8304
chr1	663074	663075	3	0.8209
chr1	663174	663175	5	0.9365
chr1	663274	663275	5	0.8544
chr1	663374	663375	3	0.8334
chr1	663398	663399	6	0.9729
chr1	663466	663467	4	0.8068
chr1	663473	663474	4	0.5148
chr1	663499	663500	4	0.4472
chr1	663520	663521	4	0.4818
chr1	663560	663561	6	0.3784
chr1	663582	663583	5	0.4728
chr1	663632	663633	5	0.4376
chr1	663656	663657	5	0.6596
chr1	663691	663692	5	0.3785
chr1	663706	663707	3	0.3122
chr1	663724	663725	4	0.3741
chr1	663751	663752	5	0.5374
chr1	663801	663802	6	0.3633
chr1	663821	663822	4	0.396
chr1	663870	663871	4	0.5749
chr1	663905	663906	3	0.6275
chr1	663952	663953	6	0.4503
chr1	663956	663957	3	0.336
chr1	664006	664007	6	0.4411
chr1	664106	664107	4	0.5896
chr1	664206	664207	5	0.324
chr1	664279	664280	3	0.3275
chr1	664379	664380	6	0.5116
chr1	664411	664412	6	0.0296
chr1	664421	664422	5	0.136
chr1	664429	664430	6	0.2303
chr1	664431	664432	5	0.2181
chr1	664587	664588	5	0.3108
chr1	664605	664606	5	0.0837
chr1	664649	664650	6	0.3944
chr1	664811	664812	5	0.2183
chr1	664853	664854	6	0.0
chr1	664865	664866	5	0.8961
chr1	664893	664894	4	0.9464
chr1	664925	664926	4	0.8501
chr1	664954	664955	5	0.7634
chr1	664994	664995	5	0.9635
chr1	665015	665016	4	0.8905
chr1	665065	665066	4	0.8642
chr1	665091	665092	5	0.8923
chr1	665106	665107	6	0.6828
chr1	665156	665157	5	0.7639
chr1	665180	665181	4	0.6682
chr1	665230	665231	4	0.8693
chr1	665245	665246	3	0.8357
chr1	665285	665286	6	0.7692
chr1	665335	665336	4	0.8822
chr1	665385	665386	5	0.8647
chr1	665416	665417	5	0.7552
chr1	665516	665517	3	0.7934
chr1	665616	665617	3	0.6753
chr1	665716	665717	5	0.813
chr1	665816	665817	4	0.918
chr1	665866	665867	5	0.8543
chr1	665952	665953	2	0.8213
chr1	665970	665971	4	0.9242
chr1	666008	666009	3	0.7531
chr1	666027	666028	4	0.7691
chr1	666062	666063	3	0.6258
chr1	666099	666100	6	0.7198
chr1	666120	666121	4	0.6376
chr1	666135	666136	6	0.7517
chr1	666172	666173	6	0.7802
chr1	666196	666197	6	0.617
chr1	666222	666223	3	0.7018
chr1	666245	666246	3	0.4629
chr1	666277	666278	4	0.715
chr1	666327	666328	5	0.5492
chr1	666360	666361	4	0.706
chr1	666404	666405	5	0.6983
chr1	666454	666455	3	0.6762
chr1	666479	666480	6	0.8139
chr1	666505	666506	5	0.4127
chr1	666555	666556	4	0.6887
chr1	666655	666656	5	0.7423
chr1	666728	666729	4	0.5603
chr1	666828	666829	3	0.5678
chr1	666928	666929	4	0.7918
chr1	666940	666941	5	0.702
chr1	666980	666981	4	0.6416
chr1	667007	667008	4	0.1216
chr1	667022	667023	3	0.086
chr1	667072	667073	5	0.0702
chr1	667109	667110	4	0.1322
chr1	667142	667143	4	0.1632
chr1	667163	667164	5	0.1221
chr1	667197	667198	3	0.1671
chr1	667238	667239	6	0.2363
chr1	667282	667283	4	0.2052
chr1	667305	667306	5	0.0875
chr1	667327	667328	4	0.2297
chr1	667368	667369	6	0.1156
chr1	667395	667396	3	0.122
chr1	667433	667434	6	0.1003
chr1	667455	667456	6	0.1009
chr1	667470	667471	5	0.1339
chr1	667489	667490	4	0.1151
chr1	667505	667506	4	0.1631
chr1	667510	667511	3	0.0451
chr1	667591	667592	4	0.0363
chr1	667678	667679	3	0.038
chr1	667728	667729	3	0.1691
chr1	667792	667793	5	0.027
chr1	667842	667843	6	0.1243
chr1	667942	667943	5	0.1437
chr1	667960	667961	4	0.241
chr1	667974	667975	6	0.0359
chr1	668013	668014	5	0.7096
chr1	668046	668047	4	0.7703
chr1	668065	668066	5	0.8722
chr1	668104	668105	3	0.8284
chr1	668122	668123	5	0.8044
chr1	668172	668173	5	0.5861
chr1	668217	668218	5	0.7112
chr1	668266	668267	4	0.581
chr1	668296	668297	5	0.6019
chr1	668316	668317	3	0.7849
chr1	668342	668343	6	0.6967
chr1	668359	668360	4	0.6918
chr1	668409	668410	4	0.8687
chr1	668448	668449	5	0.7247
chr1	668472	668473	6	0.7822
chr1	668510	668511	3	0.6393
chr1	668518	668519	4	0.7759
chr1	668611	668612	5	0.8099
chr1	668695	668696	6	0.8069
chr1	668795	668796	5	0.7211
chr1	668895	668896	5	0.8587
chr1	668945	668946	3	0.7383
chr1	668995	668996	5	0.5377
chr1	669007	669008	5	0.7863
chr1	669028	669029	4	0.719
chr1	669043	669044	4	0.7364
chr1	669078	669079	4	0.706
chr1	669093	669094	6	0.6714
chr1	669143	669144	4	0.5652
chr1	669177	669178	3	0.8282
chr1	669212	669213	4	0.6307
chr1	669234	669235	4	0.5298
chr1	669260	669261	5	0.6821
chr1	669277	669278	5	0.7487
chr1	669327	669328	5	0.8053
chr1	669343	669344	5	0.7885
chr1	669377	669378	5	0.6105
chr1	669408	669409	5	0.7718
chr1	669440	669441	4	0.7373
chr1	669540	669541	3	0.8026
chr1	669609	669610	4	0.6282
chr1	669709	669710	3	0.5701
chr1	669809	669810	3	0.7324
chr1	669811	669812	4	0.8234
chr1	669823	669824	3	0.7965
chr1	669867	669868	5	0.977
chr1	669882	669883	6	0.799
chr1	669914	669915	5	0.8643
chr1	669947	669948	5	0.7874
chr1	669997	669998	4	0.6708
chr1	670047	670048	4	0.8178
chr1	670091	670092	4	0.8504
chr1	670109	670110	3	0.8936
chr1	670134	670135	3	0.8381
chr1	670184	670185	5	0.9551
chr1	670202	670203	4	0.8637
chr1	670241	670242	3	0.8142
chr1	670256	670257	4	0.8901
chr1	670285	670286	4	0.768
chr1	670317	670318	4	0.796
chr1	670367	670368	4	0.9687
chr1	670382	670383	5	0.9543
chr1	670413	670414	4	0.8436
chr1	670429	670430	6	0.8511
chr1	670529	670530	4	0.8684
chr1	670629	670630	5	0.8478
chr1	670679	670680	5	0.8971
chr1	670779	670780	3	0.8261
chr1	670833	670834	5	0.8347
chr1	670883	670884	2	0.9674
chr1	670983	670984	4	0.9041
chr1	670997	670998	5	0.9847
chr1	671003	671004	4	0.1266
chr1	671050	671051	5	0.0422
chr1	671078	671079	3	0.0581
chr1	671109	671110	4	0.3648
chr1	671159	671160	3	0.242
chr1	671174	671175	3	0.3619
chr1	671221	671222	5	0.2751
chr1	671264	671265	5	0.3265
chr1	671303	671304	5	0.3071
chr1	671325	671326	4	0.0621
chr1	671354	671355	4	0.0637
chr1	671404	671405	7	0.0489
chr1	671454	671455	4	0.0
chr1	671459	671460	4	0.0791
chr1	671559	671560	4	0.0156
chr1	671630	671631	4	0.0
chr1	671730	671731	4	0.0154
chr1	671830	671831	4	0.0588
chr1	671896	671897	6	0.0061
chr1	671920	671921	6	0.0752
chr1	671922	671923	6	0.0431
chr1	671986	671987	5	0.0726
chr1	671996	671997	3	0.0295
chr1	672040	672041	4	0.0
chr1	672238	672239	5	0.0771
chr1	672268	672269	5	0.1449
chr1	672291	672292	5	0.8115
chr1	672315	672316	4	0.6834
chr1	672342	672343	4	0.8343
chr1	672363	672364	4	0.6247
chr1	672400	672401	5	0.7121
chr1	672450	672451	5	0.8711
chr1	672472	672473	3	0.8133
chr1	672508	672509	3	0.8431
chr1	672526	672527	4	0.7079
chr1	672576	672577	4	0.8212
chr1	672591	672592	4	0.8664
chr1	672641	672642	4	0.8829
chr1	672677	672678	6	0.9439
chr1	672721	672722	5	0.8763
chr1	672746	672747	4	0.6966
chr1	672769	672770	3	0.7943
chr1	672804	672805	6	0.9784
chr1	672843	672844	4	0.7597
chr1	672863	672864	3	0.7156
chr1	672921	672922	6	0.7973
chr1	673021	673022	4	0.888
chr1	673071	673072	3	0.5952
chr1	673171	673172	4	0.7177
chr1	673271	673272	3	0.7359
chr1	673371	673372	7	0.7313
chr1	673393	673394	5	0.8731
chr1	673412	673413	5	0.4414
chr1	673462	673463	5	0.5605
chr1	673486	673487	5	0.6643
chr1	673510	673511	4	0.4988
chr1	673539	673540	4	0.5965
chr1	673578	673579	4	0.47
chr1	673594	673595	6	0.611
chr1	673611	673612	4	0.6421
chr1	673651	673652	4	0.6927
chr1	673701	673702	3	0.7133
chr1	673723	673724	4	0.605
chr1	673773	673774	5	0.6808
chr1	673810	673811	4	0.6876
chr1	673831	673832	3	0.6103
chr1	673863	673864	4	0.4766
chr1	673912	673913	5	0.5611
chr1	673947	673948	7	0.3407
chr1	674044	674045	3	0.647
chr1	674144	674145	4	0.6664
chr1	674229	674230	4	0.6397
chr1	674329	674330	4	0.597
chr1	674384	674385	5	0.5979
chr1	674443	674444	5	0.695
chr1	674517	674518	4	0.6498
chr1	674539	674540	5	0.7273
chr1	674562	674563	5	0.8694
chr1	674596	674597	5	0.7921
chr1	674625	674626	5	0.6449
chr1	674667	674668	4	0.5887
chr1	674682	674683	6	0.7369
chr1	674728	674729	5	0.905
chr1	674760	674761	4	0.6367
chr1	674793	674794	6	0.7355
chr1	674817	674818	4	0.4794
chr1	674851	674852	5	0.8882
chr1	674871	674872	5	0.7942
chr1	674886	674887	3	0.7291
chr1	674936	674937	5	0.8731
chr1	674986	674987	4	0.7366
chr1	675021	675022	4	0.6534
chr1	675036	675037	5	0.789
chr1	675075	675076	3	0.7719
chr1	675094	675095	3	0.7706
chr1	675110	675111	4	0.8333
chr1	675160	675161	5	0.7126
chr1	675260	675261	6	0.7105
chr1	675360	675361	3	0.8471
chr1	675460	675461	3	0.7363
chr1	675536	675537	5	0.897
chr1	675589	675590	5	0.7706
chr1	675660	675661	3	0.7517
chr1	675690	675691	2	0.7989
chr1	675754	675755	5	0.6954
chr1	675795	675796	5	0.9113
chr1	675828	675829	5	0.7337
chr1	675855	675856	3	0.6205
chr1	675878	675879	4	0.8904
chr1	675900	675901	4	0.8054
chr1	675915	675916	4	0.6849
chr1	675938	675939	4	0.8162
chr1	675957	675958	5	0.8174
chr1	676007	676008	5	0.79
chr1	676028	676029	4	0.7352
chr1	676070	676071	4	0.7431
chr1	676087	676088	3	0.7377
chr1	676137	676138	6	0.7693
chr1	676152	676153	3	0.7338
chr1	676188	676189	5	0.7697
chr1	676193	676194	3	0.9221
chr1	676293	676294	4	0.8199
chr1	676343	676344	5	0.7922
chr1	676398	676399	3	0.7905
chr1	676498	676499	5	0.8482
chr1	676528	676529	4	0.8574
chr1	676562	676563	3	0.8964
chr1	676604	676605	6	0.9021
chr1	676631	676632	3	0.9119
chr1	676681	676682	5	0.7687
chr1	676718	676719	3	0.8661
chr1	676739	676740	5	0.8035
chr1	676777	676778	4	0.9049
chr1	676804	676805	4	0.7367
chr1	676837	676838	3	0.7356
chr1	676887	676888	3	0.8167
chr1	676919	676920	5	0.9061
chr1	676969	676970	4	0.8017
chr1	677014	677015	3	0.7806
chr1	677032	677033	5	0.8297
chr1	677064	677065	4	0.8003
chr1	677094	677095	4	0.8988
chr1	677186	677187	4	0.8108
chr1	677243	677244	5	0.7692
chr1	677343	677344	4	0.8242
chr1	677443	677444	5	0.7647
chr1	677495	677496	6	0.9068
chr1	677529	677530	4	0.8521
chr1	677571	677572	5	0.8359
chr1	677610	677611	3	0.7527
chr1	677625	677626	4	0.7858
chr1	677654	677655	2	0.8773
chr1	677679	677680	3	0.6458
chr1	677726	677727	5	0.6601
chr1	677741	677742	6	0.8835
chr1	677757	677758	4	0.7421
chr1	677807	677808	5	0.8908
chr1	677836	677837	3	0.7882
chr1	677872	677873	4	0.8415
chr1	677887	677888	3	0.6509
chr1	677902	677903	5	0.8903
chr1	677936	677937	5	0.8045
chr1	677973	677974	4	0.6359
chr1	678009	678010	4	0.6609
chr1	678052	678053	4	0.8391
chr1	678069	678070	4	0.6652
chr1	678102	678103	5	0.6161
chr1	678127	678128	6	0.8476
chr1	678211	678212	6	0.9056
chr1	678311	678312	5	0.9055
chr1	678411	678412	5	0.7672
chr1	678511	678512	3	0.8318
chr1	678561	678562	6	0.7963
chr1	678637	678638	7	0.9706
chr1	678697	678698	5	0.939
chr1	678723	678724	4	0.5145
chr1	678773	678774	4	0.4372
chr1	678814	678815	4	0.5469
chr1	678864	678865	5	0.6756
chr1	678880	678881	3	0.8196
chr1	678901	678902	5	0.8513
chr1	678930	678931	4	0.6566
chr1	678979	678980	5	0.4269
chr1	678998	678999	5	0.5577
chr1	679029	679030	2	0.7957
chr1	679048	679049	4	0.7429
chr1	679063	679064	3	0.4388
chr1	679078	679079	4	0.5273
chr1	679112	679113	5	0.7421
chr1	679144	679145	3	0.7849
chr1	679169	679170	4	0.5586
chr1	679172	679173	6	0.5286
chr1	679272	679273	4	0.7689
chr1	679357	679358	4	0.6234
chr1	679407	679408	3	0.4455
chr1	679507	679508	5	0.5041
chr1	679580	679581	3	0.8887
chr1	679636	679637	3	0.586
chr1	679642	679643	5	0.682
chr1	679671	679672	6	0.6427
chr1	679697	679698	4	0.5088
chr1	679731	679732	6	0.6695
chr1	679746	679747	5	0.6299
chr1	679793	679794	5	0.5377
chr1	679815	679816	6	0.5951
chr1	679844	679845	5	0.4258
chr1	679877	679878	4	0.533
chr1	679921	679922	2	0.5697
chr1	679940	679941	3	0.4912
chr1	679978	679979	4	0.6642
chr1	680007	680008	2	0.6053
chr1	680028	680029	4	0.6705
chr1	680053	680054	3	0.5285
chr1	680071	680072	4	0.5978
chr1	680099	680100	4	0.5262
chr1	680199	680200	5	0.6443
chr1	680299	680300	6	0.4029
chr1	680399	680400	4	0.6629
chr1	680499	680500	5	0.624
chr1	680579	680580	5	0.956
chr1	680727	680728	4	0.8657
chr1	680783	680784	5	0.8255
chr1	680813	680814	3	0.8153
chr1	680847	680848	4	0.8677
chr1	680887	680888	5	0.7572
chr1	680904	680905	3	0.8772
chr1	680954	680955	6	0.7812
chr1	680973	680974	6	0.7243
chr1	681013	681014	6	0.9331
chr1	681054	681055	4	0.816
chr1	681088	681089	3	0.7943
chr1	681121	681122	4	0.8242
chr1	681141	681142	6	0.8483
chr1	681162	681163	5	0.877
chr1	681210	681211	3	0.8656
chr1	681253	681254	7	0.8822
chr1	681298	681299	3	0.7776
chr1	681319	681320	3	0.9486
chr1	681346	681347	4	0.8575
chr1	681372	681373	5	0.9568
chr1	681397	681398	5	0.8391
chr1	681447	681448	6	0.7682
chr1	681497	681498	5	0.8495
chr1	681547	681548	4	0.6683
chr1	681597	681598	3	0.8454
chr1	681697	681698	4	0.6101
chr1	681797	681798	4	0.7897
chr1	681897	681898	5	0.7673
chr1	681987	681988	5	1.0
chr1	682028	682029	5	0.444
chr1	682043	682044	4	0.4374
chr1	682076	682077	4	0.449
chr1	682126	682127	6	0.4526
chr1	682175	682176	5	0.526
chr1	682191	682192	4	0.3273
chr1	682220	682221	4	0.3804
chr1	682257	682258	2	0.3816
chr1	682281	682282	5	0.4035
chr1	682320	682321	4	0.2516
chr1	682361	682362	5	0.4522
chr1	682384	682385	4	0.532
chr1	682421	682422	4	0.2567
chr1	682447	682448	5	0.4511
chr1	682469	682470	4	0.3489
chr1	682513	682514	2	0.5129
chr1	682529	682530	4	0.2046
chr1	682537	682538	4	0.1878
chr1	682634	682635	4	0.1271
chr1	682734	682735	6	0.5612
chr1	682834	682835	5	0.4607
chr1	682896	682897	4	0.4163
chr1	682946	682947	6	0.3204
chr1	683019	683020	4	0.211
chr1	683118	683119	6	0.2507
chr1	683140	683141	5	0.3133
chr1	683180	683181	4	0.2553
chr1	683230	683231	4	0.011
chr1	683270	683271	4	0.117
chr1	683285	683286	5	0.1262
chr1	683316	683317	4	0.2613
chr1	683340	683341	4	0.1485
chr1	683355	683356	4	0.184
chr1	683405	683406	5	0.1158
chr1	683427	683428	5	0.0969
chr1	683477	683478	5	0.363
chr1	683527	683528	3	0.1013
chr1	683542	683543	4	0.2623
chr1	683566	683567	5	0.0947
chr1	683589	683590	3	0.1042
chr1	683604	683605	3	0.115
chr1	683654	683655	3	0.1462
chr1	683754	683755	6	0.1064
chr1	683839	683840	5	0.1766
chr1	683939	683940	5	0.0996
chr1	684035	684036	2	0.0982
chr1	684093	684094	6	0.0
chr1	684161	684162	5	0.0328
chr1	684193	684194	3	0.7796
chr1	684243	684244	5	0.6478
chr1	684273	684274	5	0.6209
chr1	684297	684298	6	0.685
chr1	684323	684324	6	0.8467
chr1	684342	684343	6	0.5263
chr1	684382	684383	4	0.636
chr1	684409	684410	4	0.6263
chr1	684447	684448	5	0.5959
chr1	684494	684495	5	0.6682
chr1	684509	684510	5	0.6055
chr1	684542	684543	5	0.7267
chr1	684566	684567	3	0.7383
chr1	684604	684605	5	0.6845
chr1	684619	684620	7	0.5069
chr1	684634	684635	3	0.7757
chr1	684684	684685	6	0.6235
chr1	684710	684711	5	0.7701
chr1	684738	684739	6	0.8289
chr1	684759	684760	6	0.7424
chr1	684840	684841	5	0.6853
chr1	684940	684941	4	0.6625
chr1	685040	685041	6	0.5322
chr1	685140	685141	4	0.6894
chr1	685240	685241	6	0.6087
chr1	685250	685251	4	0.8708
chr1	685255	685256	4	0.1052
chr1	685288	685289	6	0.2144
chr1	685329	685330	4	0.1783
chr1	685367	685368	4	0.3317
chr1	685394	685395	3	0.3551
chr1	685421	685422	4	0.4072
chr1	685453	685454	4	0.3275
chr1	685473	685474	4	0.3928
chr1	685493	685494	5	0.4211
chr1	685528	685529	5	0.3765
chr1	685543	685544	6	0.0846
chr1	685564	685565	5	0.1131
chr1	685591	685592	4	0.0366
chr1	685641	685642	5	0.0957
chr1	685669	685670	4	0.0867
chr1	685700	685701	4	0.1238
chr1	685707	685708	4	0.1491
chr1	685757	685758	5	0.2219
chr1	685857	685858	7	0.0968
chr1	685911	685912	5	0.0331
chr1	686011	686012	6	0.1743
chr1	686105	686106	5	0.1203
chr1	686125	686126	6	0.0977
chr1	686203	686204	4	0.1232
chr1	686213	686214	5	0.095
chr1	686231	686232	3	0.148
chr1	686265	686266	5	0.0523
chr1	686397	686398	7	0.1336
chr1	686433	686434	5	0.2161
chr1	686449	686450	3	0.1066
chr1	686513	686514	5	0.1865
chr1	686529	686530	3	0.9085
chr1	686559	686560	3	0.6468
chr1	686605	686606	4	0.6392
chr1	686646	686647	6	0.7955
chr1	686673	686674	4	0.7403
chr1	686723	686724	6	0.6917
chr1	686753	686754	5	0.8413
chr1	686803	686804	4	0.7176
chr1	686837	686838	4	0.7389
chr1	686887	686888	6	0.8065
chr1	686937	686938	5	0.8889
chr1	686963	686964	5	0.9534
chr1	686978	686979	5	0.7527
chr1	686995	686996	5	0.9456
chr1	687030	687031	4	0.7939
chr1	687130	687131	6	0.7342
chr1	687219	687220	4	0.7762
chr1	687271	687272	6	0.8343
chr1	687332	687333	5	0.7667
chr1	687432	687433	5	0.6961
chr1	687442	687443	4	0.691
chr1	687498	687499	5	0.7698
chr1	687512	687513	5	0.1098
chr1	687537	687538	5	0.2663
chr1	687564	687565	4	0.0882
chr1	687581	687582	5	0.1751
chr1	687631	687632	3	0.0883
chr1	687646	687647	4	0.0357
chr1	687686	687687	5	0.188
chr1	687715	687716	5	0.1766
chr1	687730	687731	5	0.1179
chr1	687750	687751	4	0.0324
chr1	687788	687789	3	0.2616
chr1	687838	687839	5	0.0643
chr1	687867	687868	4	0.1592
chr1	687917	687918	4	0.0554
chr1	687948	687949	5	0.1433
chr1	687971	687972	6	0.1836
chr1	687995	687996	3	0.2852
chr1	688095	688096	4	0.1953
chr1	688195	688196	4	0.1835
chr1	688291	688292	5	0.0822
chr1	688391	688392	4	0.0708
chr1	688417	688418	5	0.2105
chr1	688433	688434	5	0.2359
chr1	688465	688466	4	0.5709
chr1	688515	688516	3	0.8831
chr1	688565	688566	5	0.6633
chr1	688611	688612	4	0.7416
chr1	688635	688636	4	0.5799
chr1	688650	688651	4	0.705
chr1	688680	688681	4	0.7188
chr1	688712	688713	5	0.5589
chr1	688727	688728	6	0.6777
chr1	688744	688745	2	0.785
chr1	688772	688773	4	0.7349
chr1	688804	688805	7	0.7226
chr1	688838	688839	5	0.6895
chr1	688862	688863	4	0.532
chr1	688900	688901	6	0.7396
chr1	688914	688915	4	0.683
chr1	688982	688983	4	0.5714
chr1	689036	689037	5	0.498
chr1	689136	689137	5	0.6108
chr1	689236	689237	5	0.7405
chr1	689336	689337	5	0.8045
chr1	689344	689345	6	0.6819
chr1	689386	689387	3	0.5892
chr1	689411	689412	7	0.7539
chr1	689461	689462	4	0.547
chr1	689511	689512	4	0.6399
chr1	689531	689532	6	0.869
chr1	689546	689547	5	0.5174
chr1	689574	689575	6	0.8303
chr1	689591	689592	6	0.8517
chr1	689631	689632	4	0.5852
chr1	689660	689661	3	0.7485
chr1	689688	689689	5	0.8737
chr1	689737	689738	5	0.7869
chr1	689765	689766	5	0.7555
chr1	689795	689796	5	0.6923
chr1	689811	689812	5	0.8217
chr1	689830	689831	6	0.7331
chr1	689858	689859	6	0.7604
chr1	689958	689959	4	0.5402
chr1	690012	690013	6	0.6702
chr1	690112	690113	3	0.7396
chr1	690203	690204	5	0.8217
chr1	690253	690254	4	0.8453
chr1	690281	690282	5	0.9116
chr1	690315	690316	3	0.6487
chr1	690326	690327	3	0.6687
chr1	690356	690357	5	0.7734
chr1	690371	690372	5	0.8142
chr1	690386	690387	5	0.6813
chr1	690408	690409	4	0.9323
chr1	690456	690457	5	0.7269
chr1	690506	690507	4	0.7273
chr1	690556	690557	4	0.7873
chr1	690574	690575	3	0.8519
chr1	690612	690613	5	0.8567
chr1	690662	690663	4	0.9089
chr1	690699	690700	6	0.7777
chr1	690730	690731	4	0.8828
chr1	690776	690777	5	0.7928
chr1	690809	690810	2	0.7786
chr1	690849	690850	3	0.7047
chr1	690864	690865	6	0.7969
chr1	690872	690873	4	0.849
chr1	690972	690973	5	0.6961
chr1	691072	691073	6	0.744
chr1	691122	691123	5	0.9592
chr1	691222	691223	4	0.7223
chr1	691272	691273	4	0.8511
chr1	691345	691346	5	0.8935
chr1	691411	691412	3	0.809
chr1	691469	691470	5	0.9501
chr1	691487	691488	4	0.8002
chr1	691521	691522	6	0.1808
chr1	691536	691537	4	0.3534
chr1	691565	691566	3	0.3825
chr1	691615	691616	5	0.4506
chr1	691639	691640	4	0.2077
chr1	691659	691660	4	0.2305
chr1	691689	691690	4	0.1361
chr1	691739	691740	6	0.2041
chr1	691765	691766	5	0.1958
chr1	691782	691783	4	0.3409
chr1	691802	691803	4	0.2348
chr1	691852	691853	4	0.2419
chr1	691902	691903	2	0.1151
chr1	691947	691948	5	0.1383
chr1	691973	691974	4	0.2069
chr1	691994	691995	4	0.248
chr1	692009	692010	5	0.3028
chr1	692034	692035	4	0.3393
chr1	692040	692041	4	0.0691
chr1	692140	692141	5	0.2948
chr1	692240	692241	6	0.2545
chr1	692291	692292	3	0.3937
chr1	692391	692392	4	0.3986
chr1	692481	692482	4	0.1952
chr1	692525	692526	5	0.1294
chr1	692563	692564	5	0.8709
chr1	692578	692579	4	0.8888
chr1	692600	692601	5	0.7695
chr1	692618	692619	5	0.8981
chr1	692653	692654	6	0.8876
chr1	692683	692684	4	0.954
chr1	692711	692712	4	0.9023
chr1	692761	692762	4	0.8617
chr1	692798	692799	3	0.8806
chr1	692830	692831	5	0.7839
chr1	692848	692849	5	0.8133
chr1	692898	692899	4	0.8433
chr1	692923	692924	4	0.7391
chr1	692972	692973	3	0.8133
chr1	693022	693023	4	0.8896
chr1	693039	693040	4	0.85
chr1	693089	693090	5	0.7925
chr1	693090	693091	4	0.7739
chr1	693176	693177	4	0.9075
chr1	693276	693277	5	0.8224
chr1	693376	693377	4	0.8924
chr1	693476	693477	3	0.8327
chr1	693528	693529	4	0.9121
chr1	693534	693535	2	0.7668
chr1	693562	693563	6	0.9986
chr1	693599	693600	4	0.7133
chr1	693626	693627	3	0.7688
chr1	693675	693676	4	0.7037
chr1	693725	693726	4	0.7406
chr1	693740	693741	4	0.7654
chr1	693762	693763	5	0.6903
chr1	693793	693794	3	0.7133
chr1	693819	693820	5	0.7783
chr1	693840	693841	5	0.6111
chr1	693890	693891	4	0.699
chr1	693905	693906	6	0.7585
chr1	693931	693932	6	0.6907
chr1	693981	693982	4	0.9061
chr1	694002	694003	5	0.7098
chr1	694021	694022	6	0.6118
chr1	694036	694037	4	0.6577
chr1	694086	694087	5	0.6037
chr1	694186	694187	4	0.6809
chr1	694286	694287	5	0.7864
chr1	694372	694373	4	0.6613
chr1	694422	694423	6	0.7908
chr1	694522	694523	5	0.7023
chr1	694572	694573	4	0.8016
chr1	694578	694579	4	0.4983
chr1	694588	694589	5	0.8893
chr1	694634	694635	4	0.7017
chr1	694651	694652	4	0.7402
chr1	694681	694682	3	0.691
chr1	694715	694716	4	0.6947
chr1	694754	694755	4	0.6745
chr1	694796	694797	4	0.586
chr1	694846	694847	4	0.6029
chr1	694896	694897	3	0.6577
chr1	694911	694912	6	0.8122
chr1	694955	694956	6	0.7566
chr1	694975	694976	3	0.8014
chr1	695001	695002	3	0.5705
chr1	695016	695017	5	0.6936
chr1	695051	695052	5	0.6975
chr1	695066	695067	4	0.648
chr1	695090	695091	5	0.5513
chr1	695105	695106	3	0.5625
chr1	695124	695125	4	0.5409
chr1	695141	695142	3	0.6056
chr1	695218	695219	4	0.6763
chr1	695293	695294	5	0.7293
chr1	695393	695394	4	0.5246
chr1	695493	695494	4	0.6136
chr1	695547	695548	4	0.649
chr1	695733	695734	3	0.7883
chr1	695766	695767	4	0.5711
chr1	695801	695802	6	0.6065
chr1	695851	695852	5	0.7046
chr1	695881	695882	3	0.5887
chr1	695906	695907	3	0.5273
chr1	695954	695955	4	0.7211
chr1	695979	695980	5	0.6574
chr1	695994	695995	6	0.7169
chr1	696014	696015	5	0.7238
chr1	696032	696033	5	0.7198
chr1	696065	696066	5	0.8346
chr1	696098	696099	4	0.5607
chr1	696135	696136	4	0.7663
chr1	696185	696186	5	0.6265
chr1	696217	696218	6	0.7494
chr1	696247	696248	7	0.8396
chr1	696265	696266	5	0.6293
chr1	696365	696366	6	0.8014
chr1	696465	696466	5	0.6564
chr1	696565	696566	4	0.6669
chr1	696665	696666	5	0.7274
chr1	696719	696720	5	0.6247
chr1	696728	696729	4	0.3737
chr1	696746	696747	5	0.4062
chr1	696796	696797	5	0.4306
chr1	696843	696844	4	0.5096
chr1	696885	696886	5	0.3565
chr1	696900	696901	4	0.1252
chr1	696935	696936	6	0.383
chr1	696971	696972	5	0.4092
chr1	697021	697022	5	0.2972
chr1	697036	697037	4	0.4021
chr1	697086	697087	5	0.3582
chr1	697121	697122	4	0.2243
chr1	697136	697137	6	0.4596
chr1	697152	697153	5	0.52
chr1	697184	697185	5	0.2196
chr1	697199	697200	4	0.4807
chr1	697224	697225	4	0.4169
chr1	697250	697251	5	0.3542
chr1	697264	697265	4	0.3786
chr1	697364	697365	7	0.4905
chr1	697414	697415	5	0.4198
chr1	697489	697490	3	0.3505
chr1	697589	697590	6	0.3603
chr1	697639	697640	5	0.2166
chr1	697739	697740	4	0.367
chr1	697767	697768	5	0.7595
chr1	698005	698006	4	0.6363
chr1	698071	698072	5	0.6512
chr1	698085	698086	4	0.6392
chr1	698135	698136	5	0.4499
chr1	698137	698138	6	0.7081
chr1	698142	698143	4	0.3858
chr1	698171	698172	5	0.5242
chr1	698200	698201	4	0.5644
chr1	698221	698222	2	0.4992
chr1	698250	698251	4	0.3523
chr1	698300	698301	4	0.4527
chr1	698321	698322	4	0.4675
chr1	698357	698358	3	0.4101
chr1	698374	698375	4	0.2896
chr1	698424	698425	4	0.5518
chr1	698439	698440	5	0.6055
chr1	698489	698490	5	0.5111
chr1	698513	698514	5	0.5634
chr1	698528	698529	5	0.4028
chr1	698543	698544	3	0.4628
chr1	698565	698566	3	0.3413
chr1	698590	698591	5	0.498
chr1	698615	698616	6	0.5797
chr1	698640	698641	4	0.6487
chr1	698661	698662	4	0.3982
chr1	698761	698762	5	0.6469
chr1	698861	698862	7	0.4195
chr1	698911	698912	5	0.459
chr1	699011	699012	4	0.4586
chr1	699111	699112	6	0.3559
chr1	699161	699162	4	0.7266
chr1	699215	699216	4	0.7097
chr1	699353	699354	6	0.762
chr1	699369	699370	6	1.0
chr1	699471	699472	3	0.6555
chr1	699495	699496	3	0.5864
chr1	699523	699524	4	0.2637
chr1	699546	699547	5	0.0757
chr1	699596	699597	6	0.0545
chr1	699640	699641	4	0.0943
chr1	699664	699665	5	0.0616
chr1	699680	699681	5	0.2072
chr1	699730	699731	3	0.1534
chr1	699749	699750	3	0.1404
chr1	699799	699800	5	0.1887
chr1	699849	699850	4	0.0338
chr1	699892	699893	3	0.1691
chr1	699923	699924	5	0.3763
chr1	699961	699962	6	0.1936
chr1	699977	699978	4	0.0589
chr1	699992	699993	4	0.0634
chr1	700092	700093	6	0.1855
chr1	700192	700193	3	0.0586
chr1	700292	700293	4	0.1719
chr1	700342	700343	5	0.1666
chr1	700442	700443	3	0.1364
chr1	700478	700479	4	0.158
chr1	700515	700516	4	0.2214
chr1	700548	700549	4	0.1137
chr1	700598	700599	3	0.3271
chr1	700631	700632	5	0.1373
chr1	700646	700647	4	0.1773
chr1	700696	700697	4	0.3646
chr1	700734	700735	5	0.2143
chr1	700779	700780	4	0.1521
chr1	700829	700830	3	0.3031
chr1	700869	700870	4	0.2695
chr1	700904	700905	4	0.1502
chr1	700940	700941	5	0.2468
chr1	700964	700965	6	0.3112
chr1	701004	701005	4	0.2717
chr1	701037	701038	6	0.2444
chr1	701055	701056	3	0.2263
chr1	701070	701071	6	0.1973
chr1	701156	701157	5	0.2925
chr1	701256	701257	6	0.1942
chr1	701314	701315	5	0.0162
chr1	701399	701400	4	0.2507
chr1	701499	701500	4	0.1371
chr1	701599	701600	4	0.2628
chr1	701601	701602	5	0.2107
chr1	701609	701610	5	0.7601
chr1	701631	701632	6	0.783
chr1	701681	701682	5	0.6972
chr1	701702	701703	4	0.6835
chr1	701730	701731	3	0.7367
chr1	701775	701776	5	0.5948
chr1	701823	701824	6	0.4811
chr1	701843	701844	4	0.5013
chr1	701873	701874	6	0.5204
chr1	701899	701900	5	0.4363
chr1	701925	701926	5	0.4853
chr1	701975	701976	4	0.4611
chr1	702025	702026	4	0.328
chr1	702064	702065	6	0.6985
chr1	702099	702100	4	0.7211
chr1	702126	702127	6	0.8136
chr1	702176	702177	5	0.8124
chr1	702276	702277	5	0.7243
chr1	702376	702377	3	0.8025
chr1	702476	702477	4	0.6329
chr1	702526	702527	4	0.6998
chr1	702601	702602	5	0.5754
chr1	702633	702634	5	0.8705
chr1	702671	702672	4	0.9504
chr1	702813	702814	4	0.6089
chr1	702963	702964	4	0.9113
chr1	702975	702976	3	0.9026
chr1	703009	703010	4	0.8222
chr1	703017	703018	3	0.5803
chr1	703023	703024	3	0.8434
chr1	703073	703074	4	0.5623
chr1	703107	703108	4	0.5611
chr1	703157	703158	4	0.5777
chr1	703198	703199	5	0.6547
chr1	703219	703220	5	0.56
chr1	703265	703266	5	0.6863
chr1	703301	703302	4	0.5657
chr1	703323	703324	4	0.6887
chr1	703355	703356	5	0.5696
chr1	703374	703375	4	0.619
chr1	703389	703390	3	0.6366
chr1	703439	703440	5	0.6527
chr1	703489	703490	5	0.6169
chr1	703539	703540	4	0.4773
chr1	703562	703563	4	0.6265
chr1	703662	703663	5	0.6317
chr1	703762	703763	4	0.4117
chr1	703844	703845	4	0.4709
chr1	703926	703927	4	0.4552
chr1	704026	704027	4	0.6664
chr1	704090	704091	6	0.584
chr1	704120	704121	5	0.8058
chr1	704155	704156	4	0.7496
chr1	704185	704186	3	0.8126
chr1	704212	704213	2	0.69
chr1	704250	704251	3	0.802
chr1	704284	704285	4	0.7654
chr1	704334	704335	4	0.7176
chr1	704360	704361	5	0.7754
chr1	704396	704397	5	0.7996
chr1	704439	704440	4	0.7529
chr1	704457	704458	5	0.8393
chr1	704477	704478	5	0.7343
chr1	704494	704495	5	0.6792
chr1	704512	704513	4	0.7483
chr1	704544	704545	4	1.0
chr1	704559	704560	4	0.7816
chr1	704592	704593	6	0.8113
chr1	704629	704630	5	0.7678
chr1	704669	704670	4	0.7691
chr1	704687	704688	4	0.7654
chr1	704787	704788	4	0.8468
chr1	704887	704888	5	0.8248
chr1	704971	704972	5	0.841
chr1	705071	705072	5	0.8462
chr1	705171	705172	3	0.7457
chr1	705203	705204	3	0.8858
chr1	705243	705244	4	0.7664
chr1	705248	705249	4	0.4109
chr1	705296	705297	5	0.457
chr1	705317	705318	5	0.6212
chr1	705352	705353	5	0.378
chr1	705402	705403	3	0.4384
chr1	705418	705419	5	0.3463
chr1	705435	705436	2	0.3907
chr1	705485	705486	5	0.452
chr1	705535	705536	5	0.5182
chr1	705585	705586	3	0.5041
chr1	705600	705601	5	0.5862
chr1	705644	705645	3	0.4035
chr1	705669	705670	5	0.417
chr1	705706	705707	5	0.4919
chr1	705756	705757	3	0.5727
chr1	705771	705772	6	0.6073
chr1	705793	705794	3	0.6483
chr1	705800	705801	5	0.4541
chr1	705850	705851	4	0.4205
chr1	705950	705951	6	0.4183
chr1	706050	706051	4	0.4761
chr1	706150	706151	3	0.3594
chr1	706250	706251	4	0.3434
chr1	706345	706346	3	0.3387
chr1	706401	706402	5	0.2779
chr1	706457	706458	5	0.2172
chr1	706547	706548	5	0.2027
chr1	706573	706574	4	0.0621
chr1	706675	706676	6	0.2707
chr1	706823	706824	5	0.3604
chr1	706833	706834	4	0.254
chr1	706845	706846	2	0.2413
chr1	706894	706895	4	0.8547
chr1	706909	706910	4	0.7869
chr1	706959	706960	3	0.676
chr1	706986	706987	6	0.7256
chr1	707005	707006	4	0.886
chr1	707025	707026	6	0.6346
chr1	707047	707048	5	0.9837
chr1	707081	707082	5	0.8728
chr1	707122	707123	6	0.7454
chr1	707153	707154	4	0.8158
chr1	707195	707196	5	0.8547
chr1	707215	707216	5	0.9165
chr1	707247	707248	5	0.8118
chr1	707297	707298	6	0.7609
chr1	707330	707331	4	0.8559
chr1	707345	707346	5	0.7905
chr1	707352	707353	3	0.9271
chr1	707452	707453	5	0.7638
chr1	707534	707535	5	0.8731
chr1	707634	707635	5	0.8995
chr1	707684	707685	3	0.9735
chr1	707784	707785	3	0.9043
chr1	707832	707833	4	0.9522
chr1	707862	707863	6	0.8276
chr1	707893	707894	5	0.9059
chr1	707943	707944	5	0.9155
chr1	707968	707969	4	0.9133
chr1	707988	707989	5	0.7985
chr1	708023	708024	4	0.9431
chr1	708048	708049	7	0.9802
chr1	708080	708081	5	0.8495
chr1	708104	708105	5	0.783
chr1	708129	708130	5	1.0
chr1	708179	708180	4	0.744
chr1	708229	708230	5	0.788
chr1	708279	708280	4	0.8146
chr1	708309	708310	5	0.7533
chr1	708340	708341	6	0.8902
chr1	708384	708385	5	0.8373
chr1	708410	708411	4	0.9256
chr1	708510	708511	5	0.8758
chr1	708589	708590	4	0.8822
chr1	708689	708690	6	0.6892
chr1	708789	708790	5	0.9071
chr1	708870	708871	5	0.8825
chr1	708942	708943	6	0.8838
chr1	708950	708951	7	0.9262
chr1	708992	708993	5	0.2678
chr1	709020	709021	5	0.2187
chr1	709070	709071	6	0.3537
chr1	709085	709086	6	0.2844
chr1	709110	709111	6	0.3964
chr1	709133	709134	6	0.2566
chr1	709161	709162	3	0.2978
chr1	709200	709201	4	0.26
chr1	709235	709236	5	0.332
chr1	709263	709264	5	0.2534
chr1	709284	709285	5	0.4599
chr1	709325	709326	4	0.1721
chr1	709368	709369	5	0.3063
chr1	709406	709407	4	0.2074
chr1	709456	709457	4	0.317
chr1	709480	709481	5	0.3141
chr1	709500	709501	4	0.2139
chr1	709519	709520	6	0.2285
chr1	709560	709561	5	0.2082
chr1	709565	709566	3	0.2546
chr1	709615	709616	5	0.1875
chr1	709695	709696	3	0.1855
chr1	709795	709796	5	0.1972
chr1	709845	709846	5	0.2493
chr1	709899	709900	4	0.3111
chr1	709951	709952	4	0.4813
chr1	710051	710052	6	0.2675
chr1	710126	710127	3	0.2627
chr1	710134	710135	2	0.1794
chr1	710224	710225	4	0.109
chr1	710251	710252	4	0.0947
chr1	710285	710286	4	0.0421
chr1	710300	710301	4	0.0922
chr1	710336	710337	5	0.1153
chr1	710360	710361	4	0.0778
chr1	710382	710383	3	0.0271
chr1	710412	710413	6	0.1031
chr1	710438	710439	3	0.2149
chr1	710460	710461	3	0.1036
chr1	710503	710504	3	0.2344
chr1	710534	710535	6	0.0732
chr1	710549	710550	5	0.0946
chr1	710564	710565	5	0.161
chr1	710614	710615	4	0.0
chr1	710657	710658	5	0.1272
chr1	710690	710691	5	0.2223
chr1	710740	710741	4	0.0336
chr1	710783	710784	5	0.0783
chr1	710798	710799	6	0.0642
chr1	710813	710814	5	0.1576
chr1	710821	710822	5	0.2757
chr1	710921	710922	5	0.2551
chr1	711021	711022	5	0.1202
chr1	711121	711122	6	0.1244
chr1	711171	711172	5	0.0087
chr1	711271	711272	3	0.154
chr1	711341	711342	5	0.1429
chr1	711369	711370	4	0.1252
chr1	711433	711434	4	0.1654
chr1	711440	711441	6	0.4375
chr1	711455	711456	5	0.1835
chr1	711470	711471	4	0.4449
chr1	711491	711492	2	0.3091
chr1	711515	711516	4	0.3273
chr1	711565	711566	4	0.4294
chr1	711584	711585	6	0.411
chr1	711599	711600	5	0.3776
chr1	711617	711618	4	0.454
chr1	711634	711635	4	0.3
chr1	711651	711652	5	0.2777
chr1	711687	711688	4	0.1766
chr1	711708	711709	6	0.1406
chr1	711728	711729	3	0.2519
chr1	711778	711779	4	0.3575
chr1	711797	711798	6	0.2364
chr1	711817	711818	2	0.307
chr1	711867	711868	4	0.4168
chr1	711910	711911	4	0.4112
chr1	711947	711948	4	0.4317
chr1	711977	711978	4	0.2838
chr1	712041	712042	5	0.3597
chr1	712141	712142	4	0.3206
chr1	712241	712242	5	0.3206
chr1	712291	712292	4	0.4495
chr1	712391	712392	3	0.4285
chr1	712458	712459	3	0.3513
chr1	712508	712509	5	0.4196
chr1	712582	712583	3	0.6692
chr1	712586	712587	4	0.6708
chr1	712660	712661	6	0.5626
chr1	712704	712705	4	0.6082
chr1	712732	712733	5	0.654
chr1	712774	712775	5	0.8488
chr1	712792	712793	4	0.6173
chr1	713006	713007	6	0.6497
chr1	713034	713035	4	0.7235
chr1	713068	713069	5	0.7703
chr1	713100	713101	5	0.675
chr1	713123	713124	4	0.7986
chr1	713138	713139	5	0.5908
chr1	713187	713188	4	0.8507
chr1	713206	713207	4	0.8062
chr1	713228	713229	4	0.8416
chr1	713255	713256	5	0.7859
chr1	713274	713275	4	0.6241
chr1	713309	713310	4	0.7345
chr1	713334	713335	4	0.8014
chr1	713365	713366	4	0.81
chr1	713405	713406	5	0.6212
chr1	713421	713422	4	0.6811
chr1	713455	713456	3	0.8788
chr1	713487	713488	3	0.6442
chr1	713508	713509	4	0.8107
chr1	713587	713588	4	0.838
chr1	713687	713688	3	0.7356
chr1	713737	713738	4	0.7227
chr1	713837	713838	5	0.6694
chr1	713888	713889	4	0.8186
chr1	713947	713948	3	0.7847
chr1	713977	713978	4	0.8828
chr1	713987	713988	4	0.6605
chr1	714010	714011	3	0.7139
chr1	714034	714035	6	0.633
chr1	714069	714070	4	0.6581
chr1	714107	714108	4	0.6633
chr1	714157	714158	6	0.8615
chr1	714193	714194	3	0.7823
chr1	714243	714244	3	0.8248
chr1	714260	714261	5	0.7796
chr1	714275	714276	3	0.8928
chr1	714305	714306	3	0.6549
chr1	714347	714348	4	0.4403
chr1	714397	714398	5	0.457
chr1	714421	714422	3	0.2789
chr1	714434	714435	4	0.3069
chr1	714516	714517	5	0.5004
chr1	714588	714589	4	0.4941
chr1	714688	714689	4	0.5199
chr1	714788	714789	2	0.6846
chr1	714842	714843	3	0.673
chr1	714856	714857	5	0.8159
chr1	715134	715135	5	0.7951
chr1	715152	715153	3	0.8827
chr1	715288	715289	4	0.4949
chr1	715308	715309	5	0.8377
chr1	715328	715329	5	0.9003
chr1	715375	715376	5	0.739
chr1	715412	715413	4	0.6965
chr1	715454	715455	6	0.7818
chr1	715487	715488	5	0.7174
chr1	715509	715510	4	0.7147
chr1	715532	715533	4	0.6956
chr1	715571	715572	4	0.7192
chr1	715621	715622	5	0.831
chr1	715651	715652	4	0.6597
chr1	715683	715684	5	0.6611
chr1	715733	715734	3	0.5965
chr1	715758	715759	4	0.8096
chr1	715780	715781	4	0.8654
chr1	715800	715801	5	0.7847
chr1	715815	715816	5	0.7361
chr1	715846	715847	4	0.6067
chr1	715853	715854	4	0.6821
chr1	715911	715912	2	0.6679
chr1	716011	716012	3	0.8009
chr1	716061	716062	5	0.7284
chr1	716125	716126	6	0.9003
chr1	716216	716217	6	0.6049
chr1	716316	716317	4	0.8779
chr1	716328	716329	2	0.835
chr1	716347	716348	4	0.93
chr1	716397	716398	4	0.0816
chr1	716447	716448	4	0.74
chr1	716486	716487	4	0.7094
chr1	716509	716510	4	0.2917
chr1	716537	716538	6	0.2833
chr1	716552	716553	3	0.6206
chr1	716567	716568	5	0.748
chr1	716592	716593	5	0.953
chr1	716614	716615	5	0.5774
chr1	716635	716636	5	0.4704
chr1	716671	716672	5	0.4632
chr1	716698	716699	4	0.9029
chr1	716748	716749	4	0.4646
chr1	716768	716769	4	0.1576
chr1	716783	716784	5	0.732
chr1	716810	716811	5	0.4658
chr1	716833	716834	3	0.5637
chr1	716886	716887	4	0.9165
chr1	716986	716987	5	0.1664
chr1	717086	717087	6	0.7516
chr1	717186	717187	5	0.4917
chr1	717271	717272	5	0.2981
chr1	717307	717308	5	1.0
chr1	717333	717334	4	0.331
chr1	717382	717383	5	0.6078
chr1	717397	717398	5	0.6184
chr1	717433	717434	4	0.5343
chr1	717466	717467	4	0.6046
chr1	717516	717517	4	0.6335
chr1	717559	717560	5	0.6304
chr1	717577	717578	5	0.6907
chr1	717627	717628	4	0.5612
chr1	717677	717678	5	0.5115
chr1	717698	717699	4	0.5591
chr1	717748	717749	5	0.5985
chr1	717771	717772	3	0.8251
chr1	717821	717822	6	0.6768
chr1	717836	717837	5	0.6073
chr1	717862	717863	6	0.7543
chr1	717877	717878	5	0.8438
chr1	717892	717893	4	0.7299
chr1	717992	717993	3	0.6961
chr1	718055	718056	4	0.5783
chr1	718134	718135	6	0.5179
chr1	718234	718235	5	0.827
chr1	718323	718324	4	0.7091
chr1	718405	718406	4	0.7012
chr1	718421	718422	3	0.867
chr1	718436	718437	5	0.9036
chr1	718468	718469	4	0.8185
chr1	718487	718488	4	0.9015
chr1	718503	718504	4	0.8068
chr1	718523	718524	5	0.8205
chr1	718550	718551	4	0.8265
chr1	718565	718566	6	0.7854
chr1	718600	718601	4	0.9849
chr1	718644	718645	5	0.915
chr1	718675	718676	5	0.6024
chr1	718721	718722	4	0.8293
chr1	718741	718742	4	0.8836
chr1	718779	718780	5	0.8641
chr1	718823	718824	5	0.8563
chr1	718838	718839	5	0.8275
chr1	718856	718857	6	0.8046
chr1	718871	718872	4	0.7749
chr1	718877	718878	4	0.7945
chr1	718977	718978	6	0.8656
chr1	719077	719078	5	0.7721
chr1	719145	719146	6	0.8501
chr1	719208	719209	4	0.9674
chr1	719308	719309	5	0.8877
chr1	719316	719317	4	0.7636
chr1	719350	719351	6	0.9312
chr1	719357	719358	3	0.5315
chr1	719374	719375	6	0.5631
chr1	719389	719390	4	0.5492
chr1	719431	719432	5	0.6598
chr1	719475	719476	5	0.5961
chr1	719521	719522	5	0.6732
chr1	719571	719572	6	0.5923
chr1	719621	719622	4	0.5229
chr1	719663	719664	3	0.6835
chr1	719713	719714	4	0.6154
chr1	719746	719747	5	0.7621
chr1	719776	719777	5	0.3689
chr1	719822	719823	4	0.6806
chr1	719860	719861	5	0.6858
chr1	719960	719961	4	0.354
chr1	720060	720061	4	0.5344
chr1	720160	720161	5	0.5768
chr1	720260	720261	4	0.5322
chr1	720360	720361	5	0.7201
chr1	720374	720375	3	0.9187
chr1	720406	720407	4	0.9133
chr1	720420	720421	6	0.8803
chr1	720636	720637	6	0.7935
chr1	720642	720643	5	0.6819
chr1	720660	720661	4	0.8772
chr1	720790	720791	5	0.8391
chr1	720848	720849	6	0.596
chr1	720854	720855	5	0.893
chr1	720869	720870	4	0.4924
chr1	720917	720918	4	0.5814
chr1	720939	720940	4	0.542
chr1	720958	720959	5	0.8975
chr1	720973	720974	4	0.661
chr1	721006	721007	6	0.6178
chr1	721056	721057	5	0.6837
chr1	721081	721082	5	0.7112
chr1	721101	721102	5	0.5026
chr1	721151	721152	4	0.7466
chr1	721201	721202	6	0.6092
chr1	721223	721224	3	0.8679
chr1	721243	721244	4	0.7575
chr1	721283	721284	5	0.8592
chr1	721310	721311	3	0.7414
chr1	721410	721411	4	0.6911
chr1	721460	721461	3	0.6077
chr1	721560	721561	4	0.6837
chr1	721655	721656	3	0.7305
chr1	721665	721666	5	0.8248
chr1	721674	721675	4	0.6287
chr1	721689	721690	5	0.5354
chr1	721711	721712	6	0.4408
chr1	721737	721738	5	0.5494
chr1	721760	721761	4	0.5546
chr1	721776	721777	5	0.6582
chr1	721808	721809	4	0.4471
chr1	721851	721852	7	0.2262
chr1	721871	721872	4	0.307
chr1	721902	721903	6	0.2024
chr1	721926	721927	4	0.2826
chr1	721962	721963	3	0.2954
chr1	722004	722005	6	0.206
chr1	722028	722029	2	0.3861
chr1	722059	722060	4	0.4888
chr1	722109	722110	5	0.6784
chr1	722131	722132	4	0.5087
chr1	722152	722153	6	0.5725
chr1	722181	722182	2	0.746
chr1	722231	722232	6	0.6153
chr1	722331	722332	6	0.4988
chr1	722431	722432	4	0.419
chr1	722531	722532	4	0.5056
chr1	722631	722632	3	0.6912
chr1	722637	722638	5	0.6681
chr1	722657	722658	5	0.7075
chr1	722717	722718	4	0.6406
chr1	722757	722758	6	0.4934
chr1	723035	723036	4	0.6613
chr1	723041	723042	4	0.4484
chr1	723056	723057	6	0.559
chr1	723071	723072	2	0.4239
chr1	723086	723087	5	0.4785
chr1	723112	723113	4	0.4814
chr1	723129	723130	4	0.5449
chr1	723151	723152	4	0.5616
chr1	723179	723180	4	0.3408
chr1	723229	723230	4	0.5496
chr1	723279	723280	4	0.5341
chr1	723310	723311	5	0.6382
chr1	723359	723360	4	0.4349
chr1	723389	723390	5	0.6459
chr1	723411	723412	3	0.6005
chr1	723461	723462	7	0.6109
chr1	723483	723484	3	0.599
chr1	723506	723507	5	0.4856
chr1	723520	723521	4	0.522
chr1	723620	723621	5	0.5483
chr1	723670	723671	5	0.2871
chr1	723761	723762	4	0.612
chr1	723861	723862	4	0.4378
chr1	723961	723962	6	0.4688
chr1	724015	724016	7	0.7829
chr1	724073	724074	3	0.8304
chr1	724251	724252	5	0.5559
chr1	724283	724284	5	0.8699
chr1	724297	724298	5	0.8457
chr1	724433	724434	3	0.744
chr1	724443	724444	5	0.1097
chr1	724477	724478	4	0.17
chr1	724527	724528	7	0.2244
chr1	724546	724547	4	0.0992
chr1	724582	724583	3	0.2404
chr1	724629	724630	4	0.1514
chr1	724656	724657	4	0.1217
chr1	724689	724690	3	0.3267
chr1	724728	724729	4	0.055
chr1	724761	724762	4	0.1246
chr1	724795	724796	5	0.2365
chr1	724845	724846	6	0.3201
chr1	724863	724864	4	0.1797
chr1	724878	724879	5	0.0344
chr1	724912	724913	3	0.0
chr1	724962	724963	5	0.405
chr1	724985	724986	3	0.2594
chr1	724986	724987	5	0.1814
chr1	725065	725066	4	0.1289
chr1	725165	725166	4	0.1841
chr1	725237	725238	5	0.1292
chr1	725309	725310	6	0.1533
chr1	725406	725407	4	0.0972
chr1	725486	725487	3	0.2156
chr1	725490	725491	6	0.2953
chr1	725556	725557	6	0.1631
chr1	725563	725564	7	0.444
chr1	725585	725586	4	0.4256
chr1	725617	725618	5	0.463
chr1	725632	725633	3	0.4258
chr1	725647	725648	6	0.4989
chr1	725682	725683	5	0.4523
chr1	725705	725706	6	0.5276
chr1	725726	725727	6	0.2964
chr1	725767	725768	5	0.4291
chr1	725811	725812	5	0.4683
chr1	725836	725837	5	0.4132
chr1	725864	725865	5	0.3878
chr1	725900	725901	5	0.3734
chr1	725919	725920	5	0.3287
chr1	725942	725943	5	0.5691
chr1	725967	725968	5	0.4741
chr1	725985	725986	5	0.2931
chr1	726013	726014	4	0.5608
chr1	726028	726029	3	0.4133
chr1	726066	726067	4	0.6932
chr1	726110	726111	3	0.5641
chr1	726210	726211	5	0.5618
chr1	726260	726261	4	0.537
chr1	726345	726346	4	0.3862
chr1	726445	726446	4	0.3824
chr1	726499	726500	4	0.408
chr1	726599	726600	2	0.5076
chr1	726711	726712	4	0.1222
chr1	726729	726730	6	0.1479
chr1	726759	726760	5	0.1597
chr1	726887	726888	4	0.0861
chr1	727081	727082	7	0.1523
chr1	727086	727087	5	0.5939
chr1	727102	727103	5	0.4313
chr1	727152	727153	5	0.533
chr1	727186	727187	5	0.3155
chr1	727222	727223	5	0.3962
chr1	727254	727255	5	0.4597
chr1	727299	727300	3	0.3198
chr1	727328	727329	5	0.4074
chr1	727346	727347	5	0.507
chr1	727366	727367	5	0.426
chr1	727384	727385	4	0.5051
chr1	727399	727400	5	0.4817
chr1	727423	727424	6	0.4249
chr1	727455	727456	4	0.4592
chr1	727470	727471	6	0.5403
chr1	727497	727498	5	0.4673
chr1	727543	727544	5	0.4466
chr1	727564	727565	4	0.5343
chr1	727582	727583	5	0.4559
chr1	727597	727598	6	0.4254
chr1	727641	727642	5	0.4044
chr1	727716	727717	3	0.5107
chr1	727766	727767	4	0.5147
chr1	727855	727856	5	0.5465
chr1	727955	727956	5	0.4208
chr1	728055	728056	5	0.4004
chr1	728105	728106	4	0.5097
chr1	728155	728156	2	0.3032
chr1	728201	728202	6	0.6679
chr1	728241	728242	4	0.7991
chr1	728451	728452	6	0.672
chr1	728483	728484	4	0.6024
chr1	728499	728500	4	0.6913
chr1	728534	728535	4	0.6203
chr1	728557	728558	2	0.7134
chr1	728586	728587	4	0.7207
chr1	728606	728607	5	0.6091
chr1	728652	728653	4	0.7708
chr1	728680	728681	5	0.6945
chr1	728695	728696	4	0.8086
chr1	728745	728746	5	0.6117
chr1	728786	728787	3	0.7323
chr1	728836	728837	4	0.6426
chr1	728863	728864	3	0.7124
chr1	728905	728906	4	0.8138
chr1	728946	728947	5	0.687
chr1	728985	728986	4	0.6879
chr1	728991	728992	4	0.801
chr1	729081	729082	5	0.6908
chr1	729181	729182	4	0.6882
chr1	729259	729260	5	0.6622
chr1	729359	729360	4	0.6001
chr1	729441	729442	5	0.658
chr1	729515	729516	4	0.8446
chr1	729540	729541	3	0.3538
chr1	729612	729613	4	0.2613
chr1	729643	729644	5	0.4135
chr1	729661	729662	5	0.3882
chr1	729699	729700	4	0.4222
chr1	729729	729730	4	0.4385
chr1	729765	729766	4	0.2876
chr1	729781	729782	6	0.37
chr1	729831	729832	2	0.1807
chr1	729865	729866	4	0.4976
chr1	729908	729909	4	0.4764
chr1	729923	729924	5	0.2825
chr1	729944	729945	4	0.4168
chr1	729994	729995	5	0.1644
chr1	730009	730010	5	0.1886
chr1	730029	730030	8	0.4963
chr1	730048	730049	4	0.3949
chr1	730148	730149	6	0.3159
chr1	730248	730249	4	0.3022
chr1	730348	730349	3	0.5688
chr1	730448	730449	4	0.3755
chr1	730517	730518	3	0.342
chr1	730605	730606	4	0.3919
chr1	730613	730614	3	0.669
chr1	730637	730638	6	0.651
chr1	730687	730688	5	0.4435
chr1	730718	730719	5	0.5346
chr1	730741	730742	4	0.6541
chr1	730768	730769	4	0.4172
chr1	730802	730803	5	0.4999
chr1	730831	730832	4	0.5352
chr1	730863	730864	4	0.6047
chr1	730913	730914	5	0.597
chr1	730932	730933	3	0.6383
chr1	730949	730950	6	0.6338
chr1	730969	730970	5	0.699
chr1	730984	730985	2	0.5066
chr1	731012	731013	5	0.6093
chr1	731060	731061	3	0.6416
chr1	731075	731076	5	0.5079
chr1	731087	731088	3	0.5196
chr1	731187	731188	4	0.4844
chr1	731287	731288	4	0.5537
chr1	731345	731346	5	0.5734
chr1	731445	731446	5	0.5817
chr1	731545	731546	4	0.6952
chr1	731587	731588	5	0.8816
chr1	731605	731606	4	0.9148
chr1	731615	731616	4	0.7854
chr1	731651	731652	5	0.9232
chr1	731705	731706	4	0.9293
chr1	731825	731826	6	0.7387
chr1	731867	731868	5	0.9149
chr1	731881	731882	5	0.7704
chr1	731925	731926	5	0.828
chr1	731975	731976	4	0.7463
chr1	732011	732012	3	0.8326
chr1	732061	732062	6	0.8494
chr1	732111	732112	7	0.8292
chr1	732142	732143	4	0.8225
chr1	732167	732168	3	0.7948
chr1	732193	732194	5	0.7845
chr1	732216	732217	5	0.8407
chr1	732266	732267	5	0.7743
chr1	732292	732293	4	0.7935
chr1	732324	732325	5	0.9285
chr1	732364	732365	7	0.7644
chr1	732384	732385	4	0.7123
chr1	732424	732425	3	0.8174
chr1	732454	732455	4	0.8279
chr1	732489	732490	5	0.9095
chr1	732555	732556	5	0.8442
chr1	732655	732656	3	0.8285
chr1	732755	732756	3	0.9083
chr1	732845	732846	4	0.6326
chr1	732906	732907	5	0.7356
chr1	733006	733007	4	0.8482
chr1	733106	733107	5	1.0
chr1	733153	733154	4	0.644
chr1	733181	733182	6	0.8156
chr1	733231	733232	4	0.8371
chr1	733267	733268	6	0.8012
chr1	733304	733305	4	0.8299
chr1	733325	733326	5	0.6888
chr1	733347	733348	3	0.7119
chr1	733397	733398	4	0.8296
chr1	733426	733427	4	0.6581
chr1	733476	733477	5	0.6618
chr1	733526	733527	4	0.8586
chr1	733553	733554	5	0.8635
chr1	733575	733576	4	0.8017
chr1	733615	733616	4	0.6918
chr1	733617	733618	3	0.6591
chr1	733667	733668	4	0.7284
chr1	733767	733768	3	0.8491
chr1	733865	733866	5	0.8134
chr1	733915	733916	5	0.8602
chr1	734015	734016	4	0.7306
chr1	734089	734090	4	0.9256
chr1	734094	734095	5	0.5885
chr1	734144	734145	4	0.5947
chr1	734172	734173	5	0.5965
chr1	734199	734200	4	0.7169
chr1	734214	734215	5	0.6831
chr1	734229	734230	5	0.5225
chr1	734244	734245	5	0.5584
chr1	734261	734262	6	0.4411
chr1	734276	734277	5	0.4945
chr1	734326	734327	3	0.5236
chr1	734376	734377	4	0.4373
chr1	734425	734426	4	0.3501
chr1	734459	734460	4	0.5463
chr1	734509	734510	6	0.5244
chr1	734541	734542	6	0.6274
chr1	734560	734561	4	0.4668
chr1	734578	734579	7	0.6403
chr1	734628	734629	4	0.6427
chr1	734645	734646	6	0.5721
chr1	734737	734738	5	0.4956
chr1	734837	734838	5	0.6462
chr1	734937	734938	3	0.448
chr1	735037	735038	7	0.6514
chr1	735137	735138	5	0.477
chr1	735195	735196	6	0.6292
chr1	735387	735388	4	0.8144
chr1	735417	735418	5	0.8522
chr1	735467	735468	5	0.9318
chr1	735537	735538	4	0.732
chr1	735553	735554	4	0.1091
chr1	735578	735579	3	0.2928
chr1	735626	735627	4	0.2303
chr1	735661	735662	4	0.1759
chr1	735695	735696	6	0.2952
chr1	735728	735729	3	0.1539
chr1	735778	735779	4	0.0655
chr1	735809	735810	5	0.1038
chr1	735859	735860	3	0.1061
chr1	735898	735899	6	0.1773
chr1	735931	735932	4	0.1702
chr1	735981	735982	4	0.1848
chr1	735993	735994	3	0.2544
chr1	736043	736044	5	0.1273
chr1	736143	736144	5	0.2087
chr1	736243	736244	4	0.3123
chr1	736331	736332	6	0.2201
chr1	736409	736410	5	0.224
chr1	736509	736510	4	0.1665
chr1	736515	736516	3	0.4113
chr1	736541	736542	4	0.2613
chr1	736558	736559	4	0.4475
chr1	736580	736581	5	0.3469
chr1	736599	736600	3	0.3514
chr1	736617	736618	5	0.2576
chr1	736651	736652	5	0.3083
chr1	736692	736693	3	0.4166
chr1	736717	736718	3	0.3693
chr1	736732	736733	6	0.2287
chr1	736782	736783	6	0.5448
chr1	736808	736809	3	0.1841
chr1	736842	736843	3	0.4299
chr1	736861	736862	4	0.6726
chr1	736879	736880	5	0.5947
chr1	736919	736920	7	0.6674
chr1	736940	736941	5	0.6216
chr1	736967	736968	4	0.4956
chr1	736982	736983	5	0.5608
chr1	736992	736993	5	0.6918
chr1	737042	737043	7	0.5672
chr1	737142	737143	4	0.3962
chr1	737192	737193	5	0.2541
chr1	737292	737293	5	0.4786
chr1	737392	737393	5	0.3339
chr1	737461	737462	4	0.4337
chr1	737475	737476	4	0.3679
chr1	737577	737578	4	0.299
chr1	737607	737608	5	0.335
chr1	737787	737788	4	0.6096
chr1	737887	737888	5	0.3698
chr1	737897	737898	4	0.7015
chr1	737933	737934	6	0.6627
chr1	737968	737969	4	0.536
chr1	737992	737993	2	0.6245
chr1	738024	738025	4	0.5754
chr1	738055	738056	5	0.5681
chr1	738097	738098	4	0.67
chr1	738123	738124	6	0.5308
chr1	738142	738143	3	0.6842
chr1	738167	738168	4	0.6302
chr1	738212	738213	5	0.6236
chr1	738240	738241	6	0.6373
chr1	738290	738291	2	0.7384
chr1	738315	738316	5	0.6334
chr1	738353	738354	5	0.6526
chr1	738403	738404	5	0.5242
chr1	738468	738469	4	0.5163
chr1	738548	738549	3	0.5819
chr1	738645	738646	5	0.6518
chr1	738745	738746	4	0.7178
chr1	738887	738888	6	0.8739
chr1	738933	738934	4	1.0
chr1	739019	739020	5	0.8871
chr1	739023	739024	5	0.8096
chr1	739057	739058	3	0.7751
chr1	739163	739164	3	0.7551
chr1	739167	739168	4	0.8368
chr1	739177	739178	5	0.8189
chr1	739209	739210	5	0.8891
chr1	739235	739236	5	0.7989
chr1	739273	739274	3	0.8347
chr1	739288	739289	7	0.9692
chr1	739334	739335	6	0.887
chr1	739384	739385	4	0.9497
chr1	739409	739410	5	0.8968
chr1	739424	739425	5	0.8224
chr1	739473	739474	6	0.7507
chr1	739488	739489	4	0.5936
chr1	739515	739516	5	0.7093
chr1	739542	739543	5	0.6848
chr1	739592	739593	4	0.8536
chr1	739668	739669	2	0.5353
chr1	739728	739729	6	0.496
chr1	739778	739779	4	0.5924
chr1	739828	739829	4	0.7892
chr1	739924	739925	4	1.0
chr1	739930	739931	5	0.8549
chr1	739944	739945	4	0.783
chr1	740002	740003	4	0.9253
chr1	740008	740009	4	0.94
chr1	740050	740051	4	0.8388
chr1	740118	740119	2	0.7014
chr1	740206	740207	5	0.9987
chr1	740270	740271	5	0.8553
chr1	740297	740298	3	0.2221
chr1	740328	740329	2	0.2813
chr1	740362	740363	5	0.2769
chr1	740382	740383	3	0.0846
chr1	740404	740405	6	0.2294
chr1	740454	740455	5	0.2201
chr1	740504	740505	6	0.0774
chr1	740537	740538	6	0.1588
chr1	740552	740553	4	0.2325
chr1	740567	740568	6	0.2547
chr1	740582	740583	3	0.0722
chr1	740597	740598	4	0.1722
chr1	740647	740648	5	0.0978
chr1	740671	740672	5	0.1601
chr1	740702	740703	4	0.1579
chr1	740733	740734	5	0.2228
chr1	740750	740751	5	0.1675
chr1	740791	740792	6	0.095
chr1	740821	740822	2	0.1839
chr1	740844	740845	6	0.2337
chr1	740859	740860	4	0.1664
chr1	740866	740867	4	0.2319
chr1	740966	740967	5	0.2447
chr1	741066	741067	5	0.2001
chr1	741123	741124	5	0.1858
chr1	741223	741224	3	0.1438
chr1	741276	741277	4	0.1551
chr1	741371	741372	5	0.1519
chr1	741391	741392	5	0.1179
chr1	741432	741433	5	0.5713
chr1	741466	741467	5	0.5653
chr1	741481	741482	4	0.6598
chr1	741506	741507	5	0.5699
chr1	741522	741523	4	0.5399
chr1	741542	741543	6	0.599
chr1	741574	741575	6	0.5869
chr1	741600	741601	5	0.6201
chr1	741638	741639	2	0.7171
chr1	741671	741672	4	0.7102
chr1	741712	741713	5	0.5056
chr1	741731	741732	2	0.4702
chr1	741781	741782	7	0.7251
chr1	741810	741811	4	0.5658
chr1	741832	741833	5	0.624
chr1	741860	741861	3	0.6483
chr1	741887	741888	6	0.6423
chr1	741895	741896	6	0.4477
chr1	741995	741996	5	0.5834
chr1	742093	742094	4	0.5532
chr1	742193	742194	6	0.6289
chr1	742285	742286	4	0.8092
chr1	742359	742360	4	0.8313
chr1	742370	742371	3	0.3424
chr1	742385	742386	4	0.1506
chr1	742400	742401	5	0.194
chr1	742431	742432	4	0.2185
chr1	742480	742481	6	0.2208
chr1	742510	742511	6	0.2992
chr1	742525	742526	4	0.2568
chr1	742550	742551	5	0.4156
chr1	742600	742601	5	0.2548
chr1	742646	742647	3	0.115
chr1	742661	742662	3	0.3322
chr1	742692	742693	4	0.2618
chr1	742742	742743	4	0.287
chr1	742774	742775	4	0.3126
chr1	742808	742809	4	0.2104
chr1	742837	742838	4	0.1918
chr1	742937	742938	5	0.232
chr1	742987	742988	6	0.3658
chr1	743038	743039	7	0.3955
chr1	743088	743089	4	0.285
chr1	743163	743164	5	0.2785
chr1	743213	743214	3	0.2834
chr1	743263	743264	3	0.125
chr1	743319	743320	5	0.2646
chr1	743353	743354	3	0.0
chr1	743399	743400	7	0.6166
chr1	743422	743423	4	0.7375
chr1	743449	743450	5	0.6216
chr1	743480	743481	4	0.6649
chr1	743527	743528	4	0.6151
chr1	743577	743578	5	0.699
chr1	743596	743597	3	0.3815
chr1	743619	743620	5	0.5862
chr1	743634	743635	6	0.4291
chr1	743667	743668	4	0.4814
chr1	743686	743687	4	0.4782
chr1	743719	743720	6	0.4614
chr1	743743	743744	4	0.5805
chr1	743758	743759	5	0.4642
chr1	743791	743792	5	0.5487
chr1	743836	743837	3	0.6858
chr1	743918	743919	6	0.6221
chr1	743988	743989	5	0.5865
chr1	744088	744089	6	0.5163
chr1	744188	744189	4	0.6352
chr1	744190	744191	6	0.7124
chr1	744266	744267	6	0.3835
chr1	744292	744293	4	0.7035
chr1	744335	744336	4	0.681
chr1	744385	744386	4	0.6331
chr1	744435	744436	3	0.6839
chr1	744455	744456	5	0.4965
chr1	744480	744481	4	0.7905
chr1	744528	744529	7	0.7612
chr1	744567	744568	5	0.5917
chr1	744586	744587	4	0.6547
chr1	744610	744611	5	0.8448
chr1	744641	744642	4	0.4979
chr1	744691	744692	5	0.5109
chr1	744741	744742	3	0.7397
chr1	744771	744772	7	0.7583
chr1	744804	744805	4	0.6884
chr1	744904	744905	5	0.5825
chr1	745004	745005	4	0.7712
chr1	745060	745061	4	0.8772
chr1	745145	745146	5	0.7318
chr1	745245	745246	5	0.7111
chr1	745323	745324	4	0.7617
chr1	746256	746257	6	0.5673
chr1	746306	746307	4	0.6558
chr1	746321	746322	6	0.6855
chr1	746338	746339	3	0.7073
chr1	746358	746359	5	0.6577
chr1	746386	746387	6	0.7201
chr1	746403	746404	3	0.5504
chr1	746425	746426	3	0.5949
chr1	746459	746460	5	0.7275
chr1	746509	746510	6	0.5885
chr1	746524	746525	5	0.675
chr1	746548	746549	4	0.7097
chr1	746574	746575	6	0.8107
chr1	746611	746612	5	0.7269
chr1	746661	746662	7	0.7478
chr1	746694	746695	5	0.6509
chr1	746730	746731	3	0.5465
chr1	746749	746750	3	0.7609
chr1	746776	746777	3	0.7529
chr1	746876	746877	5	0.7059
chr1	746976	746977	4	0.5975
chr1	747076	747077	4	0.8254
chr1	747153	747154	5	0.7446
chr1	747253	747254	6	0.7243
chr1	747335	747336	4	0.9451
chr1	747373	747374	3	0.9917
chr1	747381	747382	3	0.9105
chr1	747465	747466	3	0.8099
chr1	747471	747472	5	0.9373
chr1	747549	747550	5	0.8379
chr1	747589	747590	5	0.84
chr1	747685	747686	5	0.8339
chr1	747695	747696	4	0.9314
chr1	747701	747702	6	0.234
chr1	747722	747723	5	0.3532
chr1	747756	747757	4	0.2843
chr1	747782	747783	4	0.423
chr1	747832	747833	5	0.2864
chr1	747867	747868	6	0.3928
chr1	747909	747910	4	0.5195
chr1	747959	747960	5	0.3459
chr1	747974	747975	6	0.488
chr1	748000	748001	5	0.345
chr1	748031	748032	4	0.2597
chr1	748046	748047	6	0.2918
chr1	748066	748067	5	0.229
chr1	748099	748100	3	0.2935
chr1	748136	748137	2	0.3953
chr1	748174	748175	5	0.3462
chr1	748204	748205	5	0.2723
chr1	748228	748229	5	0.4367
chr1	748290	748291	3	0.3511
chr1	748340	748341	5	0.256
chr1	748390	748391	3	0.3744
chr1	748440	748441	1	0.5196
chr1	748540	748541	3	0.4187
chr1	748640	748641	4	0.3716
chr1	748740	748741	5	0.2611
chr1	748772	748773	3	0.5229
chr1	748784	748785	6	0.5465
chr1	748974	748975	4	0.6059
chr1	749060	749061	5	0.8044
chr1	749062	749063	5	0.6438
chr1	749168	749169	3	0.4205
chr1	749176	749177	7	0.4225
chr1	749191	749192	4	0.5342
chr1	749206	749207	4	0.4615
chr1	749244	749245	4	0.6961
chr1	749269	749270	4	0.6017
chr1	749286	749287	6	0.5844
chr1	749301	749302	5	0.2847
chr1	749316	749317	3	0.5222
chr1	749352	749353	4	0.6134
chr1	749391	749392	5	0.5406
chr1	749434	749435	3	0.4172
chr1	749481	749482	5	0.4788
chr1	749501	749502	4	0.4973
chr1	749551	749552	4	0.5042
chr1	749584	749585	4	0.5261
chr1	749607	749608	6	0.4236
chr1	749624	749625	5	0.5662
chr1	749635	749636	6	0.4771
chr1	749735	749736	7	0.5936
chr1	749790	749791	6	0.4893
chr1	749882	749883	4	0.3425
chr1	749937	749938	6	0.3815
chr1	750005	750006	4	0.3503
chr1	750155	750156	5	0.8548
chr1	750157	750158	5	0.6884
chr1	750165	750166	5	0.8061
chr1	750169	750170	5	0.6612
chr1	750255	750256	6	0.8551
chr1	750405	750406	4	0.5499
chr1	750433	750434	5	0.7893
chr1	750439	750440	3	0.7898
chr1	750503	750504	5	0.5304
chr1	750541	750542	5	0.8694
chr1	750567	750568	4	0.6923
chr1	750582	750583	4	0.8976
chr1	750597	750598	4	0.6665
chr1	750637	750638	4	0.8314
chr1	750660	750661	5	0.8656
chr1	750679	750680	3	0.9529
chr1	750710	750711	2	0.7398
chr1	750725	750726	4	0.804
chr1	750761	750762	5	0.894
chr1	750811	750812	4	0.8522
chr1	750857	750858	4	0.8977
chr1	750879	750880	5	0.8028
chr1	750894	750895	3	0.8078
chr1	750909	750910	3	0.7247
chr1	750955	750956	6	0.6526
chr1	750995	750996	4	0.8101
chr1	751020	751021	3	0.8757
chr1	751049	751050	5	0.7626
chr1	751058	751059	4	0.917
chr1	751158	751159	3	0.9071
chr1	751258	751259	7	0.8971
chr1	751358	751359	4	0.8196
chr1	751456	751457	4	0.8292
chr1	751506	751507	3	0.9682
chr1	751566	751567	4	1.0
chr1	751580	751581	5	0.9213
chr1	751616	751617	4	0.8318
chr1	751649	751650	5	0.7889
chr1	751672	751673	4	0.6438
chr1	751703	751704	6	0.8855
chr1	751721	751722	5	0.8789
chr1	751741	751742	5	0.8269
chr1	751756	751757	4	0.7563
chr1	751790	751791	4	0.9074
chr1	751806	751807	4	0.6679
chr1	751851	751852	5	0.8309
chr1	751876	751877	4	0.8342
chr1	751891	751892	3	0.8536
chr1	751941	751942	4	0.8169
chr1	751976	751977	5	0.8976
chr1	751991	751992	4	0.7732
chr1	752018	752019	6	0.7785
chr1	752056	752057	4	0.8787
chr1	752064	752065	1	0.6727
chr1	752164	752165	6	0.7999
chr1	752214	752215	4	0.7435
chr1	752314	752315	3	0.8459
chr1	752392	752393	5	0.7285
chr1	752492	752493	4	0.7644
chr1	752562	752563	4	0.8627
chr1	752612	752613	4	0.8273
chr1	752659	752660	3	0.7051
chr1	752709	752710	7	0.6947
chr1	752732	752733	4	0.516
chr1	752761	752762	4	0.5744
chr1	752804	752805	6	0.6668
chr1	752822	752823	4	0.6631
chr1	752837	752838	5	0.4765
chr1	752887	752888	5	0.4403
chr1	752908	752909	5	0.7637
chr1	752944	752945	4	0.6056
chr1	752966	752967	6	0.7757
chr1	752981	752982	5	0.6166
chr1	753031	753032	4	0.7478
chr1	753066	753067	3	0.5855
chr1	753067	753068	4	0.7841
chr1	753167	753168	5	0.7237
chr1	753267	753268	5	0.5314
chr1	753360	753361	5	0.6243
chr1	753455	753456	6	0.6814
chr1	753509	753510	3	0.5163
chr1	753547	753548	4	0.8207
chr1	753582	753583	4	0.7578
chr1	753610	753611	4	0.7988
chr1	753642	753643	5	0.8794
chr1	753686	753687	5	0.8541
chr1	753721	753722	6	0.9217
chr1	753762	753763	6	0.9294
chr1	753812	753813	4	0.8179
chr1	753854	753855	5	0.9582
chr1	753871	753872	5	0.9087
chr1	753886	753887	5	0.7201
chr1	753919	753920	4	0.8648
chr1	753948	753949	5	0.9519
chr1	753963	753964	4	0.7558
chr1	754009	754010	3	0.7645
chr1	754024	754025	6	0.7984
chr1	754039	754040	4	0.9292
chr1	754054	754055	4	0.8606
chr1	754111	754112	4	0.966
chr1	754187	754188	7	0.8473
chr1	754287	754288	5	0.9748
chr1	754347	754348	3	0.8022
chr1	754405	754406	5	0.8493
chr1	754486	754487	4	0.9591
chr1	754546	754547	3	0.9662
chr1	754574	754575	6	0.8573
chr1	754612	754613	4	0.9518
chr1	754619	754620	5	0.5333
chr1	754654	754655	5	0.5038
chr1	754684	754685	5	0.5058
chr1	754706	754707	4	0.5119
chr1	754728	754729	4	0.4084
chr1	754745	754746	7	0.5211
chr1	754772	754773	5	0.5588
chr1	754797	754798	4	0.5008
chr1	754820	754821	5	0.5714
chr1	754836	754837	5	0.4745
chr1	754865	754866	5	0.4675
chr1	754892	754893	3	0.6127
chr1	754910	754911	5	0.5986
chr1	754942	754943	6	0.4904
chr1	754963	754964	4	0.6286
chr1	755000	755001	4	0.3929
chr1	755019	755020	5	0.3773
chr1	755062	755063	5	0.5698
chr1	755093	755094	5	0.2977
chr1	755134	755135	6	0.3423
chr1	755150	755151	3	0.4267
chr1	755154	755155	5	0.4418
chr1	755219	755220	4	0.4148
chr1	755269	755270	5	0.4856
chr1	755369	755370	3	0.574
chr1	755430	755431	4	0.5759
chr1	755530	755531	4	0.4941
chr1	755580	755581	4	0.5844
chr1	755659	755660	5	0.6461
chr1	755683	755684	5	0.8241
chr1	755793	755794	2	0.8003
chr1	755797	755798	5	0.9564
chr1	755859	755860	3	0.5715
chr1	756007	756008	4	0.8893
chr1	756023	756024	3	0.7459
chr1	756051	756052	5	0.4547
chr1	756078	756079	3	0.1505
chr1	756099	756100	5	0.1581
chr1	756147	756148	5	0.0839
chr1	756197	756198	4	0.2924
chr1	756226	756227	4	0.0136
chr1	756241	756242	4	0.0222
chr1	756291	756292	3	0.1421
chr1	756318	756319	3	0.3181
chr1	756351	756352	3	0.3165
chr1	756384	756385	5	0.0269
chr1	756423	756424	4	0.0
chr1	756438	756439	4	0.0
chr1	756483	756484	4	0.2774
chr1	756500	756501	3	0.4796
chr1	756600	756601	5	0.0321
chr1	756700	756701	2	0.3028
chr1	756800	756801	5	0.4091
chr1	756900	756901	5	0.3728
chr1	756998	756999	4	0.208
chr1	757010	757011	5	0.2702
chr1	757016	757017	4	0.4622
chr1	757049	757050	5	0.2166
chr1	757099	757100	3	0.3374
chr1	757148	757149	4	0.2588
chr1	757163	757164	5	0.2886
chr1	757190	757191	6	0.2211
chr1	757211	757212	4	0.2305
chr1	757247	757248	5	0.1564
chr1	757289	757290	5	0.2652
chr1	757304	757305	5	0.1555
chr1	757327	757328	5	0.289
chr1	757355	757356	4	0.2742
chr1	757385	757386	5	0.2742
chr1	757407	757408	5	0.3497
chr1	757422	757423	3	0.3699
chr1	757472	757473	4	0.3407
chr1	757500	757501	3	0.5109
chr1	757524	757525	4	0.2257
chr1	757551	757552	5	0.4868
chr1	757566	757567	4	0.3487
chr1	757569	757570	5	0.187
chr1	757641	757642	4	0.3113
chr1	757741	757742	6	0.244
chr1	757841	757842	5	0.3274
chr1	757899	757900	5	0.3664
chr1	757957	757958	6	0.2476
chr1	758057	758058	3	0.5176
chr1	758059	758060	5	0.0365
chr1	758093	758094	5	0.0202
chr1	758155	758156	4	0.0453
chr1	758239	758240	4	0.1946
chr1	758275	758276	4	0.1569
chr1	758333	758334	5	0.0633
chr1	758415	758416	5	0.0
chr1	758515	758516	4	0.1914
chr1	758519	758520	4	0.0401
chr1	758524	758525	5	0.637
chr1	758539	758540	5	0.6902
chr1	758575	758576	5	0.4456
chr1	758590	758591	5	0.4425
chr1	758630	758631	4	0.4369
chr1	758673	758674	3	0.248
chr1	758717	758718	4	0.38
chr1	758750	758751	4	0.3715
chr1	758800	758801	6	0.6005
chr1	758830	758831	6	0.3453
chr1	758859	758860	5	0.4744
chr1	758874	758875	4	0.6641
chr1	758924	758925	7	0.7791
chr1	758952	758953	5	0.5644
chr1	758990	758991	4	0.5724
chr1	759010	759011	4	0.609
chr1	759035	759036	4	0.531
chr1	759135	759136	5	0.6187
chr1	759212	759213	5	0.6087
chr1	759266	759267	4	0.7344
chr1	759366	759367	3	0.6234
chr1	759449	759450	5	0.5184
chr1	759523	759524	4	0.5895
chr1	759527	759528	4	0.9534
chr1	759583	759584	4	0.799
chr1	759627	759628	4	0.5923
chr1	759711	759712	5	0.7283
chr1	759923	759924	4	0.6263
chr1	759935	759936	4	0.6614
chr1	759950	759951	3	0.7804
chr1	759965	759966	6	0.9149
chr1	759994	759995	5	0.6366
chr1	760016	760017	5	0.5945
chr1	760046	760047	4	0.7626
chr1	760069	760070	5	0.6717
chr1	760084	760085	6	0.7329
chr1	760099	760100	2	0.7564
chr1	760142	760143	5	0.6932
chr1	760192	760193	7	0.7496
chr1	760229	760230	6	0.8111
chr1	760279	760280	5	0.5632
chr1	760304	760305	4	0.7266
chr1	760329	760330	6	0.8003
chr1	760366	760367	5	0.6646
chr1	760398	760399	4	0.7068
chr1	760435	760436	5	0.6358
chr1	760445	760446	6	0.6478
chr1	760499	760500	3	0.5767
chr1	760599	760600	4	0.749
chr1	760699	760700	5	0.6368
chr1	760749	760750	6	0.6169
chr1	760849	760850	5	0.7836
chr1	760918	760919	5	0.6417
chr1	760966	760967	7	0.7156
chr1	761001	761002	6	0.9023
chr1	761024	761025	4	0.847
chr1	761074	761075	4	0.7421
chr1	761094	761095	5	0.8556
chr1	761111	761112	5	0.8072
chr1	761153	761154	4	0.8199
chr1	761181	761182	5	0.7858
chr1	761231	761232	3	0.8741
chr1	761274	761275	5	0.6524
chr1	761315	761316	6	0.7333
chr1	761340	761341	5	0.6785
chr1	761381	761382	5	0.654
chr1	761404	761405	6	0.8564
chr1	761441	761442	5	0.7154
chr1	761452	761453	3	0.9227
chr1	761552	761553	4	0.808
chr1	761629	761630	4	0.8079
chr1	761729	761730	5	0.7288
chr1	761792	761793	6	0.7639
chr1	761892	761893	4	0.7617
chr1	761912	761913	3	0.927
chr1	761986	761987	3	0.7657
chr1	761997	761998	4	0.865
chr1	762047	762048	6	0.8195
chr1	762095	762096	5	0.8465
chr1	762110	762111	6	0.7854
chr1	762160	762161	5	0.8326
chr1	762186	762187	4	0.871
chr1	762213	762214	4	0.7623
chr1	762253	762254	3	0.8081
chr1	762277	762278	4	0.8229
chr1	762318	762319	4	0.9084
chr1	762342	762343	4	0.8644
chr1	762384	762385	5	0.82
chr1	762412	762413	4	0.7292
chr1	762429	762430	6	0.835
chr1	762444	762445	5	0.807
chr1	762466	762467	5	0.807
chr1	762516	762517	5	0.7061
chr1	762552	762553	4	0.8386
chr1	762591	762592	5	0.7938
chr1	762622	762623	6	0.8608
chr1	762692	762693	5	0.7886
chr1	762742	762743	6	0.6418
chr1	762842	762843	4	0.6376
chr1	762942	762943	5	0.8305
chr1	763005	763006	4	0.8501
chr1	763105	763106	4	0.8773
chr1	763175	763176	4	0.7684
chr1	763225	763226	4	0.8186
chr1	763243	763244	5	0.8007
chr1	763291	763292	3	0.7572
chr1	763328	763329	5	0.7579
chr1	763345	763346	5	0.8593
chr1	763377	763378	4	0.6408
chr1	763427	763428	5	0.6399
chr1	763442	763443	5	0.7001
chr1	763492	763493	3	0.7297
chr1	763539	763540	4	0.7625
chr1	763575	763576	6	0.5132
chr1	763625	763626	4	0.7682
chr1	763643	763644	4	0.854
chr1	763658	763659	4	0.7034
chr1	763673	763674	5	0.7818
chr1	763703	763704	4	0.6724
chr1	763722	763723	5	0.7204
chr1	763752	763753	6	0.7431
chr1	763783	763784	4	0.7767
chr1	763809	763810	4	0.7664
chr1	763909	763910	6	0.6876
chr1	764009	764010	5	1.0
chr1	764109	764110	4	0.7498
chr1	764184	764185	5	0.6728
chr1	764284	764285	4	0.7696
chr1	764380	764381	3	0.8775
chr1	764385	764386	4	0.8423
chr1	764412	764413	4	0.6975
chr1	764440	764441	4	0.4055
chr1	764457	764458	4	0.2647
chr1	764502	764503	3	0.4022
chr1	764522	764523	4	0.4353
chr1	764572	764573	6	0.24
chr1	764605	764606	4	0.2904
chr1	764621	764622	5	0.5353
chr1	764636	764637	5	0.7514
chr1	764654	764655	5	0.5783
chr1	764686	764687	4	0.7737
chr1	764701	764702	5	0.58
chr1	764728	764729	7	0.6886
chr1	764778	764779	4	0.642
chr1	764828	764829	7	0.7466
chr1	764871	764872	4	0.5297
chr1	764905	764906	4	0.6838
chr1	764910	764911	5	0.7277
chr1	765001	765002	4	0.7887
chr1	765101	765102	5	0.5479
chr1	765171	765172	6	0.5557
chr1	765243	765244	4	0.6204
chr1	765343	765344	5	0.7294
chr1	765393	765394	5	0.5641
chr1	765399	765400	3	0.5346
chr1	765455	765456	5	0.6425
chr1	765457	765458	6	0.7368
chr1	765579	765580	3	0.6062
chr1	765655	765656	4	0.81
chr1	765723	765724	2	0.6548
chr1	765737	765738	6	0.4503
chr1	765741	765742	5	0.5924
chr1	765775	765776	5	0.4752
chr1	765787	765788	6	0.7592
chr1	765836	765837	4	0.7746
chr1	765856	765857	3	0.8994
chr1	765896	765897	3	0.9104
chr1	765946	765947	5	0.8026
chr1	765967	765968	2	0.8621
chr1	765984	765985	5	0.8971
chr1	766005	766006	3	0.7744
chr1	766033	766034	6	0.9144
chr1	766064	766065	5	0.7311
chr1	766080	766081	5	0.8757
chr1	766123	766124	3	0.8401
chr1	766144	766145	3	0.6571
chr1	766194	766195	3	0.8339
chr1	766222	766223	6	0.6205
chr1	766268	766269	4	0.942
chr1	766299	766300	3	0.7961
chr1	766313	766314	4	0.73
chr1	766363	766364	6	0.8334
chr1	766413	766414	6	0.8607
chr1	766513	766514	6	0.8795
chr1	766581	766582	5	0.8184
chr1	766631	766632	3	0.8443
chr1	766708	766709	5	0.6237
chr1	766784	766785	6	1.0
chr1	766810	766811	3	0.091
chr1	766837	766838	4	0.1211
chr1	766864	766865	6	0.105
chr1	766883	766884	4	0.135
chr1	766933	766934	3	0.1489
chr1	766965	766966	4	0.0806
chr1	767001	767002	5	0.2032
chr1	767051	767052	5	0.0307
chr1	767066	767067	5	0.0675
chr1	767098	767099	5	0.1207
chr1	767113	767114	5	0.1401
chr1	767163	767164	3	0.0182
chr1	767199	767200	4	0.0288
chr1	767218	767219	6	0.0566
chr1	767247	767248	4	0.2335
chr1	767293	767294	6	0.1338
chr1	767321	767322	4	0.1112
chr1	767336	767337	3	0.0901
chr1	767436	767437	6	0.0031
chr1	767536	767537	5	0.2197
chr1	767586	767587	3	0.207
chr1	767686	767687	5	0.0531
chr1	767759	767760	5	0.1022
chr1	767809	767810	4	0.1397
chr1	767839	767840	6	0.0592
chr1	767846	767847	3	0.7104
chr1	767881	767882	4	0.716
chr1	767921	767922	3	0.7448
chr1	767938	767939	6	0.6757
chr1	767971	767972	4	0.5921
chr1	767990	767991	5	0.4681
chr1	768040	768041	4	0.591
chr1	768075	768076	5	0.6894
chr1	768109	768110	5	0.589
chr1	768159	768160	5	0.6302
chr1	768209	768210	4	0.5186
chr1	768250	768251	5	0.5108
chr1	768283	768284	6	0.4764
chr1	768312	768313	5	0.5609
chr1	768324	768325	2	0.6431
chr1	768374	768375	3	0.7467
chr1	768473	768474	3	0.5988
chr1	768573	768574	4	0.7702
chr1	768623	768624	4	0.7574
chr1	768673	768674	3	0.8065
chr1	768731	768732	5	0.8631
chr1	768737	768738	4	0.7915
chr1	768779	768780	5	0.7609
chr1	768809	768810	5	0.6455
chr1	768833	768834	6	0.8511
chr1	768839	768840	5	0.7405
chr1	768865	768866	4	0.7292
chr1	769061	769062	4	0.8396
chr1	769089	769090	4	0.9327
chr1	769167	769168	4	0.6572
chr1	769191	769192	5	0.6046
chr1	769220	769221	3	0.7136
chr1	769268	769269	6	0.8008
chr1	769318	769319	6	0.6601
chr1	769368	769369	4	0.6537
chr1	769397	769398	4	0.8316
chr1	769417	769418	5	0.7365
chr1	769437	769438	4	0.7427
chr1	769452	769453	6	0.8335
chr1	769488	769489	6	0.8697
chr1	769509	769510	4	0.7777
chr1	769545	769546	5	0.8471
chr1	769564	769565	3	0.7587
chr1	769582	769583	5	0.6723
chr1	769600	769601	4	0.6936
chr1	769632	769633	4	0.7481
chr1	769647	769648	6	0.7793
chr1	769674	769675	3	0.7866
chr1	769683	769684	4	0.8124
chr1	769783	769784	5	0.6705
chr1	769833	769834	5	0.6715
chr1	769883	769884	5	0.7152
chr1	769964	769965	4	0.7076
chr1	770014	770015	5	0.7317
chr1	770114	770115	4	0.7147
chr1	770130	770131	4	0.8301
chr1	770170	770171	4	0.6328
chr1	770186	770187	4	0.4548
chr1	770201	770202	3	0.6587
chr1	770220	770221	5	0.6668
chr1	770252	770253	6	0.6955
chr1	770302	770303	4	0.6498
chr1	770352	770353	5	0.6973
chr1	770387	770388	5	0.6709
chr1	770406	770407	4	0.5807
chr1	770423	770424	4	0.5853
chr1	770445	770446	5	0.6004
chr1	770474	770475	3	0.7758
chr1	770505	770506	5	0.5879
chr1	770525	770526	4	0.4961
chr1	770567	770568	3	0.4816
chr1	770599	770600	4	0.5788
chr1	770626	770627	4	0.6812
chr1	770726	770727	4	0.642
chr1	770826	770827	3	0.6627
chr1	770926	770927	4	0.6516
chr1	770976	770977	4	0.6294
chr1	771034	771035	2	0.5828
chr1	771043	771044	5	0.5304
chr1	771066	771067	5	0.6493
chr1	771081	771082	5	0.4145
chr1	771104	771105	5	0.5985
chr1	771154	771155	2	0.4752
chr1	771188	771189	5	0.5608
chr1	771215	771216	3	0.5512
chr1	771232	771233	4	0.5463
chr1	771275	771276	5	0.6254
chr1	771290	771291	4	0.6696
chr1	771318	771319	5	0.5589
chr1	771368	771369	4	0.6346
chr1	771414	771415	4	0.492
chr1	771434	771435	6	0.4921
chr1	771453	771454	5	0.6523
chr1	771479	771480	5	0.3753
chr1	771515	771516	4	0.584
chr1	771520	771521	5	0.5613
chr1	771620	771621	6	0.4897
chr1	771720	771721	4	0.54
chr1	771797	771798	5	0.6251
chr1	771897	771898	3	0.5504
chr1	771947	771948	3	0.5346
chr1	772029	772030	5	0.9111
chr1	772063	772064	3	0.7966
chr1	772117	772118	3	0.8417
chr1	772169	772170	4	0.7347
chr1	772171	772172	4	0.8107
chr1	772383	772384	5	0.7585
chr1	772413	772414	5	0.8728
chr1	772440	772441	3	0.1734
chr1	772486	772487	4	0.0892
chr1	772505	772506	3	0.0127
chr1	772523	772524	6	0.1821
chr1	772569	772570	4	0.2455
chr1	772619	772620	5	0.2442
chr1	772634	772635	6	0.1752
chr1	772684	772685	5	0.176
chr1	772732	772733	5	0.1267
chr1	772753	772754	4	0.1111
chr1	772781	772782	4	0.1754
chr1	772802	772803	6	0.0094
chr1	772852	772853	4	0.2025
chr1	772863	772864	4	0.071
chr1	772923	772924	4	0.3307
chr1	773023	773024	3	0.0773
chr1	773114	773115	3	0.2167
chr1	773164	773165	5	0.1428
chr1	773264	773265	5	0.3136
chr1	773328	773329	4	0.0987
chr1	773350	773351	4	0.1339
chr1	773357	773358	2	0.4521
chr1	773386	773387	3	0.5029
chr1	773426	773427	4	0.5169
chr1	773441	773442	4	0.2851
chr1	773465	773466	4	0.3932
chr1	773484	773485	5	0.4882
chr1	773518	773519	3	0.3926
chr1	773557	773558	7	0.3688
chr1	773596	773597	7	0.4047
chr1	773623	773624	3	0.3987
chr1	773660	773661	3	0.6145
chr1	773680	773681	6	0.4921
chr1	773719	773720	3	0.5792
chr1	773761	773762	5	0.4165
chr1	773785	773786	4	0.5025
chr1	773835	773836	5	0.5619
chr1	773879	773880	4	0.4404
chr1	773913	773914	4	0.5271
chr1	774013	774014	4	0.2374
chr1	774113	774114	3	0.4483
chr1	774213	774214	5	0.2827
chr1	774313	774314	3	0.5531
chr1	774413	774414	4	0.6038
chr1	774419	774420	5	0.7553
chr1	774473	774474	4	0.8465
chr1	774477	774478	5	0.6583
chr1	774563	774564	5	0.6663
chr1	774715	774716	5	0.6762
chr1	774751	774752	4	0.6075
chr1	774815	774816	4	0.7306
chr1	774845	774846	4	0.8133
chr1	774883	774884	5	0.7801
chr1	774901	774902	2	0.9156
chr1	774906	774907	5	0.3937
chr1	774947	774948	5	0.2635
chr1	774968	774969	5	0.3805
chr1	774986	774987	5	0.2025
chr1	775016	775017	4	0.4994
chr1	775033	775034	6	0.5248
chr1	775076	775077	4	0.615
chr1	775113	775114	5	0.5555
chr1	775163	775164	3	0.4565
chr1	775178	775179	4	0.3614
chr1	775228	775229	4	0.5059
chr1	775254	775255	5	0.5406
chr1	775271	775272	7	0.6574
chr1	775308	775309	4	0.6981
chr1	775340	775341	5	0.4772
chr1	775361	775362	3	0.1782
chr1	775387	775388	5	0.4323
chr1	775437	775438	5	0.2652
chr1	775460	775461	5	0.4807
chr1	775483	775484	5	0.3912
chr1	775583	775584	5	0.3614
chr1	775639	775640	4	0.1952
chr1	775739	775740	4	0.3187
chr1	775789	775790	4	0.4634
chr1	775839	775840	6	0.5238
chr1	775890	775891	5	0.2988
chr1	775990	775991	3	0.0905
chr1	776046	776047	5	0.3091
chr1	776084	776085	4	0.1797
chr1	776136	776137	6	0.1778
chr1	776240	776241	6	0.3185
chr1	776266	776267	4	0.4108
chr1	776304	776305	4	0.3959
chr1	776510	776511	3	0.3168
chr1	776541	776542	3	0.7605
chr1	776580	776581	6	0.88
chr1	776615	776616	5	0.8259
chr1	776645	776646	3	1.0
chr1	776677	776678	4	0.7891
chr1	776727	776728	5	0.7696
chr1	776764	776765	4	0.7327
chr1	776795	776796	7	0.6993
chr1	776834	776835	4	0.9283
chr1	776871	776872	5	0.8721
chr1	776894	776895	6	0.8771
chr1	776936	776937	4	0.6932
chr1	776956	776957	3	0.8942
chr1	776985	776986	4	0.8382
chr1	777015	777016	3	0.8719
chr1	777041	777042	6	0.7903
chr1	777141	777142	4	0.8526
chr1	777241	777242	5	0.6265
chr1	777341	777342	5	0.7571
chr1	777432	777433	4	0.9225
chr1	777514	777515	5	0.8512
chr1	777544	777545	4	1.0
chr1	777588	777589	5	0.8644
chr1	777633	777634	5	0.6254
chr1	777667	777668	5	0.728
chr1	777694	777695	5	0.756
chr1	777732	777733	3	0.5894
chr1	777754	777755	4	0.6639
chr1	777804	777805	5	0.623
chr1	777853	777854	4	0.6803
chr1	777903	777904	4	0.8735
chr1	777953	777954	4	0.6817
chr1	777975	777976	6	0.6847
chr1	778025	778026	4	0.6332
chr1	778048	778049	3	0.8103
chr1	778071	778072	5	0.6561
chr1	778076	778077	6	0.6574
chr1	778176	778177	5	0.7203
chr1	778253	778254	3	0.5893
chr1	778353	778354	4	0.5899
chr1	778453	778454	5	0.5651
chr1	778473	778474	6	0.8695
chr1	778478	778479	4	0.7888
chr1	778517	778518	4	0.6812
chr1	778535	778536	5	0.5956
chr1	778550	778551	4	0.6681
chr1	778575	778576	3	0.7279
chr1	778590	778591	4	0.8117
chr1	778614	778615	4	0.7587
chr1	778664	778665	5	0.6323
chr1	778704	778705	4	0.7366
chr1	778719	778720	4	0.6031
chr1	778769	778770	3	0.7359
chr1	778807	778808	3	0.6976
chr1	778843	778844	5	0.6787
chr1	778893	778894	6	0.5902
chr1	778943	778944	4	0.5651
chr1	778964	778965	3	0.7415
chr1	778993	778994	6	0.7315
chr1	779013	779014	5	0.7699
chr1	779108	779109	3	0.7456
chr1	779165	779166	4	0.7758
chr1	779265	779266	4	0.7446
chr1	779365	779366	5	0.7373
chr1	779447	779448	3	0.7195
chr1	779497	779498	4	0.5703
chr1	779505	779506	4	0.9199
chr1	779513	779514	4	0.9309
chr1	779577	779578	6	1.0
chr1	779623	779624	6	0.8887
chr1	779787	779788	5	0.895
chr1	779791	779792	4	0.9409
chr1	779923	779924	5	0.8326
chr1	779953	779954	5	0.4853
chr1	780003	780004	5	0.7782
chr1	780053	780054	5	0.6838
chr1	780103	780104	6	0.7866
chr1	780149	780150	3	0.503
chr1	780190	780191	4	0.6008
chr1	780240	780241	5	0.6735
chr1	780286	780287	4	0.6088
chr1	780314	780315	6	0.6899
chr1	780329	780330	6	0.7502
chr1	780344	780345	6	0.5857
chr1	780371	780372	3	0.6241
chr1	780421	780422	5	0.7202
chr1	780437	780438	3	0.5693
chr1	780474	780475	4	0.5981
chr1	780574	780575	6	0.7177
chr1	780672	780673	5	0.6357
chr1	780772	780773	5	0.5384
chr1	780872	780873	5	0.746
chr1	780972	780973	4	0.7529
chr1	781018	781019	4	0.8334
chr1	781057	781058	4	0.6949
chr1	781107	781108	4	0.7862
chr1	781134	781135	5	0.7506
chr1	781159	781160	3	0.7993
chr1	781207	781208	4	0.7277
chr1	781257	781258	3	0.7691
chr1	781278	781279	6	0.7171
chr1	781304	781305	5	0.7642
chr1	781325	781326	5	0.822
chr1	781375	781376	5	0.6709
chr1	781417	781418	5	0.7749
chr1	781438	781439	3	0.7549
chr1	781462	781463	5	0.6211
chr1	781500	781501	4	0.8493
chr1	781548	781549	4	0.7085
chr1	781648	781649	5	0.8194
chr1	781703	781704	4	0.7421
chr1	781761	781762	4	0.6326
chr1	781861	781862	5	0.7518
chr1	781961	781962	4	0.8198
chr1	782053	782054	2	0.9511
chr1	782058	782059	4	0.4598
chr1	782073	782074	3	0.6349
chr1	782117	782118	3	0.5272
chr1	782167	782168	3	0.4679
chr1	782203	782204	6	0.5809
chr1	782253	782254	4	0.4772
chr1	782279	782280	3	0.4835
chr1	782315	782316	4	0.6484
chr1	782365	782366	3	0.4603
chr1	782385	782386	6	0.3466
chr1	782420	782421	5	0.5452
chr1	782435	782436	4	0.4245
chr1	782456	782457	4	0.4456
chr1	782494	782495	5	0.4286
chr1	782509	782510	7	0.4467
chr1	782534	782535	4	0.4338
chr1	782569	782570	4	0.5905
chr1	782582	782583	3	0.3266
chr1	782682	782683	4	0.5726
chr1	782782	782783	5	0.5237
chr1	782882	782883	4	0.6087
chr1	782932	782933	6	0.4299
chr1	782998	782999	6	0.6794
chr1	783098	783099	5	0.4442
chr1	783214	783215	4	0.8232
chr1	783264	783265	3	0.7062
chr1	783296	783297	5	0.7823
chr1	783350	783351	5	0.7342
chr1	783352	783353	4	0.5974
chr1	783372	783373	5	0.5492
chr1	783556	783557	4	0.7106
chr1	783572	783573	4	0.8919
chr1	783591	783592	6	0.8599
chr1	783615	783616	5	0.8108
chr1	783657	783658	4	0.7299
chr1	783697	783698	4	0.9073
chr1	783713	783714	3	0.7444
chr1	783763	783764	5	0.8096
chr1	783789	783790	6	0.8542
chr1	783812	783813	7	0.9554
chr1	783843	783844	7	0.8814
chr1	783865	783866	4	0.865
chr1	783903	783904	4	0.9352
chr1	783947	783948	7	0.8946
chr1	783966	783967	5	0.7864
chr1	783982	783983	3	0.9262
chr1	783996	783997	4	0.8021
chr1	784096	784097	4	0.7709
chr1	784196	784197	6	0.8177
chr1	784283	784284	5	0.8812
chr1	784334	784335	4	0.8065
chr1	784387	784388	4	0.7036
chr1	784445	784446	5	0.9159
chr1	784447	784448	5	0.9818
chr1	784459	784460	5	0.7337
chr1	784494	784495	4	0.6019
chr1	784516	784517	3	0.6084
chr1	784555	784556	4	0.7437
chr1	784574	784575	6	0.7212
chr1	784594	784595	6	0.7828
chr1	784644	784645	5	0.7542
chr1	784659	784660	4	0.7675
chr1	784696	784697	3	0.8008
chr1	784720	784721	5	0.6659
chr1	784742	784743	5	0.6118
chr1	784769	784770	4	0.7306
chr1	784788	784789	5	0.701
chr1	784806	784807	4	0.7847
chr1	784853	784854	4	0.7323
chr1	784897	784898	6	0.7353
chr1	784923	784924	3	0.8029
chr1	784973	784974	5	0.6148
chr1	785073	785074	5	0.7627
chr1	785158	785159	3	0.764
chr1	785258	785259	4	0.7624
chr1	785358	785359	5	0.7236
chr1	785440	785441	4	0.7013
chr1	785490	785491	6	0.6385
chr1	785514	785515	7	0.6567
chr1	785554	785555	5	0.5974
chr1	785590	785591	5	0.7741
chr1	785610	785611	4	0.7509
chr1	785640	785641	6	0.7451
chr1	785655	785656	5	0.8224
chr1	785705	785706	5	0.7402
chr1	785724	785725	4	0.6319
chr1	785769	785770	4	0.5809
chr1	785810	785811	3	0.9117
chr1	785852	785853	4	0.4812
chr1	785873	785874	4	0.5787
chr1	785906	785907	5	0.6684
chr1	785950	785951	6	0.6845
chr1	785980	785981	6	0.6036
chr1	785990	785991	5	0.7497
chr1	786082	786083	5	0.6259
chr1	786182	786183	5	0.7322
chr1	786232	786233	3	0.8049
chr1	786314	786315	4	0.5701
chr1	786364	786365	6	0.6031
chr1	786464	786465	5	0.6212
chr1	786476	786477	6	0.6746
chr1	786490	786491	5	0.8223
chr1	786540	786541	4	0.8357
chr1	786556	786557	4	0.7411
chr1	786571	786572	4	0.8539
chr1	786605	786606	5	0.635
chr1	786639	786640	6	0.7691
chr1	786671	786672	5	0.7248
chr1	786713	786714	3	0.7947
chr1	786760	786761	4	0.7735
chr1	786810	786811	5	0.808
chr1	786840	786841	6	0.8095
chr1	786883	786884	4	0.7203
chr1	786916	786917	6	0.7898
chr1	786931	786932	6	0.7498
chr1	786950	786951	6	0.8868
chr1	786999	787000	4	0.743
chr1	787099	787100	5	0.8723
chr1	787199	787200	5	0.7418
chr1	787280	787281	3	0.9196
chr1	787330	787331	3	0.6871
chr1	787426	787427	4	0.9174
chr1	787446	787447	3	0.9539
chr1	787491	787492	4	0.6645
chr1	787533	787534	4	0.6282
chr1	787552	787553	3	0.7682
chr1	787602	787603	4	0.6199
chr1	787630	787631	4	0.739
chr1	787664	787665	3	0.7975
chr1	787680	787681	4	0.5997
chr1	787700	787701	5	0.5887
chr1	787737	787738	3	0.788
chr1	787780	787781	5	0.7009
chr1	787810	787811	5	0.7321
chr1	787856	787857	2	0.8465
chr1	787902	787903	4	0.7553
chr1	787924	787925	4	0.8077
chr1	788014	788015	4	0.8427
chr1	788088	788089	5	0.85
chr1	788188	788189	4	0.7482
chr1	788288	788289	5	0.7732
chr1	788320	788321	4	0.8442
chr1	788322	788323	6	0.9492
chr1	788329	788330	3	0.384
chr1	788358	788359	5	0.3707
chr1	788408	788409	3	0.4005
chr1	788456	788457	2	0.3723
chr1	788490	788491	5	0.3525
chr1	788540	788541	4	0.3914
chr1	788571	788572	3	0.5359
chr1	788590	788591	3	0.3554
chr1	788632	788633	4	0.4151
chr1	788654	788655	4	0.3998
chr1	788704	788705	5	0.2126
chr1	788723	788724	6	0.3298
chr1	788764	788765	4	0.4699
chr1	788814	788815	5	0.533
chr1	788829	788830	4	0.2897
chr1	788863	788864	6	0.439
chr1	788902	788903	4	0.2977
chr1	788949	788950	5	0.4485
chr1	789049	789050	5	0.5293
chr1	789149	789150	4	0.3696
chr1	789249	789250	5	0.4652
chr1	789349	789350	4	0.5169
chr1	789449	789450	4	0.4707
chr1	789549	789550	4	0.2665
chr1	789561	789562	4	0.1415
chr1	789663	789664	5	0.159
chr1	789705	789706	5	0.0803
chr1	789933	789934	3	0.2711
chr1	789945	789946	4	0.1341
chr1	790031	790032	3	0.1384
chr1	790043	790044	6	0.7445
chr1	790062	790063	4	0.8344
chr1	790093	790094	5	0.8796
chr1	790120	790121	6	0.7728
chr1	790146	790147	6	0.8801
chr1	790168	790169	4	0.8006
chr1	790192	790193	6	0.7217
chr1	790207	790208	5	0.806
chr1	790257	790258	4	0.8873
chr1	790301	790302	6	0.8729
chr1	790333	790334	4	1.0
chr1	790383	790384	5	0.7174
chr1	790423	790424	5	0.8912
chr1	790471	790472	4	0.881
chr1	790495	790496	4	0.8943
chr1	790496	790497	4	0.7717
chr1	790596	790597	5	0.9004
chr1	790646	790647	5	0.9091
chr1	790696	790697	4	0.8367
chr1	790796	790797	6	0.7761
chr1	790894	790895	4	0.8
chr1	790962	790963	6	0.8802
chr1	790991	790992	3	0.7373
chr1	791028	791029	5	0.8463
chr1	791052	791053	5	0.9173
chr1	791067	791068	5	0.8379
chr1	791117	791118	5	0.9386
chr1	791167	791168	4	0.8354
chr1	791191	791192	4	0.7151
chr1	791240	791241	6	0.9186
chr1	791282	791283	6	0.7068
chr1	791311	791312	4	0.7514
chr1	791361	791362	4	0.8382
chr1	791396	791397	6	0.7937
chr1	791421	791422	4	0.9027
chr1	791448	791449	5	0.7222
chr1	791495	791496	4	0.7105
chr1	791519	791520	4	0.8029
chr1	791550	791551	5	0.8518
chr1	791562	791563	4	0.6845
chr1	791612	791613	3	0.6986
chr1	791662	791663	5	0.9804
chr1	791745	791746	5	0.8319
chr1	791805	791806	6	0.7168
chr1	791905	791906	5	0.835
chr1	791975	791976	6	0.7053
chr1	792062	792063	3	0.7595
chr1	792146	792147	4	0.9445
chr1	792153	792154	5	0.1097
chr1	792172	792173	6	0.1638
chr1	792187	792188	4	0.1351
chr1	792207	792208	4	0.1923
chr1	792222	792223	6	0.233
chr1	792248	792249	7	0.3435
chr1	792270	792271	6	0.2607
chr1	792302	792303	6	0.2989
chr1	792317	792318	6	0.241
chr1	792367	792368	6	0.1605
chr1	792389	792390	3	0.0271
chr1	792413	792414	5	0.1838
chr1	792443	792444	5	0.0951
chr1	792463	792464	4	0.1737
chr1	792513	792514	4	0.0829
chr1	792550	792551	4	0.155
chr1	792600	792601	4	0.1492
chr1	792631	792632	4	0.2002
chr1	792713	792714	7	0.1836
chr1	792813	792814	5	0.2156
chr1	792912	792913	4	0.0882
chr1	793012	793013	5	0.3007
chr1	793032	793033	3	0.0181
chr1	793122	793123	4	0.0
chr1	793146	793147	3	0.1487
chr1	793152	793153	6	0.1561
chr1	793310	793311	6	0.0
chr1	793344	793345	6	0.2172
chr1	793356	793357	5	0.1509
chr1	793420	793421	3	0.2646
chr1	793428	793429	3	0.0405
chr1	793474	793475	4	0.4395
chr1	793512	793513	7	0.291
chr1	793555	793556	3	0.2332
chr1	793605	793606	5	0.2718
chr1	793636	793637	6	0.3209
chr1	793676	793677	4	0.4899
chr1	793721	793722	5	0.4827
chr1	793748	793749	5	0.2787
chr1	793781	793782	4	0.4582
chr1	793797	793798	4	0.2252
chr1	793841	793842	4	0.2724
chr1	793875	793876	6	0.2357
chr1	793904	793905	4	0.2372
chr1	793942	793943	5	0.3354
chr1	793959	793960	5	0.292
chr1	793976	793977	4	0.4706
chr1	794056	794057	5	0.3957
chr1	794156	794157	4	0.4361
chr1	794250	794251	4	0.1911
chr1	794350	794351	3	0.2319
chr1	794427	794428	3	0.4147
chr1	794445	794446	3	0.2051
chr1	794457	794458	3	0.8166
chr1	794498	794499	4	0.6312
chr1	794536	794537	5	0.6537
chr1	794579	794580	4	0.7544
chr1	794599	794600	5	0.6121
chr1	794629	794630	4	0.6092
chr1	794665	794666	4	0.652
chr1	794710	794711	3	0.6324
chr1	794750	794751	5	0.7966
chr1	794781	794782	6	0.7416
chr1	794813	794814	6	0.6743
chr1	794859	794860	6	0.6744
chr1	794903	794904	6	0.6765
chr1	794924	794925	6	0.8509
chr1	794942	794943	4	0.5721
chr1	794968	794969	4	0.6466
chr1	794989	794990	3	0.6924
chr1	795023	795024	4	0.6547
chr1	795053	795054	5	0.6832
chr1	795153	795154	5	0.7253
chr1	795231	795232	5	0.6536
chr1	795311	795312	6	0.7202
chr1	795411	795412	4	0.4912
chr1	795511	795512	4	0.5446
chr1	795611	795612	4	0.6107
chr1	795615	795616	4	0.7377
chr1	795639	795640	3	0.7315
chr1	795653	795654	4	0.7452
chr1	795668	795669	3	0.8563
chr1	795702	795703	4	0.1532
chr1	795718	795719	7	0.3436
chr1	795768	795769	3	0.5021
chr1	795815	795816	3	0.56
chr1	795853	795854	6	0.3344
chr1	795890	795891	5	0.1592
chr1	795925	795926	3	0.4057
chr1	795940	795941	5	0.5696
chr1	795968	795969	6	0.068
chr1	796018	796019	4	0.5713
chr1	796045	796046	4	0.746
chr1	796095	796096	4	0.5007
chr1	796133	796134	4	0.4752
chr1	796170	796171	4	0.2097
chr1	796189	796190	3	0.388
chr1	796202	796203	4	0.693
chr1	796269	796270	5	0.6381
chr1	796369	796370	5	0.4561
chr1	796469	796470	4	0.756
chr1	796519	796520	5	0.7353
chr1	796619	796620	5	0.444
chr1	796719	796720	5	0.2244
chr1	796767	796768	3	0.4207
chr1	796791	796792	5	0.9775
chr1	796811	796812	7	0.1832
chr1	796848	796849	4	0.1632
chr1	796863	796864	5	0.2022
chr1	796886	796887	5	0.2248
chr1	796923	796924	3	0.0999
chr1	796943	796944	4	0.1177
chr1	796960	796961	6	0.3731
chr1	796995	796996	6	0.2017
chr1	797017	797018	4	0.1163
chr1	797042	797043	4	0.2457
chr1	797057	797058	5	0.0632
chr1	797088	797089	4	0.2114
chr1	797115	797116	3	0.0539
chr1	797130	797131	2	0.173
chr1	797157	797158	5	0.1594
chr1	797191	797192	5	0.0937
chr1	797221	797222	6	0.1215
chr1	797249	797250	6	0.2304
chr1	797274	797275	4	0.0
chr1	797289	797290	3	0.1601
chr1	797304	797305	3	0.1852
chr1	797318	797319	3	0.0463
chr1	797418	797419	4	0.1752
chr1	797518	797519	2	0.3321
chr1	797618	797619	5	0.2516
chr1	797718	797719	4	0.1618
chr1	797777	797778	3	0.136
chr1	797813	797814	5	0.0914
chr1	797823	797824	4	0.2891
chr1	797859	797860	5	0.6789
chr1	797881	797882	5	0.8761
chr1	797931	797932	3	0.8349
chr1	797974	797975	5	0.7065
chr1	797993	797994	4	0.8738
chr1	798016	798017	4	0.8598
chr1	798063	798064	5	0.8991
chr1	798103	798104	5	0.7877
chr1	798153	798154	5	0.683
chr1	798188	798189	5	0.7837
chr1	798206	798207	5	0.8092
chr1	798228	798229	4	0.9214
chr1	798244	798245	4	0.9643
chr1	798294	798295	4	0.8368
chr1	798297	798298	5	0.8938
chr1	798350	798351	6	0.8713
chr1	798429	798430	5	0.7283
chr1	798529	798530	4	0.9821
chr1	798629	798630	5	0.7973
chr1	798729	798730	4	0.7981
chr1	798787	798788	3	0.8642
chr1	798799	798800	4	0.9297
chr1	798841	798842	4	0.8905
chr1	798856	798857	4	0.9622
chr1	798888	798889	4	0.8028
chr1	798919	798920	3	1.0
chr1	798934	798935	5	0.8673
chr1	798956	798957	5	0.8701
chr1	798977	798978	4	0.7992
chr1	799006	799007	4	0.9283
chr1	799027	799028	6	0.8592
chr1	799063	799064	5	0.6858
chr1	799079	799080	4	0.8562
chr1	799104	799105	6	0.8498
chr1	799142	799143	6	0.8273
chr1	799157	799158	5	0.7849
chr1	799177	799178	3	0.7418
chr1	799192	799193	4	0.8381
chr1	799229	799230	5	0.7669
chr1	799279	799280	6	0.757
chr1	799308	799309	4	0.9752
chr1	799358	799359	6	0.8634
chr1	799442	799443	6	0.8233
chr1	799521	799522	3	0.6841
chr1	799571	799572	5	0.9096
chr1	799671	799672	5	0.6915
chr1	799771	799772	6	0.6528
chr1	799853	799854	3	0.8871
chr1	799863	799864	6	0.7911
chr1	799880	799881	6	0.8827
chr1	799914	799915	7	1.0
chr1	799944	799945	5	0.8743
chr1	799986	799987	6	0.8725
chr1	800001	800002	5	0.8562
chr1	800029	800030	5	0.7569
chr1	800057	800058	5	0.9429
chr1	800083	800084	5	0.7944
chr1	800110	800111	6	0.9626
chr1	800141	800142	7	0.8947
chr1	800164	800165	5	0.7288
chr1	800181	800182	5	0.9298
chr1	800219	800220	5	0.8577
chr1	800269	800270	5	0.8271
chr1	800302	800303	3	0.9811
chr1	800338	800339	3	0.7579
chr1	800361	800362	5	0.8394
chr1	800384	800385	4	0.9714
chr1	800397	800398	5	0.8687
chr1	800497	800498	6	0.9968
chr1	800581	800582	4	0.9062
chr1	800631	800632	4	0.8745
chr1	800681	800682	4	0.8832
chr1	800739	800740	6	0.8375
chr1	800839	800840	3	0.7819
chr1	800919	800920	5	0.8078
chr1	800927	800928	5	0.9852
chr1	800955	800956	6	0.9121
chr1	800990	800991	3	0.8113
chr1	801014	801015	4	0.5046
chr1	801064	801065	5	0.6205
chr1	801114	801115	4	0.9131
chr1	801132	801133	4	0.6317
chr1	801155	801156	4	0.8164
chr1	801170	801171	5	0.6275
chr1	801220	801221	5	0.7428
chr1	801243	801244	4	0.8839
chr1	801259	801260	4	0.742
chr1	801309	801310	5	0.7797
chr1	801327	801328	8	0.7557
chr1	801355	801356	3	0.7833
chr1	801377	801378	4	0.7472
chr1	801400	801401	5	0.9387
chr1	801421	801422	5	0.6891
chr1	801436	801437	4	0.7747
chr1	801458	801459	5	0.7276
chr1	801498	801499	6	0.6818
chr1	801509	801510	3	0.7824
chr1	801576	801577	6	0.8108
chr1	801676	801677	5	0.692
chr1	801776	801777	3	0.6917
chr1	801845	801846	6	0.7467
chr1	801945	801946	6	0.6999
chr1	802024	802025	4	0.7449
chr1	802046	802047	4	0.7935
chr1	802059	802060	5	0.3016
chr1	802074	802075	4	0.1939
chr1	802092	802093	6	0.1885
chr1	802142	802143	5	0.0725
chr1	802190	802191	6	0.2652
chr1	802220	802221	5	0.1809
chr1	802245	802246	4	0.1237
chr1	802260	802261	4	0.316
chr1	802279	802280	4	0.1481
chr1	802302	802303	4	0.3366
chr1	802324	802325	4	0.2865
chr1	802356	802357	4	0.2746
chr1	802396	802397	4	0.1304
chr1	802415	802416	3	0.3806
chr1	802465	802466	4	0.1913
chr1	802493	802494	5	0.2519
chr1	802512	802513	4	0.2757
chr1	802547	802548	3	0.2733
chr1	802565	802566	5	0.197
chr1	802600	802601	5	0.2888
chr1	802679	802680	5	0.2248
chr1	802779	802780	4	0.288
chr1	802879	802880	5	0.1581
chr1	802929	802930	6	0.2748
chr1	803029	803030	3	0.3293
chr1	803100	803101	5	0.3126
chr1	803150	803151	5	0.0644
chr1	803156	803157	6	0.6741
chr1	803201	803202	5	0.576
chr1	803218	803219	5	0.6406
chr1	803235	803236	5	0.6476
chr1	803252	803253	5	0.6376
chr1	803279	803280	3	0.5987
chr1	803300	803301	5	0.5497
chr1	803324	803325	5	0.471
chr1	803355	803356	5	0.4497
chr1	803405	803406	6	0.5839
chr1	803425	803426	4	0.5962
chr1	803475	803476	6	0.6576
chr1	803496	803497	5	0.7287
chr1	803522	803523	4	0.5776
chr1	803571	803572	3	0.5063
chr1	803621	803622	6	0.6152
chr1	803645	803646	6	0.6142
chr1	803682	803683	4	0.4168
chr1	803732	803733	7	0.5972
chr1	803832	803833	4	0.6766
chr1	803932	803933	4	0.6488
chr1	803989	803990	6	0.5074
chr1	804089	804090	6	0.5986
chr1	804163	804164	4	0.557
chr1	804201	804202	4	0.9178
chr1	804221	804222	5	0.9422
chr1	804351	804352	5	0.8564
chr1	804373	804374	5	0.7608
chr1	804393	804394	5	0.9541
chr1	804463	804464	3	0.6774
chr1	804545	804546	5	0.8183
chr1	804619	804620	4	0.9331
chr1	804627	804628	6	0.7205
chr1	804646	804647	5	0.685
chr1	804661	804662	4	0.5449
chr1	804676	804677	5	0.5932
chr1	804725	804726	4	0.4985
chr1	804775	804776	5	0.5542
chr1	804825	804826	4	0.6254
chr1	804875	804876	3	0.646
chr1	804893	804894	4	0.6119
chr1	804908	804909	4	0.4849
chr1	804958	804959	4	0.3955
chr1	805001	805002	5	0.596
chr1	805016	805017	6	0.5959
chr1	805043	805044	2	0.6987
chr1	805058	805059	7	0.5356
chr1	805073	805074	5	0.5738
chr1	805089	805090	2	0.6667
chr1	805118	805119	3	0.6573
chr1	805121	805122	3	0.641
chr1	805221	805222	3	0.6858
chr1	805321	805322	5	0.6008
chr1	805421	805422	4	0.6706
chr1	805521	805522	4	0.508
chr1	805717	805718	6	0.7058
chr1	805827	805828	3	0.9617
chr1	805943	805944	5	0.9496
chr1	805947	805948	6	0.6695
chr1	805963	805964	5	0.8494
chr1	805979	805980	5	0.558
chr1	806001	806002	5	0.4598
chr1	806032	806033	4	0.503
chr1	806052	806053	5	0.4131
chr1	806088	806089	3	0.6315
chr1	806132	806133	4	0.619
chr1	806160	806161	4	0.5021
chr1	806183	806184	5	0.5638
chr1	806201	806202	6	0.6645
chr1	806223	806224	4	0.7335
chr1	806249	806250	5	0.4883
chr1	806296	806297	5	0.5408
chr1	806313	806314	5	0.5118
chr1	806329	806330	4	0.5504
chr1	806379	806380	4	0.625
chr1	806398	806399	4	0.5193
chr1	806439	806440	4	0.5795
chr1	806461	806462	5	0.5301
chr1	806505	806506	6	0.6176
chr1	806531	806532	5	0.6107
chr1	806554	806555	5	0.6076
chr1	806556	806557	4	0.4574
chr1	806656	806657	4	0.4991
chr1	806756	806757	6	0.5488
chr1	806856	806857	6	0.4639
chr1	806956	806957	4	0.4559
chr1	807033	807034	5	0.5317
chr1	807083	807084	4	0.5611
chr1	807129	807130	2	0.7191
chr1	807179	807180	3	0.7882
chr1	807219	807220	4	0.6511
chr1	807248	807249	6	0.8238
chr1	807271	807272	2	0.8942
chr1	807309	807310	6	0.7397
chr1	807329	807330	5	0.686
chr1	807351	807352	4	0.7374
chr1	807399	807400	5	0.7639
chr1	807416	807417	4	0.729
chr1	807439	807440	4	0.9448
chr1	807489	807490	6	0.7037
chr1	807539	807540	4	0.8578
chr1	807578	807579	6	0.6787
chr1	807623	807624	4	0.8352
chr1	807673	807674	5	0.7644
chr1	807685	807686	5	0.606
chr1	807785	807786	7	0.8995
chr1	807844	807845	5	0.7996
chr1	807944	807945	5	0.7922
chr1	808044	808045	3	0.8523
chr1	808144	808145	4	0.7088
chr1	808156	808157	5	0.8694
chr1	808188	808189	5	0.7061
chr1	808226	808227	5	0.7566
chr1	808276	808277	6	0.9543
chr1	808303	808304	3	0.7588
chr1	808329	808330	4	0.8223
chr1	808352	808353	4	0.7566
chr1	808367	808368	6	0.9729
chr1	808399	808400	4	0.8732
chr1	808423	808424	4	0.7312
chr1	808473	808474	5	0.9244
chr1	808493	808494	5	0.8625
chr1	808534	808535	5	0.8681
chr1	808556	808557	5	0.7459
chr1	808593	808594	4	0.7849
chr1	808632	808633	3	0.5685
chr1	808655	808656	6	0.7557
chr1	808700	808701	3	0.854
chr1	808795	808796	4	0.8048
chr1	808845	808846	3	0.8611
chr1	808945	808946	4	0.9807
chr1	809011	809012	4	0.8251
chr1	809073	809074	3	0.7978
chr1	809167	809168	7	0.9041
chr1	809177	809178	5	1.0
chr1	809183	809184	5	0.9409
chr1	809212	809213	5	0.8195
chr1	809227	809228	6	0.8988
chr1	809253	809254	4	0.8377
chr1	809286	809287	4	0.8021
chr1	809312	809313	5	0.7684
chr1	809337	809338	3	0.7342
chr1	809363	809364	3	0.7421
chr1	809397	809398	5	0.6163
chr1	809440	809441	3	0.7149
chr1	809488	809489	5	0.6752
chr1	809503	809504	5	0.6795
chr1	809551	809552	3	1.0
chr1	809601	809602	5	0.8978
chr1	809628	809629	5	0.7408
chr1	809656	809657	4	0.8871
chr1	809662	809663	4	0.8255
chr1	809712	809713	4	0.9078
chr1	809812	809813	4	0.7907
chr1	809873	809874	4	0.7202
chr1	809973	809974	6	0.8616
chr1	810060	810061	5	0.9581
chr1	810078	810079	4	1.0
chr1	810256	810257	2	0.9102
chr1	810308	810309	3	0.8103
chr1	810372	810373	3	0.8981
chr1	810426	810427	5	0.6918
chr1	810444	810445	5	0.772
chr1	810518	810519	5	0.8167
chr1	810556	810557	6	0.8611
chr1	810596	810597	4	0.3706
chr1	810619	810620	5	0.3987
chr1	810669	810670	5	0.4451
chr1	810691	810692	4	0.09
chr1	810741	810742	4	0.0999
chr1	810772	810773	5	0.4766
chr1	810792	810793	6	0.113
chr1	810818	810819	3	0.0369
chr1	810838	810839	5	0.0407
chr1	810870	810871	2	0.4399
chr1	810890	810891	5	0.2514
chr1	810938	810939	4	0.1015
chr1	810958	810959	3	0.1414
chr1	810977	810978	6	0.4153
chr1	810998	810999	5	0.1532
chr1	811048	811049	5	0.2572
chr1	811098	811099	3	0.0406
chr1	811122	811123	4	0.2804
chr1	811162	811163	5	0.3412
chr1	811177	811178	5	0.3755
chr1	811192	811193	6	0.0891
chr1	811214	811215	5	0.3588
chr1	811280	811281	6	0.0326
chr1	811380	811381	5	0.2615
chr1	811430	811431	4	0.3125
chr1	811526	811527	3	0.3168
chr1	811576	811577	4	0.1819
chr1	811676	811677	5	0.3588
chr1	811776	811777	2	0.3175
chr1	811906	811907	4	0.0948
chr1	811913	811914	4	0.6478
chr1	811953	811954	5	0.6976
chr1	811974	811975	6	0.7641
chr1	811989	811990	5	0.4589
chr1	812027	812028	5	0.4734
chr1	812051	812052	4	0.5835
chr1	812077	812078	5	0.8128
chr1	812125	812126	7	0.6869
chr1	812151	812152	7	0.5542
chr1	812194	812195	6	0.4316
chr1	812220	812221	5	0.6964
chr1	812246	812247	2	0.5602
chr1	812261	812262	6	0.5948
chr1	812288	812289	6	0.7067
chr1	812313	812314	6	0.6947
chr1	812363	812364	5	0.6707
chr1	812413	812414	5	0.6536
chr1	812427	812428	6	0.6351
chr1	812527	812528	5	0.5519
chr1	812623	812624	5	0.5259
chr1	812723	812724	3	0.6091
chr1	812823	812824	5	0.5773
chr1	812923	812924	6	0.6354
chr1	812943	812944	4	0.7018
chr1	812977	812978	5	0.8598
chr1	813007	813008	5	0.8327
chr1	813083	813084	4	0.7342
chr1	813389	813390	4	0.6401
chr1	813395	813396	4	0.81
chr1	813413	813414	3	0.7355
chr1	813433	813434	4	0.6292
chr1	813476	813477	6	0.7345
chr1	813513	813514	3	0.6624
chr1	813528	813529	5	0.6411
chr1	813545	813546	4	0.6325
chr1	813583	813584	4	0.9435
chr1	813629	813630	5	0.7172
chr1	813666	813667	6	0.7018
chr1	813692	813693	3	0.6446
chr1	813742	813743	3	0.836
chr1	813765	813766	5	0.6364
chr1	813815	813816	5	0.8848
chr1	813834	813835	5	0.8162
chr1	813849	813850	6	0.5099
chr1	813864	813865	5	0.7304
chr1	813879	813880	5	0.807
chr1	813904	813905	5	0.6867
chr1	813922	813923	4	0.8334
chr1	814010	814011	4	0.7812
chr1	814110	814111	4	0.6341
chr1	814210	814211	6	0.7946
chr1	814260	814261	3	0.7844
chr1	814339	814340	6	0.7819
chr1	814415	814416	3	0.9917
chr1	814425	814426	4	0.5479
chr1	814450	814451	3	0.5511
chr1	814489	814490	5	0.4229
chr1	814539	814540	3	0.5745
chr1	814573	814574	5	0.5426
chr1	814623	814624	4	0.5368
chr1	814657	814658	5	0.6351
chr1	814672	814673	4	0.5589
chr1	814718	814719	6	0.5189
chr1	814768	814769	3	0.5043
chr1	814787	814788	4	0.6948
chr1	814816	814817	5	0.4597
chr1	814866	814867	5	0.3779
chr1	814891	814892	4	0.6598
chr1	814916	814917	5	0.6427
chr1	815016	815017	4	0.4826
chr1	815091	815092	3	0.5485
chr1	815141	815142	5	0.5829
chr1	815191	815192	4	0.6338
chr1	815275	815276	3	0.6391
chr1	815327	815328	4	0.4765
chr1	815377	815378	5	0.5503
chr1	815415	815416	4	0.7759
chr1	815453	815454	5	0.7913
chr1	815469	815470	4	0.7147
chr1	815523	815524	5	0.6577
chr1	815687	815688	3	0.5533
chr1	815723	815724	4	0.8505
chr1	815757	815758	4	0.655
chr1	815767	815768	6	0.834
chr1	815819	815820	6	0.7413
chr1	815867	815868	3	0.6833
chr1	815872	815873	4	0.3931
chr1	815922	815923	5	0.6045
chr1	815953	815954	4	0.4837
chr1	815972	815973	3	0.3989
chr1	816022	816023	4	0.3354
chr1	816068	816069	5	0.4313
chr1	816109	816110	6	0.3066
chr1	816135	816136	5	0.46
chr1	816185	816186	5	0.4194
chr1	816225	816226	4	0.5204
chr1	816243	816244	4	0.2884
chr1	816258	816259	5	0.3132
chr1	816273	816274	7	0.3166
chr1	816323	816324	5	0.4299
chr1	816345	816346	6	0.3157
chr1	816382	816383	6	0.501
chr1	816404	816405	3	0.4227
chr1	816423	816424	4	0.3191
chr1	816523	816524	6	0.4126
chr1	816588	816589	3	0.4274
chr1	816688	816689	4	0.3954
chr1	816784	816785	5	0.3808
chr1	816852	816853	5	0.4616
chr1	816952	816953	4	0.3859
chr1	817120	817121	4	0.0124
chr1	817138	817139	4	0.0194
chr1	817178	817179	5	0.0776
chr1	817244	817245	4	0.1241
chr1	817250	817251	5	0.012
chr1	817278	817279	5	0.1602
chr1	817348	817349	5	0.2077
chr1	817420	817421	5	0.2519
chr1	817450	817451	5	0.1381
chr1	817459	817460	4	0.4013
chr1	817496	817497	5	0.4578
chr1	817524	817525	2	0.4985
chr1	817574	817575	3	0.3608
chr1	817623	817624	5	0.3585
chr1	817667	817668	3	0.4188
chr1	817693	817694	5	0.4875
chr1	817708	817709	4	0.4881
chr1	817725	817726	3	0.5844
chr1	817775	817776	6	0.6149
chr1	817795	817796	5	0.2436
chr1	817832	817833	6	0.6148
chr1	817880	817881	7	0.2488
chr1	817896	817897	4	0.5861
chr1	817946	817947	4	0.429
chr1	817975	817976	6	0.5091
chr1	817996	817997	4	0.353
chr1	818008	818009	5	0.5987
chr1	818108	818109	3	0.3612
chr1	818158	818159	4	0.4738
chr1	818248	818249	6	0.6174
chr1	818348	818349	5	0.466
chr1	818448	818449	6	0.4402
chr1	818548	818549	5	0.3952
chr1	818552	818553	4	0.7402
chr1	818644	818645	7	0.8022
chr1	818714	818715	4	0.8699
chr1	818758	818759	4	0.9039
chr1	818762	818763	5	0.9354
chr1	818826	818827	5	0.8657
chr1	818900	818901	6	0.8496
chr1	818914	818915	5	0.9581
chr1	819016	819017	7	0.7764
chr1	819042	819043	5	0.8592
chr1	819084	819085	2	0.8277
chr1	819102	819103	6	0.8426
chr1	819152	819153	3	0.7197
chr1	819177	819178	5	0.8313
chr1	819217	819218	3	0.8355
chr1	819240	819241	4	0.8047
chr1	819257	819258	2	0.6525
chr1	819303	819304	6	0.7709
chr1	819327	819328	4	1.0
chr1	819362	819363	5	0.7987
chr1	819382	819383	5	0.7238
chr1	819432	819433	5	0.8747
chr1	819482	819483	6	0.6462
chr1	819503	819504	5	0.6717
chr1	819525	819526	4	0.8845
chr1	819575	819576	4	0.7137
chr1	819675	819676	6	0.8882
chr1	819725	819726	5	0.9067
chr1	819777	819778	5	0.6627
chr1	819877	819878	4	0.7721
chr1	819946	819947	6	0.7717
chr1	820046	820047	3	1.0
chr1	820074	820075	5	0.8597
chr1	820100	820101	5	0.8014
chr1	820107	820108	5	0.3285
chr1	820136	820137	5	0.5078
chr1	820159	820160	5	0.5374
chr1	820193	820194	4	0.4789
chr1	820208	820209	4	0.4415
chr1	820253	820254	4	0.5506
chr1	820288	820289	5	0.4579
chr1	820307	820308	4	0.4819
chr1	820357	820358	4	0.5593
chr1	820407	820408	6	0.6184
chr1	820422	820423	6	0.7551
chr1	820472	820473	5	0.5861
chr1	820512	820513	5	0.5099
chr1	820562	820563	3	0.437
chr1	820581	820582	6	0.4573
chr1	820593	820594	4	0.615
chr1	820682	820683	6	0.6142
chr1	820782	820783	6	0.6648
chr1	820832	820833	5	0.6033
chr1	820932	820933	6	0.5395
chr1	821032	821033	5	0.5554
chr1	821218	821219	5	0.8125
chr1	821312	821313	5	0.9603
chr1	821318	821319	6	0.8404
chr1	821346	821347	5	0.6687
chr1	821358	821359	5	0.8847
chr1	821362	821363	5	0.7186
chr1	821382	821383	3	0.5612
chr1	821460	821461	4	0.6466
chr1	821478	821479	4	0.6641
chr1	821526	821527	4	0.8281
chr1	821546	821547	4	0.7772
chr1	821573	821574	3	0.8286
chr1	821614	821615	4	0.703
chr1	821662	821663	4	0.9103
chr1	821712	821713	4	0.765
chr1	821751	821752	5	0.8951
chr1	821776	821777	6	0.7465
chr1	821803	821804	5	0.7531
chr1	821853	821854	6	0.5258
chr1	821889	821890	4	0.5858
chr1	821910	821911	4	0.6918
chr1	821960	821961	4	0.7167
chr1	821988	821989	5	0.8018
chr1	822011	822012	3	0.5754
chr1	822044	822045	5	0.8587
chr1	822138	822139	4	0.7886
chr1	822220	822221	4	0.7945
chr1	822320	822321	4	0.6663
chr1	822370	822371	5	0.7606
chr1	822470	822471	6	0.758
chr1	822516	822517	3	0.8845
chr1	822544	822545	5	0.7426
chr1	822559	822560	4	0.8389
chr1	822609	822610	4	0.7863
chr1	822637	822638	3	0.8569
chr1	822678	822679	5	0.5994
chr1	822701	822702	4	0.8113
chr1	822726	822727	4	0.5971
chr1	822776	822777	5	0.9356
chr1	822813	822814	5	0.7438
chr1	822841	822842	2	0.8253
chr1	822870	822871	5	0.6871
chr1	822890	822891	4	0.7682
chr1	822912	822913	5	0.8155
chr1	822932	822933	5	0.9121
chr1	822948	822949	5	0.7993
chr1	822968	822969	5	0.7273
chr1	822969	822970	4	0.8906
chr1	823069	823070	5	0.7223
chr1	823158	823159	3	0.836
chr1	823208	823209	7	0.6373
chr1	823308	823309	4	0.7845
chr1	823390	823391	5	0.8288
chr1	823397	823398	5	0.2777
chr1	823431	823432	5	0.425
chr1	823459	823460	4	0.4288
chr1	823480	823481	4	0.2661
chr1	823505	823506	5	0.2606
chr1	823553	823554	6	0.3346
chr1	823584	823585	6	0.3074
chr1	823604	823605	2	0.2083
chr1	823633	823634	5	0.2648
chr1	823663	823664	6	0.2627
chr1	823700	823701	5	0.1154
chr1	823724	823725	5	0.3693
chr1	823752	823753	6	0.3165
chr1	823802	823803	4	0.2542
chr1	823852	823853	3	0.1893
chr1	823867	823868	4	0.2038
chr1	823917	823918	5	0.4308
chr1	824017	824018	5	0.2901
chr1	824117	824118	5	0.3182
chr1	824217	824218	4	0.2466
chr1	824317	824318	3	0.2569
chr1	824417	824418	3	0.2853
chr1	824465	824466	5	0.0061
chr1	824537	824538	4	0.1141
chr1	824613	824614	5	0.2315
chr1	824653	824654	3	0.1684
chr1	824661	824662	4	0.1095
chr1	824697	824698	6	0.2358
chr1	824819	824820	5	0.0378
chr1	824827	824828	5	0.588
chr1	824863	824864	5	0.589
chr1	824902	824903	5	0.5531
chr1	824932	824933	5	0.5496
chr1	824982	824983	5	0.6236
chr1	825032	825033	4	0.5939
chr1	825054	825055	5	0.5838
chr1	825072	825073	6	0.5804
chr1	825121	825122	6	0.5233
chr1	825147	825148	5	0.6161
chr1	825165	825166	4	0.5942
chr1	825199	825200	4	0.7337
chr1	825230	825231	3	0.6785
chr1	825271	825272	6	0.6252
chr1	825305	825306	4	0.6693
chr1	825332	825333	5	0.6767
chr1	825360	825361	3	0.4778
chr1	825363	825364	5	0.7109
chr1	825463	825464	5	0.6102
chr1	825560	825561	3	0.5832
chr1	825633	825634	4	0.5093
chr1	825733	825734	5	0.5514
chr1	825833	825834	4	0.699
chr1	825883	825884	7	0.6202
chr1	826065	826066	6	1.0
chr1	826081	826082	4	0.9779
chr1	826121	826122	3	0.9431
chr1	826247	826248	4	0.7969
chr1	826267	826268	5	0.9675
chr1	826279	826280	6	0.6861
chr1	826287	826288	4	0.7541
chr1	826302	826303	4	0.6184
chr1	826323	826324	3	0.547
chr1	826351	826352	4	0.5299
chr1	826385	826386	5	0.2702
chr1	826414	826415	4	0.4075
chr1	826431	826432	4	0.3338
chr1	826459	826460	4	0.5149
chr1	826489	826490	4	0.4972
chr1	826539	826540	5	0.4315
chr1	826556	826557	5	0.3109
chr1	826591	826592	4	0.556
chr1	826610	826611	4	0.3358
chr1	826653	826654	4	0.3846
chr1	826679	826680	7	0.433
chr1	826720	826721	4	0.4416
chr1	826820	826821	1	0.3812
chr1	826895	826896	2	0.4587
chr1	826995	826996	4	0.4219
chr1	827089	827090	5	0.2775
chr1	827147	827148	5	0.5014
chr1	827245	827246	3	0.6473
chr1	827293	827294	5	0.7283
chr1	827385	827386	4	0.6432
chr1	827445	827446	3	0.7385
chr1	827467	827468	6	0.7066
chr1	827485	827486	6	0.7757
chr1	827497	827498	5	0.4624
chr1	827567	827568	5	0.4795
chr1	828639	828640	4	0.5325
chr1	828681	828682	6	0.73
chr1	828727	828728	4	0.594
chr1	828746	828747	5	0.38
chr1	828796	828797	5	0.5489
chr1	828811	828812	7	0.6817
chr1	828847	828848	4	0.6435
chr1	828895	828896	3	0.7806
chr1	828934	828935	4	0.6352
chr1	828982	828983	5	0.5988
chr1	829020	829021	6	0.6561
chr1	829065	829066	3	0.503
chr1	829096	829097	5	0.7346
chr1	829146	829147	5	0.5234
chr1	829163	829164	4	0.4314
chr1	829228	829229	4	0.7331
chr1	829323	829324	5	0.6185
chr1	829423	829424	3	0.6001
chr1	829523	829524	5	0.7279
chr1	829623	829624	3	0.5767
chr1	829699	829700	6	0.7425
chr1	829703	829704	4	0.7764
chr1	829727	829728	4	0.6712
chr1	829746	829747	5	0.614
chr1	829766	829767	5	0.5475
chr1	829806	829807	4	0.6504
chr1	829832	829833	2	0.6619
chr1	829876	829877	3	0.4394
chr1	829891	829892	4	0.6534
chr1	829941	829942	4	0.5996
chr1	829989	829990	3	0.5179
chr1	830013	830014	5	0.4922
chr1	830040	830041	5	0.547
chr1	830065	830066	7	0.5658
chr1	830115	830116	6	0.5201
chr1	830143	830144	5	0.5717
chr1	830161	830162	5	0.6788
chr1	830192	830193	5	0.6431
chr1	830220	830221	5	0.6118
chr1	830228	830229	4	0.5494
chr1	830328	830329	4	0.5355
chr1	830396	830397	5	0.4645
chr1	830496	830497	3	0.7569
chr1	830581	830582	4	0.541
chr1	830681	830682	4	0.4642
chr1	830713	830714	2	0.5696
chr1	830753	830754	3	0.7393
chr1	830795	830796	4	0.7838
chr1	830820	830821	6	0.8698
chr1	830837	830838	4	0.5454
chr1	830861	830862	4	0.6149
chr1	830911	830912	4	0.7718
chr1	830926	830927	4	0.767
chr1	830967	830968	5	0.7634
chr1	830989	830990	4	0.4968
chr1	831018	831019	5	0.5423
chr1	831033	831034	3	0.6492
chr1	831072	831073	4	0.7436
chr1	831115	831116	4	0.7656
chr1	831145	831146	3	0.6394
chr1	831195	831196	4	0.6448
chr1	831217	831218	5	0.76
chr1	831292	831293	5	0.6122
chr1	831392	831393	5	0.6967
chr1	831474	831475	3	0.8704
chr1	831574	831575	5	0.6564
chr1	831674	831675	6	0.7883
chr1	831702	831703	4	0.6837
chr1	831752	831753	3	0.7295
chr1	831760	831761	5	0.4614
chr1	831796	831797	6	0.498
chr1	831823	831824	5	0.5156
chr1	831851	831852	4	0.5097
chr1	831888	831889	4	0.5712
chr1	831918	831919	4	0.5089
chr1	831944	831945	4	0.4429
chr1	831961	831962	5	0.56
chr1	831978	831979	6	0.4032
chr1	832004	832005	2	0.414
chr1	832027	832028	4	0.4312
chr1	832059	832060	6	0.4643
chr1	832098	832099	5	0.5681
chr1	832131	832132	4	0.4537
chr1	832181	832182	5	0.5684
chr1	832215	832216	4	0.4632
chr1	832237	832238	5	0.3871
chr1	832252	832253	5	0.5417
chr1	832277	832278	4	0.5308
chr1	832303	832304	5	0.4072
chr1	832403	832404	6	0.3986
chr1	832489	832490	4	0.5611
chr1	832587	832588	5	0.4554
chr1	832673	832674	4	0.5474
chr1	832768	832769	3	0.5003
chr1	832894	832895	5	0.7265
chr1	832948	832949	3	0.991
chr1	832980	832981	3	0.6234
chr1	833056	833057	5	0.7163
chr1	833090	833091	5	0.7567
chr1	833116	833117	5	0.5565
chr1	833178	833179	5	0.6674
chr1	833268	833269	4	0.8567
chr1	833318	833319	6	0.2447
chr1	833339	833340	4	0.1254
chr1	833363	833364	4	0.0654
chr1	833386	833387	5	0.1418
chr1	833404	833405	5	0.0848
chr1	833427	833428	4	0.0794
chr1	833445	833446	6	0.1967
chr1	833469	833470	5	0.128
chr1	833519	833520	5	0.1325
chr1	833537	833538	5	0.0098
chr1	833583	833584	5	0.1347
chr1	833611	833612	5	0.0173
chr1	833636	833637	4	0.008
chr1	833675	833676	4	0.1542
chr1	833693	833694	4	0.2948
chr1	833717	833718	4	0.2309
chr1	833732	833733	3	0.198
chr1	833767	833768	5	0.0669
chr1	833786	833787	6	0.1326
chr1	833849	833850	6	0.1905
chr1	833949	833950	3	0.1405
chr1	834032	834033	4	0.1301
chr1	834132	834133	6	0.2341
chr1	834232	834233	3	0.2175
chr1	834284	834285	5	0.084
chr1	834305	834306	4	0.4375
chr1	834343	834344	4	0.475
chr1	834390	834391	4	0.6354
chr1	834408	834409	5	0.5855
chr1	834446	834447	4	0.6713
chr1	834480	834481	4	0.5697
chr1	834525	834526	4	0.5985
chr1	834575	834576	4	0.5246
chr1	834625	834626	6	0.4057
chr1	834657	834658	5	0.644
chr1	834682	834683	4	0.6868
chr1	834712	834713	5	0.5073
chr1	834812	834813	2	0.5305
chr1	834876	834877	5	0.6272
chr1	834976	834977	4	0.5756
chr1	835076	835077	6	0.5991
chr1	835128	835129	5	0.6114
chr1	835164	835165	6	0.2348
chr1	835181	835182	6	0.1752
chr1	835231	835232	5	0.1166
chr1	835250	835251	3	0.114
chr1	835294	835295	3	0.2306
chr1	835335	835336	6	0.1553
chr1	835372	835373	7	0.0094
chr1	835395	835396	4	0.0422
chr1	835445	835446	4	0.2075
chr1	835464	835465	5	0.1392
chr1	835489	835490	5	0.1538
chr1	835516	835517	5	0.1133
chr1	835551	835552	5	0.1178
chr1	835583	835584	5	0.0
chr1	835629	835630	5	0.2346
chr1	835668	835669	5	0.108
chr1	835683	835684	4	0.1163
chr1	835783	835784	6	0.132
chr1	835847	835848	6	0.1515
chr1	835920	835921	5	0.1442
chr1	836020	836021	6	0.178
chr1	836070	836071	4	0.0944
chr1	836127	836128	5	0.0381
chr1	836129	836130	4	0.0633
chr1	836205	836206	5	0.078
chr1	836243	836244	4	0.6887
chr1	836267	836268	6	0.4766
chr1	836282	836283	4	0.6138
chr1	836332	836333	6	0.4636
chr1	836365	836366	4	0.6501
chr1	836383	836384	5	0.7408
chr1	836410	836411	5	0.6976
chr1	836428	836429	4	0.6575
chr1	836443	836444	5	0.5083
chr1	836466	836467	4	0.469
chr1	836506	836507	5	0.6013
chr1	836521	836522	4	0.7033
chr1	836544	836545	5	0.5245
chr1	836594	836595	3	0.6828
chr1	836615	836616	5	0.6755
chr1	836654	836655	3	0.6787
chr1	836704	836705	4	0.6749
chr1	836740	836741	3	0.603
chr1	836768	836769	5	0.6559
chr1	836792	836793	3	0.5971
chr1	836800	836801	3	0.6738
chr1	836900	836901	4	0.6446
chr1	836950	836951	2	0.6069
chr1	837000	837001	3	0.4993
chr1	837094	837095	6	0.4187
chr1	837190	837191	5	0.7104
chr1	837269	837270	5	0.6871
chr1	837363	837364	6	0.6089
chr1	837391	837392	5	0.2395
chr1	837441	837442	5	0.2579
chr1	837463	837464	5	0.2886
chr1	837478	837479	3	0.1873
chr1	837503	837504	6	0.3244
chr1	837528	837529	5	0.3018
chr1	837568	837569	5	0.229
chr1	837583	837584	4	0.3471
chr1	837604	837605	3	0.3393
chr1	837635	837636	3	0.1797
chr1	837660	837661	7	0.1514
chr1	837706	837707	4	0.1683
chr1	837756	837757	2	0.1268
chr1	837781	837782	3	0.4468
chr1	837816	837817	5	0.2006
chr1	837839	837840	5	0.3875
chr1	837854	837855	4	0.1377
chr1	837871	837872	4	0.2065
chr1	837877	837878	5	0.1753
chr1	837977	837978	3	0.3402
chr1	838038	838039	4	0.248
chr1	838095	838096	6	0.4535
chr1	838195	838196	5	0.3279
chr1	838295	838296	3	0.2725
chr1	838311	838312	6	0.3289
chr1	838353	838354	6	0.2092
chr1	838386	838387	5	0.7218
chr1	838434	838435	4	0.7175
chr1	838484	838485	4	0.6568
chr1	838519	838520	3	0.7608
chr1	838549	838550	6	0.7566
chr1	838599	838600	4	0.7686
chr1	838620	838621	5	0.6549
chr1	838655	838656	7	0.6256
chr1	838696	838697	4	0.6101
chr1	838715	838716	5	0.6965
chr1	838733	838734	5	0.7346
chr1	838772	838773	4	0.8616
chr1	838801	838802	4	0.6521
chr1	838827	838828	5	0.7656
chr1	838842	838843	4	0.6806
chr1	838861	838862	3	0.7188
chr1	838880	838881	4	0.8145
chr1	838903	838904	4	0.7609
chr1	838928	838929	4	0.6818
chr1	838934	838935	3	0.8065
chr1	839020	839021	5	0.7441
chr1	839107	839108	3	0.7026
chr1	839193	839194	5	0.8736
chr1	839286	839287	5	0.8035
chr1	839336	839337	4	0.813
chr1	839392	839393	6	0.7593
chr1	839396	839397	4	0.8625
chr1	839415	839416	5	0.6671
chr1	839437	839438	5	0.5827
chr1	839484	839485	3	0.7331
chr1	839532	839533	4	0.6558
chr1	839558	839559	3	0.8053
chr1	839594	839595	6	0.6481
chr1	839616	839617	6	0.7455
chr1	839644	839645	3	0.7129
chr1	839670	839671	5	0.8445
chr1	839693	839694	4	0.7026
chr1	839717	839718	4	0.6749
chr1	839739	839740	5	0.7984
chr1	839765	839766	5	0.8562
chr1	839799	839800	4	0.6242
chr1	839833	839834	6	0.7034
chr1	839858	839859	5	0.7424
chr1	839901	839902	5	0.7538
chr1	839933	839934	5	0.8045
chr1	839946	839947	4	0.5478
chr1	840021	840022	4	0.5977
chr1	840121	840122	4	0.6042
chr1	840173	840174	5	0.7008
chr1	840273	840274	7	0.7019
chr1	840342	840343	6	0.836
chr1	840442	840443	4	0.6429
chr1	840520	840521	2	1.0
chr1	840561	840562	6	0.6265
chr1	840583	840584	5	0.507
chr1	840605	840606	4	0.6328
chr1	840646	840647	6	0.8211
chr1	840689	840690	4	0.7662
chr1	840715	840716	4	0.6496
chr1	840765	840766	4	0.7894
chr1	840815	840816	4	0.6596
chr1	840851	840852	5	0.6803
chr1	840891	840892	5	0.6995
chr1	840941	840942	4	0.7106
chr1	840956	840957	5	0.6718
chr1	841006	841007	5	0.6176
chr1	841013	841014	4	0.7849
chr1	841072	841073	4	0.5748
chr1	841149	841150	3	0.6501
chr1	841199	841200	5	0.6387
chr1	841285	841286	5	0.6097
chr1	841385	841386	5	0.5817
chr1	841435	841436	3	0.654
chr1	841495	841496	3	0.7928
chr1	841523	841524	4	0.9037
chr1	841556	841557	4	0.7569
chr1	841589	841590	4	0.6863
chr1	841611	841612	6	0.6515
chr1	841646	841647	5	0.8173
chr1	841674	841675	4	0.6594
chr1	841703	841704	5	0.7312
chr1	841720	841721	5	0.8458
chr1	841758	841759	3	0.8062
chr1	841795	841796	3	0.7744
chr1	841831	841832	6	0.8012
chr1	841861	841862	5	0.8518
chr1	841894	841895	2	0.87
chr1	841926	841927	5	0.804
chr1	841941	841942	5	0.7253
chr1	841962	841963	4	0.7335
chr1	842003	842004	3	0.7393
chr1	842022	842023	4	0.8218
chr1	842068	842069	3	0.6581
chr1	842118	842119	3	0.6489
chr1	842185	842186	6	0.7449
chr1	842235	842236	5	0.862
chr1	842335	842336	5	0.7477
chr1	842414	842415	3	0.8381
chr1	842514	842515	6	0.9137
chr1	842577	842578	4	0.8152
chr1	842601	842602	5	0.8474
chr1	842640	842641	6	0.06
chr1	842668	842669	5	0.1437
chr1	842683	842684	5	0.0462
chr1	842716	842717	3	0.1051
chr1	842737	842738	5	0.2482
chr1	842752	842753	5	0.1831
chr1	842789	842790	6	0.0865
chr1	842827	842828	3	0.1933
chr1	842842	842843	4	0.1744
chr1	842861	842862	4	0.1936
chr1	842911	842912	4	0.1045
chr1	842961	842962	5	0.0907
chr1	842984	842985	3	0.1288
chr1	843004	843005	5	0.1901
chr1	843054	843055	5	0.061
chr1	843069	843070	4	0.2648
chr1	843089	843090	5	0.2546
chr1	843094	843095	3	0.1388
chr1	843194	843195	3	0.2155
chr1	843294	843295	6	0.0722
chr1	843361	843362	3	0.1488
chr1	843451	843452	6	0.3341
chr1	843501	843502	5	0.1981
chr1	843543	843544	3	0.0228
chr1	843576	843577	4	0.3664
chr1	843626	843627	4	0.3633
chr1	843641	843642	4	0.0577
chr1	843676	843677	5	0.661
chr1	843710	843711	4	0.443
chr1	843760	843761	5	0.0715
chr1	843777	843778	5	0.1905
chr1	843817	843818	5	0.0
chr1	843835	843836	4	0.6082
chr1	843876	843877	4	0.5451
chr1	843914	843915	5	0.4389
chr1	843935	843936	3	0.3285
chr1	843959	843960	8	0.2208
chr1	844009	844010	4	0.3224
chr1	844045	844046	5	0.212
chr1	844063	844064	6	0.6686
chr1	844163	844164	3	0.1888
chr1	844213	844214	3	0.0
chr1	844313	844314	5	0.3204
chr1	844413	844414	3	0.5536
chr1	844475	844476	4	0.1353
chr1	844481	844482	5	0.3339
chr1	844509	844510	3	0.0
chr1	844520	844521	3	0.7077
chr1	844535	844536	3	0.6047
chr1	844585	844586	5	0.456
chr1	844606	844607	5	0.4452
chr1	844656	844657	7	0.5819
chr1	844706	844707	3	0.4609
chr1	844729	844730	5	0.6605
chr1	844771	844772	4	0.7239
chr1	844793	844794	5	0.5259
chr1	844819	844820	5	0.4382
chr1	844842	844843	4	0.5795
chr1	844884	844885	5	0.5978
chr1	844912	844913	5	0.5424
chr1	844962	844963	3	0.3878
chr1	844998	844999	6	0.5131
chr1	845019	845020	5	0.6111
chr1	845029	845030	6	0.4894
chr1	845129	845130	4	0.414
chr1	845194	845195	4	0.4934
chr1	845287	845288	4	0.5357
chr1	845341	845342	3	0.504
chr1	845391	845392	3	0.7372
chr1	845479	845480	3	0.6622
chr1	845515	845516	4	0.6577
chr1	845552	845553	4	0.6954
chr1	845583	845584	3	0.7308
chr1	845612	845613	5	0.8214
chr1	845644	845645	2	0.7668
chr1	845689	845690	5	0.7034
chr1	845720	845721	5	0.7315
chr1	845749	845750	5	0.8025
chr1	845799	845800	4	0.7223
chr1	845828	845829	3	0.7694
chr1	845848	845849	4	0.8003
chr1	845877	845878	4	0.7021
chr1	845892	845893	5	0.9399
chr1	845919	845920	4	0.6402
chr1	845941	845942	4	0.7501
chr1	845959	845960	3	0.8627
chr1	845992	845993	4	0.8592
chr1	846023	846024	4	0.809
chr1	846047	846048	4	0.7902
chr1	846070	846071	5	0.8251
chr1	846074	846075	5	0.8725
chr1	846174	846175	7	0.8707
chr1	846258	846259	4	0.6571
chr1	846355	846356	3	0.5844
chr1	846441	846442	3	0.8712
chr1	846523	846524	3	0.6749
chr1	846623	846624	3	0.9108
chr1	846632	846633	4	0.5866
chr1	846667	846668	3	0.6621
chr1	846697	846698	3	0.6975
chr1	846712	846713	6	0.4632
chr1	846744	846745	4	0.6291
chr1	846779	846780	5	0.5941
chr1	846807	846808	7	0.4465
chr1	846826	846827	4	0.4831
chr1	846841	846842	3	0.4544
chr1	846861	846862	4	0.4901
chr1	846896	846897	5	0.4603
chr1	846917	846918	5	0.4806
chr1	846944	846945	7	0.3851
chr1	846964	846965	3	0.4785
chr1	847014	847015	6	0.4925
chr1	847048	847049	4	0.4381
chr1	847077	847078	5	0.4905
chr1	847122	847123	5	0.6369
chr1	847145	847146	5	0.6446
chr1	847245	847246	4	0.5628
chr1	847326	847327	6	0.4979
chr1	847387	847388	3	0.4954
chr1	847437	847438	5	0.4076
chr1	847487	847488	5	0.4491
chr1	847586	847587	5	0.7587
chr1	847608	847609	2	0.7809
chr1	847676	847677	5	0.7903
chr1	847694	847695	4	0.7543
chr1	847708	847709	5	0.8121
chr1	847742	847743	5	0.7516
chr1	847870	847871	2	0.6308
chr1	847906	847907	4	0.696
chr1	847928	847929	4	0.5282
chr1	848000	848001	6	0.7155
chr1	848024	848025	5	0.7611
chr1	848073	848074	4	0.6347
chr1	848112	848113	5	0.7083
chr1	848147	848148	5	0.603
chr1	848169	848170	5	0.757
chr1	848194	848195	6	0.7033
chr1	848212	848213	5	0.8235
chr1	848262	848263	4	0.814
chr1	848289	848290	4	0.7044
chr1	848323	848324	3	0.8657
chr1	848373	848374	4	0.6949
chr1	848405	848406	3	0.7984
chr1	848421	848422	5	0.7336
chr1	848457	848458	4	0.8706
chr1	848475	848476	5	0.8721
chr1	848489	848490	3	0.7643
chr1	848589	848590	5	0.7022
chr1	848689	848690	5	0.781
chr1	848765	848766	4	0.789
chr1	848865	848866	3	0.5437
chr1	848899	848900	4	0.6707
chr1	848955	848956	4	0.8303
chr1	848990	848991	3	0.8553
chr1	849017	849018	7	0.8548
chr1	849046	849047	3	0.8119
chr1	849071	849072	4	0.6989
chr1	849086	849087	3	0.7901
chr1	849121	849122	4	0.6852
chr1	849147	849148	8	0.9899
chr1	849184	849185	4	0.9187
chr1	849212	849213	6	0.8636
chr1	849259	849260	5	0.7937
chr1	849309	849310	2	0.8044
chr1	849334	849335	3	0.7071
chr1	849349	849350	4	0.7727
chr1	849371	849372	6	0.5129
chr1	849386	849387	4	0.8077
chr1	849410	849411	4	0.7126
chr1	849439	849440	4	0.6864
chr1	849476	849477	5	0.5985
chr1	849491	849492	4	0.9465
chr1	849512	849513	5	0.8078
chr1	849557	849558	5	0.7814
chr1	849575	849576	5	0.8437
chr1	849625	849626	3	0.6897
chr1	849675	849676	4	0.7642
chr1	849775	849776	4	0.7204
chr1	849875	849876	4	0.6924
chr1	849959	849960	5	0.7578
chr1	850059	850060	5	0.7646
chr1	850159	850160	4	0.8071
chr1	850167	850168	4	0.8086
chr1	850185	850186	5	0.6585
chr1	850235	850236	5	0.7821
chr1	850254	850255	5	0.8053
chr1	850304	850305	5	0.7023
chr1	850346	850347	4	0.7605
chr1	850396	850397	6	0.8041
chr1	850446	850447	5	0.8459
chr1	850496	850497	6	0.8555
chr1	850526	850527	4	0.8076
chr1	850562	850563	4	0.9149
chr1	850612	850613	5	0.9139
chr1	850630	850631	5	0.774
chr1	850670	850671	5	0.7221
chr1	850692	850693	6	0.8525
chr1	850709	850710	5	0.9023
chr1	850796	850797	6	0.943
chr1	850891	850892	4	0.8408
chr1	850942	850943	5	0.8442
chr1	851030	851031	4	0.6973
chr1	851080	851081	5	0.948
chr1	851180	851181	2	0.8987
chr1	851280	851281	4	0.7923
chr1	851292	851293	6	0.108
chr1	851321	851322	3	0.062
chr1	851354	851355	7	0.0367
chr1	851374	851375	4	0.0091
chr1	851393	851394	2	0.0988
chr1	851428	851429	4	0.1963
chr1	851464	851465	6	0.1227
chr1	851479	851480	6	0.0522
chr1	851494	851495	4	0.0708
chr1	851513	851514	4	0.0
chr1	851545	851546	5	0.1654
chr1	851569	851570	5	0.1279
chr1	851606	851607	4	0.0525
chr1	851656	851657	5	0.2381
chr1	851692	851693	5	0.0988
chr1	851712	851713	3	0.2374
chr1	851743	851744	4	0.0942
chr1	851792	851793	4	0.0549
chr1	851816	851817	5	0.0548
chr1	851832	851833	4	0.0298
chr1	851841	851842	3	0.0
chr1	851941	851942	4	0.1994
chr1	852041	852042	4	0.1415
chr1	852113	852114	5	0.1348
chr1	852195	852196	4	0.084
chr1	852254	852255	5	0.1113
chr1	852304	852305	7	0.1917
chr1	852390	852391	4	0.0365
chr1	852399	852400	4	0.4427
chr1	852416	852417	4	0.5569
chr1	852455	852456	6	0.3694
chr1	852505	852506	5	0.5225
chr1	852524	852525	5	0.4892
chr1	852547	852548	3	0.4248
chr1	852576	852577	5	0.5248
chr1	852617	852618	4	0.448
chr1	852667	852668	5	0.4462
chr1	852682	852683	5	0.3223
chr1	852732	852733	3	0.4179
chr1	852782	852783	3	0.3035
chr1	852811	852812	4	0.3895
chr1	852840	852841	5	0.3994
chr1	852867	852868	4	0.3473
chr1	852902	852903	5	0.4693
chr1	852976	852977	4	0.5643
chr1	853065	853066	3	0.2958
chr1	853165	853166	4	0.4562
chr1	853265	853266	5	0.5229
chr1	853335	853336	5	0.5583
chr1	853403	853404	3	0.4944
chr1	853445	853446	4	0.8087
chr1	853545	853546	3	0.708
chr1	853593	853594	4	0.5946
chr1	853619	853620	4	0.655
chr1	853643	853644	7	0.838
chr1	853645	853646	5	0.6702
chr1	853675	853676	5	0.8432
chr1	853729	853730	4	0.835
chr1	853739	853740	4	0.9157
chr1	853835	853836	3	0.6275
chr1	853867	853868	4	0.6133
chr1	853902	853903	5	0.5598
chr1	853929	853930	5	0.8329
chr1	853979	853980	4	0.7903
chr1	854015	854016	5	0.7715
chr1	854037	854038	5	0.7379
chr1	854087	854088	5	0.5781
chr1	854125	854126	6	0.7481
chr1	854165	854166	2	0.6704
chr1	854210	854211	4	0.7661
chr1	854225	854226	3	0.6225
chr1	854240	854241	4	0.6703
chr1	854265	854266	5	0.8039
chr1	854308	854309	4	0.6798
chr1	854323	854324	5	0.6284
chr1	854373	854374	4	0.6772
chr1	854388	854389	4	0.6777
chr1	854417	854418	5	0.8266
chr1	854427	854428	4	0.7983
chr1	854480	854481	4	0.6549
chr1	854580	854581	3	0.7156
chr1	854680	854681	3	0.7119
chr1	854764	854765	4	0.7659
chr1	854838	854839	4	0.7567
chr1	854924	854925	5	0.9338
chr1	854938	854939	4	0.6539
chr1	854962	854963	5	1.0
chr1	854970	854971	4	0.6538
chr1	854993	854994	6	0.427
chr1	855012	855013	5	0.727
chr1	855036	855037	4	0.5916
chr1	855061	855062	4	0.4676
chr1	855093	855094	5	0.6254
chr1	855114	855115	3	0.6063
chr1	855129	855130	4	0.588
chr1	855144	855145	2	0.4993
chr1	855194	855195	5	0.5644
chr1	855224	855225	4	0.6629
chr1	855254	855255	5	0.489
chr1	855288	855289	4	0.5841
chr1	855336	855337	5	0.6077
chr1	855379	855380	4	0.6341
chr1	855414	855415	4	0.675
chr1	855445	855446	6	0.7338
chr1	855470	855471	4	0.5
chr1	855520	855521	4	0.6073
chr1	855620	855621	4	0.5243
chr1	855720	855721	5	0.5793
chr1	855820	855821	5	0.6605
chr1	855870	855871	5	0.5076
chr1	855924	855925	3	0.6236
chr1	855928	855929	4	0.9784
chr1	855934	855935	4	0.9518
chr1	856018	856019	4	0.7664
chr1	856100	856101	4	0.8665
chr1	856180	856181	5	0.7743
chr1	856208	856209	6	0.7732
chr1	856400	856401	3	0.9426
chr1	856408	856409	5	0.6204
chr1	856440	856441	5	0.6512
chr1	856469	856470	5	0.498
chr1	856519	856520	4	0.6029
chr1	856543	856544	5	0.5864
chr1	856588	856589	5	0.5781
chr1	856628	856629	5	0.5018
chr1	856678	856679	4	0.5984
chr1	856708	856709	3	0.4992
chr1	856723	856724	4	0.4697
chr1	856751	856752	3	0.5889
chr1	856786	856787	5	0.5981
chr1	856836	856837	4	0.5268
chr1	856859	856860	5	0.5747
chr1	856863	856864	4	0.4927
chr1	856963	856964	4	0.4795
chr1	857063	857064	6	0.7068
chr1	857139	857140	5	0.5219
chr1	857239	857240	4	0.4206
chr1	857307	857308	5	0.9197
chr1	857323	857324	4	0.8091
chr1	857405	857406	4	0.9582
chr1	857461	857462	6	0.8205
chr1	857669	857670	6	0.8448
chr1	857689	857690	3	1.0
chr1	857737	857738	5	0.6453
chr1	857757	857758	6	0.7401
chr1	857807	857808	6	0.6399
chr1	857837	857838	3	0.6516
chr1	857884	857885	3	0.5853
chr1	857913	857914	6	0.8144
chr1	857957	857958	5	0.757
chr1	858006	858007	6	0.7515
chr1	858056	858057	5	0.6823
chr1	858072	858073	5	0.7446
chr1	858110	858111	4	0.6592
chr1	858135	858136	5	0.7259
chr1	858151	858152	4	0.8016
chr1	858169	858170	4	0.5488
chr1	858219	858220	4	0.6751
chr1	858232	858233	6	0.634
chr1	858332	858333	5	0.6743
chr1	858432	858433	5	0.6618
chr1	858525	858526	3	0.9026
chr1	858625	858626	4	0.5613
chr1	858675	858676	6	0.7896
chr1	858709	858710	4	0.6301
chr1	858769	858770	6	0.7365
chr1	858777	858778	4	0.5855
chr1	858810	858811	5	0.4288
chr1	858842	858843	4	0.5407
chr1	858881	858882	6	0.4171
chr1	858907	858908	4	0.5636
chr1	858924	858925	3	0.4818
chr1	858950	858951	3	0.4883
chr1	858971	858972	6	0.4223
chr1	859001	859002	5	0.5278
chr1	859041	859042	3	0.5891
chr1	859056	859057	5	0.6387
chr1	859078	859079	4	0.5732
chr1	859110	859111	4	0.5584
chr1	859146	859147	3	0.6369
chr1	859163	859164	6	0.5161
chr1	859193	859194	3	0.6614
chr1	859241	859242	4	0.5818
chr1	859271	859272	4	0.5314
chr1	859371	859372	6	0.2729
chr1	859426	859427	5	0.3945
chr1	859495	859496	4	0.3646
chr1	859566	859567	4	0.5988
chr1	859616	859617	3	0.475
chr1	859716	859717	5	0.4558
chr1	859736	859737	4	0.8942
chr1	859864	859865	7	0.8804
chr1	859946	859947	3	0.7642
chr1	860040	860041	5	0.9252
chr1	860114	860115	4	0.7716
chr1	860132	860133	5	0.8159
chr1	860165	860166	2	0.1741
chr1	860189	860190	6	0.2735
chr1	860222	860223	6	0.2335
chr1	860260	860261	4	0.2071
chr1	860310	860311	4	0.0
chr1	860332	860333	7	0.1744
chr1	860374	860375	5	0.2328
chr1	860412	860413	5	0.1245
chr1	860443	860444	3	0.2476
chr1	860474	860475	3	0.1204
chr1	860513	860514	4	0.1581
chr1	860529	860530	4	0.0173
chr1	860573	860574	3	0.0221
chr1	860591	860592	5	0.0907
chr1	860612	860613	6	0.1276
chr1	860640	860641	4	0.086
chr1	860740	860741	5	0.1108
chr1	860840	860841	3	0.239
chr1	860923	860924	5	0.1966
chr1	860973	860974	5	0.001
chr1	861073	861074	4	0.1931
chr1	861093	861094	5	0.1243
chr1	861145	861146	5	0.1246
chr1	861166	861167	3	0.637
chr1	861216	861217	6	0.5674
chr1	861250	861251	4	0.8212
chr1	861267	861268	6	0.7014
chr1	861310	861311	6	0.6721
chr1	861336	861337	4	0.6071
chr1	861359	861360	6	0.5661
chr1	861397	861398	5	0.5786
chr1	861412	861413	3	0.5408
chr1	861462	861463	3	0.6894
chr1	861482	861483	6	0.5949
chr1	861506	861507	4	0.6504
chr1	861521	861522	5	0.588
chr1	861547	861548	5	0.6925
chr1	861577	861578	4	0.6664
chr1	861603	861604	4	0.6503
chr1	861630	861631	5	0.6698
chr1	861668	861669	6	0.6411
chr1	861694	861695	5	0.7816
chr1	861794	861795	6	0.573
chr1	861894	861895	4	0.6304
chr1	861994	861995	6	0.5124
chr1	862052	862053	4	0.7217
chr1	862122	862123	6	0.5608
chr1	862172	862173	5	0.5112
chr1	862270	862271	6	0.7387
chr1	862285	862286	4	0.7959
chr1	862307	862308	4	0.6093
chr1	862349	862350	5	0.4779
chr1	862399	862400	5	0.6942
chr1	862419	862420	5	0.8725
chr1	862440	862441	6	0.7722
chr1	862476	862477	6	0.6409
chr1	862513	862514	4	0.5381
chr1	862548	862549	5	0.4695
chr1	862583	862584	5	0.5526
chr1	862608	862609	4	0.5801
chr1	862658	862659	4	0.5884
chr1	862677	862678	4	0.4973
chr1	862715	862716	4	0.5175
chr1	862739	862740	4	0.7354
chr1	862779	862780	5	0.626
chr1	862794	862795	4	0.5739
chr1	862812	862813	4	0.692
chr1	862827	862828	4	0.5707
chr1	862852	862853	5	0.7802
chr1	862876	862877	4	0.6772
chr1	862955	862956	4	0.6974
chr1	863054	863055	3	0.734
chr1	863110	863111	5	0.6919
chr1	863208	863209	6	0.6134
chr1	863283	863284	4	0.6694
chr1	863383	863384	5	0.7387
chr1	863454	863455	5	0.7126
chr1	863466	863467	4	0.763
chr1	863480	863481	5	0.7011
chr1	863509	863510	5	0.1898
chr1	863542	863543	4	0.1257
chr1	863592	863593	5	0.1557
chr1	863611	863612	6	0.1171
chr1	863648	863649	5	0.286
chr1	863665	863666	1	0.3202
chr1	863705	863706	5	0.111
chr1	863724	863725	4	0.1566
chr1	863774	863775	6	0.1795
chr1	863807	863808	6	0.2297
chr1	863849	863850	6	0.1474
chr1	863866	863867	6	0.1461
chr1	863916	863917	4	0.2134
chr1	863931	863932	4	0.3003
chr1	863948	863949	5	0.3114
chr1	863962	863963	5	0.2217
chr1	864062	864063	5	0.1891
chr1	864162	864163	5	0.1263
chr1	864262	864263	4	0.1753
chr1	864362	864363	4	0.1621
chr1	864372	864373	3	0.1232
chr1	864428	864429	4	0.1762
chr1	864466	864467	5	0.5108
chr1	864516	864517	5	0.4565
chr1	864543	864544	5	0.6433
chr1	864576	864577	6	0.6201
chr1	864604	864605	4	0.587
chr1	864624	864625	5	0.5983
chr1	864641	864642	5	0.7558
chr1	864687	864688	2	0.5728
chr1	864731	864732	5	0.483
chr1	864746	864747	5	0.5007
chr1	864788	864789	8	0.6703
chr1	864838	864839	4	0.7112
chr1	864866	864867	2	0.5405
chr1	864896	864897	3	0.6301
chr1	864912	864913	6	0.5701
chr1	864962	864963	4	0.6862
chr1	864990	864991	3	0.6618
chr1	865000	865001	5	0.6517
chr1	865100	865101	3	0.4065
chr1	865150	865151	2	0.7446
chr1	865216	865217	5	0.8291
chr1	865298	865299	5	0.7873
chr1	865375	865376	5	0.6299
chr1	865432	865433	5	0.5498
chr1	865495	865496	5	0.7352
chr1	865559	865560	6	0.7043
chr1	865567	865568	6	0.6835
chr1	865582	865583	5	0.6402
chr1	865632	865633	4	0.5977
chr1	865660	865661	5	0.624
chr1	865709	865710	4	0.6883
chr1	865746	865747	6	0.8585
chr1	865761	865762	5	0.6706
chr1	865794	865795	5	0.684
chr1	865812	865813	7	0.6729
chr1	865862	865863	5	0.7142
chr1	865877	865878	3	0.7054
chr1	865893	865894	3	0.67
chr1	865913	865914	5	0.7373
chr1	865935	865936	4	0.6042
chr1	865957	865958	6	0.7517
chr1	866007	866008	4	0.7802
chr1	866031	866032	2	0.843
chr1	866058	866059	4	0.7495
chr1	866158	866159	5	0.6742
chr1	866258	866259	5	0.7405
chr1	866323	866324	6	0.8682
chr1	866373	866374	5	0.8199
chr1	866423	866424	5	0.8213
chr1	866523	866524	4	0.6719
chr1	866647	866648	5	0.8819
chr1	866687	866688	3	0.7953
chr1	866723	866724	4	0.7154
chr1	866735	866736	6	0.9135
chr1	866737	866738	6	0.586
chr1	866757	866758	4	0.909
chr1	866807	866808	6	0.9099
chr1	866911	866912	4	0.998
chr1	866989	866990	3	0.785
chr1	866993	866994	3	0.8512
chr1	867042	867043	5	0.688
chr1	867071	867072	5	0.876
chr1	867121	867122	4	0.8038
chr1	867170	867171	5	0.7065
chr1	867190	867191	4	0.6536
chr1	867240	867241	7	0.5677
chr1	867263	867264	5	0.7829
chr1	867313	867314	5	0.8161
chr1	867338	867339	4	0.8314
chr1	867358	867359	5	0.7247
chr1	867408	867409	5	0.7296
chr1	867432	867433	5	0.5154
chr1	867477	867478	3	0.7635
chr1	867503	867504	4	0.864
chr1	867583	867584	3	0.811
chr1	867683	867684	4	0.7707
chr1	867743	867744	6	0.85
chr1	867843	867844	4	0.6035
chr1	867904	867905	4	0.8956
chr1	867972	867973	4	0.8527
chr1	868019	868020	6	0.544
chr1	868045	868046	3	0.6278
chr1	868066	868067	4	0.6023
chr1	868089	868090	3	0.5176
chr1	868128	868129	5	0.7151
chr1	868155	868156	4	0.7765
chr1	868205	868206	5	0.4717
chr1	868252	868253	5	0.3774
chr1	868275	868276	5	0.7112
chr1	868297	868298	4	0.6979
chr1	868347	868348	4	0.5903
chr1	868385	868386	5	0.5681
chr1	868421	868422	5	0.6637
chr1	868454	868455	5	0.4794
chr1	868489	868490	5	0.4094
chr1	868534	868535	3	0.7188
chr1	868581	868582	5	0.5497
chr1	868588	868589	4	0.4932
chr1	868688	868689	6	0.5867
chr1	868738	868739	4	0.4526
chr1	868838	868839	3	0.6397
chr1	868888	868889	3	0.6438
chr1	868967	868968	3	0.5294
chr1	869067	869068	4	0.5718
chr1	869234	869235	3	0.6019
chr1	869241	869242	5	0.3731
chr1	869269	869270	6	0.5964
chr1	869288	869289	7	0.2568
chr1	869325	869326	6	0.4312
chr1	869370	869371	4	0.3192
chr1	869395	869396	5	0.5553
chr1	869423	869424	5	0.3695
chr1	869461	869462	5	0.3634
chr1	869487	869488	4	0.4412
chr1	869528	869529	4	0.4026
chr1	869545	869546	5	0.4209
chr1	869591	869592	5	0.5671
chr1	869641	869642	4	0.448
chr1	869666	869667	2	0.3041
chr1	869692	869693	5	0.4429
chr1	869722	869723	5	0.3826
chr1	869742	869743	5	0.3666
chr1	869804	869805	3	0.3754
chr1	869904	869905	6	0.5098
chr1	869964	869965	5	0.465
chr1	870064	870065	5	0.473
chr1	870153	870154	3	0.4987
chr1	870329	870330	4	0.1704
chr1	870377	870378	6	0.0702
chr1	870535	870536	5	0.3115
chr1	870547	870548	5	0.277
chr1	870645	870646	4	0.2605
chr1	870662	870663	5	0.7275
chr1	870700	870701	3	0.649
chr1	870715	870716	4	0.7977
chr1	870755	870756	5	0.7822
chr1	870782	870783	6	0.8042
chr1	870832	870833	4	0.9136
chr1	870862	870863	5	0.8256
chr1	870877	870878	5	0.8074
chr1	870919	870920	5	0.8466
chr1	870955	870956	5	0.8012
chr1	870997	870998	6	0.6035
chr1	871029	871030	4	0.8016
chr1	871079	871080	4	0.8425
chr1	871129	871130	5	0.7955
chr1	871179	871180	3	0.841
chr1	871209	871210	4	0.5403
chr1	871309	871310	5	0.8219
chr1	871409	871410	4	0.7344
chr1	871509	871510	3	0.5784
chr1	871567	871568	4	0.8109
chr1	871667	871668	4	0.5861
chr1	871719	871720	4	0.8742
chr1	871743	871744	6	0.9451
chr1	871772	871773	5	0.8969
chr1	871797	871798	5	0.8298
chr1	871812	871813	3	0.8445
chr1	871836	871837	3	0.7547
chr1	871859	871860	4	0.9368
chr1	871884	871885	5	0.8028
chr1	871916	871917	4	0.9829
chr1	871949	871950	5	0.8016
chr1	871981	871982	4	0.8158
chr1	872019	872020	2	0.9594
chr1	872041	872042	4	0.8786
chr1	872056	872057	4	0.912
chr1	872099	872100	4	0.8714
chr1	872125	872126	5	0.8653
chr1	872144	872145	6	0.8942
chr1	872241	872242	4	0.8979
chr1	872316	872317	4	0.8092
chr1	872416	872417	3	0.84
chr1	872516	872517	4	0.5968
chr1	872580	872581	5	0.9844
chr1	872604	872605	3	0.2314
chr1	872627	872628	6	0.1587
chr1	872648	872649	4	0.012
chr1	872671	872672	5	0.0702
chr1	872686	872687	4	0.0745
chr1	872736	872737	4	0.1607
chr1	872770	872771	5	0.2291
chr1	872786	872787	2	0.3643
chr1	872802	872803	5	0.1531
chr1	872832	872833	5	0.0985
chr1	872851	872852	5	0.1605
chr1	872871	872872	3	0.1136
chr1	872916	872917	4	0.1225
chr1	872931	872932	4	0.3079
chr1	872947	872948	5	0.1281
chr1	872966	872967	6	0.2994
chr1	872982	872983	6	0.0538
chr1	873048	873049	4	0.1404
chr1	873104	873105	5	0.1876
chr1	873204	873205	4	0.1797
chr1	873261	873262	4	0.0504
chr1	873354	873355	3	0.0066
chr1	873448	873449	7	0.0799
chr1	873472	873473	5	0.1201
chr1	873492	873493	3	0.0691
chr1	873542	873543	3	0.2463
chr1	873583	873584	4	0.1764
chr1	873608	873609	6	0.146
chr1	873651	873652	6	0.2187
chr1	873668	873669	3	0.1619
chr1	873684	873685	4	0.1471
chr1	873708	873709	5	0.1957
chr1	873729	873730	4	0.2171
chr1	873756	873757	5	0.2951
chr1	873793	873794	5	0.2756
chr1	873817	873818	5	0.1647
chr1	873858	873859	6	0.172
chr1	873878	873879	5	0.1003
chr1	873893	873894	3	0.1791
chr1	873900	873901	5	0.3178
chr1	874000	874001	6	0.0782
chr1	874050	874051	5	0.1313
chr1	874113	874114	4	0.0892
chr1	874213	874214	6	0.1462
chr1	874263	874264	4	0.1078
chr1	874319	874320	6	0.2369
chr1	874383	874384	5	0.0687
chr1	874399	874400	3	0.2085
chr1	874421	874422	3	0.1887
chr1	874448	874449	5	0.3104
chr1	874498	874499	5	0.2705
chr1	874534	874535	4	0.1632
chr1	874552	874553	6	0.0361
chr1	874576	874577	4	0.2413
chr1	874598	874599	5	0.0398
chr1	874632	874633	4	0.1627
chr1	874648	874649	4	0.233
chr1	874676	874677	3	0.2713
chr1	874726	874727	5	0.2471
chr1	874742	874743	3	0.221
chr1	874764	874765	3	0.2927
chr1	874779	874780	5	0.0875
chr1	874828	874829	5	0.1775
chr1	874843	874844	4	0.1075
chr1	874887	874888	3	0.1506
chr1	874916	874917	4	0.202
chr1	874944	874945	4	0.362
chr1	874960	874961	5	0.1443
chr1	875060	875061	6	0.2812
chr1	875160	875161	5	0.3077
chr1	875260	875261	6	0.1825
chr1	875360	875361	5	0.0556
chr1	875410	875411	5	0.2247
chr1	875510	875511	6	0.0332
chr1	875556	875557	5	0.187
chr1	875605	875606	4	0.234
chr1	875655	875656	3	0.4419
chr1	875705	875706	2	1.0
chr1	875755	875756	4	1.0
chr1	875771	875772	4	0.292
chr1	875797	875798	5	1.0
chr1	875826	875827	6	1.0
chr1	875870	875871	6	0.5734
chr1	875904	875905	3	0.9112
chr1	875941	875942	5	0.9399
chr1	875956	875957	3	0.76
chr1	876006	876007	5	0.298
chr1	876031	876032	3	0.9677
chr1	876067	876068	4	0.9419
chr1	876071	876072	5	1.0
chr1	876121	876122	6	0.8709
chr1	876221	876222	4	1.0
chr1	876321	876322	4	0.9501
chr1	876371	876372	5	0.998
chr1	876471	876472	5	0.9057
chr1	876503	876504	4	1.0
chr1	876546	876547	5	0.1094
chr1	876561	876562	4	0.2827
chr1	876576	876577	4	0.158
chr1	876623	876624	5	0.0675
chr1	876638	876639	5	0.2239
chr1	876653	876654	3	0.2353
chr1	876700	876701	6	0.0699
chr1	876729	876730	4	0.116
chr1	876764	876765	4	0.2602
chr1	876796	876797	4	0.1901
chr1	876846	876847	4	0.0435
chr1	876864	876865	4	0.1544
chr1	876904	876905	5	0.0902
chr1	876953	876954	4	0.0683
chr1	877003	877004	4	0.094
chr1	877053	877054	4	0.0361
chr1	877071	877072	4	0.1404
chr1	877171	877172	6	0.1757
chr1	877271	877272	5	0.0
chr1	877371	877372	5	0.0
chr1	877471	877472	6	0.0146
chr1	877545	877546	4	0.0973
chr1	877643	877644	4	0.1047
chr1	877649	877650	4	0.5605
chr1	877686	877687	5	0.57
chr1	877708	877709	5	0.4879
chr1	877723	877724	6	0.5573
chr1	877773	877774	5	0.561
chr1	877808	877809	5	0.597
chr1	877847	877848	4	0.4954
chr1	877897	877898	5	0.4678
chr1	877947	877948	5	0.6026
chr1	877974	877975	4	0.5114
chr1	878003	878004	4	0.5626
chr1	878036	878037	6	0.5418
chr1	878071	878072	6	0.5145
chr1	878090	878091	3	0.3977
chr1	878131	878132	3	0.7199
chr1	878160	878161	5	0.5365
chr1	878203	878204	4	0.611
chr1	878303	878304	5	0.5188
chr1	878403	878404	6	0.5767
chr1	878456	878457	6	0.4941
chr1	878529	878530	5	0.6397
chr1	878604	878605	3	0.6841
chr1	878704	878705	4	0.6304
chr1	878734	878735	4	0.8966
chr1	878770	878771	4	0.7639
chr1	878774	878775	4	0.6543
chr1	878852	878853	4	0.6643
chr1	878886	878887	6	0.8675
chr1	878978	878979	5	0.8752
chr1	879016	879017	5	0.848
chr1	879162	879163	3	0.8219
chr1	879194	879195	4	0.659
chr1	879241	879242	5	0.7686
chr1	879271	879272	5	0.6962
chr1	879321	879322	6	0.93
chr1	879340	879341	4	0.7247
chr1	879369	879370	6	0.7063
chr1	879388	879389	6	0.7081
chr1	879422	879423	6	0.674
chr1	879457	879458	5	0.7418
chr1	879482	879483	6	0.8168
chr1	879502	879503	6	0.6882
chr1	879552	879553	6	0.7519
chr1	879575	879576	3	0.9251
chr1	879613	879614	4	0.7118
chr1	879660	879661	5	0.8576
chr1	879709	879710	3	0.6585
chr1	879745	879746	3	0.5773
chr1	879845	879846	4	0.9187
chr1	879895	879896	4	0.7294
chr1	879995	879996	5	0.756
chr1	880045	880046	5	0.6939
chr1	880145	880146	2	0.8383
chr1	880195	880196	4	0.5926
chr1	880273	880274	4	0.8156
chr1	880305	880306	4	0.7023
chr1	880327	880328	6	0.8317
chr1	880352	880353	4	0.7953
chr1	880367	880368	3	0.6516
chr1	880391	880392	4	0.6364
chr1	880411	880412	4	0.7137
chr1	880437	880438	5	0.6525
chr1	880487	880488	5	0.7966
chr1	880517	880518	4	0.7162
chr1	880553	880554	5	0.6273
chr1	880589	880590	3	0.8945
chr1	880613	880614	5	0.8211
chr1	880654	880655	4	0.7402
chr1	880678	880679	5	0.4597
chr1	880706	880707	3	0.7952
chr1	880747	880748	4	0.6005
chr1	880772	880773	3	0.7094
chr1	880794	880795	7	0.727
chr1	880861	880862	4	0.678
chr1	880919	880920	4	0.8161
chr1	881019	881020	6	0.6409
chr1	881091	881092	5	0.9144
chr1	881166	881167	4	0.7287
chr1	881224	881225	5	0.9045
chr1	881274	881275	5	0.7711
chr1	881352	881353	2	0.9041
chr1	881366	881367	5	0.9038
chr1	881416	881417	3	0.6246
chr1	881463	881464	5	0.6192
chr1	881503	881504	3	0.7446
chr1	881530	881531	4	0.5769
chr1	881545	881546	4	0.6598
chr1	881565	881566	3	0.6937
chr1	881595	881596	5	0.6188
chr1	881645	881646	3	0.7358
chr1	881666	881667	6	0.6794
chr1	881693	881694	6	0.7734
chr1	881708	881709	5	0.7829
chr1	881745	881746	3	0.5226
chr1	881778	881779	3	0.571
chr1	881828	881829	4	0.6233
chr1	881858	881859	5	0.6135
chr1	881902	881903	5	0.725
chr1	881966	881967	5	0.6334
chr1	882021	882022	5	0.4947
chr1	882121	882122	6	0.5989
chr1	882171	882172	3	0.6961
chr1	882271	882272	4	0.7067
chr1	882321	882322	4	0.6656
chr1	882384	882385	5	0.6656
chr1	882416	882417	4	0.6561
chr1	882450	882451	5	0.5664
chr1	882471	882472	3	0.266
chr1	882501	882502	5	0.4924
chr1	882543	882544	4	0.4516
chr1	882558	882559	3	0.2332
chr1	882608	882609	5	0.4796
chr1	882637	882638	4	0.2763
chr1	882676	882677	4	0.2713
chr1	882704	882705	5	0.2327
chr1	882746	882747	4	0.4563
chr1	882779	882780	6	0.4019
chr1	882800	882801	4	0.0771
chr1	882819	882820	3	0.0
chr1	882837	882838	3	0.0483
chr1	882868	882869	5	0.3802
chr1	882903	882904	5	0.5157
chr1	882928	882929	3	0.4116
chr1	882945	882946	5	0.0211
chr1	882987	882988	5	0.1399
chr1	883012	883013	4	0.1571
chr1	883101	883102	4	0.419
chr1	883177	883178	4	0.4027
chr1	883277	883278	4	0.1149
chr1	883377	883378	5	0.1042
chr1	883477	883478	5	0.287
chr1	883527	883528	3	0.5535
chr1	883580	883581	4	0.2993
chr1	883602	883603	4	0.4449
chr1	883610	883611	4	0.6068
chr1	883660	883661	6	0.7337
chr1	883683	883684	6	0.6317
chr1	883720	883721	7	0.5554
chr1	883765	883766	3	0.5651
chr1	883800	883801	3	0.671
chr1	883833	883834	5	0.6758
chr1	883868	883869	3	0.555
chr1	883918	883919	5	0.6485
chr1	883962	883963	4	0.5369
chr1	883985	883986	4	0.615
chr1	884026	884027	4	0.622
chr1	884041	884042	6	0.7052
chr1	884074	884075	4	0.7077
chr1	884089	884090	6	0.6445
chr1	884104	884105	5	0.7319
chr1	884118	884119	6	0.5702
chr1	884218	884219	6	0.6312
chr1	884289	884290	6	0.7395
chr1	884368	884369	5	0.4767
chr1	884468	884469	5	0.5902
chr1	884568	884569	4	0.5139
chr1	884618	884619	4	0.6783
chr1	884926	884927	3	0.974
chr1	884928	884929	5	0.814
chr1	884944	884945	5	0.7848
chr1	884986	884987	6	0.8968
chr1	885064	885065	4	0.679
chr1	885078	885079	4	0.8614
chr1	885111	885112	4	0.6745
chr1	885154	885155	3	0.7656
chr1	885193	885194	3	0.845
chr1	885223	885224	5	0.6726
chr1	885273	885274	5	0.9336
chr1	885309	885310	5	0.7062
chr1	885333	885334	5	0.6206
chr1	885369	885370	6	0.6692
chr1	885391	885392	4	0.7923
chr1	885441	885442	4	0.8639
chr1	885470	885471	4	0.7731
chr1	885491	885492	4	0.8289
chr1	885524	885525	5	0.7767
chr1	885536	885537	4	0.8343
chr1	885636	885637	4	0.8908
chr1	885736	885737	5	0.7536
chr1	885786	885787	4	0.8522
chr1	885836	885837	4	0.8322
chr1	885906	885907	3	0.7663
chr1	886006	886007	5	0.7484
chr1	886052	886053	4	0.8377
chr1	886067	886068	4	0.7817
chr1	886083	886084	4	0.8205
chr1	886114	886115	4	0.9021
chr1	886150	886151	5	0.8204
chr1	886200	886201	4	0.8655
chr1	886221	886222	4	0.8151
chr1	886246	886247	7	0.7946
chr1	886267	886268	4	0.8675
chr1	886292	886293	6	0.8329
chr1	886323	886324	4	0.7487
chr1	886353	886354	5	0.9068
chr1	886381	886382	3	0.7553
chr1	886405	886406	4	0.8943
chr1	886425	886426	6	0.6741
chr1	886461	886462	4	0.7219
chr1	886488	886489	4	0.7756
chr1	886515	886516	4	0.7444
chr1	886527	886528	4	0.7448
chr1	886627	886628	4	0.5478
chr1	886707	886708	4	0.8808
chr1	886757	886758	3	0.6967
chr1	886857	886858	4	0.7855
chr1	886907	886908	6	0.9166
chr1	886972	886973	6	0.8137
chr1	887006	887007	5	0.8319
chr1	887040	887041	6	0.6751
chr1	887069	887070	4	0.6781
chr1	887084	887085	4	1.0
chr1	887099	887100	6	0.828
chr1	887120	887121	4	1.0
chr1	887150	887151	6	0.8729
chr1	887193	887194	6	0.9396
chr1	887211	887212	6	0.8808
chr1	887237	887238	6	0.8867
chr1	887280	887281	5	0.9182
chr1	887300	887301	5	0.7837
chr1	887326	887327	3	0.7892
chr1	887356	887357	4	0.6664
chr1	887406	887407	5	0.6877
chr1	887431	887432	5	0.8557
chr1	887468	887469	5	0.9507
chr1	887518	887519	7	0.9149
chr1	887542	887543	6	0.82
chr1	887593	887594	3	0.8815
chr1	887681	887682	4	0.7417
chr1	887781	887782	4	0.9077
chr1	887879	887880	4	0.9203
chr1	887979	887980	5	0.759
chr1	888067	888068	4	1.0
chr1	888091	888092	4	0.9661
chr1	888124	888125	6	0.9061
chr1	888167	888168	5	0.8098
chr1	888208	888209	4	0.7453
chr1	888258	888259	6	0.8102
chr1	888273	888274	5	0.8531
chr1	888323	888324	3	0.6248
chr1	888355	888356	5	0.6929
chr1	888382	888383	3	0.8222
chr1	888432	888433	4	0.8423
chr1	888451	888452	3	0.8788
chr1	888466	888467	4	0.8116
chr1	888485	888486	3	0.938
chr1	888508	888509	5	0.761
chr1	888608	888609	5	0.6649
chr1	888684	888685	5	0.7406
chr1	888774	888775	5	0.9118
chr1	888840	888841	5	0.8408
chr1	888915	888916	4	0.7915
chr1	888925	888926	3	0.9265
chr1	888964	888965	4	0.8571
chr1	889014	889015	5	0.8116
chr1	889038	889039	4	0.7531
chr1	889084	889085	3	0.7851
chr1	889100	889101	5	0.6799
chr1	889124	889125	4	0.7852
chr1	889166	889167	5	0.7398
chr1	889207	889208	4	0.8533
chr1	889257	889258	5	0.7223
chr1	889278	889279	5	0.7098
chr1	889293	889294	6	0.6721
chr1	889335	889336	2	0.6133
chr1	889368	889369	5	0.6261
chr1	889408	889409	4	0.7789
chr1	889508	889509	2	0.6386
chr1	889558	889559	4	0.7191
chr1	889658	889659	4	0.5573
chr1	889758	889759	3	0.632
chr1	889843	889844	4	0.6866
chr1	889921	889922	4	0.6578
chr1	889929	889930	5	0.7824
chr1	889939	889940	5	0.2408
chr1	889989	889990	5	0.3075
chr1	890013	890014	6	0.3368
chr1	890063	890064	5	0.472
chr1	890089	890090	4	0.221
chr1	890104	890105	5	0.3037
chr1	890120	890121	4	0.1916
chr1	890135	890136	4	0.1484
chr1	890170	890171	7	0.337
chr1	890200	890201	5	0.3088
chr1	890234	890235	4	0.4644
chr1	890253	890254	3	0.2606
chr1	890278	890279	7	0.3138
chr1	890310	890311	3	0.4543
chr1	890360	890361	3	0.2387
chr1	890387	890388	5	0.1773
chr1	890412	890413	4	0.3295
chr1	890440	890441	5	0.2464
chr1	890466	890467	5	0.2639
chr1	890481	890482	4	0.3364
chr1	890581	890582	4	0.34
chr1	890653	890654	4	0.282
chr1	890715	890716	4	0.3375
chr1	890815	890816	4	0.3578
chr1	890867	890868	4	0.1639
chr1	890967	890968	3	0.3023
chr1	890991	890992	4	0.0232
chr1	891013	891014	4	0.079
chr1	891085	891086	5	0.2066
chr1	891101	891102	4	0.1185
chr1	891249	891250	4	0.0937
chr1	891271	891272	5	0.2044
chr1	891287	891288	5	0.2389
chr1	891335	891336	4	0.113
chr1	891349	891350	5	0.0942
chr1	891357	891358	5	0.0804
chr1	891378	891379	5	0.6973
chr1	891402	891403	5	0.4579
chr1	891423	891424	5	0.5944
chr1	891460	891461	4	0.5769
chr1	891480	891481	5	0.679
chr1	891495	891496	4	0.4763
chr1	891525	891526	3	0.545
chr1	891567	891568	4	0.4
chr1	891587	891588	3	0.5944
chr1	891605	891606	4	0.4964
chr1	891643	891644	6	0.6443
chr1	891673	891674	5	0.6374
chr1	891722	891723	6	0.6288
chr1	891806	891807	5	0.536
chr1	891856	891857	4	0.6063
chr1	891906	891907	3	0.5098
chr1	892006	892007	4	0.6548
chr1	892014	892015	3	0.5992
chr1	892024	892025	5	0.6937
chr1	892067	892068	4	0.3016
chr1	892084	892085	6	0.2541
chr1	892105	892106	5	0.1214
chr1	892143	892144	5	0.133
chr1	892174	892175	5	0.2097
chr1	892218	892219	6	0.2038
chr1	892246	892247	5	0.1196
chr1	892296	892297	5	0.214
chr1	892339	892340	4	0.3707
chr1	892358	892359	5	0.201
chr1	892393	892394	4	0.1565
chr1	892430	892431	7	0.1827
chr1	892456	892457	5	0.2112
chr1	892489	892490	4	0.2169
chr1	892521	892522	2	0.4245
chr1	892569	892570	5	0.108
chr1	892585	892586	5	0.1736
chr1	892635	892636	5	0.3009
chr1	892728	892729	5	0.3717
chr1	892785	892786	5	0.2046
chr1	892885	892886	4	0.3136
chr1	892985	892986	3	0.1596
chr1	893085	893086	5	0.3132
chr1	893167	893168	5	0.1298
chr1	893216	893217	4	0.6936
chr1	893234	893235	3	0.6391
chr1	893279	893280	3	0.9922
chr1	893327	893328	3	0.8292
chr1	893370	893371	5	0.8351
chr1	893412	893413	5	0.8095
chr1	893462	893463	3	0.8537
chr1	893487	893488	6	0.6959
chr1	893527	893528	3	0.8046
chr1	893557	893558	3	0.9174
chr1	893578	893579	4	0.8914
chr1	893623	893624	6	0.6602
chr1	893642	893643	6	0.7556
chr1	893674	893675	6	0.7319
chr1	893708	893709	3	0.6207
chr1	893733	893734	5	0.6716
chr1	893751	893752	3	0.8122
chr1	893828	893829	6	0.8544
chr1	893928	893929	5	0.835
chr1	894028	894029	7	0.8612
chr1	894128	894129	5	0.7723
chr1	894228	894229	5	0.795
chr1	894278	894279	6	0.913
chr1	894326	894327	3	0.8216
chr1	894362	894363	4	0.9159
chr1	894407	894408	6	0.9077
chr1	894457	894458	4	0.7842
chr1	894472	894473	4	0.716
chr1	894522	894523	4	0.9309
chr1	894541	894542	4	0.8789
chr1	894561	894562	4	0.7149
chr1	894599	894600	6	0.8991
chr1	894614	894615	3	0.6861
chr1	894636	894637	5	0.7699
chr1	894665	894666	4	0.7596
chr1	894709	894710	5	0.8149
chr1	894736	894737	4	0.5433
chr1	894769	894770	3	0.8945
chr1	894784	894785	4	0.7864
chr1	894834	894835	5	0.7557
chr1	894866	894867	3	0.8107
chr1	894887	894888	5	0.7911
chr1	894908	894909	4	0.8325
chr1	894936	894937	5	0.748
chr1	894949	894950	4	0.851
chr1	894999	895000	5	0.8425
chr1	895069	895070	3	0.7807
chr1	895157	895158	5	0.8021
chr1	895222	895223	4	0.6637
chr1	895322	895323	4	0.8283
chr1	895413	895414	5	0.7983
chr1	895415	895416	3	0.8806
chr1	895465	895466	4	0.8698
chr1	895489	895490	6	0.8088
chr1	895518	895519	4	0.8329
chr1	895533	895534	4	0.8798
chr1	895556	895557	5	0.8615
chr1	895581	895582	4	0.8765
chr1	895600	895601	5	0.8689
chr1	895627	895628	5	1.0
chr1	895671	895672	3	0.7297
chr1	895686	895687	3	0.9084
chr1	895707	895708	5	0.9915
chr1	895757	895758	4	0.8788
chr1	895807	895808	3	0.8072
chr1	895841	895842	5	0.7817
chr1	895878	895879	7	0.8782
chr1	895920	895921	6	0.8401
chr1	895922	895923	5	0.9081
chr1	895983	895984	5	0.933
chr1	896083	896084	4	0.8107
chr1	896133	896134	6	1.0
chr1	896233	896234	7	0.68
chr1	896307	896308	5	0.8941
chr1	896368	896369	4	1.0
chr1	896410	896411	5	0.9528
chr1	896428	896429	4	0.153
chr1	896465	896466	4	0.224
chr1	896488	896489	5	0.1475
chr1	896511	896512	6	0.1545
chr1	896536	896537	4	0.1339
chr1	896563	896564	1	0.0424
chr1	896610	896611	5	0.1552
chr1	896646	896647	7	0.1894
chr1	896673	896674	3	0.2306
chr1	896723	896724	4	0.2655
chr1	896755	896756	4	0.0829
chr1	896775	896776	4	0.125
chr1	896825	896826	4	0.2008
chr1	896868	896869	4	0.1405
chr1	896905	896906	5	0.0826
chr1	896918	896919	4	0.0727
chr1	896968	896969	5	0.1528
chr1	897068	897069	4	0.1751
chr1	897168	897169	2	0.1442
chr1	897268	897269	6	0.1941
chr1	897361	897362	5	0.1362
chr1	897421	897422	5	0.0378
chr1	897448	897449	3	0.6644
chr1	897470	897471	5	1.0
chr1	897510	897511	6	0.2957
chr1	897533	897534	6	0.2957
chr1	897581	897582	3	0.157
chr1	897596	897597	5	0.3235
chr1	897614	897615	5	0.162
chr1	897664	897665	5	0.8302
chr1	897708	897709	4	0.188
chr1	897733	897734	5	0.807
chr1	897760	897761	4	0.163
chr1	897777	897778	5	0.7619
chr1	897810	897811	5	0.349
chr1	897828	897829	4	0.6549
chr1	897871	897872	4	0.4165
chr1	897897	897898	5	0.9138
chr1	897915	897916	4	0.3729
chr1	897933	897934	5	0.3184
chr1	897950	897951	4	0.7126
chr1	898032	898033	4	0.855
chr1	898095	898096	3	0.5909
chr1	898185	898186	4	0.5151
chr1	898264	898265	5	0.7879
chr1	898332	898333	3	0.3328
chr1	898382	898383	5	0.4889
chr1	898390	898391	6	1.0
chr1	898400	898401	4	0.6476
chr1	898438	898439	5	0.8242
chr1	898461	898462	3	0.6971
chr1	898492	898493	5	0.645
chr1	898542	898543	4	0.6974
chr1	898557	898558	5	0.6553
chr1	898573	898574	4	0.6819
chr1	898590	898591	2	0.8014
chr1	898605	898606	3	0.7164
chr1	898628	898629	3	0.7366
chr1	898650	898651	4	0.8596
chr1	898692	898693	3	0.5487
chr1	898742	898743	5	0.8377
chr1	898789	898790	6	0.8517
chr1	898817	898818	3	0.6501
chr1	898864	898865	4	0.7144
chr1	898891	898892	3	0.7055
chr1	898924	898925	5	0.653
chr1	899024	899025	5	0.6149
chr1	899074	899075	4	0.6167
chr1	899174	899175	5	0.8405
chr1	899254	899255	5	0.6737
chr1	899354	899355	3	0.7349
chr1	899436	899437	2	0.6719
chr1	899502	899503	4	1.0
chr1	899526	899527	5	0.5152
chr1	899570	899571	4	0.2761
chr1	899611	899612	6	0.2489
chr1	899652	899653	4	0.305
chr1	899682	899683	5	0.2205
chr1	899704	899705	4	0.3835
chr1	899742	899743	5	0.2317
chr1	899757	899758	5	0.2687
chr1	899777	899778	5	0.1955
chr1	899811	899812	5	0.2589
chr1	899854	899855	5	0.3138
chr1	899893	899894	4	0.3092
chr1	899934	899935	6	0.0048
chr1	899956	899957	5	0.3518
chr1	899995	899996	4	0.0408
chr1	900021	900022	4	0.2588
chr1	900061	900062	4	0.2011
chr1	900080	900081	5	0.222
chr1	900180	900181	6	0.1089
chr1	900277	900278	5	0.1938
chr1	900377	900378	2	0.0912
chr1	900430	900431	5	0.0489
chr1	900484	900485	5	0.2916
chr1	900538	900539	2	0.3064
chr1	900588	900589	5	0.0236
chr1	900632	900633	4	0.0758
chr1	900641	900642	5	0.2965
chr1	900684	900685	4	0.5291
chr1	900734	900735	4	0.582
chr1	900758	900759	4	0.5872
chr1	900773	900774	6	0.4562
chr1	900813	900814	6	0.5555
chr1	900859	900860	5	0.4757
chr1	900909	900910	3	0.4302
chr1	900925	900926	4	0.5452
chr1	900975	900976	4	0.5294
chr1	901012	901013	4	0.2589
chr1	901035	901036	4	0.5151
chr1	901055	901056	5	0.3721
chr1	901075	901076	5	0.3134
chr1	901099	901100	3	0.5139
chr1	901117	901118	4	0.4989
chr1	901125	901126	4	0.4034
chr1	901225	901226	5	0.3976
chr1	901286	901287	3	0.4342
chr1	901386	901387	3	0.4309
chr1	901436	901437	4	0.4981
chr1	901536	901537	6	0.4896
chr1	901586	901587	6	0.5525
chr1	901588	901589	7	0.7128
chr1	901614	901615	3	0.8281
chr1	901786	901787	4	1.0
chr1	901864	901865	4	0.7322
chr1	902004	902005	3	0.8573
chr1	902076	902077	5	0.7817
chr1	902084	902085	4	0.3399
chr1	902134	902135	5	0.326
chr1	902153	902154	6	0.4794
chr1	902170	902171	5	0.3999
chr1	902191	902192	6	0.3077
chr1	902235	902236	4	0.3197
chr1	902270	902271	4	0.3536
chr1	902291	902292	5	0.2442
chr1	902310	902311	5	0.2476
chr1	902336	902337	4	0.3205
chr1	902363	902364	4	0.3325
chr1	902390	902391	5	0.4219
chr1	902417	902418	5	0.2513
chr1	902467	902468	3	0.3458
chr1	902498	902499	4	0.388
chr1	902515	902516	5	0.2944
chr1	902534	902535	4	0.2699
chr1	902583	902584	3	0.312
chr1	902597	902598	6	0.2638
chr1	902681	902682	5	0.2841
chr1	902781	902782	3	0.3336
chr1	902850	902851	3	0.3464
chr1	902950	902951	5	0.2568
chr1	903035	903036	6	0.3762
chr1	903059	903060	4	0.0
chr1	903123	903124	6	0.0
chr1	903137	903138	5	0.0647
chr1	903185	903186	5	0.2162
chr1	903261	903262	5	0.0252
chr1	903289	903290	5	0.0216
chr1	903331	903332	3	0.1165
chr1	903411	903412	5	0.1984
chr1	903469	903470	4	0.0792
chr1	903488	903489	3	0.5895
chr1	903515	903516	4	0.5348
chr1	903530	903531	3	0.7727
chr1	903551	903552	4	0.7005
chr1	903578	903579	3	0.655
chr1	903606	903607	5	0.6978
chr1	903634	903635	5	0.6723
chr1	903684	903685	3	0.7028
chr1	903701	903702	4	0.6445
chr1	903739	903740	3	0.6683
chr1	903789	903790	5	0.7329
chr1	903826	903827	4	0.6584
chr1	903857	903858	4	0.6676
chr1	903898	903899	4	0.6752
chr1	903913	903914	3	0.7304
chr1	903945	903946	5	0.6896
chr1	903972	903973	4	0.6257
chr1	904005	904006	6	0.5914
chr1	904034	904035	7	0.6991
chr1	904069	904070	5	0.6783
chr1	904092	904093	5	0.7393
chr1	904139	904140	5	0.5632
chr1	904239	904240	5	0.6737
chr1	904336	904337	5	0.7112
chr1	904436	904437	6	0.6117
chr1	904510	904511	4	0.7276
chr1	904610	904611	4	0.7509
chr1	904710	904711	2	0.6855
chr1	904780	904781	5	0.7553
chr1	904820	904821	4	0.6879
chr1	904825	904826	5	0.6699
chr1	904840	904841	4	0.6314
chr1	904855	904856	6	0.5102
chr1	904870	904871	3	0.755
chr1	904885	904886	5	0.6398
chr1	904908	904909	3	0.6209
chr1	904948	904949	5	0.6864
chr1	904973	904974	3	0.687
chr1	904990	904991	4	0.672
chr1	905026	905027	6	0.6918
chr1	905076	905077	4	0.5823
chr1	905118	905119	5	0.6703
chr1	905138	905139	4	0.6452
chr1	905187	905188	4	0.5696
chr1	905209	905210	3	0.658
chr1	905259	905260	5	0.759
chr1	905274	905275	5	0.528
chr1	905300	905301	6	0.6057
chr1	905321	905322	6	0.7464
chr1	905411	905412	5	0.6442
chr1	905461	905462	4	0.4955
chr1	905511	905512	7	0.5417
chr1	905598	905599	5	0.7528
chr1	905698	905699	5	0.6317
chr1	905798	905799	5	0.6424
chr1	905886	905887	5	0.8294
chr1	905900	905901	3	0.8587
chr1	906026	906027	4	0.8525
chr1	906062	906063	4	0.7726
chr1	906088	906089	3	0.762
chr1	906154	906155	3	0.893
chr1	906182	906183	3	0.8745
chr1	906194	906195	4	0.9167
chr1	906216	906217	4	0.6003
chr1	906252	906253	6	0.797
chr1	906283	906284	3	0.808
chr1	906319	906320	3	0.762
chr1	906335	906336	4	0.7112
chr1	906363	906364	4	0.7454
chr1	906379	906380	4	0.6883
chr1	906406	906407	5	0.772
chr1	906454	906455	5	0.5659
chr1	906480	906481	5	0.6773
chr1	906496	906497	5	0.8585
chr1	906546	906547	3	0.7729
chr1	906565	906566	4	0.8375
chr1	906597	906598	5	0.8862
chr1	906615	906616	4	0.8492
chr1	906635	906636	6	0.7269
chr1	906652	906653	3	0.7167
chr1	906674	906675	4	0.7121
chr1	906696	906697	3	0.6342
chr1	906734	906735	5	0.7732
chr1	906737	906738	5	0.7392
chr1	906837	906838	3	0.8781
chr1	906937	906938	5	0.9013
chr1	907037	907038	7	0.7274
chr1	907137	907138	4	0.7863
chr1	907151	907152	6	1.0
chr1	907191	907192	6	0.4926
chr1	907221	907222	3	0.6628
chr1	907244	907245	5	0.7013
chr1	907259	907260	4	0.6838
chr1	907281	907282	3	0.7583
chr1	907327	907328	5	0.6894
chr1	907357	907358	2	0.4781
chr1	907407	907408	6	0.641
chr1	907457	907458	6	0.7208
chr1	907496	907497	3	0.6748
chr1	907529	907530	4	0.7515
chr1	907575	907576	5	0.7217
chr1	907600	907601	4	0.7106
chr1	907617	907618	4	0.7541
chr1	907662	907663	5	0.7656
chr1	907762	907763	4	0.8521
chr1	907812	907813	5	0.6911
chr1	907912	907913	5	0.7404
chr1	908012	908013	3	0.7392
chr1	908090	908091	4	0.7006
chr1	908098	908099	4	0.7029
chr1	908124	908125	4	0.0
chr1	908174	908175	6	0.1883
chr1	908189	908190	5	0.024
chr1	908207	908208	5	0.1406
chr1	908257	908258	4	0.1077
chr1	908289	908290	5	0.1275
chr1	908318	908319	5	0.0448
chr1	908350	908351	6	0.0
chr1	908376	908377	5	0.1013
chr1	908399	908400	4	0.1856
chr1	908416	908417	5	0.1705
chr1	908451	908452	4	0.0
chr1	908485	908486	5	0.1249
chr1	908517	908518	5	0.0
chr1	908538	908539	4	0.1465
chr1	908583	908584	4	0.0994
chr1	908611	908612	5	0.2136
chr1	908644	908645	5	0.1167
chr1	908677	908678	5	0.0534
chr1	908727	908728	5	0.1646
chr1	908827	908828	5	0.0615
chr1	908885	908886	7	0.0123
chr1	908953	908954	3	0.0316
chr1	909007	909008	4	0.0
chr1	909065	909066	5	0.0
chr1	909137	909138	4	0.0859
chr1	909223	909224	3	0.2146
chr1	909231	909232	4	0.0258
chr1	909264	909265	5	0.8305
chr1	909285	909286	4	0.7971
chr1	909332	909333	4	0.8
chr1	909347	909348	4	0.9366
chr1	909376	909377	4	0.8795
chr1	909422	909423	4	0.8831
chr1	909437	909438	5	0.9456
chr1	909478	909479	3	0.9158
chr1	909496	909497	4	0.8209
chr1	909521	909522	3	0.746
chr1	909544	909545	4	0.9062
chr1	909586	909587	3	0.8836
chr1	909605	909606	5	0.7316
chr1	909620	909621	4	0.8491
chr1	909647	909648	6	0.7593
chr1	909662	909663	5	0.9751
chr1	909677	909678	6	0.8112
chr1	909700	909701	5	0.8786
chr1	909746	909747	4	0.9903
chr1	909754	909755	4	0.7997
chr1	909813	909814	5	0.8969
chr1	909913	909914	4	0.864
chr1	909963	909964	4	0.9683
chr1	910053	910054	4	0.9259
chr1	910115	910116	7	0.8921
chr1	910215	910216	4	0.8074
chr1	910313	910314	4	0.9325
chr1	910361	910362	2	0.5728
chr1	910397	910398	6	0.6128
chr1	910428	910429	4	0.7669
chr1	910478	910479	5	0.6335
chr1	910528	910529	6	0.6062
chr1	910546	910547	5	0.7027
chr1	910561	910562	3	0.5268
chr1	910577	910578	2	0.6379
chr1	910597	910598	5	0.7624
chr1	910612	910613	4	0.7424
chr1	910637	910638	5	0.7449
chr1	910669	910670	5	0.8984
chr1	910719	910720	4	0.7264
chr1	910769	910770	4	0.7314
chr1	910784	910785	4	0.6175
chr1	910818	910819	4	0.8356
chr1	910833	910834	4	0.7189
chr1	910844	910845	6	0.7296
chr1	910894	910895	5	0.6381
chr1	910967	910968	3	0.6707
chr1	911017	911018	2	0.7382
chr1	911117	911118	4	0.682
chr1	911217	911218	4	0.7352
chr1	911297	911298	6	0.6485
chr1	911373	911374	4	0.7421
chr1	911389	911390	3	0.7936
chr1	911404	911405	4	0.7244
chr1	911439	911440	3	0.8498
chr1	911478	911479	4	0.815
chr1	911518	911519	4	0.8295
chr1	911548	911549	5	0.8554
chr1	911575	911576	4	0.7606
chr1	911596	911597	6	0.5977
chr1	911616	911617	4	0.6826
chr1	911636	911637	3	0.804
chr1	911651	911652	6	0.7979
chr1	911678	911679	5	0.7846
chr1	911697	911698	4	0.7189
chr1	911729	911730	5	0.7459
chr1	911744	911745	4	0.8263
chr1	911791	911792	5	0.6335
chr1	911837	911838	6	0.5258
chr1	911851	911852	3	0.613
chr1	911919	911920	5	0.8996
chr1	911985	911986	5	0.7687
chr1	912035	912036	3	0.6839
chr1	912132	912133	4	0.7582
chr1	912232	912233	4	0.7595
chr1	912282	912283	4	0.7721
chr1	912302	912303	2	0.7489
chr1	912364	912365	4	0.8486
chr1	912412	912413	5	0.6477
chr1	912434	912435	1	0.5492
chr1	912484	912485	5	0.5357
chr1	912499	912500	4	0.4537
chr1	912539	912540	4	0.5637
chr1	912585	912586	4	0.5043
chr1	912619	912620	4	0.7185
chr1	912655	912656	6	0.7799
chr1	912705	912706	5	0.52
chr1	912729	912730	4	0.6744
chr1	912746	912747	4	0.5889
chr1	912767	912768	4	0.6816
chr1	912797	912798	3	0.5626
chr1	912828	912829	5	0.5455
chr1	912928	912929	3	0.5952
chr1	913028	913029	4	0.6376
chr1	913128	913129	7	0.4994
chr1	913228	913229	5	0.608
chr1	913284	913285	5	0.7819
chr1	913292	913293	4	0.3194
chr1	913309	913310	5	0.3672
chr1	913336	913337	6	0.2461
chr1	913386	913387	4	0.2084
chr1	913436	913437	5	0.4261
chr1	913474	913475	4	0.2519
chr1	913524	913525	5	0.3567
chr1	913562	913563	4	0.2899
chr1	913577	913578	6	0.365
chr1	913595	913596	5	0.3018
chr1	913618	913619	6	0.3427
chr1	913647	913648	4	0.243
chr1	913669	913670	5	0.1441
chr1	913693	913694	5	0.1902
chr1	913710	913711	4	0.3077
chr1	913760	913761	6	0.3233
chr1	913780	913781	4	0.3044
chr1	913811	913812	4	0.2744
chr1	913840	913841	5	0.1422
chr1	913858	913859	4	0.1908
chr1	913958	913959	3	0.3764
chr1	914042	914043	4	0.1908
chr1	914142	914143	5	0.304
chr1	914242	914243	4	0.155
chr1	914342	914343	4	0.2982
chr1	914360	914361	4	0.1021
chr1	914430	914431	2	0.0763
chr1	914438	914439	5	0.014
chr1	914446	914447	5	0.0071
chr1	914540	914541	3	0.1765
chr1	914616	914617	3	0.1478
chr1	914624	914625	4	0.2223
chr1	914734	914735	3	0.1759
chr1	914756	914757	5	0.034
chr1	914773	914774	6	0.8651
chr1	914811	914812	5	0.8743
chr1	914856	914857	6	0.7121
chr1	914887	914888	5	0.7701
chr1	914902	914903	7	0.8338
chr1	914923	914924	4	0.8448
chr1	914946	914947	3	0.7277
chr1	914994	914995	6	0.903
chr1	915019	915020	3	0.7124
chr1	915049	915050	5	0.817
chr1	915087	915088	4	0.779
chr1	915137	915138	4	0.6192
chr1	915167	915168	4	0.8137
chr1	915196	915197	5	0.7386
chr1	915242	915243	7	0.7122
chr1	915283	915284	6	0.7671
chr1	915383	915384	5	0.6361
chr1	915483	915484	5	0.7738
chr1	915547	915548	5	0.7517
chr1	915647	915648	2	0.9078
chr1	915747	915748	6	0.6947
chr1	915769	915770	4	0.7624
chr1	915817	915818	4	0.8488
chr1	915825	915826	6	0.454
chr1	915858	915859	3	0.672
chr1	915876	915877	5	0.6873
chr1	915918	915919	5	0.6327
chr1	915950	915951	5	0.5445
chr1	915971	915972	3	0.4586
chr1	916015	916016	4	0.4596
chr1	916040	916041	3	0.3108
chr1	916080	916081	5	0.5344
chr1	916095	916096	2	0.5885
chr1	916126	916127	3	0.6636
chr1	916172	916173	3	0.4851
chr1	916190	916191	5	0.4621
chr1	916227	916228	5	0.3493
chr1	916277	916278	6	0.4217
chr1	916298	916299	4	0.5261
chr1	916301	916302	5	0.3081
chr1	916401	916402	6	0.5438
chr1	916498	916499	5	0.6316
chr1	916598	916599	4	0.5388
chr1	916683	916684	4	0.5459
chr1	916770	916771	5	0.4561
chr1	916884	916885	5	0.6091
chr1	916890	916891	5	0.919
chr1	917014	917015	4	0.707
chr1	917120	917121	4	0.7702
chr1	917124	917125	4	0.7495
chr1	917138	917139	4	0.5908
chr1	917264	917265	5	0.7428
chr1	917313	917314	3	0.1346
chr1	917353	917354	6	0.2757
chr1	917381	917382	5	0.1737
chr1	917406	917407	4	0.2114
chr1	917429	917430	5	0.3041
chr1	917475	917476	5	0.276
chr1	917523	917524	5	0.271
chr1	917571	917572	5	0.2072
chr1	917618	917619	5	0.1222
chr1	917664	917665	3	0.2509
chr1	917708	917709	4	0.1645
chr1	917731	917732	4	0.3264
chr1	917747	917748	4	0.245
chr1	917771	917772	3	0.1588
chr1	917791	917792	4	0.2736
chr1	917850	917851	6	0.1515
chr1	917950	917951	4	0.2171
chr1	918000	918001	3	0.2674
chr1	918100	918101	5	0.3043
chr1	918200	918201	4	0.0517
chr1	918232	918233	4	0.1671
chr1	918294	918295	3	0.0687
chr1	918310	918311	3	0.8923
chr1	918328	918329	3	0.6642
chr1	918377	918378	5	0.7638
chr1	918426	918427	4	0.8539
chr1	918441	918442	4	0.8192
chr1	918473	918474	4	0.6558
chr1	918498	918499	4	0.7026
chr1	918513	918514	5	0.7214
chr1	918563	918564	6	0.8443
chr1	918589	918590	5	0.8591
chr1	918604	918605	4	0.8712
chr1	918635	918636	7	0.7651
chr1	918653	918654	5	0.8496
chr1	918668	918669	4	0.6632
chr1	918690	918691	5	0.6935
chr1	918714	918715	5	0.7471
chr1	918729	918730	5	0.606
chr1	918756	918757	3	0.8327
chr1	918806	918807	4	0.6728
chr1	918906	918907	6	0.7839
chr1	919006	919007	3	0.8222
chr1	919106	919107	4	0.6594
chr1	919112	919113	4	0.8597
chr1	919136	919137	6	0.6348
chr1	919156	919157	7	0.6314
chr1	919174	919175	5	0.6895
chr1	919195	919196	5	0.6209
chr1	919245	919246	6	0.5874
chr1	919264	919265	6	0.5855
chr1	919279	919280	5	0.7335
chr1	919324	919325	5	0.629
chr1	919374	919375	4	0.6346
chr1	919408	919409	4	0.6307
chr1	919446	919447	5	0.5208
chr1	919461	919462	6	0.5432
chr1	919505	919506	4	0.5426
chr1	919541	919542	7	0.7319
chr1	919575	919576	5	0.5014
chr1	919619	919620	4	0.5253
chr1	919634	919635	4	0.6852
chr1	919671	919672	7	0.6823
chr1	919771	919772	5	0.6991
chr1	919871	919872	4	0.6435
chr1	919971	919972	3	0.6369
chr1	920071	920072	6	0.4593
chr1	920171	920172	5	0.6927
chr1	920205	920206	3	0.7949
chr1	920217	920218	5	0.5748
chr1	920236	920237	5	0.4721
chr1	920265	920266	6	0.1778
chr1	920315	920316	4	0.1125
chr1	920330	920331	4	0.2696
chr1	920359	920360	3	0.4405
chr1	920409	920410	4	0.5555
chr1	920447	920448	3	0.478
chr1	920497	920498	4	0.2287
chr1	920520	920521	3	0.4921
chr1	920541	920542	2	0.1287
chr1	920560	920561	5	0.4714
chr1	920577	920578	5	0.1939
chr1	920592	920593	4	0.2249
chr1	920614	920615	4	0.2629
chr1	920664	920665	5	0.402
chr1	920688	920689	4	0.439
chr1	920732	920733	7	0.2121
chr1	920821	920822	3	0.505
chr1	920887	920888	5	0.4885
chr1	920961	920962	5	0.275
chr1	921016	921017	5	0.0603
chr1	921116	921117	4	0.305
chr1	921210	921211	4	0.2086
chr1	921320	921321	3	0.049
chr1	921345	921346	5	0.6218
chr1	921385	921386	5	0.6904
chr1	921414	921415	3	0.5309
chr1	921433	921434	3	0.5751
chr1	921459	921460	3	0.6819
chr1	921484	921485	5	0.6965
chr1	921513	921514	5	0.7658
chr1	921555	921556	4	0.7455
chr1	921570	921571	4	0.7204
chr1	921608	921609	5	0.6456
chr1	921641	921642	5	0.6781
chr1	921682	921683	5	0.6652
chr1	921697	921698	4	0.548
chr1	921717	921718	4	0.4889
chr1	921732	921733	3	0.5119
chr1	921766	921767	5	0.8551
chr1	921794	921795	3	0.5515
chr1	921817	921818	6	0.5981
chr1	921867	921868	4	0.7704
chr1	921880	921881	4	0.653
chr1	921962	921963	6	0.7425
chr1	922012	922013	5	0.6468
chr1	922070	922071	5	0.8235
chr1	922170	922171	5	0.523
chr1	922220	922221	4	0.5292
chr1	922297	922298	2	0.6641
chr1	922349	922350	4	0.4941
chr1	922367	922368	5	0.7465
chr1	922399	922400	5	0.8742
chr1	922449	922450	4	0.9066
chr1	922475	922476	5	0.9211
chr1	922502	922503	4	0.8547
chr1	922523	922524	7	0.961
chr1	922553	922554	4	0.7221
chr1	922598	922599	4	1.0
chr1	922625	922626	4	0.8733
chr1	922659	922660	5	0.9031
chr1	922688	922689	4	0.8601
chr1	922738	922739	3	0.8197
chr1	922753	922754	4	0.8227
chr1	922782	922783	4	0.805
chr1	922832	922833	5	0.8785
chr1	922877	922878	4	0.815
chr1	922894	922895	3	0.8468
chr1	922931	922932	3	0.9249
chr1	922974	922975	5	0.9102
chr1	922982	922983	5	0.786
chr1	923044	923045	2	0.9639
chr1	923094	923095	3	0.8341
chr1	923151	923152	3	0.7747
chr1	923201	923202	3	0.7625
chr1	923301	923302	3	0.919
chr1	923387	923388	3	0.786
chr1	923487	923488	7	0.8504
chr1	923537	923538	3	0.9297
chr1	923583	923584	5	0.3097
chr1	923610	923611	6	0.2226
chr1	923634	923635	5	0.2162
chr1	923654	923655	3	0.0667
chr1	923678	923679	4	0.2663
chr1	923726	923727	5	0.2953
chr1	923745	923746	4	0.2887
chr1	923768	923769	5	0.27
chr1	923804	923805	3	0.2942
chr1	923832	923833	6	0.4367
chr1	923852	923853	4	0.1216
chr1	923902	923903	5	0.2524
chr1	923921	923922	7	0.4233
chr1	923951	923952	5	0.2931
chr1	923978	923979	3	0.3891
chr1	923993	923994	5	0.242
chr1	924043	924044	4	0.2051
chr1	924045	924046	4	0.3436
chr1	924132	924133	3	0.355
chr1	924182	924183	6	0.2462
chr1	924282	924283	5	0.2144
chr1	924382	924383	5	0.3231
chr1	924463	924464	5	0.4173
chr1	924481	924482	3	0.3907
chr1	924521	924522	5	0.2962
chr1	924553	924554	4	0.1324
chr1	924603	924604	3	0.1666
chr1	924620	924621	5	0.0545
chr1	924644	924645	4	0.1313
chr1	924669	924670	4	0.0316
chr1	924693	924694	6	0.0689
chr1	924736	924737	6	0.082
chr1	924761	924762	5	0.0717
chr1	924781	924782	5	0.1878
chr1	924827	924828	3	0.2644
chr1	924852	924853	8	0.1083
chr1	924867	924868	6	0.1234
chr1	924882	924883	3	0.2279
chr1	924908	924909	4	0.0215
chr1	924958	924959	5	0.2487
chr1	924980	924981	3	0.185
chr1	925036	925037	6	0.1113
chr1	925136	925137	4	0.216
chr1	925228	925229	3	0.1642
chr1	925303	925304	4	0.1345
chr1	925385	925386	6	0.1163
chr1	925401	925402	3	0.0807
chr1	925435	925436	4	0.0596
chr1	925465	925466	6	1.0
chr1	925506	925507	3	0.8308
chr1	925554	925555	4	0.7469
chr1	925584	925585	4	0.9706
chr1	925612	925613	3	0.9454
chr1	925634	925635	3	0.8426
chr1	925663	925664	5	0.7944
chr1	925710	925711	6	0.9135
chr1	925725	925726	5	0.9546
chr1	925746	925747	4	0.8589
chr1	925776	925777	5	0.8408
chr1	925826	925827	6	0.7386
chr1	925852	925853	4	0.6803
chr1	925874	925875	6	0.6844
chr1	925891	925892	5	0.8881
chr1	925906	925907	4	0.8136
chr1	925945	925946	3	0.7836
chr1	925967	925968	6	0.735
chr1	926043	926044	4	0.8587
chr1	926113	926114	5	0.9762
chr1	926188	926189	6	0.8999
chr1	926252	926253	3	0.8029
chr1	926352	926353	4	0.6979
chr1	926452	926453	5	0.7834
chr1	926514	926515	6	0.9424
chr1	926524	926525	4	0.5963
chr1	926570	926571	6	0.5037
chr1	926593	926594	5	0.5365
chr1	926639	926640	5	0.5479
chr1	926689	926690	4	0.4522
chr1	926720	926721	5	0.5775
chr1	926770	926771	6	0.6251
chr1	926814	926815	6	0.5474
chr1	926849	926850	4	0.5298
chr1	926869	926870	5	0.5322
chr1	926919	926920	4	0.6502
chr1	926953	926954	6	0.5573
chr1	927003	927004	5	0.6592
chr1	927004	927005	5	0.4533
chr1	927054	927055	3	0.3852
chr1	927154	927155	6	0.5429
chr1	927254	927255	4	0.418
chr1	927354	927355	6	0.4378
chr1	927404	927405	5	0.5304
chr1	927406	927407	4	0.8207
chr1	927448	927449	4	1.0
chr1	927502	927503	5	0.9314
chr1	927590	927591	4	0.9712
chr1	927592	927593	5	0.7421
chr1	927656	927657	5	0.654
chr1	927674	927675	5	0.7747
chr1	927816	927817	6	0.9047
chr1	927840	927841	4	0.6887
chr1	927878	927879	4	0.8457
chr1	927922	927923	4	0.837
chr1	927940	927941	4	0.7826
chr1	927955	927956	5	0.7892
chr1	927970	927971	4	0.7601
chr1	927992	927993	4	0.605
chr1	928042	928043	5	0.8302
chr1	928066	928067	6	0.9395
chr1	928088	928089	6	0.8982
chr1	928124	928125	6	0.9526
chr1	928163	928164	4	0.9615
chr1	928178	928179	4	0.6975
chr1	928217	928218	5	0.8251
chr1	928232	928233	4	0.8834
chr1	928257	928258	6	0.844
chr1	928272	928273	4	0.6594
chr1	928322	928323	6	0.757
chr1	928349	928350	4	0.9735
chr1	928372	928373	5	0.8627
chr1	928435	928436	3	0.7371
chr1	928507	928508	4	0.8048
chr1	928607	928608	3	0.8809
chr1	928706	928707	4	0.7426
chr1	928770	928771	4	0.6391
chr1	928780	928781	5	0.9133
chr1	928850	928851	4	0.743
chr1	928887	928888	4	0.9526
chr1	928909	928910	6	0.623
chr1	928929	928930	3	0.8639
chr1	928954	928955	4	0.9495
chr1	929004	929005	5	0.7686
chr1	929024	929025	5	0.7609
chr1	929053	929054	5	0.7745
chr1	929073	929074	6	0.8129
chr1	929108	929109	5	0.8695
chr1	929158	929159	5	0.9488
chr1	929196	929197	5	0.7215
chr1	929246	929247	3	0.8215
chr1	929264	929265	6	0.7829
chr1	929302	929303	5	0.8761
chr1	929317	929318	5	0.652
chr1	929335	929336	4	0.8635
chr1	929341	929342	4	0.7107
chr1	929420	929421	7	0.8737
chr1	929471	929472	5	0.8998
chr1	929557	929558	5	0.8998
chr1	929640	929641	6	0.9588
chr1	929740	929741	3	0.7166
chr1	929802	929803	4	0.7707
chr1	929826	929827	4	0.8741
chr1	929876	929877	6	0.7457
chr1	929897	929898	4	0.9267
chr1	929947	929948	3	0.9291
chr1	929983	929984	4	0.9995
chr1	930005	930006	4	0.8635
chr1	930042	930043	5	0.8126
chr1	930065	930066	4	0.6685
chr1	930083	930084	4	0.7291
chr1	930098	930099	4	0.8806
chr1	930113	930114	6	0.9331
chr1	930130	930131	4	0.9354
chr1	930163	930164	4	0.757
chr1	930179	930180	6	0.8909
chr1	930212	930213	5	0.682
chr1	930243	930244	5	0.6742
chr1	930259	930260	4	0.7841
chr1	930279	930280	5	0.8834
chr1	930310	930311	4	0.8694
chr1	930341	930342	3	0.7792
chr1	930374	930375	4	0.8046
chr1	930463	930464	5	0.8021
chr1	930563	930564	5	0.8264
chr1	930663	930664	5	0.7711
chr1	930763	930764	3	0.5973
chr1	930863	930864	7	0.7429
chr1	930909	930910	4	0.8646
chr1	930936	930937	5	0.5643
chr1	930961	930962	5	0.2606
chr1	930983	930984	3	0.7491
chr1	931000	931001	4	0.4016
chr1	931030	931031	6	0.4182
chr1	931045	931046	4	0.7019
chr1	931063	931064	4	0.5444
chr1	931095	931096	4	0.2426
chr1	931115	931116	4	0.7271
chr1	931158	931159	5	0.8305
chr1	931206	931207	4	0.8635
chr1	931234	931235	4	0.6037
chr1	931258	931259	5	0.614
chr1	931292	931293	4	0.6794
chr1	931392	931393	5	0.4598
chr1	931492	931493	4	0.6966
chr1	931592	931593	4	0.5476
chr1	931645	931646	6	0.58
chr1	931696	931697	4	0.584
chr1	931736	931737	6	0.6807
chr1	931759	931760	4	0.7015
chr1	931798	931799	5	0.7585
chr1	931829	931830	4	0.7447
chr1	931879	931880	7	0.7386
chr1	931899	931900	5	0.7767
chr1	931923	931924	4	0.5304
chr1	931946	931947	5	0.7587
chr1	931996	931997	5	0.6962
chr1	932011	932012	4	0.7331
chr1	932045	932046	5	0.5406
chr1	932060	932061	4	0.8026
chr1	932076	932077	3	0.6835
chr1	932123	932124	4	0.65
chr1	932156	932157	5	0.7524
chr1	932185	932186	6	0.6549
chr1	932217	932218	4	0.8573
chr1	932311	932312	4	0.6819
chr1	932411	932412	5	0.7692
chr1	932495	932496	3	0.6018
chr1	932545	932546	4	0.6177
chr1	932639	932640	3	0.6951
chr1	932675	932676	4	0.6339
chr1	932707	932708	6	0.8844
chr1	932713	932714	4	0.8602
chr1	932755	932756	4	0.6641
chr1	932787	932788	2	0.7316
chr1	932837	932838	4	0.6306
chr1	932865	932866	4	0.7832
chr1	932882	932883	4	0.5399
chr1	932910	932911	4	0.579
chr1	932925	932926	7	0.5886
chr1	932954	932955	6	0.5846
chr1	932975	932976	5	0.5339
chr1	932990	932991	4	0.5183
chr1	933034	933035	5	0.7611
chr1	933061	933062	5	0.4807
chr1	933076	933077	5	0.7229
chr1	933091	933092	3	0.8026
chr1	933136	933137	4	0.6734
chr1	933177	933178	6	0.7737
chr1	933277	933278	6	0.7534
chr1	933367	933368	2	0.8491
chr1	933418	933419	4	0.6943
chr1	933518	933519	4	0.8156
chr1	933618	933619	3	0.9007
chr1	933656	933657	3	0.9201
chr1	933672	933673	3	0.9005
chr1	933842	933843	4	0.8419
chr1	933948	933949	3	0.855
chr1	934038	934039	2	0.8174
chr1	934044	934045	4	0.7664
chr1	934052	934053	4	0.7439
chr1	934064	934065	4	0.7276
chr1	934070	934071	4	0.9038
chr1	934108	934109	4	0.8175
chr1	934128	934129	5	0.167
chr1	934174	934175	3	0.1588
chr1	934222	934223	5	0.2808
chr1	934270	934271	4	0.2997
chr1	934320	934321	5	0.228
chr1	934339	934340	4	0.2152
chr1	934381	934382	4	0.0927
chr1	934406	934407	4	0.1942
chr1	934430	934431	4	0.1443
chr1	934480	934481	3	0.2393
chr1	934509	934510	4	0.1363
chr1	934544	934545	6	0.1583
chr1	934564	934565	5	0.2631
chr1	934580	934581	5	0.2061
chr1	934597	934598	3	0.2168
chr1	934616	934617	4	0.1281
chr1	934666	934667	5	0.267
chr1	934766	934767	5	0.0886
chr1	934822	934823	5	0.1636
chr1	934922	934923	5	0.3039
chr1	935022	935023	5	0.2002
chr1	935038	935039	7	0.2494
chr1	935112	935113	6	0.1175
chr1	935157	935158	5	0.0932
chr1	935188	935189	5	0.0645
chr1	935203	935204	4	0.1164
chr1	935230	935231	4	0.2288
chr1	935252	935253	5	0.1182
chr1	935273	935274	5	0.0246
chr1	935305	935306	4	0.2034
chr1	935332	935333	4	0.1135
chr1	935382	935383	5	0.1714
chr1	935407	935408	4	0.0329
chr1	935443	935444	5	0.0654
chr1	935464	935465	3	0.1702
chr1	935504	935505	4	0.178
chr1	935554	935555	4	0.088
chr1	935570	935571	4	0.08
chr1	935608	935609	4	0.0048
chr1	935615	935616	4	0.0827
chr1	935715	935716	4	0.0825
chr1	935805	935806	5	0.132
chr1	935859	935860	4	0.1704
chr1	935959	935960	5	0.2253
chr1	936036	936037	5	0.2673
chr1	936100	936101	4	0.1226
chr1	936108	936109	6	0.2048
chr1	936130	936131	4	0.7796
chr1	936154	936155	5	0.7605
chr1	936186	936187	6	0.7497
chr1	936207	936208	4	0.8482
chr1	936246	936247	4	0.8492
chr1	936261	936262	6	0.884
chr1	936301	936302	4	0.8994
chr1	936351	936352	4	0.8514
chr1	936401	936402	6	0.7701
chr1	936416	936417	4	0.8766
chr1	936466	936467	4	0.8817
chr1	936490	936491	5	0.9793
chr1	936505	936506	5	0.803
chr1	936542	936543	4	0.8933
chr1	936571	936572	5	0.7655
chr1	936591	936592	3	0.8841
chr1	936641	936642	5	0.7867
chr1	936656	936657	4	0.9077
chr1	936687	936688	3	0.7986
chr1	936689	936690	4	0.8857
chr1	936756	936757	5	0.9777
chr1	936806	936807	5	0.7491
chr1	936906	936907	3	0.8655
chr1	936956	936957	3	0.8021
chr1	937025	937026	5	0.8208
chr1	937101	937102	4	0.7468
chr1	937201	937202	4	0.8406
chr1	937229	937230	3	0.7475
chr1	937233	937234	3	0.9248
chr1	937238	937239	3	0.2815
chr1	937274	937275	5	0.1627
chr1	937292	937293	4	0.1009
chr1	937324	937325	3	0.2632
chr1	937347	937348	3	0.344
chr1	937381	937382	3	0.2941
chr1	937405	937406	4	0.2678
chr1	937440	937441	5	0.225
chr1	937465	937466	5	0.342
chr1	937501	937502	4	0.3423
chr1	937551	937552	4	0.3125
chr1	937577	937578	4	0.2744
chr1	937627	937628	3	0.2677
chr1	937653	937654	4	0.3422
chr1	937668	937669	6	0.1093
chr1	937683	937684	4	0.2199
chr1	937694	937695	6	0.3116
chr1	937756	937757	4	0.2808
chr1	937856	937857	5	0.09
chr1	937919	937920	5	0.0687
chr1	938019	938020	5	0.0108
chr1	938069	938070	4	0.1252
chr1	938177	938178	5	0.1261
chr1	938235	938236	4	0.1091
chr1	938275	938276	3	0.2131
chr1	938445	938446	5	0.2432
chr1	938487	938488	4	0.1425
chr1	938507	938508	4	0.2925
chr1	938548	938549	6	0.7183
chr1	938571	938572	5	0.8688
chr1	938621	938622	4	0.961
chr1	938636	938637	5	0.9746
chr1	938661	938662	3	0.7137
chr1	938682	938683	4	0.9982
chr1	938721	938722	6	0.7549
chr1	938771	938772	5	0.9186
chr1	938788	938789	2	0.8422
chr1	938810	938811	4	0.8213
chr1	938825	938826	4	0.9076
chr1	938875	938876	5	0.88
chr1	938919	938920	4	0.9422
chr1	938969	938970	5	0.7932
chr1	938994	938995	5	0.8657
chr1	939009	939010	5	0.9958
chr1	939012	939013	5	0.872
chr1	939088	939089	4	0.7919
chr1	939188	939189	5	0.7321
chr1	939288	939289	5	0.8839
chr1	939388	939389	7	0.8772
chr1	939443	939444	4	0.7236
chr1	939523	939524	4	0.9079
chr1	939562	939563	5	0.6708
chr1	939578	939579	6	0.6674
chr1	939593	939594	5	0.6916
chr1	939643	939644	5	0.782
chr1	939683	939684	3	0.7851
chr1	939718	939719	5	0.6204
chr1	939747	939748	5	0.7563
chr1	939797	939798	5	0.8292
chr1	939815	939816	5	0.7107
chr1	939850	939851	5	0.7922
chr1	939880	939881	5	0.7089
chr1	939900	939901	6	0.5842
chr1	939922	939923	4	0.6421
chr1	939972	939973	5	0.7427
chr1	939980	939981	4	0.7797
chr1	940030	940031	4	0.7956
chr1	940102	940103	6	0.7975
chr1	940202	940203	4	0.7675
chr1	940283	940284	4	0.5361
chr1	940383	940384	4	0.6979
chr1	940427	940428	5	0.6803
chr1	940446	940447	5	0.6982
chr1	940470	940471	5	0.7746
chr1	940488	940489	4	0.812
chr1	940516	940517	5	0.7575
chr1	940537	940538	6	0.7014
chr1	940565	940566	5	0.6939
chr1	940615	940616	4	0.873
chr1	940644	940645	4	0.6526
chr1	940665	940666	2	0.651
chr1	940691	940692	2	0.7948
chr1	940708	940709	4	0.7777
chr1	940728	940729	4	0.7195
chr1	940767	940768	4	0.6911
chr1	940817	940818	5	0.661
chr1	940860	940861	5	0.6644
chr1	940875	940876	6	0.8242
chr1	940896	940897	5	0.6398
chr1	940922	940923	5	0.7193
chr1	940937	940938	4	0.6816
chr1	940966	940967	4	0.6546
chr1	941037	941038	3	0.7091
chr1	941137	941138	7	0.852
chr1	941197	941198	7	0.8234
chr1	941297	941298	4	0.8324
chr1	941347	941348	5	0.8064
chr1	941447	941448	4	0.8545
chr1	941505	941506	4	0.766
chr1	941515	941516	5	0.7511
chr1	941535	941536	4	0.8446
chr1	941567	941568	4	0.8444
chr1	941597	941598	6	0.7699
chr1	941616	941617	3	0.7942
chr1	941663	941664	3	0.8374
chr1	941691	941692	4	0.9133
chr1	941741	941742	4	0.8064
chr1	941791	941792	5	0.8631
chr1	941818	941819	5	0.9584
chr1	941848	941849	4	0.8293
chr1	941875	941876	4	0.8186
chr1	941909	941910	5	0.8312
chr1	941931	941932	4	0.8167
chr1	941965	941966	5	0.7746
chr1	942003	942004	3	0.7773
chr1	942018	942019	5	0.9561
chr1	942044	942045	3	0.7334
chr1	942056	942057	5	0.767
chr1	942132	942133	2	0.8759
chr1	942232	942233	5	0.8933
chr1	942302	942303	3	0.7465
chr1	942402	942403	4	0.8715
chr1	942502	942503	5	0.861
chr1	942555	942556	3	0.9222
chr1	942619	942620	4	0.8652
chr1	942623	942624	4	0.7195
chr1	942642	942643	6	0.2946
chr1	942657	942658	4	0.3143
chr1	942700	942701	5	0.1311
chr1	942737	942738	5	0.0482
chr1	942787	942788	3	0.0452
chr1	942812	942813	4	0.2128
chr1	942838	942839	3	0.0225
chr1	942882	942883	5	0.0537
chr1	942907	942908	6	0.0319
chr1	942952	942953	5	0.1011
chr1	942980	942981	7	0.1938
chr1	943023	943024	6	0.0509
chr1	943043	943044	4	0.0502
chr1	943069	943070	4	0.1045
chr1	943087	943088	4	0.2404
chr1	943104	943105	4	0.125
chr1	943169	943170	5	0.1512
chr1	943226	943227	6	0.1494
chr1	943326	943327	5	0.2153
chr1	943426	943427	3	0.0639
chr1	943487	943488	4	0.2552
chr1	943560	943561	6	0.0378
chr1	943658	943659	4	0.0
chr1	943700	943701	4	0.8408
chr1	943720	943721	4	0.5034
chr1	943770	943771	5	0.8318
chr1	943811	943812	2	0.7422
chr1	943861	943862	6	0.7345
chr1	943885	943886	4	0.7064
chr1	943900	943901	6	0.9066
chr1	943940	943941	4	0.6229
chr1	943960	943961	7	0.6346
chr1	944010	944011	6	0.5654
chr1	944025	944026	3	0.748
chr1	944040	944041	4	0.6969
chr1	944069	944070	4	0.7586
chr1	944092	944093	5	0.8394
chr1	944119	944120	2	0.7917
chr1	944169	944170	4	0.8565
chr1	944211	944212	4	0.7493
chr1	944242	944243	6	0.7906
chr1	944300	944301	4	0.8844
chr1	944400	944401	4	0.8467
chr1	944500	944501	5	0.8218
chr1	944550	944551	6	0.8639
chr1	944650	944651	4	0.7713
chr1	944721	944722	6	0.874
chr1	944725	944726	4	0.872
chr1	944736	944737	4	0.745
chr1	944762	944763	4	0.8076
chr1	944786	944787	6	0.8043
chr1	944803	944804	4	0.7528
chr1	944822	944823	5	0.6531
chr1	944837	944838	5	0.5987
chr1	944857	944858	5	0.5413
chr1	944902	944903	6	0.6538
chr1	944952	944953	7	0.8415
chr1	944983	944984	5	0.6545
chr1	945007	945008	4	0.5933
chr1	945057	945058	5	0.6152
chr1	945072	945073	5	0.6627
chr1	945107	945108	4	0.7784
chr1	945145	945146	6	0.7357
chr1	945183	945184	7	0.6997
chr1	945198	945199	5	0.7239
chr1	945230	945231	6	0.7093
chr1	945280	945281	4	0.6602
chr1	945289	945290	4	0.7685
chr1	945357	945358	5	0.6628
chr1	945457	945458	5	0.6547
chr1	945516	945517	5	0.741
chr1	945616	945617	6	0.7333
chr1	945716	945717	4	0.5391
chr1	945771	945772	5	0.6493
chr1	945773	945774	5	0.9447
chr1	945819	945820	4	0.597
chr1	945864	945865	4	0.1943
chr1	945888	945889	7	0.1274
chr1	945938	945939	5	0.1201
chr1	945954	945955	5	0.1803
chr1	945986	945987	4	0.2719
chr1	946014	946015	3	0.2936
chr1	946064	946065	3	0.2345
chr1	946090	946091	6	0.0895
chr1	946108	946109	4	0.2219
chr1	946131	946132	6	0.1328
chr1	946161	946162	4	0.1326
chr1	946181	946182	5	0.0725
chr1	946211	946212	5	0.0526
chr1	946261	946262	4	0.2125
chr1	946281	946282	5	0.1951
chr1	946300	946301	4	0.2849
chr1	946348	946349	5	0.2694
chr1	946381	946382	2	0.2347
chr1	946394	946395	5	0.0745
chr1	946494	946495	4	0.2636
chr1	946555	946556	3	0.1787
chr1	946645	946646	3	0.2154
chr1	946695	946696	5	0.1966
chr1	946793	946794	3	0.1704
chr1	946849	946850	4	0.1531
chr1	946867	946868	5	0.1623
chr1	946904	946905	4	0.0778
chr1	946954	946955	4	0.2016
chr1	946990	946991	4	0.0861
chr1	947022	947023	5	0.1639
chr1	947054	947055	5	0.0443
chr1	947104	947105	5	0.1526
chr1	947136	947137	4	0.0911
chr1	947166	947167	6	0.1551
chr1	947186	947187	5	0.0
chr1	947230	947231	5	0.0327
chr1	947277	947278	2	0.0414
chr1	947315	947316	3	0.1069
chr1	947346	947347	2	0.1177
chr1	947396	947397	5	0.1148
chr1	947402	947403	6	0.1142
chr1	947452	947453	6	0.15
chr1	947552	947553	5	0.1477
chr1	947612	947613	4	0.0241
chr1	947712	947713	4	0.0682
chr1	947812	947813	5	0.0448
chr1	947834	947835	5	0.0389
chr1	947882	947883	5	0.1311
chr1	947887	947888	4	0.349
chr1	947924	947925	4	0.4574
chr1	947953	947954	5	0.4035
chr1	947968	947969	4	0.5063
chr1	947995	947996	5	0.2959
chr1	948045	948046	5	0.4072
chr1	948064	948065	5	0.4543
chr1	948114	948115	4	0.3776
chr1	948164	948165	5	0.3219
chr1	948213	948214	4	0.4575
chr1	948228	948229	5	0.3632
chr1	948245	948246	5	0.2482
chr1	948261	948262	4	0.3727
chr1	948311	948312	5	0.2982
chr1	948361	948362	4	0.3502
chr1	948393	948394	3	0.4061
chr1	948413	948414	5	0.3706
chr1	948513	948514	3	0.2884
chr1	948613	948614	6	0.3528
chr1	948669	948670	5	0.3648
chr1	948769	948770	4	0.3651
chr1	948819	948820	5	0.2325
chr1	948911	948912	8	0.3815
chr1	948943	948944	5	0.0
chr1	948961	948962	6	0.0
chr1	948983	948984	5	0.0801
chr1	949039	949040	5	0.0834
chr1	949057	949058	5	0.058
chr1	949271	949272	4	0.0
chr1	949277	949278	3	0.0332
chr1	949285	949286	5	0.3391
chr1	949349	949350	6	0.1014
chr1	949387	949388	5	0.1108
chr1	949400	949401	5	0.7244
chr1	949441	949442	6	0.6736
chr1	949473	949474	4	0.9447
chr1	949488	949489	5	0.708
chr1	949508	949509	4	0.763
chr1	949530	949531	3	0.806
chr1	949576	949577	5	0.8235
chr1	949620	949621	4	0.6447
chr1	949670	949671	5	0.7005
chr1	949719	949720	6	0.7673
chr1	949749	949750	3	0.6544
chr1	949783	949784	4	0.6928
chr1	949813	949814	5	0.7367
chr1	949834	949835	4	0.6523
chr1	949865	949866	5	0.8336
chr1	949880	949881	5	0.6911
chr1	949892	949893	4	0.7561
chr1	949945	949946	3	0.6927
chr1	950020	950021	3	0.6477
chr1	950120	950121	4	0.7854
chr1	950220	950221	5	0.5956
chr1	950310	950311	4	0.6647
chr1	950402	950403	4	0.6337
chr1	950426	950427	6	0.7908
chr1	950460	950461	4	1.0
chr1	950508	950509	4	0.8931
chr1	950545	950546	4	0.7541
chr1	950595	950596	4	0.6752
chr1	950628	950629	5	0.8595
chr1	950644	950645	5	0.9799
chr1	950687	950688	5	0.9972
chr1	950702	950703	5	0.8153
chr1	950726	950727	5	0.9354
chr1	950758	950759	5	0.9421
chr1	950799	950800	5	0.8384
chr1	950838	950839	5	0.8387
chr1	950879	950880	6	0.908
chr1	950899	950900	4	0.7005
chr1	950927	950928	4	0.7179
chr1	950942	950943	5	0.7459
chr1	950946	950947	5	0.9174
chr1	951046	951047	4	0.9168
chr1	951146	951147	4	0.9029
chr1	951246	951247	4	0.8218
chr1	951346	951347	6	0.8571
chr1	951396	951397	3	0.9841
chr1	951428	951429	5	0.9128
chr1	951432	951433	4	0.6836
chr1	951442	951443	5	0.6812
chr1	951457	951458	4	0.7335
chr1	951480	951481	5	0.8771
chr1	951497	951498	4	0.8256
chr1	951547	951548	4	0.8292
chr1	951569	951570	5	0.9306
chr1	951591	951592	4	0.8438
chr1	951635	951636	5	0.8206
chr1	951685	951686	6	0.746
chr1	951725	951726	3	0.7439
chr1	951775	951776	4	0.8801
chr1	951825	951826	4	0.8979
chr1	951840	951841	5	0.8485
chr1	951890	951891	5	0.7135
chr1	951938	951939	6	0.7916
chr1	951988	951989	5	0.8864
chr1	952088	952089	3	0.7194
chr1	952163	952164	6	0.7129
chr1	952263	952264	6	0.726
chr1	952363	952364	2	0.8976
chr1	952397	952398	4	0.8492
chr1	952416	952417	6	0.7858
chr1	952442	952443	4	0.8866
chr1	952473	952474	5	0.8511
chr1	952523	952524	3	0.9665
chr1	952548	952549	4	0.9119
chr1	952581	952582	6	0.9863
chr1	952606	952607	5	0.9103
chr1	952634	952635	5	0.8778
chr1	952663	952664	5	0.8799
chr1	952684	952685	3	0.798
chr1	952712	952713	5	0.8076
chr1	952762	952763	3	0.8171
chr1	952779	952780	4	0.8088
chr1	952809	952810	3	0.8409
chr1	952834	952835	4	0.9467
chr1	952853	952854	3	0.9362
chr1	952898	952899	7	0.8647
chr1	952911	952912	5	0.933
chr1	952961	952962	6	0.7328
chr1	953061	953062	4	0.9745
chr1	953139	953140	6	0.7882
chr1	953239	953240	4	0.8949
chr1	953298	953299	5	0.7801
chr1	953372	953373	5	0.9511
chr1	953384	953385	5	0.8648
chr1	953420	953421	4	0.7271
chr1	953442	953443	2	0.9088
chr1	953482	953483	5	0.7411
chr1	953517	953518	4	0.5348
chr1	953567	953568	4	0.7514
chr1	953601	953602	6	0.7886
chr1	953651	953652	4	0.9155
chr1	953666	953667	3	0.6905
chr1	953681	953682	7	0.7901
chr1	953731	953732	4	0.7314
chr1	953781	953782	5	0.7389
chr1	953820	953821	4	0.8075
chr1	953870	953871	5	0.9396
chr1	953897	953898	2	0.6221
chr1	953913	953914	4	0.7881
chr1	953963	953964	4	0.6886
chr1	954063	954064	4	0.7404
chr1	954117	954118	5	0.7649
chr1	954207	954208	4	0.8366
chr1	954273	954274	5	0.7826
chr1	954373	954374	4	0.8311
chr1	954415	954416	4	0.9598
chr1	954464	954465	4	0.7717
chr1	954505	954506	5	0.8928
chr1	954520	954521	5	0.74
chr1	954570	954571	3	0.8232
chr1	954620	954621	6	0.9672
chr1	954665	954666	5	0.9515
chr1	954680	954681	1	0.9592
chr1	954708	954709	5	0.8782
chr1	954758	954759	5	1.0
chr1	954793	954794	5	0.9824
chr1	954824	954825	3	0.8144
chr1	954855	954856	5	0.8917
chr1	954895	954896	5	0.9129
chr1	954922	954923	6	0.856
chr1	954941	954942	3	0.7041
chr1	954973	954974	5	0.8383
chr1	955005	955006	4	0.8798
chr1	955050	955051	4	0.7995
chr1	955127	955128	4	0.9044
chr1	955227	955228	5	0.7493
chr1	955327	955328	5	0.8788
chr1	955427	955428	5	0.7428
chr1	955477	955478	4	0.9323
chr1	955577	955578	5	0.9143
chr1	955677	955678	2	0.8616
chr1	955727	955728	6	0.9304
chr1	955742	955743	4	0.839
chr1	955773	955774	4	0.9696
chr1	955816	955817	4	0.8872
chr1	955856	955857	5	0.8334
chr1	955906	955907	5	0.7328
chr1	955956	955957	4	0.8879
chr1	955998	955999	3	0.9239
chr1	956042	956043	4	0.7825
chr1	956061	956062	6	0.9634
chr1	956111	956112	6	0.8394
chr1	956133	956134	6	0.733
chr1	956173	956174	4	0.826
chr1	956217	956218	5	0.8885
chr1	956219	956220	4	0.878
chr1	956312	956313	3	0.7154
chr1	956399	956400	6	0.7702
chr1	956499	956500	5	0.8711
chr1	956568	956569	4	0.8653
chr1	956626	956627	5	0.9572
chr1	956704	956705	5	0.9849
chr1	956754	956755	6	0.8525
chr1	956804	956805	6	0.8693
chr1	956823	956824	4	0.7972
chr1	956841	956842	4	0.7683
chr1	956888	956889	4	0.9049
chr1	956919	956920	6	0.9068
chr1	956955	956956	2	0.9611
chr1	957005	957006	6	0.8274
chr1	957033	957034	6	0.7892
chr1	957072	957073	3	0.9105
chr1	957108	957109	6	0.8467
chr1	957128	957129	2	0.8121
chr1	957146	957147	5	0.757
chr1	957172	957173	4	0.7819
chr1	957196	957197	5	0.8738
chr1	957212	957213	3	0.7975
chr1	957238	957239	4	1.0
chr1	957338	957339	4	0.9137
chr1	957425	957426	5	0.7779
chr1	957525	957526	4	0.7566
chr1	957624	957625	4	0.8549
chr1	957650	957651	5	1.0
chr1	957652	957653	4	0.9359
chr1	957662	957663	6	0.301
chr1	957712	957713	5	0.3246
chr1	957740	957741	4	0.2006
chr1	957771	957772	7	0.2541
chr1	957786	957787	5	0.2071
chr1	957812	957813	4	0.1951
chr1	957827	957828	5	0.2981
chr1	957851	957852	4	0.2264
chr1	957901	957902	4	0.0429
chr1	957925	957926	4	0.1515
chr1	957966	957967	6	0.2035
chr1	957981	957982	2	0.2723
chr1	958014	958015	5	0.3585
chr1	958029	958030	4	0.2438
chr1	958079	958080	4	0.3038
chr1	958129	958130	6	0.2215
chr1	958144	958145	6	0.1883
chr1	958159	958160	4	0.1418
chr1	958164	958165	5	0.3077
chr1	958223	958224	4	0.3299
chr1	958283	958284	4	0.2423
chr1	958342	958343	7	0.3178
chr1	958422	958423	4	0.3828
chr1	958522	958523	4	0.1939
chr1	958613	958614	4	0.2539
chr1	958671	958672	5	0.1915
chr1	958707	958708	4	0.2746
chr1	958712	958713	5	0.5258
chr1	958761	958762	4	0.4899
chr1	958781	958782	7	0.5683
chr1	958819	958820	5	0.461
chr1	958844	958845	5	0.6907
chr1	958859	958860	4	0.3902
chr1	958889	958890	6	0.5246
chr1	958939	958940	3	0.5602
chr1	958966	958967	6	0.464
chr1	958987	958988	4	0.5868
chr1	959029	959030	5	0.5365
chr1	959076	959077	4	0.5136
chr1	959091	959092	4	0.6745
chr1	959141	959142	5	0.5824
chr1	959191	959192	6	0.4793
chr1	959208	959209	5	0.4866
chr1	959241	959242	4	0.5345
chr1	959317	959318	4	0.5521
chr1	959417	959418	6	0.5649
chr1	959517	959518	5	0.5849
chr1	959617	959618	5	0.6724
chr1	959717	959718	5	0.5934
chr1	959767	959768	5	0.7961
chr1	959781	959782	4	0.7164
chr1	959929	959930	4	0.8985
chr1	959953	959954	3	0.7586
chr1	960119	960120	6	0.7053
chr1	960123	960124	6	0.7248
chr1	960195	960196	5	0.5861
chr1	960213	960214	5	0.9111
chr1	960242	960243	6	0.9143
chr1	960290	960291	2	0.786
chr1	960321	960322	5	0.8592
chr1	960343	960344	5	0.8062
chr1	960364	960365	5	0.7949
chr1	960399	960400	5	0.8884
chr1	960449	960450	5	0.8655
chr1	960488	960489	4	0.904
chr1	960503	960504	4	0.8359
chr1	960553	960554	5	0.9348
chr1	960580	960581	2	0.8963
chr1	960630	960631	6	1.0
chr1	960680	960681	4	0.9354
chr1	960695	960696	6	0.6882
chr1	960747	960748	4	0.7894
chr1	960797	960798	4	0.8261
chr1	960897	960898	4	0.8855
chr1	960979	960980	3	0.8845
chr1	961079	961080	5	0.8436
chr1	961133	961134	5	0.7465
chr1	961219	961220	5	0.8901
chr1	961225	961226	3	0.5325
chr1	961275	961276	5	0.4909
chr1	961292	961293	5	0.3788
chr1	961321	961322	5	0.3696
chr1	961357	961358	3	0.2903
chr1	961383	961384	5	0.429
chr1	961433	961434	4	0.2887
chr1	961453	961454	4	0.4927
chr1	961472	961473	5	0.3791
chr1	961500	961501	6	0.3722
chr1	961536	961537	4	0.3752
chr1	961560	961561	5	0.4101
chr1	961585	961586	5	0.4539
chr1	961621	961622	4	0.5086
chr1	961636	961637	5	0.4043
chr1	961653	961654	6	0.4113
chr1	961681	961682	7	0.5971
chr1	961701	961702	4	0.429
chr1	961718	961719	1	0.3253
chr1	961721	961722	5	0.5267
chr1	961782	961783	4	0.4288
chr1	961832	961833	5	0.4846
chr1	961932	961933	5	0.3515
chr1	962032	962033	5	0.3695
chr1	962132	962133	5	0.384
chr1	962178	962179	5	0.851
chr1	962190	962191	5	0.8528
chr1	962300	962301	5	0.7224
chr1	962314	962315	4	0.6949
chr1	962342	962343	5	0.793
chr1	962374	962375	4	0.6038
chr1	962442	962443	5	0.7973
chr1	962556	962557	6	0.7293
chr1	962624	962625	7	0.4998
chr1	962669	962670	4	0.8069
chr1	962688	962689	5	0.8905
chr1	962734	962735	8	0.6548
chr1	962772	962773	4	0.6827
chr1	962803	962804	4	0.795
chr1	962824	962825	4	0.8162
chr1	962840	962841	6	0.7514
chr1	962855	962856	4	0.7327
chr1	962881	962882	4	0.9033
chr1	962896	962897	5	0.7052
chr1	962911	962912	3	0.6306
chr1	962926	962927	4	0.9018
chr1	962956	962957	5	0.7043
chr1	962985	962986	4	0.7989
chr1	963018	963019	5	0.7062
chr1	963062	963063	3	0.7391
chr1	963077	963078	4	0.7594
chr1	963092	963093	4	0.6602
chr1	963094	963095	6	0.767
chr1	963194	963195	3	0.7557
chr1	963251	963252	5	0.7074
chr1	963304	963305	5	0.7673
chr1	963404	963405	5	0.6802
chr1	963454	963455	3	0.8517
chr1	963456	963457	5	0.7269
chr1	963478	963479	3	0.8838
chr1	963518	963519	4	0.7346
chr1	963552	963553	4	0.66
chr1	963577	963578	4	0.7572
chr1	963598	963599	5	0.8287
chr1	963619	963620	5	0.7709
chr1	963644	963645	4	0.6009
chr1	963659	963660	2	0.6995
chr1	963709	963710	6	0.7769
chr1	963732	963733	5	0.7631
chr1	963780	963781	5	0.72
chr1	963821	963822	5	0.5411
chr1	963854	963855	4	0.7397
chr1	963882	963883	5	0.7557
chr1	963901	963902	4	0.7053
chr1	963926	963927	5	0.6268
chr1	963977	963978	4	0.6215
chr1	964069	964070	5	0.7737
chr1	964130	964131	4	0.8343
chr1	964230	964231	3	0.8237
chr1	964316	964317	5	0.7137
chr1	964416	964417	3	0.7567
chr1	964428	964429	5	0.8262
chr1	964462	964463	6	0.8022
chr1	964472	964473	5	0.2854
chr1	964512	964513	6	0.2584
chr1	964539	964540	6	0.1424
chr1	964580	964581	5	0.1531
chr1	964607	964608	6	0.2892
chr1	964626	964627	3	0.2197
chr1	964674	964675	5	0.1837
chr1	964724	964725	5	0.0863
chr1	964751	964752	3	0.0845
chr1	964799	964800	5	0.2728
chr1	964832	964833	5	0.2317
chr1	964882	964883	3	0.0688
chr1	964932	964933	4	0.1803
chr1	964982	964983	5	0.3863
chr1	964985	964986	6	0.2382
chr1	965066	965067	4	0.0415
chr1	965146	965147	5	0.1324
chr1	965196	965197	7	0.0959
chr1	965292	965293	5	0.2547
chr1	965349	965350	3	0.1544
chr1	965413	965414	7	0.2199
chr1	965437	965438	5	0.125
chr1	965513	965514	4	0.1531
chr1	965527	965528	5	0.1162
chr1	965577	965578	5	0.0924
chr1	965627	965628	6	0.0504
chr1	965653	965654	4	0.0736
chr1	965682	965683	5	0.1103
chr1	965706	965707	5	0.1015
chr1	965756	965757	3	0.1681
chr1	965789	965790	7	0.2194
chr1	965839	965840	5	0.1622
chr1	965877	965878	4	0.1891
chr1	965927	965928	5	0.1707
chr1	965974	965975	5	0.2075
chr1	965993	965994	5	0.1443
chr1	966008	966009	4	0.0
chr1	966039	966040	5	0.2018
chr1	966061	966062	4	0.1802
chr1	966082	966083	5	0.1723
chr1	966182	966183	4	0.0633
chr1	966282	966283	3	0.003
chr1	966332	966333	5	0.106
chr1	966394	966395	5	0.1037
chr1	966480	966481	4	0.1223
chr1	966536	966537	7	0.2854
chr1	966636	966637	6	0.34
chr1	966678	966679	6	0.0
chr1	966690	966691	4	0.2339
chr1	966740	966741	6	0.1391
chr1	966790	966791	4	0.0666
chr1	966827	966828	2	0.1121
chr1	966843	966844	4	0.0383
chr1	966869	966870	5	0.2146
chr1	966905	966906	4	0.0688
chr1	966945	966946	4	0.0462
chr1	966983	966984	5	0.0365
chr1	967011	967012	2	0.0
chr1	967044	967045	4	0.1314
chr1	967059	967060	4	0.0
chr1	967086	967087	5	0.0
chr1	967101	967102	4	0.1862
chr1	967128	967129	3	0.0
chr1	967154	967155	4	0.0943
chr1	967240	967241	5	0.1907
chr1	967294	967295	5	0.1466
chr1	967344	967345	4	0.1872
chr1	967435	967436	3	0.0629
chr1	967535	967536	3	0.005
chr1	967587	967588	4	0.0382
chr1	967593	967594	5	0.407
chr1	967608	967609	5	0.348
chr1	967637	967638	4	0.4654
chr1	967657	967658	5	0.4773
chr1	967682	967683	4	0.4783
chr1	967700	967701	5	0.3188
chr1	967720	967721	6	0.3828
chr1	967743	967744	5	0.5388
chr1	967764	967765	4	0.5566
chr1	967814	967815	6	0.517
chr1	967832	967833	3	0.3659
chr1	967858	967859	4	0.521
chr1	967897	967898	4	0.5313
chr1	967947	967948	4	0.304
chr1	967981	967982	4	0.4496
chr1	968018	968019	7	0.3006
chr1	968037	968038	5	0.3911
chr1	968060	968061	4	0.4859
chr1	968086	968087	6	0.4317
chr1	968151	968152	4	0.5106
chr1	968251	968252	3	0.4794
chr1	968351	968352	2	0.6362
chr1	968450	968451	4	0.5528
chr1	968518	968519	4	0.4143
chr1	968862	968863	5	0.7262
chr1	968872	968873	4	0.952
chr1	968946	968947	4	0.7035
chr1	968982	968983	4	0.6348
chr1	968996	968997	4	0.7317
chr1	969002	969003	6	0.4341
chr1	969017	969018	6	0.5362
chr1	969054	969055	4	0.4684
chr1	969095	969096	5	0.2944
chr1	969123	969124	4	0.4476
chr1	969140	969141	5	0.4042
chr1	969177	969178	4	0.4298
chr1	969220	969221	4	0.3629
chr1	969242	969243	3	0.3689
chr1	969274	969275	5	0.4159
chr1	969307	969308	4	0.4608
chr1	969357	969358	5	0.3968
chr1	969376	969377	4	0.3561
chr1	969426	969427	5	0.3202
chr1	969460	969461	5	0.4399
chr1	969560	969561	5	0.3167
chr1	969659	969660	3	0.4896
chr1	969727	969728	4	0.5095
chr1	969777	969778	5	0.4143
chr1	969827	969828	6	0.3271
chr1	969899	969900	6	0.6883
chr1	969923	969924	6	0.7464
chr1	969981	969982	5	0.8227
chr1	969987	969988	5	0.5698
chr1	969991	969992	5	0.6886
chr1	970015	970016	4	0.7012
chr1	970161	970162	4	0.7951
chr1	970177	970178	5	0.8505
chr1	970223	970224	5	0.6686
chr1	970245	970246	5	0.9181
chr1	970272	970273	5	0.7539
chr1	970291	970292	5	0.6167
chr1	970308	970309	3	0.801
chr1	970341	970342	4	0.7001
chr1	970391	970392	6	0.7097
chr1	970416	970417	5	0.8398
chr1	970453	970454	5	1.0
chr1	970476	970477	6	0.8353
chr1	970502	970503	6	0.8296
chr1	970544	970545	6	0.6795
chr1	970563	970564	5	0.6717
chr1	970601	970602	6	0.8359
chr1	970619	970620	4	0.9051
chr1	970660	970661	4	0.8966
chr1	970760	970761	5	0.7689
chr1	970858	970859	3	0.8009
chr1	970958	970959	4	0.5856
chr1	971058	971059	3	0.8133
chr1	971094	971095	3	0.9664
chr1	971158	971159	4	0.741
chr1	971183	971184	3	0.6445
chr1	971198	971199	4	0.7767
chr1	971228	971229	5	0.5498
chr1	971243	971244	2	0.8678
chr1	971272	971273	5	0.7171
chr1	971308	971309	2	0.8711
chr1	971324	971325	5	0.491
chr1	971347	971348	3	0.7913
chr1	971371	971372	5	0.5432
chr1	971421	971422	2	0.664
chr1	971471	971472	4	0.7248
chr1	971493	971494	5	0.6736
chr1	971533	971534	5	0.6317
chr1	971559	971560	5	0.6555
chr1	971581	971582	4	0.7076
chr1	971631	971632	4	0.8356
chr1	971648	971649	5	0.7235
chr1	971698	971699	5	0.7628
chr1	971748	971749	3	0.5842
chr1	971753	971754	4	0.764
chr1	971853	971854	4	0.8281
chr1	971953	971954	2	0.8019
chr1	972053	972054	3	0.4803
chr1	972103	972104	5	0.8034
chr1	972183	972184	5	0.7444
chr1	972247	972248	4	0.8891
chr1	972293	972294	5	0.7579
chr1	972305	972306	5	0.7191
chr1	972314	972315	6	0.0587
chr1	972335	972336	3	0.0669
chr1	972353	972354	6	0.0792
chr1	972403	972404	6	0.1376
chr1	972426	972427	5	0.0714
chr1	972451	972452	4	0.1666
chr1	972471	972472	3	0.1341
chr1	972510	972511	5	0.3599
chr1	972547	972548	5	0.3524
chr1	972581	972582	5	0.3222
chr1	972603	972604	3	0.2371
chr1	972622	972623	5	0.1515
chr1	972659	972660	4	0.4315
chr1	972697	972698	6	0.2276
chr1	972724	972725	3	0.2708
chr1	972739	972740	4	0.3181
chr1	972766	972767	4	0.2896
chr1	972780	972781	3	0.1346
chr1	972880	972881	5	0.1124
chr1	972930	972931	4	0.1172
chr1	973021	973022	5	0.0795
chr1	973121	973122	4	0.0075
chr1	973221	973222	5	0.0
chr1	973225	973226	4	0.0956
chr1	973265	973266	4	0.0539
chr1	973281	973282	4	0.0
chr1	973329	973330	4	0.0952
chr1	973351	973352	4	0.0
chr1	973495	973496	4	0.1336
chr1	973567	973568	4	0.1004
chr1	973635	973636	5	0.2347
chr1	973643	973644	3	0.0553
chr1	973652	973653	5	0.7485
chr1	973687	973688	4	0.3598
chr1	973734	973735	3	0.4515
chr1	973749	973750	4	0.4568
chr1	973768	973769	6	0.4138
chr1	973794	973795	4	0.3323
chr1	973811	973812	6	0.2322
chr1	973838	973839	6	0.7242
chr1	973853	973854	5	0.7895
chr1	973882	973883	4	0.8068
chr1	973907	973908	4	0.9059
chr1	973944	973945	4	0.8636
chr1	973982	973983	4	0.7896
chr1	974014	974015	6	0.7424
chr1	974058	974059	5	0.7289
chr1	974092	974093	7	0.7279
chr1	974109	974110	4	0.6472
chr1	974184	974185	4	0.7108
chr1	974284	974285	3	0.7017
chr1	974354	974355	3	0.6998
chr1	974454	974455	5	0.7294
chr1	974554	974555	5	0.8183
chr1	974560	974561	6	0.8701
chr1	974562	974563	4	0.933
chr1	974570	974571	6	0.7748
chr1	974652	974653	4	0.6837
chr1	974654	974655	6	0.6133
chr1	974790	974791	6	0.8438
chr1	974800	974801	4	0.8093
chr1	974817	974818	6	0.8925
chr1	974867	974868	6	0.8423
chr1	974899	974900	5	0.7695
chr1	974935	974936	5	0.9194
chr1	974970	974971	5	0.9064
chr1	975001	975002	4	0.8096
chr1	975021	975022	4	0.7398
chr1	975071	975072	5	0.8511
chr1	975107	975108	6	0.8423
chr1	975139	975140	4	0.9028
chr1	975159	975160	4	0.9029
chr1	975178	975179	5	0.9333
chr1	975193	975194	6	0.7948
chr1	975221	975222	3	0.9705
chr1	975254	975255	4	0.6183
chr1	975304	975305	3	0.7307
chr1	975404	975405	5	1.0
chr1	975504	975505	4	0.8691
chr1	975604	975605	5	0.7507
chr1	975701	975702	3	0.8241
chr1	975801	975802	5	0.9002
chr1	975803	975804	5	0.9137
chr1	975821	975822	4	0.7371
chr1	975848	975849	4	0.7945
chr1	975872	975873	5	0.6528
chr1	975900	975901	6	0.6476
chr1	975948	975949	4	0.8667
chr1	975968	975969	4	0.7056
chr1	976018	976019	3	0.7398
chr1	976052	976053	5	0.9231
chr1	976091	976092	3	0.8308
chr1	976141	976142	5	0.8532
chr1	976174	976175	4	0.7445
chr1	976189	976190	2	0.7009
chr1	976204	976205	4	0.7063
chr1	976222	976223	5	0.7557
chr1	976242	976243	3	0.6813
chr1	976267	976268	3	0.683
chr1	976298	976299	4	0.5707
chr1	976398	976399	2	0.6597
chr1	976498	976499	5	0.7383
chr1	976549	976550	5	0.6311
chr1	976599	976600	3	0.7143
chr1	976699	976700	4	0.8047
chr1	976725	976726	4	0.7451
chr1	976771	976772	5	0.9049
chr1	976797	976798	5	0.8348
chr1	976847	976848	6	0.7456
chr1	976862	976863	3	0.8425
chr1	976887	976888	5	0.7947
chr1	976923	976924	4	0.7663
chr1	976939	976940	3	0.7672
chr1	976958	976959	6	0.7637
chr1	977008	977009	5	0.7568
chr1	977058	977059	5	1.0
chr1	977085	977086	7	0.8886
chr1	977117	977118	4	0.7395
chr1	977135	977136	5	0.6773
chr1	977180	977181	6	0.6206
chr1	977208	977209	3	0.853
chr1	977258	977259	5	0.8427
chr1	977281	977282	6	0.5668
chr1	977337	977338	6	0.8405
chr1	977432	977433	4	0.8652
chr1	977482	977483	4	0.7447
chr1	977562	977563	5	0.8353
chr1	977662	977663	4	0.7374
chr1	977712	977713	5	0.7347
chr1	977714	977715	3	0.7576
chr1	977719	977720	5	0.5927
chr1	977761	977762	5	0.5784
chr1	977809	977810	6	0.7242
chr1	977832	977833	6	0.4954
chr1	977882	977883	5	0.6306
chr1	977922	977923	5	0.6436
chr1	977950	977951	5	0.5174
chr1	977966	977967	4	0.5947
chr1	977981	977982	5	0.6605
chr1	978016	978017	5	0.5036
chr1	978066	978067	5	0.4966
chr1	978116	978117	3	0.5236
chr1	978166	978167	4	0.6132
chr1	978184	978185	4	0.5099
chr1	978201	978202	4	0.5922
chr1	978272	978273	4	0.7228
chr1	978372	978373	5	0.5548
chr1	978422	978423	5	0.6747
chr1	978513	978514	5	0.478
chr1	978609	978610	5	0.6895
chr1	978615	978616	5	0.8065
chr1	978723	978724	4	0.8625
chr1	978749	978750	3	0.8243
chr1	978761	978762	5	0.7357
chr1	978973	978974	5	0.9089
chr1	979027	979028	4	0.796
chr1	979073	979074	6	0.6713
chr1	979085	979086	4	0.7498
chr1	979093	979094	5	0.8403
chr1	979126	979127	5	0.841
chr1	979142	979143	6	0.8045
chr1	979175	979176	6	0.6999
chr1	979221	979222	7	0.8569
chr1	979236	979237	4	0.8964
chr1	979258	979259	5	0.6807
chr1	979283	979284	4	0.6461
chr1	979298	979299	4	0.7302
chr1	979330	979331	5	0.7437
chr1	979353	979354	7	0.9124
chr1	979368	979369	6	0.9244
chr1	979390	979391	4	0.7573
chr1	979422	979423	4	0.7463
chr1	979453	979454	4	0.9116
chr1	979468	979469	5	0.8768
chr1	979500	979501	4	0.7833
chr1	979525	979526	4	0.8513
chr1	979575	979576	5	0.6487
chr1	979590	979591	4	0.7162
chr1	979619	979620	5	0.8099
chr1	979632	979633	4	0.8055
chr1	979732	979733	5	0.8631
chr1	979832	979833	4	0.7093
chr1	979884	979885	3	0.7706
chr1	979984	979985	5	0.6894
chr1	980084	980085	4	0.7867
chr1	980090	980091	5	0.8188
chr1	980100	980101	3	0.8372
chr1	980133	980134	2	0.2258
chr1	980169	980170	5	0.1385
chr1	980194	980195	3	0.0899
chr1	980226	980227	3	0.2017
chr1	980276	980277	5	0.0455
chr1	980302	980303	5	0.0906
chr1	980317	980318	4	0.0
chr1	980367	980368	4	0.0676
chr1	980405	980406	6	0.0322
chr1	980436	980437	6	0.2078
chr1	980451	980452	4	0.0322
chr1	980486	980487	4	0.1269
chr1	980536	980537	3	0.1732
chr1	980565	980566	4	0.1768
chr1	980610	980611	3	0.1385
chr1	980646	980647	5	0.2818
chr1	980692	980693	4	0.1521
chr1	980700	980701	4	0.2589
chr1	980750	980751	2	0.1646
chr1	980850	980851	4	0.0482
chr1	980940	980941	6	0.0912
chr1	980996	980997	5	0.0099
chr1	981096	981097	4	0.0
chr1	981152	981153	6	0.1464
chr1	981202	981203	3	0.1263
chr1	981258	981259	4	0.161
chr1	981273	981274	6	0.7948
chr1	981288	981289	4	0.6013
chr1	981306	981307	4	0.5446
chr1	981345	981346	4	0.6015
chr1	981377	981378	4	0.7638
chr1	981427	981428	5	0.6987
chr1	981472	981473	4	0.6707
chr1	981503	981504	5	0.7696
chr1	981518	981519	5	0.6979
chr1	981568	981569	2	0.8093
chr1	981590	981591	5	0.7688
chr1	981614	981615	3	0.6413
chr1	981629	981630	4	0.6775
chr1	981679	981680	4	0.6753
chr1	981729	981730	6	0.5126
chr1	981779	981780	3	0.8501
chr1	981801	981802	6	0.6496
chr1	981855	981856	2	0.8401
chr1	981938	981939	4	0.6245
chr1	981992	981993	4	0.5067
chr1	982091	982092	6	0.5602
chr1	982170	982171	4	0.6763
chr1	982241	982242	4	0.7244
chr1	982273	982274	3	0.6958
chr1	982317	982318	4	0.8418
chr1	982345	982346	4	0.8328
chr1	982395	982396	3	0.8661
chr1	982419	982420	4	0.8302
chr1	982458	982459	6	0.689
chr1	982477	982478	5	0.789
chr1	982503	982504	5	0.9076
chr1	982553	982554	4	0.8217
chr1	982589	982590	6	0.6087
chr1	982608	982609	5	0.7648
chr1	982658	982659	5	0.7088
chr1	982708	982709	3	0.743
chr1	982740	982741	6	0.666
chr1	982768	982769	3	0.8762
chr1	982782	982783	6	0.6518
chr1	982868	982869	4	0.7925
chr1	982968	982969	4	0.7542
chr1	983068	983069	4	0.7002
chr1	983168	983169	5	0.6459
chr1	983224	983225	3	0.7441
chr1	983258	983259	5	0.7918
chr1	983272	983273	5	0.0385
chr1	983304	983305	4	0.2066
chr1	983354	983355	5	0.1102
chr1	983376	983377	4	0.1023
chr1	983443	983444	3	0.0601
chr1	983463	983464	5	0.1202
chr1	983513	983514	4	0.1909
chr1	983536	983537	3	0.0494
chr1	983565	983566	3	0.077
chr1	983605	983606	3	0.0
chr1	983637	983638	5	0.1607
chr1	983687	983688	3	0.1432
chr1	983702	983703	4	0.0716
chr1	983717	983718	5	0.1297
chr1	983750	983751	5	0.1147
chr1	983785	983786	4	0.1595
chr1	983800	983801	4	0.1086
chr1	983806	983807	5	0.0215
chr1	983856	983857	5	0.0527
chr1	983941	983942	5	0.0445
chr1	984041	984042	4	0.1682
chr1	984141	984142	6	0.1829
chr1	984191	984192	3	0.0069
chr1	984291	984292	4	0.0
chr1	984361	984362	4	0.0401
chr1	984376	984377	5	0.5312
chr1	984392	984393	6	0.6614
chr1	984413	984414	3	0.618
chr1	984443	984444	4	0.6797
chr1	984463	984464	4	0.762
chr1	984487	984488	4	0.4253
chr1	984520	984521	6	0.6788
chr1	984547	984548	5	0.5643
chr1	984581	984582	4	0.5909
chr1	984606	984607	4	0.6515
chr1	984629	984630	4	0.6272
chr1	984665	984666	4	0.6985
chr1	984684	984685	4	0.6419
chr1	984734	984735	5	0.7631
chr1	984784	984785	6	0.6032
chr1	984805	984806	3	0.4705
chr1	984856	984857	5	0.7239
chr1	984956	984957	5	0.7198
chr1	985035	985036	3	0.6042
chr1	985135	985136	4	0.643
chr1	985230	985231	5	0.6135
chr1	985266	985267	5	0.4549
chr1	985271	985272	4	0.7588
chr1	985304	985305	6	0.7326
chr1	985354	985355	3	0.6708
chr1	985369	985370	4	0.8275
chr1	985388	985389	4	0.5174
chr1	985416	985417	4	0.6508
chr1	985443	985444	4	0.5301
chr1	985476	985477	5	0.6882
chr1	985507	985508	6	0.7182
chr1	985526	985527	5	0.6448
chr1	985569	985570	6	0.6491
chr1	985593	985594	4	0.5164
chr1	985626	985627	3	0.6503
chr1	985641	985642	5	0.7246
chr1	985678	985679	4	0.6905
chr1	985706	985707	4	0.6741
chr1	985756	985757	5	0.6685
chr1	985774	985775	3	0.6614
chr1	985874	985875	5	0.604
chr1	985953	985954	4	0.6691
chr1	986053	986054	4	0.577
chr1	986153	986154	3	0.6981
chr1	986253	986254	5	0.5869
chr1	986305	986306	5	0.8934
chr1	986319	986320	4	0.8862
chr1	986331	986332	3	0.7227
chr1	986377	986378	5	0.7908
chr1	986423	986424	5	0.7118
chr1	986439	986440	5	0.9147
chr1	986441	986442	4	0.8435
chr1	986515	986516	5	0.8069
chr1	986625	986626	5	0.8113
chr1	986729	986730	4	0.7655
chr1	986772	986773	3	0.7782
chr1	986819	986820	6	0.7953
chr1	986834	986835	4	0.9166
chr1	986884	986885	3	0.9
chr1	986919	986920	5	0.7802
chr1	986942	986943	3	0.7544
chr1	986966	986967	6	0.8981
chr1	987016	987017	5	0.9291
chr1	987057	987058	4	0.9064
chr1	987107	987108	4	0.8362
chr1	987157	987158	3	0.7643
chr1	987172	987173	4	0.9235
chr1	987222	987223	5	0.9201
chr1	987251	987252	4	0.8903
chr1	987286	987287	6	0.8635
chr1	987336	987337	5	0.9778
chr1	987436	987437	5	0.7062
chr1	987529	987530	3	0.9081
chr1	987582	987583	5	0.7754
chr1	987644	987645	4	0.914
chr1	987744	987745	6	0.8438
chr1	987752	987753	3	0.8266
chr1	987778	987779	5	0.8922
chr1	987821	987822	2	0.9127
chr1	987837	987838	4	0.6879
chr1	987854	987855	3	0.6879
chr1	987875	987876	4	0.7585
chr1	987920	987921	4	0.6145
chr1	987935	987936	4	0.7138
chr1	987962	987963	4	0.7836
chr1	988012	988013	8	0.7031
chr1	988039	988040	5	0.7661
chr1	988057	988058	5	0.7922
chr1	988090	988091	5	0.7684
chr1	988109	988110	3	0.7118
chr1	988145	988146	5	0.7134
chr1	988160	988161	5	0.8011
chr1	988202	988203	6	0.761
chr1	988245	988246	4	0.5795
chr1	988292	988293	5	0.8065
chr1	988341	988342	5	0.6705
chr1	988387	988388	4	0.7497
chr1	988406	988407	3	0.755
chr1	988457	988458	3	0.8127
chr1	988507	988508	5	0.7886
chr1	988567	988568	4	1.0
chr1	988667	988668	5	0.7821
chr1	988767	988768	3	0.7064
chr1	988863	988864	3	0.8112
chr1	988963	988964	4	0.8189
chr1	988965	988966	5	0.9546
chr1	988996	988997	3	0.1241
chr1	989036	989037	3	0.1136
chr1	989086	989087	3	0.1085
chr1	989110	989111	4	0.2181
chr1	989160	989161	4	0.0853
chr1	989205	989206	4	0.1984
chr1	989251	989252	7	0.3498
chr1	989271	989272	5	0.409
chr1	989290	989291	6	0.1777
chr1	989325	989326	5	0.2532
chr1	989345	989346	4	0.2911
chr1	989395	989396	5	0.3235
chr1	989422	989423	4	0.3465
chr1	989457	989458	4	0.4152
chr1	989557	989558	5	0.0929
chr1	989653	989654	3	0.1686
chr1	989753	989754	5	0.1455
chr1	989853	989854	3	0.2458
chr1	989903	989904	6	0.1698
chr1	989921	989922	5	0.2264
chr1	989999	990000	3	0.0929
chr1	990041	990042	6	0.0919
chr1	990059	990060	4	0.1411
chr1	990094	990095	5	0.1857
chr1	990135	990136	5	0.1163
chr1	990185	990186	3	0.0277
chr1	990218	990219	6	0.0
chr1	990241	990242	3	0.1248
chr1	990291	990292	5	0.2413
chr1	990326	990327	4	0.0
chr1	990344	990345	5	0.0794
chr1	990366	990367	5	0.0474
chr1	990388	990389	5	0.0598
chr1	990411	990412	3	0.2072
chr1	990450	990451	4	0.1176
chr1	990482	990483	5	0.0643
chr1	990500	990501	5	0.1286
chr1	990600	990601	4	0.1006
chr1	990700	990701	6	0.1501
chr1	990800	990801	5	0.0
chr1	990900	990901	4	0.1028
chr1	990916	990917	2	0.0334
chr1	990938	990939	5	0.1767
chr1	990984	990985	5	0.6176
chr1	991034	991035	5	0.6513
chr1	991068	991069	5	0.8328
chr1	991093	991094	6	0.7513
chr1	991108	991109	3	0.7422
chr1	991140	991141	4	0.4877
chr1	991167	991168	4	0.6746
chr1	991187	991188	4	0.7012
chr1	991234	991235	4	0.8048
chr1	991284	991285	4	0.7003
chr1	991312	991313	4	0.7123
chr1	991329	991330	4	0.7653
chr1	991360	991361	4	0.692
chr1	991385	991386	3	0.7784
chr1	991435	991436	4	0.6824
chr1	991483	991484	4	0.7406
chr1	991496	991497	6	0.7633
chr1	991596	991597	4	0.8217
chr1	991650	991651	7	0.6749
chr1	991750	991751	4	0.6965
chr1	991850	991851	4	0.6912
chr1	991915	991916	5	0.8228
chr1	991971	991972	6	0.7438
chr1	992005	992006	5	0.6631
chr1	992055	992056	3	0.7822
chr1	992094	992095	4	0.7191
chr1	992140	992141	4	0.7063
chr1	992168	992169	4	0.6928
chr1	992194	992195	4	0.7995
chr1	992214	992215	6	0.9699
chr1	992264	992265	6	0.8216
chr1	992288	992289	3	0.8786
chr1	992313	992314	2	0.7191
chr1	992363	992364	5	0.931
chr1	992378	992379	6	0.9465
chr1	992413	992414	6	0.734
chr1	992441	992442	4	0.7498
chr1	992463	992464	4	0.6093
chr1	992500	992501	3	0.7194
chr1	992538	992539	6	0.8294
chr1	992558	992559	5	0.7977
chr1	992572	992573	6	0.727
chr1	992651	992652	5	0.8127
chr1	992751	992752	5	0.7643
chr1	992807	992808	3	0.9158
chr1	992888	992889	4	0.9076
chr1	992988	992989	4	0.6808
chr1	993038	993039	4	0.9284
chr1	993108	993109	6	0.7966
chr1	993151	993152	4	0.1641
chr1	993188	993189	6	0.0368
chr1	993214	993215	4	0.1139
chr1	993234	993235	3	0.0787
chr1	993253	993254	4	0.1376
chr1	993271	993272	7	0.2245
chr1	993286	993287	4	0.1583
chr1	993311	993312	4	0.3519
chr1	993346	993347	7	0.0473
chr1	993379	993380	4	0.1696
chr1	993429	993430	4	0.2203
chr1	993457	993458	3	0.1757
chr1	993490	993491	5	0.1235
chr1	993508	993509	5	0.1174
chr1	993557	993558	3	0.1353
chr1	993579	993580	5	0.2484
chr1	993625	993626	3	0.2568
chr1	993652	993653	2	0.0987
chr1	993684	993685	4	0.1156
chr1	993714	993715	4	0.057
chr1	993732	993733	4	0.1679
chr1	993786	993787	3	0.1475
chr1	993886	993887	3	0.0648
chr1	993936	993937	5	0.1067
chr1	994036	994037	6	0.1008
chr1	994136	994137	4	0.0714
chr1	994217	994218	5	0.2544
chr1	994272	994273	5	0.0359
chr1	994364	994365	6	0.0225
chr1	994412	994413	4	0.894
chr1	994434	994435	4	0.8915
chr1	994453	994454	7	0.8289
chr1	994473	994474	4	0.9067
chr1	994488	994489	5	1.0
chr1	994535	994536	4	0.9267
chr1	994565	994566	6	0.8432
chr1	994601	994602	4	0.8832
chr1	994651	994652	4	0.8717
chr1	994678	994679	5	0.8711
chr1	994693	994694	4	1.0
chr1	994736	994737	5	0.7881
chr1	994777	994778	5	0.9639
chr1	994803	994804	4	0.8179
chr1	994822	994823	6	0.8444
chr1	994849	994850	5	0.9443
chr1	994872	994873	5	0.8246
chr1	994878	994879	4	0.9601
chr1	994978	994979	5	0.8774
chr1	995028	995029	3	0.8858
chr1	995128	995129	5	0.9685
chr1	995228	995229	5	0.6815
chr1	995328	995329	5	0.9262
chr1	995388	995389	5	0.8714
chr1	995394	995395	5	0.8131
chr1	995417	995418	4	0.6648
chr1	995440	995441	4	0.6326
chr1	995464	995465	3	0.6984
chr1	995486	995487	4	0.6583
chr1	995534	995535	4	0.664
chr1	995550	995551	4	0.6914
chr1	995589	995590	4	0.5293
chr1	995639	995640	3	0.6244
chr1	995668	995669	4	0.6574
chr1	995699	995700	5	0.5728
chr1	995725	995726	5	0.662
chr1	995759	995760	4	0.4967
chr1	995776	995777	5	0.7963
chr1	995805	995806	4	0.8566
chr1	995831	995832	3	0.8737
chr1	995849	995850	4	0.7847
chr1	995882	995883	3	0.9167
chr1	995932	995933	4	0.9008
chr1	995982	995983	5	0.7522
chr1	995984	995985	5	0.7695
chr1	996084	996085	5	0.8359
chr1	996134	996135	5	0.8555
chr1	996184	996185	5	0.8506
chr1	996284	996285	5	0.8571
chr1	996384	996385	4	0.6815
chr1	996484	996485	5	0.824
chr1	996569	996570	3	0.8079
chr1	996693	996694	5	0.8543
chr1	996841	996842	5	0.8151
chr1	996891	996892	5	0.9419
chr1	996961	996962	4	0.7198
chr1	997025	997026	5	0.8063
chr1	997065	997066	5	0.7813
chr1	997106	997107	4	0.8997
chr1	997121	997122	5	0.9822
chr1	997141	997142	3	0.8991
chr1	997188	997189	4	0.9481
chr1	997210	997211	4	0.8428
chr1	997227	997228	4	0.817
chr1	997256	997257	4	0.9268
chr1	997271	997272	4	0.9122
chr1	997321	997322	3	0.8799
chr1	997339	997340	5	0.9569
chr1	997382	997383	4	0.7727
chr1	997401	997402	4	0.9071
chr1	997444	997445	5	0.8884
chr1	997474	997475	6	0.8682
chr1	997492	997493	5	0.8928
chr1	997542	997543	4	0.8056
chr1	997579	997580	6	0.7979
chr1	997600	997601	3	0.8798
chr1	997671	997672	6	0.9186
chr1	997771	997772	4	0.8826
chr1	997852	997853	4	0.8622
chr1	997950	997951	4	0.7549
chr1	998022	998023	5	0.8294
chr1	998072	998073	5	0.9789
chr1	998094	998095	4	0.9796
chr1	998158	998159	7	0.9094
chr1	999297	999298	4	0.9648
chr1	999347	999348	4	0.8759
chr1	999362	999363	5	0.7288
chr1	999388	999389	5	0.9034
chr1	999438	999439	7	0.8638
chr1	999459	999460	6	0.8491
chr1	999479	999480	5	0.8022
chr1	999499	999500	3	0.6253
chr1	999534	999535	3	0.753
chr1	999571	999572	5	0.8394
chr1	999616	999617	4	0.8828
chr1	999641	999642	4	0.8635
chr1	999672	999673	6	0.7911
chr1	999691	999692	4	0.8565
chr1	999720	999721	3	0.8271
chr1	999742	999743	4	0.8896
chr1	999766	999767	5	0.7204
chr1	999816	999817	3	0.8333
chr1	999836	999837	4	0.8578
chr1	999839	999840	6	0.804
chr1	999936	999937	4	0.8838
chr1	999986	999987	4	0.7685
chr1	1000071	1000072	3	0.7608
chr1	1000121	1000122	5	0.8877
chr1	1000221	1000222	6	0.7806
chr1	1000275	1000276	4	0.8448
chr1	1000375	1000376	4	0.916
chr1	1000409	1000410	5	0.9899
chr1	1000435	1000436	3	0.8515
chr1	1000462	1000463	7	0.5595
chr1	1000478	1000479	4	0.7523
chr1	1000500	1000501	5	0.543
chr1	1000521	1000522	5	0.6825
chr1	1000547	1000548	2	0.7196
chr1	1000565	1000566	4	0.6134
chr1	1000592	1000593	5	0.4791
chr1	1000621	1000622	4	0.564
chr1	1000667	1000668	5	0.7375
chr1	1000717	1000718	5	0.6305
chr1	1000749	1000750	4	0.7239
chr1	1000769	1000770	5	0.7573
chr1	1000800	1000801	4	0.6081
chr1	1000836	1000837	3	0.6112
chr1	1000881	1000882	4	0.5945
chr1	1000902	1000903	4	0.7307
chr1	1000946	1000947	4	0.5303
chr1	1000992	1000993	4	0.5452
chr1	1001010	1001011	5	0.7526
chr1	1001014	1001015	4	0.7764
chr1	1001105	1001106	5	0.7055
chr1	1001205	1001206	5	0.7632
chr1	1001305	1001306	4	0.6402
chr1	1001355	1001356	3	0.544
chr1	1001455	1001456	5	0.7495
chr1	1001532	1001533	4	0.6088
chr1	1001558	1001559	4	0.5968
chr1	1002737	1002738	5	0.6621
chr1	1002757	1002758	6	0.7144
chr1	1002804	1002805	5	0.5522
chr1	1002830	1002831	4	0.5821
chr1	1002878	1002879	4	0.6661
chr1	1002905	1002906	5	0.6118
chr1	1002928	1002929	5	0.5824
chr1	1002967	1002968	5	0.7261
chr1	1002987	1002988	5	0.7698
chr1	1003016	1003017	5	0.7199
chr1	1003042	1003043	6	0.6174
chr1	1003090	1003091	5	0.7402
chr1	1003113	1003114	6	0.6096
chr1	1003142	1003143	4	0.5763
chr1	1003178	1003179	4	0.5773
chr1	1003223	1003224	6	0.7712
chr1	1003323	1003324	5	0.473
chr1	1003423	1003424	4	0.5005
chr1	1003483	1003484	5	0.5744
chr1	1003542	1003543	3	0.5388
chr1	1003628	1003629	7	0.5848
chr1	1003680	1003681	4	0.7819
chr1	1003698	1003699	4	0.7391
chr1	1003734	1003735	3	0.5216
chr1	1003760	1003761	4	0.5582
chr1	1003810	1003811	5	0.7968
chr1	1003829	1003830	4	0.5915
chr1	1003875	1003876	5	0.5886
chr1	1003925	1003926	6	0.7305
chr1	1003960	1003961	4	0.7812
chr1	1003986	1003987	5	0.5269
chr1	1004006	1004007	6	0.6388
chr1	1004048	1004049	4	0.837
chr1	1004079	1004080	6	0.8962
chr1	1004106	1004107	5	0.6986
chr1	1004143	1004144	6	0.6304
chr1	1004161	1004162	5	0.5621
chr1	1004202	1004203	5	0.8756
chr1	1004219	1004220	5	0.8045
chr1	1004319	1004320	4	0.5208
chr1	1004419	1004420	6	0.6508
chr1	1004519	1004520	5	0.5922
chr1	1004619	1004620	5	0.9302
chr1	1004669	1004670	5	0.6761
chr1	1004746	1004747	5	0.912
chr1	1004754	1004755	6	0.8307
chr1	1004796	1004797	4	0.6738
chr1	1004846	1004847	5	0.8669
chr1	1004866	1004867	4	0.7279
chr1	1004886	1004887	3	0.7407
chr1	1004930	1004931	5	0.6871
chr1	1004971	1004972	4	0.5972
chr1	1004992	1004993	5	0.7086
chr1	1005038	1005039	4	0.826
chr1	1005072	1005073	4	0.5188
chr1	1005109	1005110	5	0.6235
chr1	1005149	1005150	5	0.6404
chr1	1005182	1005183	3	0.6391
chr1	1005217	1005218	6	0.5668
chr1	1005251	1005252	4	0.6872
chr1	1005280	1005281	4	0.7427
chr1	1005295	1005296	6	0.7352
chr1	1005325	1005326	5	0.6336
chr1	1005360	1005361	5	0.8029
chr1	1005378	1005379	5	0.7014
chr1	1005478	1005479	4	0.6026
chr1	1005528	1005529	4	0.8599
chr1	1005628	1005629	5	0.7659
chr1	1005728	1005729	3	0.7249
chr1	1005828	1005829	4	0.65
chr1	1005928	1005929	4	0.5917
chr1	1005976	1005977	4	0.584
chr1	1006022	1006023	4	0.7139
chr1	1006069	1006070	6	0.761
chr1	1006084	1006085	3	0.594
chr1	1006134	1006135	5	0.8398
chr1	1006184	1006185	4	0.6516
chr1	1006218	1006219	5	0.6708
chr1	1006259	1006260	4	0.7295
chr1	1006289	1006290	5	0.6546
chr1	1006313	1006314	4	1.0
chr1	1006340	1006341	7	0.6167
chr1	1006372	1006373	5	0.6338
chr1	1006390	1006391	4	0.8014
chr1	1006411	1006412	5	0.7306
chr1	1006427	1006428	5	0.706
chr1	1006453	1006454	4	0.6687
chr1	1006472	1006473	4	0.6254
chr1	1006513	1006514	5	0.5914
chr1	1006539	1006540	4	0.5972
chr1	1006555	1006556	4	0.5896
chr1	1006587	1006588	4	0.7469
chr1	1006609	1006610	6	0.814
chr1	1006709	1006710	4	0.7189
chr1	1006759	1006760	4	0.658
chr1	1006809	1006810	6	0.8974
chr1	1006909	1006910	4	0.7555
chr1	1006960	1006961	5	0.8767
chr1	1007013	1007014	5	0.8011
chr1	1007113	1007114	3	0.8584
chr1	1007185	1007186	4	0.8573
chr1	1007221	1007222	5	0.4448
chr1	1007256	1007257	6	0.1212
chr1	1007293	1007294	6	0.2412
chr1	1007343	1007344	3	0.2802
chr1	1007368	1007369	4	0.1345
chr1	1007403	1007404	6	0.3849
chr1	1007436	1007437	6	0.1881
chr1	1007474	1007475	4	0.2634
chr1	1007524	1007525	3	0.3136
chr1	1007548	1007549	5	0.3114
chr1	1007569	1007570	5	0.2562
chr1	1007619	1007620	3	0.244
chr1	1007641	1007642	3	0.3018
chr1	1007666	1007667	5	0.2117
chr1	1007683	1007684	3	0.3268
chr1	1007731	1007732	5	0.4116
chr1	1007758	1007759	5	0.2519
chr1	1007821	1007822	4	0.2113
chr1	1007886	1007887	3	0.4419
chr1	1007948	1007949	3	0.2368
chr1	1007999	1008000	4	0.2412
chr1	1008093	1008094	3	0.0938
chr1	1008171	1008172	5	0.1937
chr1	1008248	1008249	6	0.1968
chr1	1008264	1008265	6	0.0
chr1	1008287	1008288	2	0.1526
chr1	1008306	1008307	4	0.1932
chr1	1008341	1008342	5	0.1832
chr1	1008360	1008361	4	0.1528
chr1	1008400	1008401	3	0.0689
chr1	1008424	1008425	5	0.1699
chr1	1008474	1008475	6	0.1521
chr1	1008497	1008498	4	0.2152
chr1	1008524	1008525	4	0.2979
chr1	1008539	1008540	6	0.2048
chr1	1008579	1008580	6	0.0757
chr1	1008605	1008606	5	0.2574
chr1	1008655	1008656	4	0.175
chr1	1008682	1008683	3	0.2229
chr1	1008708	1008709	6	0.213
chr1	1008808	1008809	4	0.1093
chr1	1008858	1008859	4	0.161
chr1	1008958	1008959	3	0.2554
chr1	1009039	1009040	3	0.1642
chr1	1009053	1009054	6	0.0013
chr1	1009059	1009060	4	0.4821
chr1	1009083	1009084	4	0.2535
chr1	1009109	1009110	5	0.4454
chr1	1009129	1009130	4	0.4499
chr1	1009159	1009160	6	0.4475
chr1	1009205	1009206	5	0.4258
chr1	1009255	1009256	3	0.4498
chr1	1009277	1009278	2	0.4922
chr1	1009313	1009314	3	0.3962
chr1	1009355	1009356	2	0.6117
chr1	1009383	1009384	5	0.3877
chr1	1009428	1009429	4	0.4724
chr1	1009443	1009444	3	0.3272
chr1	1009469	1009470	3	0.4116
chr1	1009498	1009499	6	0.5196
chr1	1009541	1009542	5	0.5069
chr1	1009574	1009575	6	0.5522
chr1	1009612	1009613	3	0.474
chr1	1009665	1009666	5	0.4263
chr1	1009765	1009766	5	0.3937
chr1	1009819	1009820	5	0.4063
chr1	1009900	1009901	5	0.5748
chr1	1009951	1009952	4	0.5275
chr1	1010001	1010002	4	0.4308
chr1	1010101	1010102	5	0.3939
chr1	1010265	1010266	4	0.7624
chr1	1010337	1010338	4	0.7667
chr1	1010451	1010452	2	0.6972
chr1	1010487	1010488	5	0.7198
chr1	1010493	1010494	4	0.6746
chr1	1010498	1010499	4	0.5873
chr1	1010530	1010531	5	0.6108
chr1	1010571	1010572	4	0.6699
chr1	1010586	1010587	4	0.5401
chr1	1010621	1010622	5	0.3905
chr1	1010636	1010637	5	0.3042
chr1	1010676	1010677	3	0.4196
chr1	1010691	1010692	4	0.6568
chr1	1010741	1010742	5	0.4076
chr1	1010790	1010791	3	0.5658
chr1	1010835	1010836	3	0.609
chr1	1010882	1010883	5	0.5084
chr1	1010925	1010926	5	0.4432
chr1	1010947	1010948	5	0.4616
chr1	1010997	1010998	4	0.4182
chr1	1011004	1011005	5	0.4255
chr1	1011078	1011079	4	0.5325
chr1	1011166	1011167	3	0.458
chr1	1011216	1011217	4	0.4678
chr1	1011268	1011269	6	0.5153
chr1	1011318	1011319	7	0.511
chr1	1011391	1011392	4	0.3961
chr1	1011487	1011488	4	0.3171
chr1	1011595	1011596	4	0.9204
chr1	1011639	1011640	4	0.8009
chr1	1011643	1011644	4	0.8622
chr1	1011651	1011652	5	0.7545
chr1	1011665	1011666	5	0.6136
chr1	1011733	1011734	6	0.8715
chr1	1011755	1011756	4	0.8106
chr1	1011823	1011824	6	0.9002
chr1	1011903	1011904	5	0.9395
chr1	1011965	1011966	5	0.7147
chr1	1012002	1012003	5	0.5734
chr1	1012043	1012044	4	0.6965
chr1	1012093	1012094	5	0.64
chr1	1012117	1012118	5	0.5208
chr1	1012167	1012168	4	0.7224
chr1	1012193	1012194	3	0.7339
chr1	1012208	1012209	4	0.7073
chr1	1012258	1012259	5	0.5762
chr1	1012273	1012274	5	0.5144
chr1	1012311	1012312	6	0.6957
chr1	1012361	1012362	4	0.5823
chr1	1012402	1012403	5	0.4787
chr1	1012428	1012429	5	0.5353
chr1	1012473	1012474	5	0.5961
chr1	1012514	1012515	4	0.6323
chr1	1012548	1012549	4	0.6978
chr1	1012648	1012649	5	0.5923
chr1	1012746	1012747	4	0.6964
chr1	1012846	1012847	2	0.5434
chr1	1012946	1012947	5	0.6109
chr1	1012996	1012997	4	0.6919
chr1	1013092	1013093	5	0.5966
chr1	1013101	1013102	4	0.1097
chr1	1013139	1013140	4	0.0282
chr1	1013179	1013180	3	0.2052
chr1	1013216	1013217	2	0.1474
chr1	1013242	1013243	6	0.0788
chr1	1013292	1013293	5	0.2575
chr1	1013339	1013340	6	0.1644
chr1	1013389	1013390	6	0.0902
chr1	1013427	1013428	3	0.1237
chr1	1013471	1013472	3	0.3554
chr1	1013493	1013494	6	0.4358
chr1	1013523	1013524	4	0.4697
chr1	1013565	1013566	5	0.5714
chr1	1013589	1013590	4	0.3763
chr1	1013607	1013608	4	0.562
chr1	1013657	1013658	6	0.2481
chr1	1013757	1013758	4	0.2468
chr1	1013857	1013858	4	0.1315
chr1	1013907	1013908	5	0.0813
chr1	1014007	1014008	4	0.1708
chr1	1014107	1014108	5	0.1534
chr1	1014123	1014124	4	0.0579
chr1	1014239	1014240	2	0.0521
chr1	1014373	1014374	3	0.1879
chr1	1014391	1014392	4	0.3132
chr1	1014465	1014466	4	0.2098
chr1	1014575	1014576	5	0.1092
chr1	1014580	1014581	5	0.4275
chr1	1014613	1014614	5	0.4218
chr1	1014642	1014643	5	0.4959
chr1	1014661	1014662	2	0.3678
chr1	1014690	1014691	4	0.4236
chr1	1014705	1014706	5	0.4688
chr1	1014734	1014735	5	0.4631
chr1	1014779	1014780	5	0.439
chr1	1014828	1014829	5	0.2155
chr1	1014843	1014844	4	0.2681
chr1	1014887	1014888	5	0.3524
chr1	1014907	1014908	5	0.2957
chr1	1014922	1014923	2	0.3796
chr1	1014937	1014938	4	0.202
chr1	1014973	1014974	5	0.3668
chr1	1015015	1015016	3	0.4441
chr1	1015050	1015051	4	0.5135
chr1	1015062	1015063	4	0.2776
chr1	1015154	1015155	4	0.5625
chr1	1015254	1015255	5	0.4016
chr1	1015304	1015305	3	0.4584
chr1	1015396	1015397	5	0.4069
chr1	1015496	1015497	4	0.5316
chr1	1015502	1015503	3	0.7856
chr1	1015526	1015527	3	0.7195
chr1	1015540	1015541	5	0.777
chr1	1015574	1015575	4	0.938
chr1	1015686	1015687	6	0.739
chr1	1015768	1015769	4	0.7232
chr1	1015816	1015817	3	0.7806
chr1	1015840	1015841	4	0.8245
chr1	1015936	1015937	4	0.8245
chr1	1015945	1015946	5	0.4361
chr1	1015980	1015981	5	0.4714
chr1	1016014	1016015	6	0.4078
chr1	1016040	1016041	4	0.4474
chr1	1016068	1016069	4	0.4659
chr1	1016103	1016104	3	0.5698
chr1	1016132	1016133	4	0.6752
chr1	1016159	1016160	4	0.5289
chr1	1016189	1016190	5	0.431
chr1	1016214	1016215	7	0.3718
chr1	1016264	1016265	5	0.5954
chr1	1016298	1016299	4	0.5034
chr1	1016335	1016336	4	0.5674
chr1	1016364	1016365	5	0.417
chr1	1016414	1016415	5	0.4441
chr1	1016445	1016446	5	0.5513
chr1	1016467	1016468	3	0.5381
chr1	1016475	1016476	4	0.4527
chr1	1016525	1016526	5	0.598
chr1	1016625	1016626	5	0.5136
chr1	1016725	1016726	5	0.7215
chr1	1016825	1016826	5	0.5913
chr1	1016875	1016876	4	0.5383
chr1	1016925	1016926	5	0.4874
chr1	1016941	1016942	5	0.8369
chr1	1017157	1017158	4	0.9106
chr1	1017159	1017160	4	0.8272
chr1	1017249	1017250	5	0.5202
chr1	1017261	1017262	3	0.4988
chr1	1017277	1017278	5	0.7677
chr1	1017395	1017396	2	0.6841
chr1	1017401	1017402	5	0.7807
chr1	1017422	1017423	5	0.6605
chr1	1017462	1017463	5	0.6012
chr1	1017493	1017494	5	0.7364
chr1	1017515	1017516	4	0.7322
chr1	1017531	1017532	6	0.7126
chr1	1017546	1017547	4	0.5199
chr1	1017583	1017584	4	0.7467
chr1	1017600	1017601	4	0.623
chr1	1017617	1017618	4	0.6877
chr1	1017641	1017642	5	0.6959
chr1	1017665	1017666	5	0.7103
chr1	1017697	1017698	5	0.6643
chr1	1017733	1017734	5	0.7425
chr1	1017756	1017757	2	0.6108
chr1	1017799	1017800	4	0.6155
chr1	1017845	1017846	6	0.7299
chr1	1017890	1017891	6	0.6389
chr1	1017917	1017918	5	0.8006
chr1	1017939	1017940	4	0.6266
chr1	1017959	1017960	4	0.7186
chr1	1017963	1017964	5	0.7267
chr1	1018063	1018064	4	0.6381
chr1	1018163	1018164	4	0.675
chr1	1018263	1018264	5	0.6465
chr1	1018363	1018364	4	0.5677
chr1	1018463	1018464	3	0.6986
chr1	1018514	1018515	5	0.7182
chr1	1018766	1018767	6	0.9535
chr1	1018808	1018809	4	0.9244
chr1	1018856	1018857	4	0.7924
chr1	1018886	1018887	6	0.7554
chr1	1018972	1018973	2	0.8996
chr1	1018979	1018980	7	0.1145
chr1	1019029	1019030	4	0.0
chr1	1019077	1019078	4	0.2205
chr1	1019114	1019115	4	0.3386
chr1	1019129	1019130	4	0.2575
chr1	1019155	1019156	4	0.2267
chr1	1019204	1019205	5	0.187
chr1	1019227	1019228	4	0.1665
chr1	1019244	1019245	3	0.068
chr1	1019270	1019271	6	0.1748
chr1	1019300	1019301	6	0.1196
chr1	1019329	1019330	5	0.1993
chr1	1019361	1019362	5	0.2401
chr1	1019392	1019393	4	0.3954
chr1	1019407	1019408	5	0.3171
chr1	1019428	1019429	5	0.2897
chr1	1019521	1019522	4	0.3767
chr1	1019603	1019604	2	0.3694
chr1	1019673	1019674	6	0.3198
chr1	1019773	1019774	6	0.1512
chr1	1019873	1019874	2	0.22
chr1	1019911	1019912	3	0.0
chr1	1019953	1019954	3	0.2365
chr1	1019983	1019984	5	0.3591
chr1	1020005	1020006	5	0.0808
chr1	1020035	1020036	4	0.1559
chr1	1020105	1020106	3	0.205
chr1	1020295	1020296	3	0.0624
chr1	1020335	1020336	5	0.6269
chr1	1020356	1020357	3	0.5154
chr1	1020406	1020407	4	0.9547
chr1	1020436	1020437	4	0.7843
chr1	1020455	1020456	5	0.9087
chr1	1020492	1020493	4	0.5494
chr1	1020524	1020525	4	0.4537
chr1	1020551	1020552	5	0.5091
chr1	1020582	1020583	5	0.9123
chr1	1020612	1020613	4	0.5145
chr1	1020662	1020663	5	0.6623
chr1	1020678	1020679	6	0.6079
chr1	1020719	1020720	6	0.7648
chr1	1020769	1020770	4	0.8865
chr1	1020770	1020771	5	0.8007
chr1	1020857	1020858	2	0.6291
chr1	1020957	1020958	5	0.519
chr1	1021057	1021058	4	0.9103
chr1	1021157	1021158	4	0.7983
chr1	1021209	1021210	3	0.8373
chr1	1021220	1021221	5	0.1713
chr1	1021264	1021265	4	0.3031
chr1	1021288	1021289	5	0.4398
chr1	1021309	1021310	3	0.7495
chr1	1021342	1021343	4	0.2925
chr1	1021357	1021358	5	0.0567
chr1	1021407	1021408	4	0.7324
chr1	1021428	1021429	4	0.2477
chr1	1021478	1021479	5	0.1644
chr1	1021500	1021501	4	0.5338
chr1	1021524	1021525	5	0.2398
chr1	1021558	1021559	5	0.1862
chr1	1021588	1021589	4	0.2189
chr1	1021610	1021611	6	0.5456
chr1	1021638	1021639	3	0.5987
chr1	1021662	1021663	7	0.6508
chr1	1021762	1021763	4	0.1971
chr1	1021817	1021818	4	0.27
chr1	1021917	1021918	5	0.3017
chr1	1021969	1021970	6	0.4072
chr1	1022069	1022070	5	0.244
chr1	1022106	1022107	5	0.7167
chr1	1022110	1022111	6	0.5205
chr1	1022120	1022121	4	0.1766
chr1	1022147	1022148	5	0.0
chr1	1022197	1022198	5	0.1514
chr1	1022212	1022213	4	0.0936
chr1	1022229	1022230	4	0.0
chr1	1022278	1022279	6	0.0314
chr1	1022301	1022302	4	0.0908
chr1	1022321	1022322	5	0.1634
chr1	1022346	1022347	3	0.1601
chr1	1022368	1022369	6	0.2812
chr1	1022418	1022419	4	0.2379
chr1	1022439	1022440	5	0.167
chr1	1022476	1022477	4	0.2209
chr1	1022519	1022520	4	0.2036
chr1	1022556	1022557	6	0.0455
chr1	1022606	1022607	6	0.0494
chr1	1022623	1022624	4	0.0885
chr1	1022625	1022626	5	0.2552
chr1	1022716	1022717	5	0.1794
chr1	1022766	1022767	4	0.1875
chr1	1022866	1022867	5	0.05
chr1	1022916	1022917	5	0.0819
chr1	1023003	1023004	4	0.1903
chr1	1023100	1023101	3	0.1175
chr1	1023120	1023121	3	0.2399
chr1	1023176	1023177	6	0.1398
chr1	1023186	1023187	4	0.4634
chr1	1023236	1023237	5	0.5306
chr1	1023263	1023264	4	0.6401
chr1	1023313	1023314	6	0.5469
chr1	1023363	1023364	4	0.498
chr1	1023389	1023390	4	0.4822
chr1	1023413	1023414	6	0.5719
chr1	1023446	1023447	4	0.549
chr1	1023493	1023494	5	0.401
chr1	1023521	1023522	4	0.6611
chr1	1023557	1023558	5	0.6078
chr1	1023607	1023608	5	0.5485
chr1	1023657	1023658	5	0.5841
chr1	1023699	1023700	3	0.5308
chr1	1023776	1023777	5	0.6015
chr1	1023831	1023832	6	0.4519
chr1	1023891	1023892	6	0.4245
chr1	1023991	1023992	4	0.3716
chr1	1024091	1024092	6	0.64
chr1	1024188	1024189	3	0.6073
chr1	1024224	1024225	5	0.7342
chr1	1024338	1024339	4	0.8222
chr1	1024344	1024345	5	0.8608
chr1	1024368	1024369	6	0.749
chr1	1024386	1024387	5	0.8235
chr1	1024446	1024447	3	0.8935
chr1	1024518	1024519	5	0.8581
chr1	1024527	1024528	5	0.3975
chr1	1024560	1024561	4	0.5643
chr1	1024603	1024604	4	0.5064
chr1	1024628	1024629	5	0.5372
chr1	1024673	1024674	4	0.5264
chr1	1024689	1024690	6	0.36
chr1	1024709	1024710	5	0.524
chr1	1024753	1024754	5	0.5852
chr1	1024779	1024780	6	0.4111
chr1	1024806	1024807	5	0.4388
chr1	1024852	1024853	4	0.2641
chr1	1024880	1024881	5	0.5795
chr1	1024896	1024897	5	0.2817
chr1	1024929	1024930	4	0.4491
chr1	1024954	1024955	6	0.4699
chr1	1025005	1025006	4	0.3648
chr1	1025105	1025106	5	0.4051
chr1	1025163	1025164	6	0.1944
chr1	1025263	1025264	6	0.3492
chr1	1025363	1025364	5	0.422
chr1	1025387	1025388	5	0.9985
chr1	1025397	1025398	4	0.8956
chr1	1025445	1025446	7	0.7221
chr1	1025485	1025486	6	0.8069
chr1	1025641	1025642	6	0.6637
chr1	1025697	1025698	4	0.6632
chr1	1025753	1025754	3	0.8155
chr1	1025801	1025802	4	0.8882
chr1	1025849	1025850	3	0.7248
chr1	1025857	1025858	6	0.9802
chr1	1025887	1025888	6	0.9246
chr1	1025937	1025938	5	0.8377
chr1	1025955	1025956	5	0.853
chr1	1025985	1025986	5	0.8494
chr1	1026013	1026014	3	0.8852
chr1	1026040	1026041	4	0.8275
chr1	1026055	1026056	6	0.9168
chr1	1026105	1026106	4	0.8231
chr1	1026124	1026125	5	0.7618
chr1	1026146	1026147	5	0.8875
chr1	1026166	1026167	5	0.8673
chr1	1026190	1026191	5	0.9818
chr1	1026207	1026208	4	0.968
chr1	1026232	1026233	4	0.8516
chr1	1026265	1026266	6	0.9764
chr1	1026315	1026316	7	0.737
chr1	1026365	1026366	6	0.8557
chr1	1026380	1026381	6	0.8771
chr1	1026408	1026409	5	0.8867
chr1	1026458	1026459	4	0.6438
chr1	1026459	1026460	4	0.9236
chr1	1026559	1026560	5	0.7225
chr1	1026659	1026660	4	0.7598
chr1	1026759	1026760	5	0.8612
chr1	1026859	1026860	5	0.8337
chr1	1026930	1026931	3	0.8024
chr1	1027030	1027031	4	0.7418
chr1	1027034	1027035	6	0.901
chr1	1027076	1027077	5	0.934
chr1	1027085	1027086	4	0.5539
chr1	1027130	1027131	4	0.5906
chr1	1027180	1027181	4	0.4864
chr1	1027197	1027198	3	0.6974
chr1	1027224	1027225	5	0.5962
chr1	1027251	1027252	5	0.5529
chr1	1027267	1027268	4	0.6594
chr1	1027294	1027295	4	0.5632
chr1	1027317	1027318	4	0.4688
chr1	1027339	1027340	5	0.5932
chr1	1027369	1027370	5	0.724
chr1	1027399	1027400	4	0.448
chr1	1027414	1027415	4	0.4647
chr1	1027438	1027439	6	0.546
chr1	1027480	1027481	4	0.6663
chr1	1027507	1027508	5	0.5159
chr1	1027540	1027541	3	0.5972
chr1	1027564	1027565	3	0.5902
chr1	1027579	1027580	5	0.5127
chr1	1027594	1027595	5	0.4426
chr1	1027617	1027618	5	0.3771
chr1	1027637	1027638	3	0.5621
chr1	1027674	1027675	4	0.4324
chr1	1027724	1027725	2	0.5591
chr1	1027824	1027825	6	0.4808
chr1	1027877	1027878	3	0.5774
chr1	1027977	1027978	7	0.3807
chr1	1028035	1028036	7	0.7828
chr1	1028135	1028136	4	0.5619
chr1	1028211	1028212	6	0.6772
chr1	1028309	1028310	5	0.8718
chr1	1028397	1028398	4	0.8537
chr1	1028443	1028444	4	0.852
chr1	1028573	1028574	4	0.8008
chr1	1028679	1028680	5	0.7774
chr1	1028728	1028729	6	0.7862
chr1	1028778	1028779	5	0.9931
chr1	1028797	1028798	3	0.9459
chr1	1028836	1028837	5	0.8843
chr1	1028861	1028862	4	0.7105
chr1	1028895	1028896	5	0.8106
chr1	1028925	1028926	4	0.9747
chr1	1028951	1028952	4	0.8902
chr1	1028974	1028975	5	0.921
chr1	1029006	1029007	6	0.9646
chr1	1029052	1029053	5	0.9701
chr1	1029099	1029100	5	0.9567
chr1	1029117	1029118	5	0.7861
chr1	1029132	1029133	5	0.818
chr1	1029168	1029169	6	0.9182
chr1	1029218	1029219	6	0.8993
chr1	1029330	1029331	6	0.9763
chr1	1029430	1029431	3	0.8242
chr1	1029482	1029483	5	0.8277
chr1	1029543	1029544	5	0.9228
chr1	1029643	1029644	3	0.8366
chr1	1029649	1029650	5	0.8373
chr1	1029663	1029664	5	0.5753
chr1	1029705	1029706	5	0.7424
chr1	1029748	1029749	6	0.7313
chr1	1029798	1029799	5	0.7886
chr1	1029826	1029827	5	0.8146
chr1	1029856	1029857	3	0.7807
chr1	1029906	1029907	5	0.6382
chr1	1029956	1029957	5	0.8263
chr1	1029991	1029992	5	0.819
chr1	1030040	1030041	5	0.7491
chr1	1030059	1030060	4	0.8227
chr1	1030087	1030088	4	0.7893
chr1	1030137	1030138	5	0.6886
chr1	1030151	1030152	7	0.6648
chr1	1030251	1030252	5	0.8436
chr1	1030451	1030452	6	0.6497
chr1	1030524	1030525	3	0.8026
chr1	1030574	1030575	5	0.8569
chr1	1030596	1030597	4	0.763
chr1	1030620	1030621	5	0.6741
chr1	1030666	1030667	4	0.6916
chr1	1030707	1030708	3	0.6502
chr1	1030724	1030725	4	0.7128
chr1	1030743	1030744	4	0.6675
chr1	1030793	1030794	4	0.6198
chr1	1030810	1030811	4	0.7157
chr1	1030841	1030842	4	0.8464
chr1	1030883	1030884	5	0.8235
chr1	1030933	1030934	4	0.6851
chr1	1030962	1030963	6	0.6578
chr1	1030991	1030992	5	0.9265
chr1	1031016	1031017	2	0.6888
chr1	1031066	1031067	7	0.7433
chr1	1031095	1031096	6	0.7976
chr1	1031113	1031114	5	0.8287
chr1	1031163	1031164	5	0.7827
chr1	1031187	1031188	2	0.6266
chr1	1031188	1031189	2	0.7196
chr1	1031288	1031289	5	0.6328
chr1	1031388	1031389	5	0.6927
chr1	1031488	1031489	5	0.6846
chr1	1031588	1031589	6	0.7116
chr1	1031658	1031659	5	0.8178
chr1	1031696	1031697	3	0.5979
chr1	1031740	1031741	6	0.7873
chr1	1031772	1031773	6	0.9292
chr1	1031797	1031798	4	0.9695
chr1	1031815	1031816	5	0.9671
chr1	1031840	1031841	5	0.7814
chr1	1031869	1031870	5	0.7437
chr1	1031909	1031910	5	0.9562
chr1	1031959	1031960	5	0.9578
chr1	1031996	1031997	5	0.87
chr1	1032022	1032023	4	0.9222
chr1	1032045	1032046	5	0.8154
chr1	1032060	1032061	4	0.8769
chr1	1032075	1032076	4	0.9151
chr1	1032098	1032099	6	0.813
chr1	1032125	1032126	4	0.8205
chr1	1032151	1032152	4	0.7812
chr1	1032201	1032202	5	0.8141
chr1	1032228	1032229	4	0.9032
chr1	1032245	1032246	5	0.9598
chr1	1032294	1032295	3	0.9731
chr1	1032394	1032395	5	0.9984
chr1	1032494	1032495	4	0.96
chr1	1032594	1032595	2	0.9351
chr1	1032673	1032674	5	0.9264
chr1	1032754	1032755	4	0.9439
chr1	1032809	1032810	5	0.8325
chr1	1032863	1032864	5	0.9588
chr1	1032871	1032872	6	0.7388
chr1	1032878	1032879	6	0.4551
chr1	1032906	1032907	6	0.6251
chr1	1032946	1032947	6	0.6768
chr1	1032991	1032992	5	0.6963
chr1	1033007	1033008	5	0.6357
chr1	1033035	1033036	6	0.5264
chr1	1033073	1033074	4	0.5669
chr1	1033123	1033124	6	0.665
chr1	1033148	1033149	4	0.7018
chr1	1033182	1033183	4	0.7196
chr1	1033228	1033229	4	0.7278
chr1	1033244	1033245	5	0.6461
chr1	1033275	1033276	3	0.8398
chr1	1033317	1033318	7	0.7525
chr1	1033328	1033329	4	0.6936
chr1	1033428	1033429	2	0.7269
chr1	1033528	1033529	6	0.489
chr1	1033628	1033629	7	0.6933
chr1	1033728	1033729	4	0.6678
chr1	1033790	1033791	1	0.8951
chr1	1033800	1033801	4	0.8729
chr1	1033996	1033997	4	0.8925
chr1	1034028	1034029	5	0.767
chr1	1034158	1034159	5	0.9589
chr1	1034194	1034195	5	0.8717
chr1	1034196	1034197	3	0.8879
chr1	1034210	1034211	5	0.9832
chr1	1034258	1034259	5	0.337
chr1	1034306	1034307	4	0.0366
chr1	1034321	1034322	5	0.1728
chr1	1034356	1034357	5	0.1807
chr1	1034389	1034390	3	0.0471
chr1	1034416	1034417	5	0.1478
chr1	1034434	1034435	3	0.1289
chr1	1034464	1034465	5	0.0
chr1	1034479	1034480	4	0.1144
chr1	1034504	1034505	3	0.2488
chr1	1034532	1034533	4	0.0747
chr1	1034579	1034580	4	0.1877
chr1	1034614	1034615	6	0.1818
chr1	1034631	1034632	4	0.1244
chr1	1034662	1034663	5	0.2652
chr1	1034709	1034710	4	0.1861
chr1	1034724	1034725	4	0.0744
chr1	1034741	1034742	3	0.1532
chr1	1034745	1034746	3	0.0758
chr1	1034845	1034846	5	0.0045
chr1	1034895	1034896	6	0.0606
chr1	1034977	1034978	2	0.1156
chr1	1035077	1035078	6	0.2087
chr1	1035144	1035145	4	0.0393
chr1	1035220	1035221	4	0.2084
chr1	1035228	1035229	5	0.11
chr1	1035318	1035319	3	0.0718
chr1	1035329	1035330	7	0.24
chr1	1035363	1035364	3	0.2
chr1	1035413	1035414	4	0.2195
chr1	1035430	1035431	6	0.2234
chr1	1035461	1035462	4	0.3214
chr1	1035484	1035485	6	0.1724
chr1	1035529	1035530	5	0.3288
chr1	1035557	1035558	5	0.2125
chr1	1035607	1035608	4	0.2589
chr1	1035625	1035626	5	0.3011
chr1	1035654	1035655	4	0.2628
chr1	1035681	1035682	4	0.133
chr1	1035707	1035708	4	0.337
chr1	1035750	1035751	4	0.2553
chr1	1035800	1035801	6	0.2915
chr1	1035819	1035820	6	0.3282
chr1	1035834	1035835	3	0.2218
chr1	1035864	1035865	5	0.1517
chr1	1035885	1035886	6	0.1695
chr1	1035904	1035905	5	0.1844
chr1	1035982	1035983	4	0.4061
chr1	1036082	1036083	3	0.3525
chr1	1036182	1036183	5	0.2802
chr1	1036267	1036268	5	0.5542
chr1	1036367	1036368	4	0.2991
chr1	1036435	1036436	5	0.2426
chr1	1036525	1036526	4	0.0613
chr1	1036540	1036541	4	0.7957
chr1	1036575	1036576	3	0.6612
chr1	1036625	1036626	4	0.8009
chr1	1036665	1036666	5	0.7109
chr1	1036684	1036685	3	0.5957
chr1	1036727	1036728	4	0.8239
chr1	1036766	1036767	5	0.7399
chr1	1036797	1036798	4	0.7846
chr1	1036833	1036834	4	0.846
chr1	1036863	1036864	5	0.6614
chr1	1036891	1036892	4	0.7318
chr1	1036939	1036940	6	0.6719
chr1	1037039	1037040	4	0.7024
chr1	1037139	1037140	5	0.6976
chr1	1037189	1037190	4	0.7158
chr1	1037289	1037290	4	0.9168
chr1	1037305	1037306	6	1.0
chr1	1037387	1037388	4	0.7107
chr1	1037428	1037429	3	0.0358
chr1	1037473	1037474	5	0.1428
chr1	1037511	1037512	4	0.23
chr1	1037561	1037562	7	0.252
chr1	1037605	1037606	5	0.172
chr1	1037620	1037621	4	0.1874
chr1	1037635	1037636	5	0.0121
chr1	1037664	1037665	3	0.1745
chr1	1037713	1037714	5	0.1391
chr1	1037741	1037742	4	0.1717
chr1	1037756	1037757	3	0.1702
chr1	1037771	1037772	3	0.1439
chr1	1037821	1037822	4	0.1898
chr1	1037856	1037857	5	0.1293
chr1	1037892	1037893	4	0.2271
chr1	1037925	1037926	4	0.0367
chr1	1038025	1038026	4	0.1892
chr1	1038125	1038126	5	0.0833
chr1	1038225	1038226	3	0.0892
chr1	1038325	1038326	5	0.1052
chr1	1038377	1038378	5	0.2177
chr1	1038441	1038442	5	0.0737
chr1	1038457	1038458	4	0.3952
chr1	1038507	1038508	4	0.7003
chr1	1038548	1038549	5	0.5866
chr1	1038573	1038574	4	0.3447
chr1	1038609	1038610	6	0.6666
chr1	1038659	1038660	6	0.5561
chr1	1038692	1038693	4	0.2859
chr1	1038713	1038714	3	0.5268
chr1	1038756	1038757	6	0.7752
chr1	1038786	1038787	5	0.4144
chr1	1038804	1038805	3	0.6138
chr1	1038822	1038823	4	0.8171
chr1	1038861	1038862	5	0.8299
chr1	1038876	1038877	5	0.6184
chr1	1038895	1038896	5	0.8446
chr1	1038912	1038913	4	0.861
chr1	1039012	1039013	4	0.8379
chr1	1039062	1039063	3	0.5945
chr1	1039162	1039163	7	0.5881
chr1	1039262	1039263	5	0.6384
chr1	1039362	1039363	6	0.8077
chr1	1039467	1039468	6	0.7134
chr1	1039477	1039478	5	0.5979
chr1	1039524	1039525	5	0.6227
chr1	1039574	1039575	7	0.5939
chr1	1039624	1039625	6	0.7025
chr1	1039651	1039652	4	0.3478
chr1	1039673	1039674	6	0.5916
chr1	1039711	1039712	4	0.6409
chr1	1039754	1039755	5	0.7066
chr1	1039770	1039771	5	0.7001
chr1	1039798	1039799	4	0.6939
chr1	1039813	1039814	4	0.661
chr1	1039848	1039849	3	0.5111
chr1	1039883	1039884	5	0.5668
chr1	1039919	1039920	4	0.5282
chr1	1039943	1039944	5	0.7512
chr1	1039990	1039991	2	0.5975
chr1	1040090	1040091	4	0.5633
chr1	1040157	1040158	3	0.5721
chr1	1040257	1040258	5	0.7389
chr1	1040357	1040358	6	0.6531
chr1	1040449	1040450	4	0.5127
chr1	1040499	1040500	3	0.5819
chr1	1040579	1040580	5	0.8406
chr1	1040609	1040610	6	0.9117
chr1	1040711	1040712	4	0.9191
chr1	1040737	1040738	5	1.0
chr1	1040747	1040748	2	0.8395
chr1	1040763	1040764	1	0.9635
chr1	1040873	1040874	6	0.8011
chr1	1040893	1040894	5	0.8105
chr1	1040979	1040980	3	0.8347
chr1	1041004	1041005	6	0.537
chr1	1041033	1041034	4	0.5792
chr1	1041072	1041073	3	0.474
chr1	1041106	1041107	4	0.5115
chr1	1041155	1041156	4	0.6359
chr1	1041205	1041206	4	0.5087
chr1	1041240	1041241	5	0.5397
chr1	1041261	1041262	4	0.6258
chr1	1041280	1041281	6	0.4923
chr1	1041310	1041311	4	0.7504
chr1	1041346	1041347	3	0.5509
chr1	1041376	1041377	5	0.5188
chr1	1041399	1041400	4	0.5337
chr1	1041432	1041433	4	0.447
chr1	1041471	1041472	5	0.661
chr1	1041478	1041479	5	0.5074
chr1	1041540	1041541	5	0.6822
chr1	1041640	1041641	5	0.5537
chr1	1041740	1041741	5	0.6907
chr1	1041814	1041815	4	0.7169
chr1	1041874	1041875	5	0.5035
chr1	1041924	1041925	5	0.4293
chr1	1041968	1041969	4	0.4813
chr1	1041978	1041979	4	0.6059
chr1	1041986	1041987	6	0.4897
chr1	1042005	1042006	5	0.7521
chr1	1042054	1042055	4	0.5958
chr1	1042088	1042089	4	0.6216
chr1	1042125	1042126	6	0.7023
chr1	1042163	1042164	5	0.5878
chr1	1042191	1042192	5	0.5025
chr1	1042232	1042233	4	0.5602
chr1	1042264	1042265	4	0.3573
chr1	1042314	1042315	4	0.5966
chr1	1042345	1042346	5	0.8248
chr1	1042360	1042361	4	0.6969
chr1	1042383	1042384	5	0.5929
chr1	1042398	1042399	4	0.5046
chr1	1042437	1042438	3	0.5233
chr1	1042453	1042454	6	0.4989
chr1	1042480	1042481	6	0.6164
chr1	1042498	1042499	7	0.458
chr1	1042598	1042599	3	0.6498
chr1	1042698	1042699	5	0.6152
chr1	1042798	1042799	5	0.4652
chr1	1042848	1042849	4	0.5361
chr1	1042948	1042949	4	0.6445
chr1	1042988	1042989	2	0.2607
chr1	1043136	1043137	3	0.2205
chr1	1043290	1043291	5	0.3785
chr1	1043368	1043369	5	0.4216
chr1	1043426	1043427	5	0.3128
chr1	1043431	1043432	6	0.8406
chr1	1043451	1043452	5	1.0
chr1	1043501	1043502	4	1.0
chr1	1043525	1043526	5	0.955
chr1	1043541	1043542	4	0.9367
chr1	1043568	1043569	4	0.8175
chr1	1043618	1043619	3	1.0
chr1	1043644	1043645	6	0.8894
chr1	1043668	1043669	4	1.0
chr1	1043683	1043684	5	0.996
chr1	1043733	1043734	5	0.9499
chr1	1043756	1043757	3	0.9153
chr1	1043800	1043801	3	1.0
chr1	1043828	1043829	6	1.0
chr1	1043852	1043853	3	1.0
chr1	1043881	1043882	6	0.9798
chr1	1043926	1043927	5	0.8409
chr1	1043976	1043977	5	1.0
chr1	1044076	1044077	3	0.811
chr1	1044170	1044171	4	0.8815
chr1	1044270	1044271	4	1.0
chr1	1044336	1044337	5	0.7417
chr1	1044356	1044357	6	0.5264
chr1	1044380	1044381	3	0.4648
chr1	1044552	1044553	4	0.4604
chr1	1044608	1044609	4	0.5686
chr1	1044762	1044763	4	0.6705
chr1	1045793	1045794	5	0.2411
chr1	1045830	1045831	5	0.3952
chr1	1045880	1045881	4	0.346
chr1	1045908	1045909	5	0.3669
chr1	1045953	1045954	5	0.4341
chr1	1045989	1045990	4	0.335
chr1	1046028	1046029	4	0.3155
chr1	1046057	1046058	5	0.562
chr1	1046078	1046079	5	0.3293
chr1	1046128	1046129	4	0.5682
chr1	1046178	1046179	5	0.3446
chr1	1046221	1046222	6	0.3198
chr1	1046251	1046252	4	0.4441
chr1	1046279	1046280	7	0.403
chr1	1046313	1046314	5	0.3711
chr1	1046413	1046414	4	0.3657
chr1	1046463	1046464	3	0.3191
chr1	1046563	1046564	3	0.4078
chr1	1046637	1046638	6	0.3933
chr1	1046737	1046738	4	0.2628
chr1	1046767	1046768	4	0.115
chr1	1046873	1046874	4	0.0765
chr1	1046999	1047000	6	0.133
chr1	1047001	1047002	5	0.1913
chr1	1047005	1047006	4	0.323
chr1	1047115	1047116	5	0.05
chr1	1047147	1047148	5	0.2193
chr1	1047191	1047192	4	0.1492
chr1	1047227	1047228	4	0.1882
chr1	1047263	1047264	2	0.0967
chr1	1047283	1047284	5	0.0497
chr1	1047311	1047312	5	0.0874
chr1	1047331	1047332	3	0.1029
chr1	1047353	1047354	4	0.0028
chr1	1047368	1047369	5	0.043
chr1	1047418	1047419	4	0.0278
chr1	1047468	1047469	4	0.1002
chr1	1047501	1047502	5	0.1033
chr1	1047551	1047552	4	0.0522
chr1	1047585	1047586	5	0.1355
chr1	1047625	1047626	6	0.2187
chr1	1047645	1047646	5	0.1516
chr1	1047680	1047681	3	0.1426
chr1	1047695	1047696	5	0.1395
chr1	1047727	1047728	4	0.1359
chr1	1047763	1047764	4	0.1266
chr1	1047778	1047779	4	0.1279
chr1	1047812	1047813	4	0.2435
chr1	1047912	1047913	4	0.0386
chr1	1047981	1047982	4	0.0175
chr1	1048031	1048032	4	0.0
chr1	1048131	1048132	3	0.0192
chr1	1048211	1048212	2	0.1434
chr1	1048288	1048289	4	0.0623
chr1	1048316	1048317	4	0.0283
chr1	1048321	1048322	6	0.4578
chr1	1048352	1048353	6	0.5436
chr1	1048367	1048368	4	0.6437
chr1	1048402	1048403	6	0.6929
chr1	1048435	1048436	5	0.6871
chr1	1048468	1048469	4	0.6375
chr1	1048501	1048502	4	0.6846
chr1	1048536	1048537	4	0.7345
chr1	1048572	1048573	3	0.5903
chr1	1048602	1048603	6	0.8455
chr1	1048652	1048653	4	0.5821
chr1	1048667	1048668	5	0.4306
chr1	1048686	1048687	3	0.5295
chr1	1048707	1048708	3	0.5367
chr1	1048729	1048730	4	0.4393
chr1	1048742	1048743	5	0.5592
chr1	1048818	1048819	4	0.6788
chr1	1048918	1048919	5	0.6793
chr1	1048968	1048969	5	0.5962
chr1	1049056	1049057	5	0.5737
chr1	1049156	1049157	5	0.4439
chr1	1049208	1049209	4	0.8362
chr1	1049218	1049219	4	0.7204
chr1	1049280	1049281	4	0.9106
chr1	1049484	1049485	4	0.7447
chr1	1049502	1049503	4	0.728
chr1	1049530	1049531	6	0.6536
chr1	1049546	1049547	4	0.9304
chr1	1049548	1049549	5	1.0
chr1	1049562	1049563	4	0.9507
chr1	1049612	1049613	4	0.9172
chr1	1049630	1049631	4	0.3637
chr1	1049661	1049662	5	0.1371
chr1	1049677	1049678	2	0.346
chr1	1049713	1049714	5	0.2913
chr1	1049746	1049747	5	0.3055
chr1	1049761	1049762	5	0.2836
chr1	1049780	1049781	4	0.3833
chr1	1049803	1049804	5	0.2534
chr1	1049828	1049829	4	0.2068
chr1	1049843	1049844	4	0.1623
chr1	1049893	1049894	5	0.2686
chr1	1049927	1049928	4	0.0039
chr1	1049977	1049978	5	0.2773
chr1	1050022	1050023	4	0.3489
chr1	1050044	1050045	3	0.3593
chr1	1050074	1050075	5	0.2335
chr1	1050088	1050089	4	0.2473
chr1	1050139	1050140	4	0.2556
chr1	1050239	1050240	4	0.2939
chr1	1050305	1050306	5	0.2639
chr1	1050405	1050406	4	0.1237
chr1	1050455	1050456	4	0.1317
chr1	1050491	1050492	3	0.1914
chr1	1050503	1050504	5	0.7612
chr1	1050525	1050526	5	0.6928
chr1	1050549	1050550	4	0.5326
chr1	1050578	1050579	5	0.6035
chr1	1050598	1050599	5	0.6173
chr1	1050613	1050614	3	0.579
chr1	1050651	1050652	4	0.6689
chr1	1050671	1050672	5	0.5425
chr1	1050710	1050711	5	0.435
chr1	1050744	1050745	5	0.5884
chr1	1050778	1050779	3	0.6114
chr1	1050807	1050808	6	0.5144
chr1	1050844	1050845	5	0.7192
chr1	1050867	1050868	5	0.6377
chr1	1050917	1050918	6	0.7566
chr1	1050961	1050962	5	0.7291
chr1	1050979	1050980	3	0.7664
chr1	1051063	1051064	4	0.7891
chr1	1051163	1051164	7	0.8219
chr1	1051242	1051243	5	0.7542
chr1	1051342	1051343	6	0.5145
chr1	1051442	1051443	5	0.6492
chr1	1051524	1051525	6	0.7352
chr1	1051567	1051568	3	0.8217
chr1	1051616	1051617	5	0.8308
chr1	1051631	1051632	4	0.7157
chr1	1051674	1051675	5	0.9196
chr1	1051713	1051714	5	0.7874
chr1	1051763	1051764	5	0.8876
chr1	1051778	1051779	2	0.8795
chr1	1051815	1051816	5	0.8925
chr1	1051835	1051836	3	0.865
chr1	1051854	1051855	5	0.8246
chr1	1051897	1051898	3	0.663
chr1	1051912	1051913	3	0.8406
chr1	1051954	1051955	5	0.8124
chr1	1052004	1052005	4	0.5812
chr1	1052029	1052030	5	0.6511
chr1	1052075	1052076	6	0.9401
chr1	1052092	1052093	4	0.7931
chr1	1052115	1052116	6	0.818
chr1	1052165	1052166	4	0.7899
chr1	1052247	1052248	4	0.7558
chr1	1052347	1052348	4	0.7543
chr1	1052401	1052402	4	0.8822
chr1	1052501	1052502	4	0.6627
chr1	1052601	1052602	4	0.7736
chr1	1052651	1052652	7	0.7701
chr1	1052689	1052690	4	0.7057
chr1	1052721	1052722	4	0.8904
chr1	1052726	1052727	5	0.7226
chr1	1052769	1052770	5	0.6449
chr1	1052792	1052793	6	0.5407
chr1	1052819	1052820	5	0.6816
chr1	1052846	1052847	5	0.6448
chr1	1052868	1052869	4	0.7301
chr1	1052918	1052919	4	0.5395
chr1	1052954	1052955	4	0.7708
chr1	1052985	1052986	5	0.5823
chr1	1053000	1053001	4	0.6614
chr1	1053032	1053033	4	0.7551
chr1	1053082	1053083	5	0.6708
chr1	1053101	1053102	5	0.4095
chr1	1053151	1053152	6	0.6798
chr1	1053166	1053167	3	0.6215
chr1	1053195	1053196	4	0.7296
chr1	1053295	1053296	3	0.718
chr1	1053395	1053396	5	0.5311
chr1	1053495	1053496	4	0.6989
chr1	1053586	1053587	4	0.6542
chr1	1053639	1053640	3	0.7554
chr1	1053641	1053642	5	0.9318
chr1	1053723	1053724	4	0.8846
chr1	1053755	1053756	5	0.6575
chr1	1053885	1053886	3	0.8304
chr1	1053899	1053900	4	0.8532
chr1	1054033	1054034	4	0.716
chr1	1054081	1054082	5	0.737
chr1	1054125	1054126	4	1.0
chr1	1054143	1054144	4	0.7409
chr1	1054158	1054159	3	0.8136
chr1	1054208	1054209	5	0.7934
chr1	1054244	1054245	6	0.9157
chr1	1054275	1054276	3	0.7671
chr1	1054319	1054320	4	0.901
chr1	1054369	1054370	4	0.7246
chr1	1054391	1054392	6	0.888
chr1	1054408	1054409	2	0.8262
chr1	1054458	1054459	6	0.9096
chr1	1054482	1054483	4	0.8913
chr1	1054532	1054533	3	0.8677
chr1	1054569	1054570	4	0.7104
chr1	1054607	1054608	3	0.7493
chr1	1054630	1054631	4	0.6736
chr1	1054725	1054726	5	0.78
chr1	1054825	1054826	6	0.8046
chr1	1054925	1054926	7	0.7707
chr1	1055025	1055026	6	0.8239
chr1	1055075	1055076	4	0.8079
chr1	1055099	1055100	6	0.7843
chr1	1055104	1055105	4	0.8417
chr1	1055127	1055128	5	0.8462
chr1	1055146	1055147	4	0.7814
chr1	1055167	1055168	4	0.7424
chr1	1055193	1055194	4	0.6876
chr1	1055230	1055231	7	0.6458
chr1	1055252	1055253	2	0.735
chr1	1055302	1055303	5	0.6328
chr1	1055327	1055328	4	0.5471
chr1	1055373	1055374	5	0.5726
chr1	1055394	1055395	4	0.8875
chr1	1055444	1055445	4	0.713
chr1	1055488	1055489	5	0.814
chr1	1055510	1055511	2	0.8097
chr1	1055534	1055535	4	0.8236
chr1	1055607	1055608	3	0.8713
chr1	1055699	1055700	4	0.7433
chr1	1055799	1055800	5	0.8671
chr1	1055899	1055900	5	0.8172
chr1	1056103	1056104	4	1.0
chr1	1056123	1056124	2	0.7937
chr1	1056151	1056152	4	0.6276
chr1	1056155	1056156	5	0.8115
chr1	1056205	1056206	5	1.0
chr1	1056273	1056274	6	0.8016
chr1	1056301	1056302	5	0.8491
chr1	1056367	1056368	6	0.9955
chr1	1056373	1056374	6	0.7904
chr1	1056419	1056420	4	0.5813
chr1	1056434	1056435	6	0.5993
chr1	1056475	1056476	5	0.7448
chr1	1056501	1056502	4	0.8335
chr1	1056528	1056529	5	0.8019
chr1	1056572	1056573	4	0.7198
chr1	1056587	1056588	5	0.7925
chr1	1056637	1056638	4	0.6608
chr1	1056687	1056688	5	0.7621
chr1	1056702	1056703	5	0.5758
chr1	1056730	1056731	4	0.7022
chr1	1056758	1056759	4	0.6131
chr1	1056791	1056792	4	0.8424
chr1	1056810	1056811	3	0.8055
chr1	1056869	1056870	4	0.7263
chr1	1056969	1056970	5	0.7975
chr1	1057036	1057037	4	0.795
chr1	1057133	1057134	4	0.6229
chr1	1057233	1057234	4	0.6671
chr1	1057473	1057474	5	0.9699
chr1	1057539	1057540	5	0.9664
chr1	1057633	1057634	3	0.9627
chr1	1057643	1057644	7	0.9757
chr1	1057703	1057704	3	0.7162
chr1	1057708	1057709	5	0.3821
chr1	1057736	1057737	6	0.3993
chr1	1057767	1057768	5	0.3076
chr1	1057817	1057818	5	0.5369
chr1	1057856	1057857	4	0.2782
chr1	1057904	1057905	5	0.4647
chr1	1057919	1057920	5	0.3835
chr1	1057953	1057954	4	0.3843
chr1	1057987	1057988	5	0.4141
chr1	1058018	1058019	5	0.2208
chr1	1058039	1058040	7	0.3188
chr1	1058054	1058055	5	0.3266
chr1	1058073	1058074	5	0.3836
chr1	1058123	1058124	3	0.3998
chr1	1058164	1058165	4	0.4178
chr1	1058179	1058180	5	0.3562
chr1	1058203	1058204	4	0.2979
chr1	1058260	1058261	4	0.2818
chr1	1058360	1058361	5	0.481
chr1	1058460	1058461	7	0.3677
chr1	1058518	1058519	3	0.5097
chr1	1058618	1058619	6	0.3021
chr1	1058692	1058693	5	0.0927
chr1	1058744	1058745	6	0.0102
chr1	1058764	1058765	5	0.1706
chr1	1058818	1058819	3	0.1802
chr1	1058878	1058879	5	0.1647
chr1	1058920	1058921	2	0.071
chr1	1059058	1059059	4	0.1142
chr1	1059060	1059061	5	0.1593
chr1	1059067	1059068	5	0.777
chr1	1059110	1059111	6	0.7556
chr1	1059137	1059138	5	0.7225
chr1	1059187	1059188	5	0.7131
chr1	1059217	1059218	4	0.7762
chr1	1059238	1059239	5	0.6757
chr1	1059269	1059270	5	0.6176
chr1	1059291	1059292	3	0.6076
chr1	1059333	1059334	4	0.6152
chr1	1059355	1059356	6	0.596
chr1	1059383	1059384	5	0.7596
chr1	1059433	1059434	3	0.7938
chr1	1059453	1059454	6	0.7281
chr1	1059468	1059469	6	0.7853
chr1	1059512	1059513	4	0.8925
chr1	1059543	1059544	3	0.7721
chr1	1059555	1059556	5	0.7132
chr1	1059634	1059635	7	0.7069
chr1	1059734	1059735	4	0.5712
chr1	1059800	1059801	3	0.6676
chr1	1059850	1059851	3	0.5716
chr1	1059950	1059951	4	0.6653
chr1	1060056	1060057	6	0.9519
chr1	1060190	1060191	3	0.8655
chr1	1060284	1060285	6	0.8468
chr1	1060380	1060381	4	0.8809
chr1	1060432	1060433	5	0.9759
chr1	1060475	1060476	5	0.9195
chr1	1060512	1060513	6	0.7662
chr1	1060554	1060555	4	0.817
chr1	1060574	1060575	6	0.7213
chr1	1060606	1060607	5	0.9677
chr1	1060656	1060657	5	0.8025
chr1	1060671	1060672	5	0.822
chr1	1060711	1060712	5	0.8792
chr1	1060746	1060747	5	1.0
chr1	1060765	1060766	3	0.8091
chr1	1060792	1060793	4	0.8598
chr1	1060841	1060842	5	0.7264
chr1	1060859	1060860	2	0.9075
chr1	1060877	1060878	4	0.9883
chr1	1060900	1060901	5	0.7737
chr1	1060923	1060924	5	0.6392
chr1	1060937	1060938	3	0.8571
chr1	1060987	1060988	6	0.7551
chr1	1061087	1061088	4	0.9316
chr1	1061187	1061188	4	0.9407
chr1	1061287	1061288	5	0.8978
chr1	1061357	1061358	2	0.7025
chr1	1061415	1061416	6	0.8448
chr1	1061420	1061421	5	0.5522
chr1	1061447	1061448	4	0.1855
chr1	1061497	1061498	4	0.4545
chr1	1061524	1061525	5	0.5451
chr1	1061549	1061550	4	0.4574
chr1	1061580	1061581	7	0.323
chr1	1061617	1061618	3	0.4135
chr1	1061663	1061664	5	0.4209
chr1	1061685	1061686	3	0.383
chr1	1061706	1061707	4	0.3269
chr1	1061739	1061740	5	0.5457
chr1	1061774	1061775	2	0.4556
chr1	1061804	1061805	7	0.3201
chr1	1061848	1061849	6	0.3417
chr1	1061867	1061868	4	0.4672
chr1	1061893	1061894	3	0.3779
chr1	1061919	1061920	6	0.5061
chr1	1062019	1062020	4	0.2221
chr1	1062119	1062120	5	0.3141
chr1	1062169	1062170	2	0.4973
chr1	1062269	1062270	4	0.3882
chr1	1062319	1062320	6	0.3564
chr1	1062414	1062415	5	0.4079
chr1	1062438	1062439	4	0.7597
chr1	1062486	1062487	4	0.8513
chr1	1062558	1062559	5	0.7783
chr1	1062616	1062617	6	0.6296
chr1	1062858	1062859	5	0.721
chr1	1062882	1062883	5	0.578
chr1	1062899	1062900	5	0.9243
chr1	1062937	1062938	5	0.9188
chr1	1062956	1062957	4	0.8564
chr1	1062987	1062988	5	0.7251
chr1	1063010	1063011	6	0.8209
chr1	1063044	1063045	4	0.7969
chr1	1063061	1063062	6	0.7954
chr1	1063093	1063094	5	0.888
chr1	1063134	1063135	3	0.8741
chr1	1063184	1063185	4	0.9474
chr1	1063206	1063207	5	0.8777
chr1	1063244	1063245	5	0.7153
chr1	1063274	1063275	6	0.8202
chr1	1063302	1063303	4	0.8416
chr1	1063327	1063328	6	0.8819
chr1	1063418	1063419	2	0.9696
chr1	1063475	1063476	3	0.9006
chr1	1063528	1063529	4	0.8477
chr1	1063628	1063629	6	0.854
chr1	1063728	1063729	5	0.8711
chr1	1063818	1063819	4	1.0
chr1	1063826	1063827	5	0.2851
chr1	1063854	1063855	7	0.2859
chr1	1063890	1063891	3	0.2133
chr1	1063907	1063908	5	0.3576
chr1	1063948	1063949	4	0.2841
chr1	1063990	1063991	6	0.3364
chr1	1064005	1064006	4	0.3916
chr1	1064038	1064039	6	0.2169
chr1	1064054	1064055	4	0.2319
chr1	1064104	1064105	4	0.264
chr1	1064119	1064120	5	0.3729
chr1	1064134	1064135	5	0.2776
chr1	1064167	1064168	5	0.2211
chr1	1064217	1064218	3	0.078
chr1	1064250	1064251	5	0.2211
chr1	1064300	1064301	5	0.2086
chr1	1064301	1064302	5	0.3393
chr1	1064401	1064402	6	0.2651
chr1	1064461	1064462	4	0.2105
chr1	1064515	1064516	5	0.2657
chr1	1064615	1064616	5	0.2842
chr1	1064665	1064666	6	0.3816
chr1	1064765	1064766	3	0.272
chr1	1064879	1064880	5	0.1078
chr1	1064931	1064932	6	0.0
chr1	1064955	1064956	3	0.2485
chr1	1065033	1065034	6	0.1402
chr1	1065175	1065176	4	0.0246
chr1	1065206	1065207	4	0.5297
chr1	1065236	1065237	7	0.8633
chr1	1065262	1065263	5	0.6805
chr1	1065277	1065278	5	0.768
chr1	1065298	1065299	5	0.6575
chr1	1065344	1065345	4	0.6207
chr1	1065365	1065366	7	0.6324
chr1	1065380	1065381	4	0.7481
chr1	1065397	1065398	5	0.8078
chr1	1065419	1065420	6	0.8009
chr1	1065445	1065446	4	0.7883
chr1	1065467	1065468	3	0.8163
chr1	1065483	1065484	4	0.7798
chr1	1065522	1065523	6	0.791
chr1	1065572	1065573	3	0.6501
chr1	1065622	1065623	5	0.482
chr1	1065659	1065660	4	0.6648
chr1	1065691	1065692	5	0.8149
chr1	1065789	1065790	5	0.7219
chr1	1065889	1065890	6	0.6969
chr1	1065963	1065964	5	0.8009
chr1	1066013	1066014	4	0.6287
chr1	1066113	1066114	4	0.6416
chr1	1066193	1066194	3	0.7224
chr1	1066198	1066199	4	0.3377
chr1	1066213	1066214	4	0.4362
chr1	1066263	1066264	4	0.3395
chr1	1066300	1066301	4	0.5071
chr1	1066326	1066327	6	0.5318
chr1	1066356	1066357	5	0.5649
chr1	1066386	1066387	5	0.5838
chr1	1066423	1066424	5	0.5613
chr1	1066460	1066461	6	0.5337
chr1	1066481	1066482	5	0.5067
chr1	1066512	1066513	7	0.5693
chr1	1066541	1066542	4	0.5124
chr1	1066576	1066577	3	0.5301
chr1	1066599	1066600	3	0.3088
chr1	1066649	1066650	6	0.4354
chr1	1066661	1066662	5	0.2533
chr1	1066761	1066762	5	0.4319
chr1	1066861	1066862	5	0.3492
chr1	1066961	1066962	4	0.3637
chr1	1067061	1067062	5	0.4863
chr1	1067097	1067098	6	0.6245
chr1	1067163	1067164	4	0.9648
chr1	1067307	1067308	5	0.6895
chr1	1067377	1067378	5	0.8373
chr1	1067437	1067438	4	0.7123
chr1	1067473	1067474	2	0.7072
chr1	1067483	1067484	4	0.2047
chr1	1067533	1067534	3	0.1957
chr1	1067557	1067558	4	0.2999
chr1	1067580	1067581	6	0.2428
chr1	1067610	1067611	3	0.2648
chr1	1067660	1067661	4	0.1912
chr1	1067704	1067705	6	0.193
chr1	1067754	1067755	5	0.5047
chr1	1067773	1067774	5	0.4237
chr1	1067819	1067820	7	0.371
chr1	1067868	1067869	5	0.3764
chr1	1067903	1067904	4	0.216
chr1	1067940	1067941	7	0.2125
chr1	1067966	1067967	4	0.1367
chr1	1068043	1068044	5	0.2171
chr1	1068143	1068144	3	0.2849
chr1	1068243	1068244	6	0.1978
chr1	1068324	1068325	4	0.2626
chr1	1068399	1068400	4	0.2363
chr1	1068419	1068420	5	0.2605
chr1	1068443	1068444	5	0.0593
chr1	1068489	1068490	5	0.2049
chr1	1068667	1068668	5	0.0692
chr1	1068677	1068678	4	0.1626
chr1	1068815	1068816	4	0.2301
chr1	1068825	1068826	5	0.0127
chr1	1068835	1068836	7	0.4993
chr1	1068885	1068886	4	0.27
chr1	1068919	1068920	5	0.3848
chr1	1068942	1068943	5	0.2962
chr1	1068957	1068958	5	0.3478
chr1	1068975	1068976	6	0.3203
chr1	1069025	1069026	5	0.3699
chr1	1069044	1069045	4	0.4433
chr1	1069091	1069092	4	0.2621
chr1	1069110	1069111	4	0.2828
chr1	1069143	1069144	7	0.3562
chr1	1069188	1069189	4	0.3208
chr1	1069209	1069210	5	0.1978
chr1	1069248	1069249	5	0.3838
chr1	1069284	1069285	6	0.4098
chr1	1069314	1069315	4	0.3392
chr1	1069352	1069353	4	0.4134
chr1	1069381	1069382	4	0.2991
chr1	1069422	1069423	6	0.3186
chr1	1069472	1069473	5	0.3375
chr1	1069522	1069523	6	0.502
chr1	1069622	1069623	5	0.3396
chr1	1069672	1069673	5	0.3549
chr1	1069772	1069773	5	0.4048
chr1	1069822	1069823	3	0.4451
chr1	1069922	1069923	5	0.2232
chr1	1069972	1069973	4	0.2734
chr1	1070014	1070015	4	0.0627
chr1	1070022	1070023	4	0.0
chr1	1070042	1070043	6	0.2383
chr1	1070124	1070125	5	0.317
chr1	1070172	1070173	5	0.2105
chr1	1070232	1070233	4	0.0855
chr1	1070284	1070285	5	0.0
chr1	1070290	1070291	5	0.0425
chr1	1070312	1070313	4	0.1082
chr1	1070426	1070427	5	0.219
chr1	1070439	1070440	5	0.7365
chr1	1070467	1070468	5	0.7169
chr1	1070510	1070511	5	0.7342
chr1	1070543	1070544	5	0.6183
chr1	1070558	1070559	4	0.6223
chr1	1070581	1070582	4	0.7569
chr1	1070605	1070606	3	0.8528
chr1	1070655	1070656	3	0.5557
chr1	1070705	1070706	6	0.5853
chr1	1070734	1070735	8	0.7565
chr1	1070760	1070761	5	0.6039
chr1	1070803	1070804	4	0.7342
chr1	1070823	1070824	5	0.7799
chr1	1070866	1070867	4	0.8252
chr1	1070889	1070890	4	0.8435
chr1	1070989	1070990	4	0.807
chr1	1071039	1071040	5	0.6888
chr1	1071139	1071140	5	0.7062
chr1	1071239	1071240	3	0.681
chr1	1071323	1071324	5	0.8937
chr1	1071349	1071350	4	0.8109
chr1	1071375	1071376	4	0.7229
chr1	1071390	1071391	5	0.841
chr1	1071417	1071418	4	0.7846
chr1	1071442	1071443	3	0.9241
chr1	1071476	1071477	6	0.8494
chr1	1071504	1071505	5	0.7236
chr1	1071538	1071539	4	0.9359
chr1	1071578	1071579	3	0.8382
chr1	1071598	1071599	2	0.7289
chr1	1071615	1071616	5	0.8583
chr1	1071665	1071666	4	0.9011
chr1	1071689	1071690	4	0.9313
chr1	1071739	1071740	5	0.8574
chr1	1071769	1071770	7	0.9372
chr1	1071810	1071811	5	0.8594
chr1	1071846	1071847	5	0.894
chr1	1071872	1071873	2	0.9354
chr1	1071972	1071973	5	0.8675
chr1	1072072	1072073	3	0.7703
chr1	1072125	1072126	4	0.6504
chr1	1072222	1072223	3	0.7177
chr1	1072322	1072323	4	0.7092
chr1	1072372	1072373	4	0.8016
chr1	1072378	1072379	5	0.9031
chr1	1072446	1072447	4	0.758
chr1	1072479	1072480	4	0.857
chr1	1072512	1072513	2	0.9023
chr1	1072538	1072539	5	0.7776
chr1	1072574	1072575	4	0.9323
chr1	1072615	1072616	5	0.8887
chr1	1072657	1072658	6	1.0
chr1	1072695	1072696	2	0.8722
chr1	1072735	1072736	5	0.7435
chr1	1072771	1072772	3	0.7273
chr1	1072786	1072787	4	0.8305
chr1	1072828	1072829	5	0.9354
chr1	1072869	1072870	4	0.7628
chr1	1072895	1072896	6	0.9505
chr1	1072921	1072922	7	0.9273
chr1	1072952	1072953	4	0.9191
chr1	1072963	1072964	4	0.8689
chr1	1073040	1073041	4	0.8106
chr1	1073134	1073135	6	0.7973
chr1	1073234	1073235	2	0.7155
chr1	1073284	1073285	5	0.8544
chr1	1073334	1073335	6	0.8499
chr1	1073434	1073435	4	0.8374
chr1	1073446	1073447	7	0.6881
chr1	1073484	1073485	5	0.8873
chr1	1073496	1073497	5	0.1554
chr1	1073546	1073547	4	0.3913
chr1	1073596	1073597	4	0.1864
chr1	1073626	1073627	4	0.2515
chr1	1073676	1073677	4	0.3752
chr1	1073704	1073705	5	0.4508
chr1	1073736	1073737	4	0.3378
chr1	1073759	1073760	5	0.4136
chr1	1073790	1073791	5	0.4011
chr1	1073832	1073833	5	0.3502
chr1	1073882	1073883	6	0.4118
chr1	1073897	1073898	5	0.3911
chr1	1073916	1073917	6	0.2788
chr1	1073938	1073939	4	0.2467
chr1	1073948	1073949	6	0.1859
chr1	1074014	1074015	3	0.3834
chr1	1074114	1074115	3	0.325
chr1	1074214	1074215	4	0.3872
chr1	1074303	1074304	4	0.3429
chr1	1074321	1074322	5	0.2085
chr1	1074328	1074329	5	0.9622
chr1	1074350	1074351	6	0.7979
chr1	1074391	1074392	4	0.8969
chr1	1074441	1074442	5	0.9517
chr1	1074466	1074467	4	0.9359
chr1	1074507	1074508	5	0.808
chr1	1074540	1074541	4	0.9843
chr1	1074569	1074570	6	0.7969
chr1	1074619	1074620	4	0.8302
chr1	1074665	1074666	3	0.5775
chr1	1074680	1074681	3	0.7548
chr1	1074700	1074701	3	0.4513
chr1	1074729	1074730	6	0.6081
chr1	1074754	1074755	5	0.5181
chr1	1074801	1074802	5	0.5377
chr1	1074881	1074882	6	0.6048
chr1	1074944	1074945	3	0.854
chr1	1074996	1074997	4	0.8734
chr1	1075046	1075047	5	0.7733
chr1	1075121	1075122	6	0.8476
chr1	1075221	1075222	6	0.8397
chr1	1075239	1075240	4	0.8969
chr1	1075249	1075250	5	0.8921
chr1	1075291	1075292	4	0.8734
chr1	1075415	1075416	4	0.8387
chr1	1075455	1075456	4	0.7803
chr1	1075495	1075496	5	0.9347
chr1	1075591	1075592	5	0.8796
chr1	1075593	1075594	5	0.999
chr1	1075681	1075682	4	0.8479
chr1	1075693	1075694	4	0.8482
chr1	1075723	1075724	4	0.3482
chr1	1075739	1075740	6	0.5617
chr1	1075779	1075780	7	0.4113
chr1	1075798	1075799	4	0.189
chr1	1075824	1075825	5	0.3609
chr1	1075866	1075867	5	0.4713
chr1	1075889	1075890	4	0.4991
chr1	1075939	1075940	5	0.2315
chr1	1075989	1075990	5	0.4119
chr1	1076006	1076007	5	0.2417
chr1	1076051	1076052	6	0.4087
chr1	1076087	1076088	6	0.4202
chr1	1076110	1076111	3	0.2376
chr1	1076160	1076161	5	0.3702
chr1	1076171	1076172	4	0.4004
chr1	1076271	1076272	5	0.3204
chr1	1076371	1076372	5	0.3339
chr1	1076421	1076422	5	0.3314
chr1	1076521	1076522	4	0.4586
chr1	1076571	1076572	4	0.5542
chr1	1076639	1076640	4	0.5173
chr1	1076668	1076669	5	0.8076
chr1	1076710	1076711	3	0.8123
chr1	1076728	1076729	4	0.7795
chr1	1076778	1076779	3	0.7071
chr1	1076793	1076794	3	0.8767
chr1	1076825	1076826	6	0.9507
chr1	1076852	1076853	2	0.8933
chr1	1076870	1076871	4	0.9351
chr1	1076903	1076904	4	0.8183
chr1	1076953	1076954	5	0.8575
chr1	1076978	1076979	4	0.647
chr1	1077028	1077029	5	0.9252
chr1	1077063	1077064	3	0.7652
chr1	1077090	1077091	4	0.924
chr1	1077114	1077115	4	0.8804
chr1	1077157	1077158	3	0.8236
chr1	1077193	1077194	4	0.8215
chr1	1077210	1077211	4	0.8058
chr1	1077233	1077234	7	0.7544
chr1	1077283	1077284	4	0.7751
chr1	1077383	1077384	3	0.7814
chr1	1077435	1077436	4	0.806
chr1	1077535	1077536	5	0.8828
chr1	1077586	1077587	4	0.8353
chr1	1077686	1077687	6	0.857
chr1	1077786	1077787	4	0.7939
chr1	1077866	1077867	4	0.8627
chr1	1077871	1077872	5	0.426
chr1	1077921	1077922	6	0.4227
chr1	1077937	1077938	2	0.3814
chr1	1077967	1077968	3	0.353
chr1	1078006	1078007	3	0.4565
chr1	1078046	1078047	4	0.5112
chr1	1078074	1078075	3	0.3325
chr1	1078106	1078107	4	0.5978
chr1	1078139	1078140	5	0.3665
chr1	1078161	1078162	4	0.4054
chr1	1078177	1078178	4	0.6871
chr1	1078195	1078196	5	0.5123
chr1	1078245	1078246	4	0.4449
chr1	1078295	1078296	5	0.4495
chr1	1078317	1078318	4	0.4218
chr1	1078364	1078365	6	0.3339
chr1	1078402	1078403	2	0.5482
chr1	1078452	1078453	4	0.5867
chr1	1078470	1078471	5	0.3877
chr1	1078552	1078553	4	0.4655
chr1	1078632	1078633	3	0.3534
chr1	1078732	1078733	5	0.4331
chr1	1078832	1078833	4	0.4087
chr1	1078932	1078933	4	0.5042
chr1	1079027	1079028	4	0.5363
chr1	1079057	1079058	5	0.0
chr1	1079109	1079110	4	0.0959
chr1	1079153	1079154	4	0.0004
chr1	1079185	1079186	4	0.1439
chr1	1079321	1079322	5	0.0443
chr1	1079361	1079362	4	0.2036
chr1	1079395	1079396	4	0.8348
chr1	1079410	1079411	4	0.8835
chr1	1079428	1079429	8	0.8267
chr1	1079461	1079462	4	0.8819
chr1	1079493	1079494	4	0.6828
chr1	1079534	1079535	5	0.8005
chr1	1079580	1079581	2	0.7319
chr1	1079617	1079618	4	0.8776
chr1	1079642	1079643	4	0.7919
chr1	1079664	1079665	5	0.8262
chr1	1079689	1079690	4	0.8936
chr1	1079739	1079740	4	0.8288
chr1	1079766	1079767	5	0.8656
chr1	1079810	1079811	4	0.8387
chr1	1079834	1079835	4	0.8712
chr1	1079872	1079873	5	0.8147
chr1	1079922	1079923	1	0.9017
chr1	1079937	1079938	6	0.8
chr1	1079952	1079953	4	0.6608
chr1	1079987	1079988	8	0.7683
chr1	1080087	1080088	3	0.9867
chr1	1080187	1080188	5	0.8651
chr1	1080287	1080288	5	0.7616
chr1	1080387	1080388	4	0.838
chr1	1080487	1080488	5	0.9098
chr1	1080537	1080538	5	0.7339
chr1	1080559	1080560	3	0.7362
chr1	1080633	1080634	5	1.0
chr1	1080638	1080639	4	0.4147
chr1	1080688	1080689	3	0.4449
chr1	1080708	1080709	3	0.3412
chr1	1080723	1080724	7	0.449
chr1	1080745	1080746	4	0.4236
chr1	1080764	1080765	5	0.5285
chr1	1080814	1080815	5	0.4353
chr1	1080861	1080862	3	0.3842
chr1	1080888	1080889	4	0.5082
chr1	1080936	1080937	5	0.324
chr1	1080984	1080985	5	0.434
chr1	1081014	1081015	4	0.3674
chr1	1081032	1081033	5	0.5535
chr1	1081068	1081069	5	0.425
chr1	1081073	1081074	4	0.555
chr1	1081144	1081145	4	0.4775
chr1	1081244	1081245	4	0.3892
chr1	1081344	1081345	5	0.3987
chr1	1081394	1081395	4	0.3399
chr1	1081494	1081495	7	0.421
chr1	1081636	1081637	5	0.6163
chr1	1081650	1081651	4	0.8042
chr1	1081660	1081661	5	0.7343
chr1	1081676	1081677	3	0.8528
chr1	1081718	1081719	3	0.9243
chr1	1081970	1081971	6	0.8654
chr1	1081988	1081989	5	0.9523
chr1	1081990	1081991	3	0.8424
chr1	1081994	1081995	6	0.6337
chr1	1082037	1082038	4	0.2324
chr1	1082052	1082053	4	0.2085
chr1	1082084	1082085	2	0.063
chr1	1082134	1082135	4	0.0679
chr1	1082182	1082183	6	0.0679
chr1	1082208	1082209	5	0.1185
chr1	1082230	1082231	5	0.0922
chr1	1082254	1082255	4	0.0762
chr1	1082270	1082271	5	0.1866
chr1	1082306	1082307	5	0.22
chr1	1082326	1082327	3	0.117
chr1	1082343	1082344	4	0.0228
chr1	1082358	1082359	4	0.249
chr1	1082408	1082409	4	0.0863
chr1	1082458	1082459	4	0.1097
chr1	1082480	1082481	4	0.0777
chr1	1082500	1082501	4	0.1941
chr1	1082521	1082522	5	0.0
chr1	1082530	1082531	4	0.0504
chr1	1082580	1082581	6	0.1403
chr1	1082680	1082681	6	0.0403
chr1	1082758	1082759	5	0.0676
chr1	1082808	1082809	4	0.0
chr1	1082889	1082890	5	0.1084
chr1	1082989	1082990	5	0.1037
chr1	1083031	1083032	5	0.0287
chr1	1083077	1083078	3	0.1771
chr1	1083123	1083124	4	0.164
chr1	1083146	1083147	6	0.899
chr1	1083187	1083188	5	0.1799
chr1	1083227	1083228	5	0.5011
chr1	1083259	1083260	4	0.5006
chr1	1083288	1083289	3	0.6052
chr1	1083306	1083307	6	0.3599
chr1	1083355	1083356	6	0.8542
chr1	1083382	1083383	6	1.0
chr1	1083401	1083402	5	0.4054
chr1	1083418	1083419	5	0.2674
chr1	1083440	1083441	5	0.5132
chr1	1083473	1083474	6	0.3732
chr1	1083497	1083498	4	0.3002
chr1	1083547	1083548	5	0.917
chr1	1083574	1083575	5	0.133
chr1	1083589	1083590	7	0.1315
chr1	1083593	1083594	6	0.7754
chr1	1083687	1083688	5	0.7166
chr1	1083757	1083758	4	0.1692
chr1	1083857	1083858	4	0.2581
chr1	1083907	1083908	4	0.045
chr1	1084007	1084008	4	0.2933
chr1	1084009	1084010	3	1.0
chr1	1084065	1084066	3	0.9873
chr1	1084110	1084111	5	0.6023
chr1	1084142	1084143	4	0.7304
chr1	1084160	1084161	5	0.7567
chr1	1084193	1084194	5	0.673
chr1	1084241	1084242	5	0.7926
chr1	1084283	1084284	4	0.8488
chr1	1084323	1084324	4	0.7077
chr1	1084343	1084344	6	0.9629
chr1	1084358	1084359	6	0.9356
chr1	1084376	1084377	3	0.7726
chr1	1084410	1084411	6	0.8217
chr1	1084447	1084448	4	0.7234
chr1	1084497	1084498	2	0.7748
chr1	1084534	1084535	4	0.7719
chr1	1084549	1084550	5	0.7674
chr1	1084577	1084578	5	0.6761
chr1	1084622	1084623	4	0.7676
chr1	1084647	1084648	4	0.8669
chr1	1084692	1084693	4	0.7764
chr1	1084792	1084793	6	0.7218
chr1	1084892	1084893	4	0.7555
chr1	1084990	1084991	6	0.8109
chr1	1085040	1085041	4	0.7095
chr1	1085098	1085099	4	0.8068
chr1	1085198	1085199	5	0.7793
chr1	1085248	1085249	5	0.633
chr1	1085310	1085311	7	0.7832
chr1	1085324	1085325	3	1.0
chr1	1085351	1085352	3	0.6782
chr1	1085378	1085379	4	0.854
chr1	1085421	1085422	4	0.7544
chr1	1085471	1085472	6	0.7196
chr1	1085499	1085500	6	0.8666
chr1	1085514	1085515	3	0.7198
chr1	1085543	1085544	5	0.7516
chr1	1085569	1085570	5	0.774
chr1	1085611	1085612	4	0.7857
chr1	1085661	1085662	3	0.7562
chr1	1085700	1085701	3	0.8283
chr1	1085724	1085725	4	0.791
chr1	1085756	1085757	3	0.7565
chr1	1085806	1085807	4	0.9123
chr1	1085822	1085823	4	0.7139
chr1	1085922	1085923	4	0.8227
chr1	1085992	1085993	4	0.8265
chr1	1086092	1086093	2	0.8013
chr1	1086143	1086144	4	0.7797
chr1	1086243	1086244	6	0.8656
chr1	1086287	1086288	3	0.7755
chr1	1086321	1086322	3	0.8611
chr1	1086336	1086337	5	0.707
chr1	1086371	1086372	5	0.6505
chr1	1086421	1086422	5	0.6593
chr1	1086471	1086472	4	0.867
chr1	1086499	1086500	4	0.6946
chr1	1086515	1086516	5	0.6077
chr1	1086563	1086564	5	0.731
chr1	1086579	1086580	6	0.7582
chr1	1086595	1086596	5	0.864
chr1	1086618	1086619	7	0.9104
chr1	1086668	1086669	4	0.744
chr1	1086718	1086719	6	0.9702
chr1	1086746	1086747	5	0.645
chr1	1086789	1086790	4	0.7418
chr1	1086808	1086809	4	0.787
chr1	1086841	1086842	5	0.8245
chr1	1086941	1086942	4	0.8437
chr1	1087041	1087042	4	0.7537
chr1	1087141	1087142	5	0.5197
chr1	1087216	1087217	5	0.5617
chr1	1087316	1087317	4	0.8185
chr1	1087320	1087321	5	0.9188
chr1	1087328	1087329	5	0.7837
chr1	1087368	1087369	4	0.119
chr1	1087399	1087400	5	0.0741
chr1	1087443	1087444	3	0.1631
chr1	1087484	1087485	5	0.0999
chr1	1087501	1087502	5	0.0483
chr1	1087528	1087529	6	0.0874
chr1	1087561	1087562	4	0.0613
chr1	1087585	1087586	5	0.0573
chr1	1087616	1087617	3	0.0
chr1	1087636	1087637	4	0.0892
chr1	1087658	1087659	4	0.0888
chr1	1087675	1087676	5	0.0582
chr1	1087725	1087726	6	0.0
chr1	1087744	1087745	4	0.0714
chr1	1087780	1087781	4	0.0779
chr1	1087825	1087826	7	0.158
chr1	1087854	1087855	5	0.0267
chr1	1087875	1087876	4	0.1062
chr1	1087893	1087894	4	0.0269
chr1	1087928	1087929	5	0.0269
chr1	1087941	1087942	5	0.0388
chr1	1087991	1087992	3	0.0361
chr1	1088091	1088092	4	0.0878
chr1	1088191	1088192	4	0.1505
chr1	1088291	1088292	6	0.0951
chr1	1088379	1088380	5	0.0
chr1	1088479	1088480	3	0.1759
chr1	1088575	1088576	4	0.0946
chr1	1088611	1088612	5	0.8082
chr1	1088626	1088627	3	0.7677
chr1	1088650	1088651	4	0.7956
chr1	1088671	1088672	4	0.9814
chr1	1088693	1088694	5	0.8136
chr1	1088737	1088738	3	0.7279
chr1	1088759	1088760	4	0.7069
chr1	1088802	1088803	4	0.8787
chr1	1088837	1088838	5	0.798
chr1	1088852	1088853	6	0.8012
chr1	1088887	1088888	5	0.8196
chr1	1088912	1088913	4	0.789
chr1	1088939	1088940	4	0.8455
chr1	1088985	1088986	3	0.7135
chr1	1089006	1089007	5	0.7962
chr1	1089026	1089027	3	0.8925
chr1	1089076	1089077	4	0.7394
chr1	1089176	1089177	7	0.7393
chr1	1089231	1089232	7	0.838
chr1	1089331	1089332	3	0.8817
chr1	1089410	1089411	6	0.7787
chr1	1089436	1089437	3	0.7839
chr1	1089492	1089493	4	0.8843
chr1	1089499	1089500	5	0.4349
chr1	1089549	1089550	5	0.4436
chr1	1089577	1089578	5	0.2841
chr1	1089627	1089628	3	0.2731
chr1	1089677	1089678	5	0.4071
chr1	1089710	1089711	4	0.3914
chr1	1089727	1089728	6	0.3692
chr1	1089746	1089747	4	0.4119
chr1	1089786	1089787	4	0.2981
chr1	1089813	1089814	3	0.3169
chr1	1089863	1089864	6	0.2314
chr1	1089913	1089914	5	0.3187
chr1	1089963	1089964	4	0.4082
chr1	1089995	1089996	4	0.5195
chr1	1090016	1090017	5	0.3501
chr1	1090116	1090117	5	0.488
chr1	1090193	1090194	6	0.4912
chr1	1090293	1090294	4	0.5103
chr1	1090393	1090394	5	0.3223
chr1	1090493	1090494	4	0.359
chr1	1090603	1090604	4	0.1448
chr1	1090621	1090622	6	0.1616
chr1	1090695	1090696	5	0.0216
chr1	1090765	1090766	5	0.0592
chr1	1090807	1090808	6	0.2282
chr1	1090943	1090944	5	0.106
chr1	1090963	1090964	4	0.196
chr1	1090973	1090974	3	0.0
chr1	1090980	1090981	4	0.6614
chr1	1091030	1091031	4	0.5286
chr1	1091069	1091070	6	0.5109
chr1	1091097	1091098	4	0.6599
chr1	1091123	1091124	3	0.5955
chr1	1091152	1091153	5	0.7104
chr1	1091183	1091184	4	0.5614
chr1	1091213	1091214	4	0.7022
chr1	1091237	1091238	6	0.7137
chr1	1091287	1091288	5	0.5299
chr1	1091323	1091324	5	0.5053
chr1	1091373	1091374	3	0.4951
chr1	1091402	1091403	3	0.6825
chr1	1091430	1091431	6	0.7012
chr1	1091445	1091446	5	0.564
chr1	1091469	1091470	4	0.5573
chr1	1091482	1091483	4	0.6151
chr1	1091582	1091583	5	0.7365
chr1	1091682	1091683	6	0.62
chr1	1091770	1091771	4	0.6315
chr1	1091852	1091853	4	0.6398
chr1	1091952	1091953	5	0.7307
chr1	1091960	1091961	3	0.8408
chr1	1092050	1092051	5	0.924
chr1	1092072	1092073	7	0.5937
chr1	1092130	1092131	4	0.8205
chr1	1092200	1092201	5	0.5898
chr1	1092250	1092251	5	0.7483
chr1	1092324	1092325	5	0.6365
chr1	1092330	1092331	3	0.6735
chr1	1092378	1092379	4	0.9165
chr1	1092386	1092387	5	0.5543
chr1	1092436	1092437	5	0.4544
chr1	1092451	1092452	4	0.2863
chr1	1092501	1092502	5	0.4695
chr1	1092551	1092552	4	0.5207
chr1	1092580	1092581	4	0.4599
chr1	1092609	1092610	5	0.4547
chr1	1092641	1092642	5	0.4418
chr1	1092669	1092670	3	0.6323
chr1	1092689	1092690	4	0.278
chr1	1092727	1092728	6	0.5814
chr1	1092777	1092778	5	0.396
chr1	1092806	1092807	5	0.5244
chr1	1092828	1092829	6	0.6087
chr1	1092878	1092879	5	0.5484
chr1	1092880	1092881	5	0.4938
chr1	1092930	1092931	5	0.4411
chr1	1092980	1092981	4	0.4052
chr1	1093030	1093031	2	0.5098
chr1	1093123	1093124	3	0.5232
chr1	1093196	1093197	4	0.6581
chr1	1093273	1093274	5	0.4479
chr1	1093344	1093345	4	0.5317
chr1	1093400	1093401	5	0.812
chr1	1093418	1093419	5	0.9301
chr1	1093496	1093497	5	0.7304
chr1	1093554	1093555	6	0.7949
chr1	1093610	1093611	6	0.811
chr1	1093786	1093787	4	0.7255
chr1	1093822	1093823	5	0.8207
chr1	1093829	1093830	5	0.4717
chr1	1093879	1093880	5	0.5636
chr1	1093905	1093906	4	0.6093
chr1	1093948	1093949	6	0.504
chr1	1093963	1093964	4	0.5529
chr1	1094008	1094009	6	0.6131
chr1	1094045	1094046	3	0.5602
chr1	1094083	1094084	4	0.7113
chr1	1094098	1094099	6	0.5424
chr1	1094114	1094115	6	0.4299
chr1	1094143	1094144	5	0.4089
chr1	1094167	1094168	4	0.7013
chr1	1094202	1094203	4	0.3773
chr1	1094252	1094253	4	0.4178
chr1	1094275	1094276	4	0.4596
chr1	1094288	1094289	4	0.5004
chr1	1094340	1094341	5	0.6055
chr1	1094440	1094441	5	0.5637
chr1	1094499	1094500	4	0.5586
chr1	1094553	1094554	4	0.6799
chr1	1094653	1094654	4	0.4424
chr1	1094773	1094774	7	0.9601
chr1	1094803	1094804	4	0.9837
chr1	1094823	1094824	4	0.8549
chr1	1094905	1094906	4	0.9795
chr1	1094941	1094942	5	0.9224
chr1	1094993	1094994	5	0.8079
chr1	1095133	1095134	5	0.8688
chr1	1095139	1095140	4	0.89
chr1	1095174	1095175	3	1.0
chr1	1095203	1095204	4	0.7517
chr1	1095223	1095224	5	0.7945
chr1	1095245	1095246	4	0.8605
chr1	1095287	1095288	6	1.0
chr1	1095337	1095338	3	0.8489
chr1	1095372	1095373	5	0.6992
chr1	1095409	1095410	5	0.9865
chr1	1095444	1095445	5	0.7976
chr1	1095494	1095495	5	0.8916
chr1	1095525	1095526	5	0.9664
chr1	1095575	1095576	4	0.7561
chr1	1095604	1095605	3	0.9425
chr1	1095619	1095620	6	0.8079
chr1	1095621	1095622	5	0.8768
chr1	1095701	1095702	5	0.9146
chr1	1095801	1095802	5	0.8728
chr1	1095901	1095902	5	1.0
chr1	1096001	1096002	4	0.8573
chr1	1096101	1096102	5	0.9325
chr1	1096127	1096128	4	0.676
chr1	1096142	1096143	5	0.849
chr1	1096164	1096165	5	0.7388
chr1	1096179	1096180	4	0.7295
chr1	1096225	1096226	6	0.7148
chr1	1096259	1096260	6	0.6179
chr1	1096286	1096287	3	0.7007
chr1	1096302	1096303	4	0.464
chr1	1096319	1096320	4	0.7188
chr1	1096356	1096357	3	0.5863
chr1	1096383	1096384	5	0.5643
chr1	1096409	1096410	4	0.4873
chr1	1096445	1096446	5	0.5033
chr1	1096472	1096473	6	0.6214
chr1	1096500	1096501	5	0.6528
chr1	1096550	1096551	5	0.6132
chr1	1096571	1096572	5	0.6223
chr1	1096606	1096607	5	0.58
chr1	1096656	1096657	5	0.7884
chr1	1096678	1096679	7	0.4616
chr1	1096710	1096711	5	0.48
chr1	1096731	1096732	4	0.6018
chr1	1096736	1096737	3	0.7344
chr1	1096819	1096820	5	0.5581
chr1	1096919	1096920	6	0.5382
chr1	1097019	1097020	5	0.6933
chr1	1097119	1097120	4	0.5909
chr1	1097219	1097220	5	0.718
chr1	1097273	1097274	2	0.605
chr1	1097277	1097278	6	0.4921
chr1	1097325	1097326	4	0.7858
chr1	1097343	1097344	4	0.3214
chr1	1097370	1097371	4	0.3904
chr1	1097397	1097398	5	0.3933
chr1	1097420	1097421	5	0.4067
chr1	1097436	1097437	5	0.4212
chr1	1097486	1097487	5	0.3305
chr1	1097536	1097537	4	0.304
chr1	1097566	1097567	5	0.3488
chr1	1097616	1097617	3	0.3869
chr1	1097646	1097647	6	0.2852
chr1	1097661	1097662	4	0.3227
chr1	1097708	1097709	5	0.2144
chr1	1097737	1097738	4	0.2794
chr1	1097768	1097769	5	0.3217
chr1	1097799	1097800	4	0.2191
chr1	1097827	1097828	3	0.2798
chr1	1097858	1097859	3	0.4331
chr1	1097883	1097884	6	0.5372
chr1	1097927	1097928	4	0.3459
chr1	1097943	1097944	5	0.3634
chr1	1098043	1098044	3	0.3353
chr1	1098143	1098144	5	0.1031
chr1	1098243	1098244	4	0.4093
chr1	1098343	1098344	3	0.1799
chr1	1098443	1098444	4	0.2519
chr1	1098481	1098482	4	0.3245
chr1	1098529	1098530	6	0.2647
chr1	1098576	1098577	5	0.7487
chr1	1098608	1098609	3	0.6415
chr1	1098658	1098659	4	0.8507
chr1	1098692	1098693	5	0.6451
chr1	1098729	1098730	5	0.7341
chr1	1098779	1098780	4	0.7208
chr1	1098817	1098818	5	0.8057
chr1	1098854	1098855	3	0.7268
chr1	1098882	1098883	6	0.7171
chr1	1098897	1098898	6	0.7567
chr1	1098918	1098919	4	0.6656
chr1	1098954	1098955	3	0.7404
chr1	1099004	1099005	4	0.7543
chr1	1099035	1099036	4	0.7452
chr1	1099135	1099136	6	0.8833
chr1	1099206	1099207	5	0.5189
chr1	1099293	1099294	4	0.6307
chr1	1099349	1099350	6	0.6262
chr1	1099449	1099450	4	0.7344
chr1	1099485	1099486	4	0.7485
chr1	1099543	1099544	4	0.6792
chr1	1099551	1099552	6	0.42
chr1	1099590	1099591	2	0.5714
chr1	1099605	1099606	7	0.7012
chr1	1099655	1099656	4	0.585
chr1	1099689	1099690	5	0.6267
chr1	1099716	1099717	6	0.5218
chr1	1099734	1099735	4	0.6051
chr1	1099784	1099785	5	0.6232
chr1	1099809	1099810	3	0.6936
chr1	1099859	1099860	6	0.5501
chr1	1099881	1099882	4	0.7139
chr1	1099917	1099918	5	0.5348
chr1	1099948	1099949	2	0.5071
chr1	1099986	1099987	4	0.5602
chr1	1100013	1100014	5	0.5683
chr1	1100017	1100018	3	0.7016
chr1	1100117	1100118	5	0.6106
chr1	1100200	1100201	5	0.3864
chr1	1100276	1100277	6	0.4904
chr1	1100326	1100327	4	0.4969
chr1	1100426	1100427	5	0.418
chr1	1100476	1100477	6	0.7823
chr1	1100496	1100497	6	0.701
chr1	1100528	1100529	5	0.7425
chr1	1100562	1100563	3	0.9708
chr1	1100570	1100571	4	0.8184
chr1	1100612	1100613	4	0.9493
chr1	1100766	1100767	5	0.7002
chr1	1100770	1100771	5	0.5797
chr1	1100838	1100839	4	0.7238
chr1	1100876	1100877	4	0.8685
chr1	1100916	1100917	5	0.6695
chr1	1100957	1100958	5	0.8462
chr1	1100982	1100983	4	0.7026
chr1	1101011	1101012	5	0.8174
chr1	1101032	1101033	5	0.6909
chr1	1101061	1101062	4	0.7192
chr1	1101102	1101103	2	0.7707
chr1	1101127	1101128	5	0.711
chr1	1101170	1101171	4	0.7048
chr1	1101220	1101221	6	0.8773
chr1	1101270	1101271	6	0.889
chr1	1101314	1101315	4	0.7052
chr1	1101341	1101342	3	0.858
chr1	1101358	1101359	4	0.8238
chr1	1101384	1101385	5	0.7752
chr1	1101410	1101411	5	0.7117
chr1	1101433	1101434	4	0.7277
chr1	1101447	1101448	5	0.8683
chr1	1101525	1101526	4	0.6509
chr1	1101585	1101586	4	0.838
chr1	1101685	1101686	5	0.5858
chr1	1101785	1101786	2	0.9081
chr1	1101885	1101886	5	0.7497
chr1	1101897	1101898	6	0.7168
chr1	1101947	1101948	6	1.0
chr1	1101952	1101953	5	0.6431
chr1	1102002	1102003	4	0.7804
chr1	1102017	1102018	5	0.6465
chr1	1102033	1102034	5	0.8181
chr1	1102048	1102049	5	0.5157
chr1	1102098	1102099	4	0.6799
chr1	1102137	1102138	6	0.6509
chr1	1102174	1102175	4	0.7339
chr1	1102224	1102225	5	0.7983
chr1	1102239	1102240	5	0.5426
chr1	1102256	1102257	4	0.491
chr1	1102296	1102297	6	0.6272
chr1	1102320	1102321	4	0.7028
chr1	1102350	1102351	3	0.6268
chr1	1102383	1102384	4	0.5393
chr1	1102418	1102419	4	0.6314
chr1	1102433	1102434	6	0.7271
chr1	1102470	1102471	2	0.5293
chr1	1102478	1102479	6	0.6554
chr1	1102578	1102579	5	0.7145
chr1	1102640	1102641	5	0.7349
chr1	1102740	1102741	4	0.7129
chr1	1102831	1102832	3	0.6491
chr1	1102931	1102932	6	0.6774
chr1	1102981	1102982	5	0.5254
chr1	1103045	1103046	3	0.9107
chr1	1103059	1103060	3	0.9875
chr1	1103081	1103082	4	0.9552
chr1	1103083	1103084	3	0.9104
chr1	1103119	1103120	4	0.7917
chr1	1103191	1103192	6	0.7583
chr1	1103205	1103206	6	0.9174
chr1	1103237	1103238	6	0.8049
chr1	1103465	1103466	5	0.8342
chr1	1103474	1103475	4	0.3076
chr1	1103507	1103508	4	0.3808
chr1	1103557	1103558	6	0.4606
chr1	1103580	1103581	5	0.2576
chr1	1103620	1103621	5	0.382
chr1	1103650	1103651	6	0.2928
chr1	1103700	1103701	5	0.3868
chr1	1103727	1103728	5	0.379
chr1	1103742	1103743	5	0.3793
chr1	1103770	1103771	4	0.4412
chr1	1103788	1103789	5	0.2815
chr1	1103838	1103839	5	0.3708
chr1	1103860	1103861	4	0.3302
chr1	1103875	1103876	3	0.3774
chr1	1103897	1103898	3	0.3186
chr1	1103927	1103928	4	0.2652
chr1	1103932	1103933	6	0.4237
chr1	1104016	1104017	5	0.3991
chr1	1104066	1104067	6	0.3971
chr1	1104166	1104167	4	0.5074
chr1	1104221	1104222	4	0.2756
chr1	1104293	1104294	6	0.5378
chr1	1104343	1104344	4	0.1667
chr1	1104371	1104372	4	0.6729
chr1	1104419	1104420	4	0.5132
chr1	1104469	1104470	4	0.7711
chr1	1104481	1104482	5	0.5743
chr1	1104489	1104490	5	0.5971
chr1	1104559	1104560	3	0.8178
chr1	1104609	1104610	3	0.87
chr1	1104617	1104618	4	0.5219
chr1	1104767	1104768	5	0.6463
chr1	1104798	1104799	4	0.6969
chr1	1104841	1104842	7	0.8006
chr1	1104866	1104867	4	0.7296
chr1	1104890	1104891	5	0.5679
chr1	1104928	1104929	5	0.772
chr1	1104978	1104979	3	0.7653
chr1	1105028	1105029	4	0.7554
chr1	1105046	1105047	6	0.5867
chr1	1105064	1105065	6	0.6296
chr1	1105096	1105097	4	0.6754
chr1	1105113	1105114	5	0.7326
chr1	1105134	1105135	4	0.6939
chr1	1105170	1105171	5	0.5986
chr1	1105197	1105198	3	0.6417
chr1	1105212	1105213	3	0.6448
chr1	1105219	1105220	5	0.5037
chr1	1105273	1105274	4	0.6707
chr1	1105344	1105345	5	0.675
chr1	1105444	1105445	3	0.6652
chr1	1105518	1105519	5	0.6758
chr1	1105580	1105581	5	0.7916
chr1	1105672	1105673	3	0.6441
chr1	1105695	1105696	5	0.8082
chr1	1105742	1105743	4	0.7269
chr1	1105783	1105784	6	0.7976
chr1	1105833	1105834	4	0.9048
chr1	1105857	1105858	4	0.7398
chr1	1105880	1105881	4	0.824
chr1	1105895	1105896	4	0.6534
chr1	1105917	1105918	5	0.8589
chr1	1105933	1105934	4	0.8637
chr1	1105948	1105949	3	0.8205
chr1	1105981	1105982	4	0.7815
chr1	1106031	1106032	5	0.6948
chr1	1106050	1106051	4	0.956
chr1	1106074	1106075	4	0.8229
chr1	1106096	1106097	3	0.8284
chr1	1106114	1106115	4	0.8277
chr1	1106214	1106215	5	0.8133
chr1	1106264	1106265	3	0.6706
chr1	1106364	1106365	6	0.8911
chr1	1106464	1106465	4	0.7831
chr1	1106508	1106509	5	0.8076
chr1	1106548	1106549	6	0.8079
chr1	1106584	1106585	4	0.1051
chr1	1106606	1106607	3	0.2565
chr1	1106638	1106639	6	0.1978
chr1	1106665	1106666	5	0.2606
chr1	1106707	1106708	4	0.1671
chr1	1106728	1106729	3	0.0717
chr1	1106766	1106767	5	0.2117
chr1	1106785	1106786	4	0.162
chr1	1106819	1106820	4	0.2775
chr1	1106838	1106839	5	0.2648
chr1	1106883	1106884	5	0.2142
chr1	1106910	1106911	5	0.2412
chr1	1106942	1106943	6	0.22
chr1	1106975	1106976	2	0.2152
chr1	1106995	1106996	5	0.1755
chr1	1107067	1107068	5	0.2119
chr1	1107167	1107168	4	0.1465
chr1	1107267	1107268	3	0.3053
chr1	1107367	1107368	4	0.0996
chr1	1107397	1107398	5	0.0976
chr1	1107415	1107416	6	0.0965
chr1	1107436	1107437	5	0.6666
chr1	1107451	1107452	6	0.721
chr1	1107466	1107467	5	0.6034
chr1	1107485	1107486	4	0.4393
chr1	1107512	1107513	5	0.6931
chr1	1107534	1107535	4	0.6863
chr1	1107551	1107552	3	0.5986
chr1	1107567	1107568	3	0.7301
chr1	1107593	1107594	4	0.4874
chr1	1107615	1107616	4	0.6703
chr1	1107641	1107642	5	0.6521
chr1	1107659	1107660	6	0.7328
chr1	1107691	1107692	4	0.7007
chr1	1107739	1107740	5	0.7373
chr1	1107774	1107775	5	0.5182
chr1	1107821	1107822	5	0.6967
chr1	1107843	1107844	5	0.7407
chr1	1107881	1107882	5	0.6613
chr1	1107981	1107982	5	0.6578
chr1	1108045	1108046	5	0.7015
chr1	1108145	1108146	5	0.5665
chr1	1108229	1108230	3	0.6175
chr1	1108247	1108248	5	0.6721
chr1	1108299	1108300	5	0.7403
chr1	1108345	1108346	5	0.9396
chr1	1108368	1108369	5	0.7046
chr1	1108399	1108400	5	0.7553
chr1	1108426	1108427	5	0.7554
chr1	1108467	1108468	5	0.7022
chr1	1108482	1108483	4	0.7586
chr1	1108502	1108503	4	0.7243
chr1	1108552	1108553	4	0.9093
chr1	1108583	1108584	6	0.881
chr1	1108602	1108603	5	0.8631
chr1	1108617	1108618	5	0.7745
chr1	1108632	1108633	3	0.7914
chr1	1108682	1108683	3	0.8018
chr1	1108720	1108721	6	0.7529
chr1	1108761	1108762	4	0.8143
chr1	1108793	1108794	4	0.8072
chr1	1108829	1108830	3	0.7827
chr1	1108864	1108865	5	0.7204
chr1	1108911	1108912	5	1.0
chr1	1108925	1108926	5	0.7338
chr1	1108975	1108976	5	0.8167
chr1	1109049	1109050	4	0.8618
chr1	1109127	1109128	5	0.7145
chr1	1109227	1109228	5	0.8279
chr1	1109327	1109328	3	0.8098
chr1	1109418	1109419	5	0.914
chr1	1109492	1109493	4	0.9861
chr1	1109503	1109504	2	0.769
chr1	1109535	1109536	4	0.7788
chr1	1109562	1109563	5	0.6548
chr1	1109597	1109598	4	0.887
chr1	1109623	1109624	5	0.7949
chr1	1109648	1109649	5	0.7883
chr1	1109676	1109677	6	0.7983
chr1	1109691	1109692	5	0.7398
chr1	1109720	1109721	6	0.8469
chr1	1109770	1109771	5	0.8386
chr1	1109820	1109821	6	0.9093
chr1	1109840	1109841	5	0.7104
chr1	1109881	1109882	4	0.7813
chr1	1109915	1109916	4	0.8641
chr1	1109954	1109955	4	0.6358
chr1	1109979	1109980	4	0.7021
chr1	1109989	1109990	4	0.8373
chr1	1110089	1110090	5	0.756
chr1	1110189	1110190	3	0.4874
chr1	1110265	1110266	5	0.8433
chr1	1110365	1110366	5	0.8405
chr1	1110465	1110466	3	0.8639
chr1	1110495	1110496	6	0.5969
chr1	1110543	1110544	5	0.7976
chr1	1110570	1110571	6	0.9916
chr1	1110619	1110620	5	0.7069
chr1	1110634	1110635	4	0.8974
chr1	1110669	1110670	4	0.9078
chr1	1110684	1110685	4	0.9064
chr1	1110704	1110705	3	0.9556
chr1	1110724	1110725	5	0.7798
chr1	1110740	1110741	5	0.772
chr1	1110790	1110791	6	0.7929
chr1	1110840	1110841	3	0.9641
chr1	1110890	1110891	4	0.8189
chr1	1110932	1110933	6	0.9238
chr1	1110973	1110974	5	0.8185
chr1	1110974	1110975	4	0.7301
chr1	1111074	1111075	3	0.7237
chr1	1111169	1111170	3	0.8967
chr1	1111269	1111270	6	1.0
chr1	1111369	1111370	5	0.815
chr1	1111405	1111406	3	0.9699
chr1	1111446	1111447	5	0.0697
chr1	1111483	1111484	7	0.0888
chr1	1111510	1111511	4	0.2458
chr1	1111537	1111538	6	0.1339
chr1	1111566	1111567	3	0.1236
chr1	1111616	1111617	5	0.1105
chr1	1111660	1111661	4	0.1469
chr1	1111690	1111691	4	0.1087
chr1	1111736	1111737	6	0.044
chr1	1111762	1111763	4	0.0
chr1	1111777	1111778	5	0.252
chr1	1111827	1111828	4	0.1945
chr1	1111842	1111843	3	0.2252
chr1	1111881	1111882	3	0.0496
chr1	1111902	1111903	4	0.1001
chr1	1112002	1112003	5	0.3152
chr1	1112102	1112103	4	0.0
chr1	1112202	1112203	5	0.1494
chr1	1112302	1112303	4	0.123
chr1	1112322	1112323	4	0.3625
chr1	1112330	1112331	6	0.1341
chr1	1112363	1112364	6	0.7009
chr1	1112403	1112404	4	0.6018
chr1	1112431	1112432	4	0.5989
chr1	1112455	1112456	4	0.558
chr1	1112480	1112481	3	0.5958
chr1	1112498	1112499	3	0.6258
chr1	1112523	1112524	3	0.6897
chr1	1112558	1112559	5	0.6244
chr1	1112607	1112608	6	0.8321
chr1	1112657	1112658	4	0.8238
chr1	1112681	1112682	6	0.6608
chr1	1112700	1112701	7	0.6402
chr1	1112742	1112743	5	0.8667
chr1	1112759	1112760	5	0.8669
chr1	1112795	1112796	5	0.7037
chr1	1112819	1112820	5	0.7612
chr1	1112844	1112845	3	0.5934
chr1	1112862	1112863	4	0.7412
chr1	1112878	1112879	4	0.6595
chr1	1112966	1112967	5	0.8053
chr1	1113066	1113067	4	0.7234
chr1	1113121	1113122	3	0.7123
chr1	1113210	1113211	5	0.6735
chr1	1113260	1113261	3	0.6812
chr1	1113335	1113336	4	0.6483
chr1	1113391	1113392	5	0.6464
chr1	1113427	1113428	3	0.805
chr1	1113462	1113463	4	0.6681
chr1	1113487	1113488	3	0.8766
chr1	1113508	1113509	2	0.7671
chr1	1113536	1113537	5	0.6283
chr1	1113560	1113561	4	0.8787
chr1	1113583	1113584	5	0.7921
chr1	1113633	1113634	4	0.8533
chr1	1113680	1113681	5	0.7467
chr1	1113697	1113698	3	0.8583
chr1	1113728	1113729	4	0.8533
chr1	1113758	1113759	5	0.7684
chr1	1113808	1113809	5	0.8514
chr1	1113832	1113833	4	0.7343
chr1	1113849	1113850	4	0.9138
chr1	1113864	1113865	5	0.8746
chr1	1113901	1113902	4	0.8537
chr1	1113951	1113952	3	0.7088
chr1	1113970	1113971	5	0.7138
chr1	1113990	1113991	3	0.7398
chr1	1114001	1114002	4	0.7556
chr1	1114051	1114052	5	0.837
chr1	1114103	1114104	6	0.84
chr1	1114185	1114186	3	0.973
chr1	1114285	1114286	5	0.8251
chr1	1114365	1114366	4	0.6968
chr1	1114418	1114419	5	0.7888
chr1	1114516	1114517	4	0.7364
chr1	1114562	1114563	6	0.7846
chr1	1114612	1114613	4	0.9602
chr1	1114618	1114619	5	0.8286
chr1	1114649	1114650	3	0.8185
chr1	1114676	1114677	5	0.988
chr1	1114703	1114704	5	0.7588
chr1	1114753	1114754	4	0.8385
chr1	1114775	1114776	5	0.8656
chr1	1114814	1114815	5	0.745
chr1	1114859	1114860	5	0.7894
chr1	1114884	1114885	4	0.7458
chr1	1114908	1114909	7	0.9569
chr1	1114958	1114959	4	0.6673
chr1	1115008	1115009	5	0.5974
chr1	1115036	1115037	5	0.6718
chr1	1115069	1115070	5	0.6496
chr1	1115091	1115092	5	0.6635
chr1	1115130	1115131	2	0.7975
chr1	1115156	1115157	5	0.7503
chr1	1115171	1115172	4	0.6689
chr1	1115221	1115222	6	0.5853
chr1	1115310	1115311	5	0.5811
chr1	1115410	1115411	6	0.9877
chr1	1115504	1115505	5	0.7529
chr1	1115604	1115605	5	0.7404
chr1	1115685	1115686	5	0.8663
chr1	1115691	1115692	5	0.9063
chr1	1115703	1115704	6	0.8808
chr1	1115869	1115870	6	0.9038
chr1	1115873	1115874	4	0.7781
chr1	1115897	1115898	5	0.8853
chr1	1115999	1116000	5	0.784
chr1	1116015	1116016	5	0.9258
chr1	1116039	1116040	4	0.9649
chr1	1116051	1116052	5	0.8727
chr1	1116103	1116104	6	0.8343
chr1	1116121	1116122	5	0.1168
chr1	1116140	1116141	6	0.1021
chr1	1116179	1116180	4	0.0419
chr1	1116223	1116224	4	0.0394
chr1	1116258	1116259	4	0.0862
chr1	1116308	1116309	5	0.0
chr1	1116324	1116325	5	0.1007
chr1	1116353	1116354	3	0.0675
chr1	1116377	1116378	5	0.0943
chr1	1116427	1116428	6	0.019
chr1	1116477	1116478	5	0.1107
chr1	1116503	1116504	5	0.1827
chr1	1116534	1116535	4	0.0866
chr1	1116571	1116572	4	0.2145
chr1	1116607	1116608	5	0.1693
chr1	1116701	1116702	4	0.057
chr1	1116801	1116802	5	0.0635
chr1	1116901	1116902	4	0.1132
chr1	1117001	1117002	5	0.0772
chr1	1117045	1117046	4	0.1022
chr1	1117057	1117058	2	0.143
chr1	1117062	1117063	4	0.6055
chr1	1117096	1117097	6	0.536
chr1	1117133	1117134	4	0.4489
chr1	1117157	1117158	6	0.4903
chr1	1117181	1117182	5	0.4901
chr1	1117215	1117216	4	0.5769
chr1	1117242	1117243	5	0.5601
chr1	1117265	1117266	2	0.5709
chr1	1117294	1117295	4	0.5419
chr1	1117314	1117315	4	0.5197
chr1	1117342	1117343	4	0.4337
chr1	1117361	1117362	4	0.6105
chr1	1117376	1117377	6	0.6364
chr1	1117413	1117414	4	0.4782
chr1	1117439	1117440	5	0.5152
chr1	1117484	1117485	6	0.674
chr1	1117504	1117505	3	0.515
chr1	1117528	1117529	6	0.5409
chr1	1117547	1117548	5	0.5399
chr1	1117571	1117572	4	0.6745
chr1	1117581	1117582	4	0.5585
chr1	1117681	1117682	5	0.3912
chr1	1117781	1117782	6	0.5508
chr1	1117851	1117852	5	0.6441
chr1	1117940	1117941	4	0.5626
chr1	1118039	1118040	5	0.5005
chr1	1118079	1118080	5	0.8919
chr1	1118167	1118168	3	0.8561
chr1	1118325	1118326	4	0.8565
chr1	1118347	1118348	3	0.7777
chr1	1118367	1118368	2	0.7823
chr1	1118443	1118444	3	0.8861
chr1	1118455	1118456	3	0.801
chr1	1118505	1118506	7	0.9127
chr1	1118522	1118523	6	0.9106
chr1	1118568	1118569	5	0.8861
chr1	1118615	1118616	4	0.8263
chr1	1118649	1118650	5	0.8855
chr1	1118684	1118685	5	0.8051
chr1	1118734	1118735	5	0.936
chr1	1118760	1118761	5	0.7899
chr1	1118803	1118804	6	0.8197
chr1	1118819	1118820	6	0.7719
chr1	1118849	1118850	5	0.8033
chr1	1118877	1118878	5	0.8524
chr1	1118905	1118906	4	0.829
chr1	1118916	1118917	7	0.7428
chr1	1119016	1119017	3	0.8522
chr1	1119093	1119094	4	0.8711
chr1	1119193	1119194	4	1.0
chr1	1119293	1119294	5	0.8876
chr1	1119381	1119382	4	1.0
chr1	1119389	1119390	5	0.5955
chr1	1119404	1119405	5	0.5802
chr1	1119430	1119431	3	0.681
chr1	1119471	1119472	3	0.6985
chr1	1119486	1119487	5	0.679
chr1	1119535	1119536	5	0.5509
chr1	1119566	1119567	3	0.5447
chr1	1119611	1119612	3	0.6746
chr1	1119658	1119659	5	0.5353
chr1	1119681	1119682	3	0.459
chr1	1119731	1119732	6	0.8025
chr1	1119754	1119755	4	0.63
chr1	1119787	1119788	5	0.8192
chr1	1119802	1119803	6	0.6805
chr1	1119852	1119853	5	0.591
chr1	1119878	1119879	5	0.504
chr1	1119928	1119929	5	0.6866
chr1	1119934	1119935	4	0.4174
chr1	1120034	1120035	4	0.5513
chr1	1120134	1120135	6	0.5584
chr1	1120184	1120185	5	0.5189
chr1	1120284	1120285	4	0.4875
chr1	1120346	1120347	5	0.4888
chr1	1120446	1120447	5	0.6944
chr1	1120502	1120503	7	0.9601
chr1	1120524	1120525	4	0.7472
chr1	1120534	1120535	5	0.8067
chr1	1120538	1120539	3	0.6143
chr1	1120710	1120711	3	0.608
chr1	1120764	1120765	5	0.9107
chr1	1120846	1120847	3	0.6609
chr1	1120874	1120875	4	0.7476
chr1	1120894	1120895	6	0.0496
chr1	1120944	1120945	5	0.2216
chr1	1120981	1120982	6	0.2097
chr1	1121021	1121022	5	0.1679
chr1	1121036	1121037	3	0.217
chr1	1121052	1121053	3	0.2331
chr1	1121070	1121071	4	0.1955
chr1	1121094	1121095	4	0.3165
chr1	1121118	1121119	3	0.1751
chr1	1121141	1121142	5	0.1916
chr1	1121161	1121162	6	0.1803
chr1	1121181	1121182	5	0.1737
chr1	1121196	1121197	4	0.2591
chr1	1121244	1121245	2	0.1488
chr1	1121281	1121282	5	0.1156
chr1	1121322	1121323	5	0.2203
chr1	1121350	1121351	5	0.1724
chr1	1121400	1121401	4	0.0952
chr1	1121406	1121407	6	0.0262
chr1	1121486	1121487	5	0.107
chr1	1121586	1121587	7	0.2277
chr1	1121641	1121642	5	0.0045
chr1	1121727	1121728	4	0.1125
chr1	1121827	1121828	6	0.2337
chr1	1121885	1121886	5	0.0471
chr1	1121932	1121933	3	0.561
chr1	1121957	1121958	3	0.6312
chr1	1121985	1121986	6	0.7187
chr1	1122013	1122014	7	0.7299
chr1	1122041	1122042	5	0.5884
chr1	1122091	1122092	3	0.5733
chr1	1122115	1122116	4	0.7466
chr1	1122163	1122164	3	0.7423
chr1	1122213	1122214	5	0.679
chr1	1122242	1122243	3	0.7522
chr1	1122282	1122283	5	0.7165
chr1	1122304	1122305	4	0.6606
chr1	1122354	1122355	3	0.8495
chr1	1122369	1122370	3	0.817
chr1	1122398	1122399	6	0.7615
chr1	1122439	1122440	6	0.6809
chr1	1122527	1122528	5	0.7025
chr1	1122599	1122600	7	0.745
chr1	1122699	1122700	5	0.7322
chr1	1122765	1122766	5	0.8009
chr1	1122865	1122866	4	0.7321
chr1	1122959	1122960	3	0.8919
chr1	1122984	1122985	5	0.6622
chr1	1122999	1123000	6	0.7333
chr1	1123023	1123024	4	0.6634
chr1	1123053	1123054	4	0.6833
chr1	1123092	1123093	3	0.6562
chr1	1123118	1123119	5	0.5855
chr1	1123149	1123150	4	0.7611
chr1	1123197	1123198	4	0.7396
chr1	1123225	1123226	6	0.5463
chr1	1123270	1123271	3	0.7206
chr1	1123320	1123321	4	0.6685
chr1	1123343	1123344	6	0.6267
chr1	1123388	1123389	6	0.6232
chr1	1123434	1123435	3	0.6221
chr1	1123470	1123471	4	0.7213
chr1	1123471	1123472	3	0.5992
chr1	1123571	1123572	5	0.7719
chr1	1123621	1123622	4	0.6332
chr1	1123721	1123722	4	0.5733
chr1	1123821	1123822	5	0.6487
chr1	1123871	1123872	4	0.6729
chr1	1123953	1123954	5	0.7953
chr1	1123991	1123992	4	0.6672
chr1	1124041	1124042	4	0.825
chr1	1124088	1124089	5	0.5928
chr1	1124108	1124109	6	0.6367
chr1	1124146	1124147	3	0.5579
chr1	1124166	1124167	3	0.7589
chr1	1124181	1124182	6	0.6741
chr1	1124216	1124217	4	0.8333
chr1	1124266	1124267	5	0.7778
chr1	1124285	1124286	6	0.7423
chr1	1124300	1124301	3	0.7518
chr1	1124334	1124335	4	0.6721
chr1	1124361	1124362	6	0.6634
chr1	1124378	1124379	4	0.6229
chr1	1124427	1124428	3	0.6676
chr1	1124455	1124456	5	0.7497
chr1	1124497	1124498	3	0.6325
chr1	1124512	1124513	4	0.7678
chr1	1124539	1124540	5	0.7098
chr1	1124639	1124640	5	0.6558
chr1	1124705	1124706	3	0.7999
chr1	1124755	1124756	4	0.7728
chr1	1124869	1124870	4	0.6823
chr1	1124969	1124970	4	0.8036
chr1	1125019	1125020	3	0.5867
chr1	1125077	1125078	5	0.8
chr1	1125112	1125113	4	0.3141
chr1	1125149	1125150	3	0.2079
chr1	1125184	1125185	4	0.0
chr1	1125199	1125200	5	0.1372
chr1	1125226	1125227	4	0.481
chr1	1125264	1125265	4	0.3523
chr1	1125284	1125285	6	0.5911
chr1	1125320	1125321	6	0.2209
chr1	1125341	1125342	5	0.0899
chr1	1125359	1125360	6	0.0
chr1	1125375	1125376	7	0.0
chr1	1125414	1125415	5	0.797
chr1	1125445	1125446	5	0.046
chr1	1125493	1125494	3	0.001
chr1	1125517	1125518	4	0.0
chr1	1125533	1125534	4	0.6389
chr1	1125548	1125549	6	0.852
chr1	1125575	1125576	5	0.1029
chr1	1125669	1125670	4	0.6292
chr1	1125745	1125746	4	0.5986
chr1	1125822	1125823	5	0.4925
chr1	1125897	1125898	6	0.656
chr1	1125966	1125967	6	0.001
chr1	1126004	1126005	5	0.8013
chr1	1126050	1126051	6	0.5816
chr1	1126080	1126081	4	0.4606
chr1	1126095	1126096	5	0.6783
chr1	1126145	1126146	4	0.5751
chr1	1126192	1126193	5	0.4722
chr1	1126207	1126208	5	0.5886
chr1	1126241	1126242	5	0.5329
chr1	1126291	1126292	5	0.4362
chr1	1126306	1126307	5	0.7694
chr1	1126326	1126327	4	0.6973
chr1	1126348	1126349	4	0.5961
chr1	1126370	1126371	4	0.6198
chr1	1126399	1126400	7	0.5249
chr1	1126481	1126482	5	0.4702
chr1	1126514	1126515	5	0.4366
chr1	1126551	1126552	6	0.3177
chr1	1126560	1126561	5	0.4703
chr1	1126614	1126615	4	0.4365
chr1	1126714	1126715	2	0.5153
chr1	1126814	1126815	4	0.32
chr1	1126885	1126886	4	0.3902
chr1	1126982	1126983	3	0.4553
chr1	1126984	1126985	4	0.5072
chr1	1126986	1126987	5	0.5561
chr1	1127030	1127031	6	0.0247
chr1	1127080	1127081	3	0.0316
chr1	1127115	1127116	5	0.113
chr1	1127161	1127162	5	0.3316
chr1	1127211	1127212	4	0.2746
chr1	1127231	1127232	4	0.3169
chr1	1127281	1127282	5	0.179
chr1	1127311	1127312	4	0.2437
chr1	1127361	1127362	4	0.2207
chr1	1127411	1127412	4	0.0779
chr1	1127426	1127427	3	0.1645
chr1	1127476	1127477	5	0.1798
chr1	1127499	1127500	4	0.0733
chr1	1127507	1127508	5	0.1826
chr1	1127587	1127588	4	0.143
chr1	1127669	1127670	5	0.0516
chr1	1127769	1127770	3	0.1184
chr1	1127865	1127866	5	0.109
chr1	1127965	1127966	6	0.0304
chr1	1128029	1128030	5	0.0069
chr1	1128047	1128048	5	0.6833
chr1	1128085	1128086	4	0.6097
chr1	1128113	1128114	5	0.6807
chr1	1128155	1128156	5	0.6564
chr1	1128184	1128185	5	0.7868
chr1	1128220	1128221	5	0.727
chr1	1128239	1128240	3	0.5672
chr1	1128256	1128257	4	0.7012
chr1	1128284	1128285	5	0.8253
chr1	1128305	1128306	4	0.7146
chr1	1128355	1128356	5	0.7174
chr1	1128370	1128371	5	0.6277
chr1	1128402	1128403	2	0.7936
chr1	1128452	1128453	4	0.7804
chr1	1128502	1128503	4	0.6903
chr1	1128518	1128519	4	0.7599
chr1	1128558	1128559	4	0.8175
chr1	1128658	1128659	3	0.7988
chr1	1128758	1128759	6	0.7017
chr1	1128808	1128809	4	0.6061
chr1	1128858	1128859	4	0.594
chr1	1128908	1128909	5	0.6242
chr1	1128994	1128995	5	0.6068
chr1	1129044	1129045	4	0.6175
chr1	1129064	1129065	4	0.8529
chr1	1129079	1129080	4	0.6544
chr1	1129114	1129115	5	0.7484
chr1	1129163	1129164	5	0.6802
chr1	1129199	1129200	5	0.6466
chr1	1129246	1129247	6	0.5973
chr1	1129289	1129290	5	0.6618
chr1	1129318	1129319	4	0.672
chr1	1129346	1129347	3	0.624
chr1	1129383	1129384	4	0.4805
chr1	1129417	1129418	5	0.5289
chr1	1129438	1129439	3	0.5351
chr1	1129459	1129460	4	0.6184
chr1	1129509	1129510	5	0.5377
chr1	1129553	1129554	4	0.7288
chr1	1129568	1129569	4	0.6739
chr1	1129590	1129591	3	0.6262
chr1	1129655	1129656	5	0.501
chr1	1129746	1129747	4	0.5949
chr1	1129832	1129833	5	0.6176
chr1	1129932	1129933	5	0.6074
chr1	1129982	1129983	5	0.5179
chr1	1130082	1130083	5	0.4648
chr1	1130158	1130159	4	0.7693
chr1	1130203	1130204	4	0.7448
chr1	1130235	1130236	5	0.8743
chr1	1130258	1130259	4	0.7421
chr1	1130280	1130281	3	0.7683
chr1	1130309	1130310	5	0.8529
chr1	1130359	1130360	5	0.8282
chr1	1130387	1130388	4	0.7265
chr1	1130402	1130403	3	0.7448
chr1	1130452	1130453	4	0.8127
chr1	1130483	1130484	3	0.7601
chr1	1130498	1130499	6	0.786
chr1	1130517	1130518	5	0.8151
chr1	1130542	1130543	5	0.9202
chr1	1130566	1130567	3	0.8386
chr1	1130598	1130599	4	0.8036
chr1	1130648	1130649	7	0.7661
chr1	1130658	1130659	5	0.8874
chr1	1130758	1130759	3	0.7717
chr1	1130855	1130856	5	0.7696
chr1	1130955	1130956	6	0.7545
chr1	1131055	1131056	6	0.7977
chr1	1131133	1131134	5	0.8575
chr1	1131170	1131171	3	0.1232
chr1	1131190	1131191	5	0.0805
chr1	1131239	1131240	5	0.0
chr1	1131286	1131287	4	0.3005
chr1	1131322	1131323	3	0.0297
chr1	1131372	1131373	6	0.2391
chr1	1131422	1131423	4	0.0853
chr1	1131444	1131445	4	0.0417
chr1	1131459	1131460	5	0.1031
chr1	1131474	1131475	3	0.0538
chr1	1131489	1131490	5	0.0259
chr1	1131539	1131540	4	0.2027
chr1	1131566	1131567	4	0.1726
chr1	1131596	1131597	5	0.1194
chr1	1131683	1131684	4	0.0533
chr1	1131783	1131784	3	0.2157
chr1	1131883	1131884	5	0.1417
chr1	1131933	1131934	5	0.1181
chr1	1131939	1131940	5	0.1072
chr1	1131947	1131948	4	0.6114
chr1	1131997	1131998	4	0.6241
chr1	1132013	1132014	4	0.444
chr1	1132039	1132040	4	0.6011
chr1	1132058	1132059	5	0.5461
chr1	1132075	1132076	4	0.6533
chr1	1132096	1132097	5	0.728
chr1	1132131	1132132	5	0.7693
chr1	1132146	1132147	4	0.7038
chr1	1132184	1132185	2	0.8635
chr1	1132213	1132214	6	0.5747
chr1	1132239	1132240	4	0.6161
chr1	1132254	1132255	5	0.5607
chr1	1132270	1132271	6	0.5062
chr1	1132293	1132294	4	0.661
chr1	1132313	1132314	4	0.5923
chr1	1132363	1132364	5	0.6044
chr1	1132389	1132390	5	0.6694
chr1	1132446	1132447	5	0.8166
chr1	1132546	1132547	3	0.5936
chr1	1132624	1132625	2	0.5641
chr1	1132723	1132724	5	0.6181
chr1	1132823	1132824	4	0.7397
chr1	1132843	1132844	5	0.9767
chr1	1132863	1132864	3	0.8753
chr1	1132983	1132984	3	0.8624
chr1	1133065	1133066	5	0.836
chr1	1133099	1133100	5	0.6866
chr1	1133101	1133102	4	0.6568
chr1	1133163	1133164	4	0.8847
chr1	1133275	1133276	4	0.8598
chr1	1133294	1133295	5	0.9191
chr1	1133315	1133316	5	0.8296
chr1	1133349	1133350	5	0.9627
chr1	1133364	1133365	6	0.9699
chr1	1133386	1133387	3	0.8834
chr1	1133406	1133407	4	0.9815
chr1	1133423	1133424	5	0.9028
chr1	1133469	1133470	4	0.9851
chr1	1133496	1133497	6	1.0
chr1	1133511	1133512	4	0.9603
chr1	1133561	1133562	5	0.7844
chr1	1133611	1133612	5	0.8494
chr1	1133645	1133646	4	0.9071
chr1	1133671	1133672	4	0.9031
chr1	1133707	1133708	4	0.9848
chr1	1133723	1133724	4	0.8272
chr1	1133754	1133755	4	0.8042
chr1	1133804	1133805	4	0.9012
chr1	1133823	1133824	4	0.9919
chr1	1133923	1133924	5	0.917
chr1	1134023	1134024	4	0.9756
chr1	1134123	1134124	4	0.878
chr1	1134223	1134224	5	0.9795
chr1	1134319	1134320	4	0.8426
chr1	1134379	1134380	5	0.9358
chr1	1134383	1134384	5	0.8435
chr1	1134388	1134389	5	0.737
chr1	1134403	1134404	4	0.637
chr1	1134448	1134449	4	0.7675
chr1	1134467	1134468	3	0.6621
chr1	1134517	1134518	5	0.7229
chr1	1134532	1134533	2	0.4639
chr1	1134547	1134548	4	0.7204
chr1	1134597	1134598	5	0.6201
chr1	1134640	1134641	5	0.5215
chr1	1134666	1134667	5	0.762
chr1	1134716	1134717	5	0.7549
chr1	1134732	1134733	4	0.6956
chr1	1134757	1134758	5	0.6847
chr1	1134794	1134795	6	0.5406
chr1	1134809	1134810	5	0.3676
chr1	1134828	1134829	6	0.453
chr1	1134865	1134866	3	0.294
chr1	1134885	1134886	5	0.3337
chr1	1134916	1134917	3	0.3966
chr1	1135016	1135017	5	0.3548
chr1	1135116	1135117	4	0.3
chr1	1135169	1135170	5	0.4474
chr1	1135242	1135243	4	0.6136
chr1	1135307	1135308	4	0.6851
chr1	1135407	1135408	5	0.7945
chr1	1135499	1135500	5	0.7533
chr1	1135513	1135514	3	0.5684
chr1	1135557	1135558	4	0.6866
chr1	1135577	1135578	5	0.838
chr1	1135595	1135596	5	0.5902
chr1	1135659	1135660	4	0.5583
chr1	1135673	1135674	5	0.7083
chr1	1135735	1135736	5	0.6157
chr1	1135885	1135886	5	0.6289
chr1	1135890	1135891	6	0.8123
chr1	1135923	1135924	5	0.7473
chr1	1135955	1135956	5	0.4389
chr1	1135976	1135977	5	0.6753
chr1	1136002	1136003	6	0.7698
chr1	1136039	1136040	5	0.6495
chr1	1136059	1136060	6	0.732
chr1	1136109	1136110	5	0.5393
chr1	1136159	1136160	5	0.6028
chr1	1136175	1136176	5	0.6766
chr1	1136219	1136220	3	0.7411
chr1	1136242	1136243	4	0.7619
chr1	1136280	1136281	5	0.6892
chr1	1136324	1136325	3	0.6429
chr1	1136346	1136347	5	0.6982
chr1	1136388	1136389	6	0.5514
chr1	1136403	1136404	5	0.6154
chr1	1136440	1136441	4	0.624
chr1	1136490	1136491	5	0.6144
chr1	1136590	1136591	3	0.7299
chr1	1136690	1136691	5	0.6138
chr1	1136790	1136791	6	0.7002
chr1	1136840	1136841	4	0.727
chr1	1136890	1136891	5	0.7097
chr1	1136980	1136981	5	0.7297
chr1	1137018	1137019	4	0.8106
chr1	1137090	1137091	4	0.8741
chr1	1137170	1137171	4	0.7861
chr1	1137188	1137189	6	0.8323
chr1	1137190	1137191	2	0.8019
chr1	1137204	1137205	4	0.5867
chr1	1137220	1137221	5	0.7884
chr1	1137250	1137251	3	0.6663
chr1	1137360	1137361	4	0.9122
chr1	1137456	1137457	3	0.721
chr1	1137498	1137499	4	0.0399
chr1	1137525	1137526	4	0.1625
chr1	1137559	1137560	6	0.1527
chr1	1137574	1137575	7	0.1115
chr1	1137618	1137619	5	0.2285
chr1	1137645	1137646	5	0.1308
chr1	1137687	1137688	3	0.1324
chr1	1137717	1137718	4	0.1243
chr1	1137767	1137768	5	0.3259
chr1	1137792	1137793	4	0.2874
chr1	1137835	1137836	4	0.2285
chr1	1137885	1137886	6	0.138
chr1	1137922	1137923	3	0.1243
chr1	1137937	1137938	4	0.2468
chr1	1137974	1137975	5	0.1578
chr1	1137997	1137998	6	0.2357
chr1	1138016	1138017	5	0.1343
chr1	1138116	1138117	3	0.0829
chr1	1138166	1138167	5	0.1665
chr1	1138266	1138267	5	0.2455
chr1	1138345	1138346	5	0.1417
chr1	1138395	1138396	7	0.061
chr1	1138495	1138496	5	0.1973
chr1	1138521	1138522	5	0.0165
chr1	1138528	1138529	4	0.685
chr1	1138553	1138554	4	0.5615
chr1	1138568	1138569	4	0.6199
chr1	1138592	1138593	2	0.6825
chr1	1138631	1138632	3	0.489
chr1	1138675	1138676	3	0.5075
chr1	1138712	1138713	4	0.5881
chr1	1138733	1138734	4	0.4116
chr1	1138753	1138754	4	0.509
chr1	1138803	1138804	4	0.6417
chr1	1138847	1138848	3	0.4957
chr1	1138881	1138882	4	0.4494
chr1	1138931	1138932	4	0.7025
chr1	1138946	1138947	4	0.2775
chr1	1138982	1138983	5	0.5442
chr1	1139007	1139008	4	0.6008
chr1	1139107	1139108	6	0.5498
chr1	1139207	1139208	4	0.4705
chr1	1139307	1139308	5	0.6339
chr1	1139392	1139393	2	0.5423
chr1	1139442	1139443	7	0.4893
chr1	1139466	1139467	3	0.8431
chr1	1139504	1139505	5	0.9577
chr1	1139538	1139539	4	0.7395
chr1	1139710	1139711	3	0.6181
chr1	1139738	1139739	3	0.7461
chr1	1139840	1139841	5	0.84
chr1	1139844	1139845	3	0.825
chr1	1139851	1139852	4	0.4362
chr1	1139879	1139880	5	0.608
chr1	1139908	1139909	4	0.5564
chr1	1139948	1139949	5	0.4294
chr1	1139975	1139976	5	0.458
chr1	1139992	1139993	5	0.51
chr1	1140030	1140031	4	0.4171
chr1	1140080	1140081	5	0.4994
chr1	1140109	1140110	4	0.4797
chr1	1140129	1140130	5	0.5168
chr1	1140179	1140180	4	0.4197
chr1	1140199	1140200	6	0.5118
chr1	1140249	1140250	5	0.5019
chr1	1140290	1140291	4	0.5136
chr1	1140313	1140314	4	0.3304
chr1	1140339	1140340	6	0.6824
chr1	1140360	1140361	4	0.4153
chr1	1140441	1140442	4	0.6603
chr1	1140541	1140542	4	0.3696
chr1	1140641	1140642	4	0.5609
chr1	1140721	1140722	5	0.6402
chr1	1140797	1140798	2	0.7171
chr1	1140835	1140836	4	0.7185
chr1	1140863	1140864	4	0.9438
chr1	1140935	1140936	6	0.7484
chr1	1140945	1140946	5	0.9303
chr1	1141005	1141006	5	0.723
chr1	1141047	1141048	5	0.6403
chr1	1141101	1141102	4	0.7815
chr1	1141249	1141250	2	0.7277
chr1	1141289	1141290	6	0.7266
chr1	1141299	1141300	5	0.4863
chr1	1141335	1141336	4	0.4799
chr1	1141358	1141359	3	0.4321
chr1	1141374	1141375	4	0.4515
chr1	1141401	1141402	5	0.5453
chr1	1141441	1141442	5	0.538
chr1	1141456	1141457	4	0.5561
chr1	1141471	1141472	3	0.3284
chr1	1141521	1141522	4	0.6378
chr1	1141548	1141549	3	0.4676
chr1	1141583	1141584	4	0.616
chr1	1141628	1141629	3	0.5793
chr1	1141669	1141670	4	0.4593
chr1	1141684	1141685	5	0.4981
chr1	1141715	1141716	4	0.3543
chr1	1141765	1141766	3	0.5073
chr1	1141780	1141781	4	0.5185
chr1	1141792	1141793	6	0.5366
chr1	1141885	1141886	4	0.4398
chr1	1141946	1141947	6	0.3694
chr1	1142002	1142003	3	0.5244
chr1	1142102	1142103	6	0.529
chr1	1142202	1142203	4	0.4165
chr1	1142252	1142253	5	0.3755
chr1	1142300	1142301	4	0.1422
chr1	1142430	1142431	4	0.0747
chr1	1142512	1142513	5	0.362
chr1	1142616	1142617	6	0.2693
chr1	1142730	1142731	4	0.2337
chr1	1142754	1142755	2	0.8198
chr1	1142804	1142805	5	0.856
chr1	1142851	1142852	5	0.7372
chr1	1142894	1142895	3	0.998
chr1	1142934	1142935	5	0.893
chr1	1142949	1142950	6	0.9432
chr1	1142964	1142965	4	0.7104
chr1	1143000	1143001	5	0.8107
chr1	1143039	1143040	4	0.7977
chr1	1143062	1143063	3	0.821
chr1	1143112	1143113	4	0.8454
chr1	1143131	1143132	5	0.598
chr1	1143181	1143182	4	0.8869
chr1	1143223	1143224	7	0.9375
chr1	1143259	1143260	5	0.8963
chr1	1143309	1143310	4	0.8732
chr1	1143329	1143330	5	0.8491
chr1	1143345	1143346	4	0.7655
chr1	1143367	1143368	4	0.8106
chr1	1143434	1143435	5	0.8219
chr1	1143491	1143492	5	1.0
chr1	1143591	1143592	5	0.7503
chr1	1143691	1143692	5	0.7467
chr1	1143751	1143752	3	0.9323
chr1	1143821	1143822	4	0.8766
chr1	1143871	1143872	5	0.8064
chr1	1143921	1143922	7	0.7062
chr1	1143983	1143984	4	0.9032
chr1	1143999	1144000	6	0.8115
chr1	1144034	1144035	3	0.8036
chr1	1144049	1144050	6	0.9164
chr1	1144099	1144100	5	0.8799
chr1	1144147	1144148	5	0.8255
chr1	1144180	1144181	3	0.8827
chr1	1144215	1144216	4	0.9064
chr1	1144254	1144255	7	0.9151
chr1	1144285	1144286	3	0.852
chr1	1144300	1144301	4	0.9697
chr1	1144347	1144348	3	0.9348
chr1	1144369	1144370	6	0.922
chr1	1144418	1144419	5	0.8856
chr1	1144468	1144469	4	0.8238
chr1	1144501	1144502	3	1.0
chr1	1144523	1144524	4	0.7765
chr1	1144537	1144538	4	0.7368
chr1	1144637	1144638	4	0.8363
chr1	1144737	1144738	6	0.6006
chr1	1144837	1144838	3	0.6629
chr1	1144891	1144892	4	0.7147
chr1	1144959	1144960	6	0.871
chr1	1145009	1145010	5	0.7485
chr1	1145043	1145044	6	0.9155
chr1	1145089	1145090	4	0.8138
chr1	1145119	1145120	5	0.0
chr1	1145141	1145142	4	0.2552
chr1	1145165	1145166	5	0.0816
chr1	1145182	1145183	4	0.2464
chr1	1145216	1145217	4	0.5586
chr1	1145245	1145246	5	0.7154
chr1	1145273	1145274	5	0.754
chr1	1145292	1145293	5	0.4045
chr1	1145342	1145343	4	0.645
chr1	1145357	1145358	5	0.4226
chr1	1145378	1145379	4	0.4744
chr1	1145405	1145406	4	0.7039
chr1	1145451	1145452	5	0.0922
chr1	1145466	1145467	5	0.46
chr1	1145490	1145491	5	0.1518
chr1	1145516	1145517	4	0.3356
chr1	1145540	1145541	5	0.4848
chr1	1145570	1145571	3	0.5029
chr1	1145585	1145586	4	0.4194
chr1	1145603	1145604	5	0.4094
chr1	1145674	1145675	4	0.0
chr1	1145724	1145725	3	0.819
chr1	1145824	1145825	4	0.0863
chr1	1145913	1145914	5	0.2283
chr1	1146013	1146014	5	0.5514
chr1	1146079	1146080	6	0.1533
chr1	1146151	1146152	6	0.0
chr1	1146192	1146193	5	0.5264
chr1	1146221	1146222	4	0.6224
chr1	1146243	1146244	5	0.5486
chr1	1146285	1146286	4	0.6766
chr1	1146304	1146305	4	0.7676
chr1	1146319	1146320	5	0.6636
chr1	1146350	1146351	5	0.6104
chr1	1146366	1146367	5	0.6577
chr1	1146416	1146417	4	0.679
chr1	1146451	1146452	5	0.5807
chr1	1146485	1146486	5	0.5253
chr1	1146515	1146516	4	0.6335
chr1	1146538	1146539	4	0.7498
chr1	1146567	1146568	6	0.633
chr1	1146603	1146604	3	0.5857
chr1	1146653	1146654	6	0.5488
chr1	1146668	1146669	4	0.6903
chr1	1146679	1146680	4	0.552
chr1	1146758	1146759	5	0.627
chr1	1146858	1146859	5	0.7213
chr1	1146931	1146932	6	0.7359
chr1	1146981	1146982	4	0.6196
chr1	1147081	1147082	3	0.6504
chr1	1147099	1147100	6	0.8976
chr1	1147123	1147124	6	0.5771
chr1	1147137	1147138	6	0.9932
chr1	1147177	1147178	5	0.8926
chr1	1147227	1147228	5	0.9064
chr1	1147255	1147256	5	0.8176
chr1	1147287	1147288	4	0.8462
chr1	1147309	1147310	4	0.9426
chr1	1147337	1147338	4	1.0
chr1	1147370	1147371	6	0.9364
chr1	1147391	1147392	4	0.8916
chr1	1147409	1147410	3	1.0
chr1	1147438	1147439	5	0.8923
chr1	1147457	1147458	5	0.9454
chr1	1147491	1147492	3	0.9447
chr1	1147529	1147530	4	0.9774
chr1	1147544	1147545	4	0.8743
chr1	1147572	1147573	3	0.8915
chr1	1147578	1147579	5	0.7706
chr1	1147678	1147679	5	0.9513
chr1	1147728	1147729	3	0.9606
chr1	1147828	1147829	4	0.898
chr1	1147911	1147912	6	0.9181
chr1	1148011	1148012	5	0.9046
chr1	1148093	1148094	6	0.7783
chr1	1148101	1148102	3	1.0
chr1	1148106	1148107	4	0.5069
chr1	1148130	1148131	4	0.6411
chr1	1148179	1148180	4	0.736
chr1	1148229	1148230	4	0.6433
chr1	1148248	1148249	5	0.597
chr1	1148298	1148299	4	0.7427
chr1	1148313	1148314	5	0.5354
chr1	1148347	1148348	3	0.5703
chr1	1148383	1148384	4	0.595
chr1	1148403	1148404	3	0.7117
chr1	1148430	1148431	3	0.5924
chr1	1148453	1148454	5	0.6965
chr1	1148470	1148471	4	0.6196
chr1	1148491	1148492	4	0.614
chr1	1148510	1148511	4	0.7646
chr1	1148528	1148529	5	0.7121
chr1	1148543	1148544	4	0.6551
chr1	1148564	1148565	3	0.6679
chr1	1148584	1148585	4	0.6889
chr1	1148684	1148685	4	0.5915
chr1	1148734	1148735	5	0.7283
chr1	1148834	1148835	6	0.5627
chr1	1148934	1148935	6	0.6573
chr1	1148996	1148997	5	0.7136
chr1	1148998	1148999	6	0.9955
chr1	1149014	1149015	4	0.8601
chr1	1149150	1149151	4	0.9951
chr1	1149160	1149161	6	0.9889
chr1	1149482	1149483	4	0.8332
chr1	1149525	1149526	4	0.0028
chr1	1149570	1149571	5	0.1859
chr1	1149604	1149605	6	0.0
chr1	1149647	1149648	3	0.0561
chr1	1149675	1149676	5	0.0331
chr1	1149690	1149691	5	0.1802
chr1	1149723	1149724	6	0.131
chr1	1149744	1149745	5	0.1391
chr1	1149788	1149789	5	0.0283
chr1	1149814	1149815	6	0.1679
chr1	1149830	1149831	6	0.2427
chr1	1149850	1149851	5	0.1564
chr1	1149879	1149880	4	0.0326
chr1	1149901	1149902	5	0.11
chr1	1149942	1149943	5	0.017
chr1	1149977	1149978	5	0.0374
chr1	1150001	1150002	3	0.0662
chr1	1150101	1150102	3	0.0926
chr1	1150189	1150190	4	0.0
chr1	1150289	1150290	4	0.2001
chr1	1150375	1150376	3	0.1192
chr1	1150475	1150476	4	0.0601
chr1	1150489	1150490	5	0.1021
chr1	1150523	1150524	3	0.1359
chr1	1150557	1150558	3	0.5846
chr1	1150584	1150585	3	0.7374
chr1	1150634	1150635	3	0.7695
chr1	1150679	1150680	6	0.5039
chr1	1150729	1150730	4	0.6876
chr1	1150750	1150751	6	0.6805
chr1	1150800	1150801	4	0.7568
chr1	1150850	1150851	4	0.6187
chr1	1150865	1150866	6	0.4466
chr1	1150881	1150882	4	0.4936
chr1	1150898	1150899	3	0.5978
chr1	1150934	1150935	5	0.5605
chr1	1150958	1150959	3	0.5533
chr1	1150973	1150974	4	0.6057
chr1	1150981	1150982	5	0.7007
chr1	1151081	1151082	5	0.5665
chr1	1151146	1151147	3	0.6208
chr1	1151246	1151247	3	0.6036
chr1	1151321	1151322	4	0.7494
chr1	1151403	1151404	5	0.577
chr1	1151441	1151442	3	0.5087
chr1	1152529	1152530	4	0.9324
chr1	1152550	1152551	3	0.9378
chr1	1152599	1152600	3	0.9023
chr1	1152638	1152639	4	0.9084
chr1	1152662	1152663	4	0.7832
chr1	1152690	1152691	4	0.6402
chr1	1152707	1152708	5	0.7272
chr1	1152738	1152739	4	0.7918
chr1	1152753	1152754	5	0.7182
chr1	1152803	1152804	5	0.9034
chr1	1152853	1152854	3	0.8106
chr1	1152872	1152873	5	0.7073
chr1	1152900	1152901	5	0.6615
chr1	1152915	1152916	5	0.8801
chr1	1152930	1152931	5	0.7777
chr1	1152945	1152946	4	0.9582
chr1	1152960	1152961	2	0.7175
chr1	1152982	1152983	4	0.7936
chr1	1153032	1153033	6	0.7963
chr1	1153054	1153055	3	0.8857
chr1	1153104	1153105	5	0.7452
chr1	1153112	1153113	5	0.865
chr1	1153212	1153213	4	0.7722
chr1	1153262	1153263	3	0.9243
chr1	1153362	1153363	4	0.7143
chr1	1153412	1153413	4	0.8199
chr1	1153512	1153513	5	0.9152
chr1	1153612	1153613	4	1.0
chr1	1153674	1153675	4	0.7418
chr1	1153690	1153691	4	0.9153
chr1	1153698	1153699	4	0.6327
chr1	1153733	1153734	5	0.5947
chr1	1153774	1153775	5	0.5047
chr1	1153792	1153793	5	0.6764
chr1	1153832	1153833	4	0.5221
chr1	1153868	1153869	5	0.5245
chr1	1153908	1153909	5	0.59
chr1	1153928	1153929	4	0.587
chr1	1153952	1153953	4	0.7556
chr1	1153983	1153984	4	0.5
chr1	1154024	1154025	3	0.7779
chr1	1154058	1154059	5	0.4885
chr1	1154073	1154074	6	0.4884
chr1	1154088	1154089	4	0.5742
chr1	1154138	1154139	4	0.7687
chr1	1154166	1154167	4	0.7334
chr1	1154193	1154194	6	0.688
chr1	1154236	1154237	5	0.5376
chr1	1154286	1154287	3	0.3645
chr1	1154383	1154384	5	0.6476
chr1	1154448	1154449	2	0.6506
chr1	1154548	1154549	6	0.5809
chr1	1154648	1154649	4	0.5914
chr1	1154748	1154749	4	0.5952
chr1	1154856	1154857	3	0.7816
chr1	1154930	1154931	3	0.9232
chr1	1154938	1154939	4	0.7753
chr1	1154972	1154973	3	0.7068
chr1	1154994	1154995	6	0.9393
chr1	1154996	1154997	6	0.6896
chr1	1155002	1155003	5	0.7612
chr1	1155140	1155141	4	0.8904
chr1	1155222	1155223	2	0.6947
chr1	1155261	1155262	5	0.7544
chr1	1155277	1155278	5	0.8474
chr1	1155306	1155307	5	0.9347
chr1	1155348	1155349	2	0.809
chr1	1155398	1155399	6	0.7906
chr1	1155431	1155432	3	0.8375
chr1	1155461	1155462	4	0.7833
chr1	1155502	1155503	4	0.8679
chr1	1155517	1155518	6	0.917
chr1	1155567	1155568	3	0.625
chr1	1155598	1155599	4	0.6461
chr1	1155613	1155614	5	0.8066
chr1	1155663	1155664	4	0.756
chr1	1155684	1155685	6	0.8681
chr1	1155715	1155716	4	0.6067
chr1	1155746	1155747	6	0.853
chr1	1155781	1155782	3	0.8073
chr1	1155807	1155808	3	0.7631
chr1	1155827	1155828	6	0.8046
chr1	1155830	1155831	5	0.9336
chr1	1155930	1155931	3	0.8743
chr1	1156030	1156031	4	0.7582
chr1	1156080	1156081	4	0.6593
chr1	1156149	1156150	5	0.9077
chr1	1156249	1156250	5	0.5998
chr1	1156299	1156300	4	0.7683
chr1	1156349	1156350	4	0.7743
chr1	1156355	1156356	5	0.869
chr1	1156367	1156368	6	0.8375
chr1	1156386	1156387	5	0.7895
chr1	1156407	1156408	5	0.7488
chr1	1156438	1156439	5	0.7965
chr1	1156460	1156461	6	0.8444
chr1	1156478	1156479	3	0.9298
chr1	1156523	1156524	6	0.7795
chr1	1156573	1156574	4	0.8293
chr1	1156623	1156624	3	0.9044
chr1	1156658	1156659	5	0.7571
chr1	1156699	1156700	5	0.9484
chr1	1156715	1156716	4	0.8889
chr1	1156738	1156739	6	0.7934
chr1	1156753	1156754	4	0.8459
chr1	1156787	1156788	4	0.7848
chr1	1156837	1156838	2	0.7895
chr1	1156858	1156859	4	0.7104
chr1	1156876	1156877	3	0.9469
chr1	1156888	1156889	4	0.9283
chr1	1156988	1156989	5	0.8692
chr1	1157038	1157039	4	0.8584
chr1	1157092	1157093	5	0.8493
chr1	1157192	1157193	5	0.8005
chr1	1157292	1157293	6	0.6568
chr1	1157316	1157317	4	0.8013
chr1	1157378	1157379	6	0.8411
chr1	1157392	1157393	5	0.2615
chr1	1157412	1157413	6	0.183
chr1	1157431	1157432	5	0.1465
chr1	1157446	1157447	6	0.2188
chr1	1157477	1157478	6	0.0101
chr1	1157495	1157496	5	0.0789
chr1	1157522	1157523	2	0.1338
chr1	1157544	1157545	4	0.148
chr1	1157590	1157591	6	0.1505
chr1	1157614	1157615	3	0.1577
chr1	1157651	1157652	5	0.1691
chr1	1157666	1157667	7	0.1749
chr1	1157691	1157692	5	0.1701
chr1	1157729	1157730	4	0.0111
chr1	1157767	1157768	5	0.1435
chr1	1157804	1157805	3	0.0581
chr1	1157841	1157842	4	0.0324
chr1	1157891	1157892	5	0.0295
chr1	1157915	1157916	5	0.0224
chr1	1157950	1157951	4	0.0
chr1	1158050	1158051	7	0.2511
chr1	1158150	1158151	5	0.2567
chr1	1158250	1158251	5	0.1068
chr1	1158315	1158316	3	0.0464
chr1	1158379	1158380	4	0.1562
chr1	1158477	1158478	3	0.1154
chr1	1158569	1158570	5	0.0473
chr1	1158573	1158574	4	0.1623
chr1	1158583	1158584	4	0.4972
chr1	1158612	1158613	5	0.7139
chr1	1158645	1158646	5	0.7457
chr1	1158666	1158667	4	0.7392
chr1	1158696	1158697	4	0.6361
chr1	1158717	1158718	5	0.6143
chr1	1158755	1158756	5	0.6914
chr1	1158773	1158774	4	0.702
chr1	1158795	1158796	4	0.6131
chr1	1158845	1158846	5	0.7826
chr1	1158895	1158896	4	0.6406
chr1	1158940	1158941	3	0.6189
chr1	1158974	1158975	4	0.6223
chr1	1159010	1159011	4	0.5448
chr1	1159046	1159047	5	0.5372
chr1	1159068	1159069	5	0.8047
chr1	1159115	1159116	5	0.7447
chr1	1159130	1159131	5	0.7282
chr1	1159230	1159231	4	0.6105
chr1	1159287	1159288	3	0.5956
chr1	1159387	1159388	3	0.7604
chr1	1159440	1159441	5	0.7832
chr1	1159521	1159522	6	0.8098
chr1	1159621	1159622	5	0.665
chr1	1159633	1159634	5	0.9229
chr1	1159705	1159706	6	0.9387
chr1	1159799	1159800	5	0.7803
chr1	1159847	1159848	6	0.9585
chr1	1159967	1159968	3	1.0
chr1	1160043	1160044	6	0.8247
chr1	1160047	1160048	5	0.6873
chr1	1160111	1160112	4	0.9467
chr1	1160135	1160136	4	0.8348
chr1	1160160	1160161	6	0.9094
chr1	1160204	1160205	5	0.7672
chr1	1160219	1160220	4	0.7639
chr1	1160234	1160235	3	0.7842
chr1	1160259	1160260	5	0.7796
chr1	1160291	1160292	4	0.9255
chr1	1160321	1160322	4	0.775
chr1	1160360	1160361	3	0.9149
chr1	1160383	1160384	5	0.748
chr1	1160401	1160402	5	0.8467
chr1	1160416	1160417	4	0.9025
chr1	1160433	1160434	5	0.8996
chr1	1160483	1160484	3	0.8289
chr1	1160514	1160515	5	0.8461
chr1	1160531	1160532	4	0.711
chr1	1160631	1160632	6	0.8066
chr1	1160687	1160688	5	0.9044
chr1	1160757	1160758	6	0.8027
chr1	1160857	1160858	4	1.0
chr1	1160893	1160894	4	0.9437
chr1	1160955	1160956	5	0.828
chr1	1160978	1160979	4	0.5326
chr1	1161006	1161007	4	0.6224
chr1	1161035	1161036	6	0.5889
chr1	1161060	1161061	4	0.5449
chr1	1161110	1161111	3	0.6172
chr1	1161160	1161161	4	0.4733
chr1	1161176	1161177	5	0.5263
chr1	1161216	1161217	4	0.7518
chr1	1161253	1161254	4	0.7673
chr1	1161289	1161290	4	0.6977
chr1	1161319	1161320	7	0.62
chr1	1161348	1161349	4	0.7081
chr1	1161381	1161382	5	0.6246
chr1	1161403	1161404	6	0.4862
chr1	1161453	1161454	5	0.532
chr1	1161501	1161502	5	0.8066
chr1	1161601	1161602	3	0.6112
chr1	1161684	1161685	5	0.4846
chr1	1161740	1161741	5	0.6356
chr1	1161807	1161808	6	0.7077
chr1	1161861	1161862	5	0.6776
chr1	1161951	1161952	5	0.7213
chr1	1162002	1162003	6	0.5853
chr1	1162012	1162013	7	0.4668
chr1	1162042	1162043	4	0.1302
chr1	1162073	1162074	4	0.1578
chr1	1162107	1162108	3	0.0334
chr1	1162122	1162123	5	0.0304
chr1	1162153	1162154	3	0.0815
chr1	1162170	1162171	2	0.0886
chr1	1162185	1162186	5	0.0067
chr1	1162234	1162235	4	0.3027
chr1	1162284	1162285	5	0.1123
chr1	1162314	1162315	4	0.2233
chr1	1162330	1162331	3	0.0627
chr1	1162368	1162369	5	0.0578
chr1	1162405	1162406	5	0.1229
chr1	1162433	1162434	4	0.1044
chr1	1162451	1162452	4	0.0
chr1	1162501	1162502	5	0.0
chr1	1162540	1162541	3	0.2279
chr1	1162579	1162580	5	0.2109
chr1	1162601	1162602	3	0.057
chr1	1162613	1162614	4	0.1199
chr1	1162663	1162664	4	0.1792
chr1	1162763	1162764	4	0.1313
chr1	1162863	1162864	3	0.1512
chr1	1162918	1162919	3	0.1494
chr1	1163018	1163019	5	0.0534
chr1	1163118	1163119	5	0.0001
chr1	1163176	1163177	4	0.2405
chr1	1163240	1163241	5	0.0513
chr1	1163247	1163248	3	0.2885
chr1	1163278	1163279	6	0.3895
chr1	1163300	1163301	3	0.4269
chr1	1163350	1163351	5	0.1523
chr1	1163390	1163391	4	0.2962
chr1	1163438	1163439	4	0.4007
chr1	1163480	1163481	7	0.3768
chr1	1163528	1163529	5	0.3404
chr1	1163562	1163563	5	0.2332
chr1	1163589	1163590	6	0.3408
chr1	1163614	1163615	6	0.5287
chr1	1163629	1163630	4	0.3883
chr1	1163663	1163664	4	0.3388
chr1	1163702	1163703	5	0.5374
chr1	1163717	1163718	5	0.4521
chr1	1163736	1163737	2	0.5529
chr1	1163786	1163787	5	0.4814
chr1	1163804	1163805	3	0.3264
chr1	1163904	1163905	4	0.4494
chr1	1163977	1163978	3	0.386
chr1	1164077	1164078	4	0.2292
chr1	1164148	1164149	6	0.3463
chr1	1164225	1164226	5	0.4829
chr1	1164325	1164326	4	0.3718
chr1	1164485	1164486	3	0.0856
chr1	1164563	1164564	3	0.0
chr1	1164595	1164596	4	0.0715
chr1	1164713	1164714	3	0.11
chr1	1164767	1164768	4	0.0142
chr1	1164788	1164789	2	0.7604
chr1	1164833	1164834	2	0.8536
chr1	1164871	1164872	3	0.6677
chr1	1164898	1164899	6	0.7371
chr1	1164918	1164919	5	0.8209
chr1	1164950	1164951	4	0.8446
chr1	1164979	1164980	7	0.743
chr1	1164996	1164997	4	0.7885
chr1	1165024	1165025	5	0.9076
chr1	1165058	1165059	6	0.9035
chr1	1165093	1165094	4	0.7224
chr1	1165126	1165127	5	0.7038
chr1	1165142	1165143	3	0.671
chr1	1165158	1165159	6	0.9013
chr1	1165175	1165176	5	0.7118
chr1	1165225	1165226	5	0.7449
chr1	1165268	1165269	6	0.8648
chr1	1165295	1165296	5	0.8379
chr1	1165345	1165346	4	0.7148
chr1	1165364	1165365	4	0.7616
chr1	1165388	1165389	3	0.8572
chr1	1165467	1165468	3	0.6804
chr1	1165567	1165568	3	0.7046
chr1	1165617	1165618	2	0.6948
chr1	1165717	1165718	4	0.7721
chr1	1165797	1165798	5	0.6628
chr1	1165853	1165854	3	0.5784
chr1	1165903	1165904	5	0.9504
chr1	1165939	1165940	5	0.8301
chr1	1165991	1165992	5	0.7654
chr1	1166016	1166017	5	0.9419
chr1	1166066	1166067	4	0.7554
chr1	1166081	1166082	6	0.6754
chr1	1166109	1166110	5	0.8246
chr1	1166131	1166132	5	0.8279
chr1	1166181	1166182	6	0.8784
chr1	1166206	1166207	5	0.6306
chr1	1166256	1166257	3	0.8689
chr1	1166289	1166290	4	0.7619
chr1	1166325	1166326	5	0.855
chr1	1166353	1166354	4	0.7477
chr1	1166368	1166369	4	0.7329
chr1	1166418	1166419	3	0.7107
chr1	1166452	1166453	5	0.9515
chr1	1166501	1166502	3	0.8356
chr1	1166526	1166527	4	0.8787
chr1	1166618	1166619	7	0.6814
chr1	1166718	1166719	6	0.8653
chr1	1166818	1166819	5	0.8313
chr1	1166918	1166919	5	0.7274
chr1	1167018	1167019	5	0.9
chr1	1167080	1167081	3	0.8253
chr1	1167090	1167091	4	0.9986
chr1	1167099	1167100	5	0.3452
chr1	1167131	1167132	6	0.5168
chr1	1167156	1167157	5	0.3281
chr1	1167192	1167193	5	0.426
chr1	1167215	1167216	4	0.3601
chr1	1167265	1167266	6	0.4406
chr1	1167311	1167312	5	0.5549
chr1	1167326	1167327	2	0.567
chr1	1167344	1167345	2	0.612
chr1	1167361	1167362	7	0.2915
chr1	1167376	1167377	4	0.3343
chr1	1167393	1167394	6	0.3685
chr1	1167443	1167444	4	0.3232
chr1	1167491	1167492	3	0.3345
chr1	1167515	1167516	5	0.2517
chr1	1167550	1167551	4	0.3974
chr1	1167586	1167587	6	0.4252
chr1	1167615	1167616	2	0.3829
chr1	1167684	1167685	6	0.5063
chr1	1167778	1167779	4	0.3163
chr1	1167852	1167853	6	0.2845
chr1	1167922	1167923	4	0.3832
chr1	1167972	1167973	5	0.5133
chr1	1168027	1168028	4	0.3715
chr1	1168127	1168128	3	0.46
chr1	1168135	1168136	5	0.7008
chr1	1168245	1168246	4	0.8175
chr1	1168335	1168336	5	0.7844
chr1	1168355	1168356	4	0.5198
chr1	1168407	1168408	4	0.6085
chr1	1168467	1168468	4	0.7343
chr1	1168589	1168590	5	0.6458
chr1	1168621	1168622	6	0.3239
chr1	1168636	1168637	6	0.1876
chr1	1168659	1168660	4	0.1869
chr1	1168691	1168692	5	0.1916
chr1	1168721	1168722	5	0.3803
chr1	1168739	1168740	6	0.133
chr1	1168763	1168764	5	0.2252
chr1	1168782	1168783	3	0.1005
chr1	1168797	1168798	6	0.315
chr1	1168829	1168830	5	0.2397
chr1	1168861	1168862	3	0.2272
chr1	1168891	1168892	2	0.1801
chr1	1168935	1168936	4	0.2487
chr1	1168985	1168986	3	0.1675
chr1	1169017	1169018	4	0.4499
chr1	1169042	1169043	5	0.2485
chr1	1169074	1169075	6	0.2998
chr1	1169107	1169108	4	0.1844
chr1	1169132	1169133	4	0.2099
chr1	1169138	1169139	5	0.273
chr1	1169238	1169239	4	0.1627
chr1	1169328	1169329	5	0.1016
chr1	1169428	1169429	5	0.2089
chr1	1169478	1169479	5	0.0702
chr1	1169528	1169529	4	0.1161
chr1	1169628	1169629	5	0.4245
chr1	1169682	1169683	5	0.36
chr1	1169714	1169715	4	0.0
chr1	1169722	1169723	4	0.3348
chr1	1169737	1169738	6	0.5078
chr1	1169759	1169760	4	0.4965
chr1	1169784	1169785	5	0.6222
chr1	1169834	1169835	4	0.5085
chr1	1169867	1169868	3	0.3865
chr1	1169886	1169887	3	0.6678
chr1	1169901	1169902	2	0.3997
chr1	1169937	1169938	5	0.4911
chr1	1169987	1169988	5	0.5608
chr1	1170011	1170012	4	0.3701
chr1	1170026	1170027	5	0.3817
chr1	1170048	1170049	5	0.4499
chr1	1170081	1170082	3	0.4321
chr1	1170124	1170125	5	0.4328
chr1	1170139	1170140	4	0.5274
chr1	1170154	1170155	4	0.5789
chr1	1170254	1170255	5	0.5306
chr1	1170354	1170355	2	0.6562
chr1	1170404	1170405	6	0.4845
chr1	1170477	1170478	6	0.5241
chr1	1170562	1170563	4	0.493
chr1	1170582	1170583	4	1.0
chr1	1170676	1170677	4	0.8174
chr1	1170722	1170723	6	0.8584
chr1	1170760	1170761	4	0.7054
chr1	1170906	1170907	6	0.9729
chr1	1170932	1170933	4	0.6274
chr1	1170940	1170941	4	0.5739
chr1	1171018	1171019	4	0.9539
chr1	1171060	1171061	4	0.6492
chr1	1171068	1171069	5	0.3124
chr1	1171097	1171098	5	0.4987
chr1	1171112	1171113	5	0.3829
chr1	1171150	1171151	4	0.4483
chr1	1171176	1171177	4	0.4007
chr1	1171215	1171216	4	0.446
chr1	1171265	1171266	3	0.3101
chr1	1171315	1171316	3	0.2577
chr1	1171330	1171331	3	0.4024
chr1	1171345	1171346	5	0.2973
chr1	1171387	1171388	3	0.2201
chr1	1171410	1171411	6	0.3848
chr1	1171460	1171461	4	0.2752
chr1	1171475	1171476	5	0.3044
chr1	1171501	1171502	7	0.3204
chr1	1171549	1171550	4	0.3621
chr1	1171584	1171585	3	0.4385
chr1	1171680	1171681	3	0.4858
chr1	1171780	1171781	6	0.2365
chr1	1171880	1171881	5	0.5982
chr1	1171934	1171935	5	0.2842
chr1	1172034	1172035	4	0.3564
chr1	1172048	1172049	5	0.5737
chr1	1172098	1172099	5	0.4823
chr1	1172154	1172155	6	0.4779
chr1	1172176	1172177	4	0.3538
chr1	1172182	1172183	5	0.5158
chr1	1172236	1172237	5	0.4261
chr1	1172268	1172269	3	0.4264
chr1	1172348	1172349	6	0.5149
chr1	1172448	1172449	4	0.7193
chr1	1172466	1172467	6	0.4441
chr1	1172499	1172500	1	0.3282
chr1	1172528	1172529	4	0.4432
chr1	1172556	1172557	6	0.2048
chr1	1172583	1172584	4	0.3494
chr1	1172622	1172623	5	0.1714
chr1	1172651	1172652	2	0.253
chr1	1172687	1172688	4	0.1248
chr1	1172714	1172715	6	0.3292
chr1	1172750	1172751	4	0.1883
chr1	1172799	1172800	5	0.3797
chr1	1172827	1172828	4	0.4053
chr1	1172877	1172878	5	0.2795
chr1	1172923	1172924	6	0.1761
chr1	1172946	1172947	4	0.2585
chr1	1172962	1172963	4	0.3372
chr1	1172986	1172987	4	0.1908
chr1	1173086	1173087	3	0.3707
chr1	1173186	1173187	3	0.2633
chr1	1173263	1173264	3	0.3995
chr1	1173361	1173362	6	0.3727
chr1	1173433	1173434	5	0.3755
chr1	1173477	1173478	4	0.2884
chr1	1173531	1173532	3	0.1467
chr1	1173571	1173572	5	0.4588
chr1	1173602	1173603	6	0.3682
chr1	1173637	1173638	5	0.3263
chr1	1173660	1173661	5	0.3181
chr1	1173676	1173677	4	0.4389
chr1	1173695	1173696	4	0.4506
chr1	1173726	1173727	5	0.6612
chr1	1173748	1173749	5	0.4925
chr1	1173765	1173766	6	0.4247
chr1	1173780	1173781	6	0.3188
chr1	1173820	1173821	4	0.4193
chr1	1173870	1173871	4	0.4941
chr1	1173885	1173886	3	0.443
chr1	1173929	1173930	4	0.3515
chr1	1173951	1173952	5	0.3534
chr1	1173975	1173976	3	0.4308
chr1	1173998	1173999	5	0.5195
chr1	1174021	1174022	6	0.465
chr1	1174050	1174051	4	0.3752
chr1	1174088	1174089	5	0.3784
chr1	1174103	1174104	4	0.5736
chr1	1174106	1174107	6	0.4426
chr1	1174206	1174207	3	0.3362
chr1	1174256	1174257	4	0.29
chr1	1174306	1174307	5	0.4114
chr1	1174398	1174399	4	0.3973
chr1	1174498	1174499	4	0.5948
chr1	1174598	1174599	5	0.448
chr1	1174696	1174697	4	0.3148
chr1	1174717	1174718	5	0.7042
chr1	1174735	1174736	5	0.8905
chr1	1174763	1174764	4	0.7623
chr1	1174811	1174812	5	0.8695
chr1	1174829	1174830	5	0.6737
chr1	1174846	1174847	4	0.6381
chr1	1174866	1174867	3	0.7691
chr1	1174898	1174899	4	0.6849
chr1	1174931	1174932	4	0.9031
chr1	1174954	1174955	5	0.9552
chr1	1175004	1175005	3	0.6172
chr1	1175054	1175055	5	0.6025
chr1	1175071	1175072	3	0.5711
chr1	1175121	1175122	5	0.7008
chr1	1175145	1175146	5	0.6766
chr1	1175170	1175171	6	0.8756
chr1	1175211	1175212	3	0.8491
chr1	1175261	1175262	4	0.6984
chr1	1175284	1175285	2	0.8023
chr1	1175285	1175286	4	0.8139
chr1	1175352	1175353	4	0.8348
chr1	1175452	1175453	5	0.7657
chr1	1175513	1175514	4	0.7332
chr1	1175563	1175564	4	0.645
chr1	1175663	1175664	3	0.8208
chr1	1175763	1175764	4	0.7736
chr1	1175813	1175814	4	0.7362
chr1	1175883	1175884	4	0.9803
chr1	1175894	1175895	4	0.5668
chr1	1175921	1175922	3	0.6075
chr1	1175949	1175950	6	0.7839
chr1	1175984	1175985	5	0.636
chr1	1176007	1176008	4	0.6892
chr1	1176025	1176026	2	0.6977
chr1	1176043	1176044	5	0.6828
chr1	1176060	1176061	4	0.6128
chr1	1176092	1176093	4	0.659
chr1	1176125	1176126	5	0.694
chr1	1176165	1176166	5	0.8383
chr1	1176198	1176199	5	0.7593
chr1	1176230	1176231	7	0.7011
chr1	1176263	1176264	4	0.756
chr1	1176313	1176314	6	0.7723
chr1	1176339	1176340	3	0.7524
chr1	1176374	1176375	5	0.553
chr1	1176474	1176475	4	0.8004
chr1	1176574	1176575	6	0.867
chr1	1176648	1176649	4	0.6177
chr1	1176745	1176746	4	0.6628
chr1	1176845	1176846	4	0.764
chr1	1176881	1176882	5	0.8493
chr1	1176943	1176944	3	0.7569
chr1	1176971	1176972	5	0.6666
chr1	1177001	1177002	4	0.7401
chr1	1177017	1177018	4	0.5388
chr1	1177055	1177056	5	0.7881
chr1	1177078	1177079	6	0.5869
chr1	1177128	1177129	5	0.6816
chr1	1177170	1177171	5	0.8028
chr1	1177185	1177186	5	0.7039
chr1	1177215	1177216	4	0.7813
chr1	1177246	1177247	5	0.8721
chr1	1177261	1177262	5	0.7261
chr1	1177304	1177305	5	0.6338
chr1	1177337	1177338	4	0.5632
chr1	1177355	1177356	4	0.7612
chr1	1177394	1177395	5	0.6855
chr1	1177413	1177414	6	0.8743
chr1	1177430	1177431	5	0.7488
chr1	1177473	1177474	4	0.7407
chr1	1177488	1177489	5	0.7419
chr1	1177506	1177507	4	0.7297
chr1	1177606	1177607	5	0.8731
chr1	1177706	1177707	4	0.79
chr1	1177762	1177763	6	0.7078
chr1	1177812	1177813	4	0.7658
chr1	1177912	1177913	7	0.6943
chr1	1178012	1178013	4	0.7371
chr1	1178030	1178031	5	0.6039
chr1	1178110	1178111	5	0.6488
chr1	1178116	1178117	4	0.7546
chr1	1178148	1178149	5	0.4876
chr1	1178178	1178179	5	0.6719
chr1	1178228	1178229	6	0.5924
chr1	1178263	1178264	4	0.5826
chr1	1178278	1178279	6	0.6644
chr1	1178328	1178329	5	0.7115
chr1	1178367	1178368	4	0.6337
chr1	1178392	1178393	5	0.5021
chr1	1178415	1178416	4	0.522
chr1	1178465	1178466	5	0.7046
chr1	1178515	1178516	5	0.5885
chr1	1178542	1178543	5	0.5328
chr1	1178570	1178571	5	0.626
chr1	1178578	1178579	6	0.6953
chr1	1178678	1178679	4	0.6732
chr1	1178755	1178756	5	0.6112
chr1	1178855	1178856	5	0.5986
chr1	1178955	1178956	4	0.6036
chr1	1179169	1179170	5	0.9084
chr1	1179171	1179172	4	0.9901
chr1	1179193	1179194	3	0.8741
chr1	1179291	1179292	3	0.8004
chr1	1179387	1179388	6	0.9182
chr1	1179426	1179427	3	0.7703
chr1	1179455	1179456	3	0.6799
chr1	1179470	1179471	4	0.6187
chr1	1179485	1179486	4	0.6705
chr1	1179500	1179501	5	0.7345
chr1	1179515	1179516	4	0.6475
chr1	1179558	1179559	4	0.6892
chr1	1179590	1179591	5	0.5968
chr1	1179625	1179626	4	0.5817
chr1	1179640	1179641	4	0.7348
chr1	1179682	1179683	4	0.5806
chr1	1179718	1179719	3	0.7424
chr1	1179744	1179745	6	0.6908
chr1	1179759	1179760	5	0.6921
chr1	1179809	1179810	3	0.6447
chr1	1179847	1179848	4	0.8548
chr1	1179869	1179870	4	0.7841
chr1	1179919	1179920	7	0.7902
chr1	1179959	1179960	5	0.7518
chr1	1179975	1179976	6	0.5718
chr1	1180061	1180062	4	0.6354
chr1	1180111	1180112	5	0.7313
chr1	1180211	1180212	7	0.7254
chr1	1180288	1180289	5	0.696
chr1	1180388	1180389	5	0.7256
chr1	1180488	1180489	5	0.7555
chr1	1180570	1180571	5	0.8464
chr1	1180605	1180606	5	0.8376
chr1	1180623	1180624	4	0.6524
chr1	1180655	1180656	3	0.6825
chr1	1180675	1180676	6	0.7572
chr1	1180696	1180697	3	0.6582
chr1	1180725	1180726	3	0.5732
chr1	1180775	1180776	6	0.593
chr1	1180801	1180802	5	0.6523
chr1	1180844	1180845	6	0.79
chr1	1180888	1180889	6	0.7874
chr1	1180938	1180939	6	0.8155
chr1	1180968	1180969	6	0.5527
chr1	1181014	1181015	5	0.6365
chr1	1181043	1181044	4	0.638
chr1	1181068	1181069	5	0.7525
chr1	1181107	1181108	4	0.624
chr1	1181117	1181118	3	0.661
chr1	1181177	1181178	4	0.6012
chr1	1181277	1181278	5	0.6915
chr1	1181335	1181336	4	0.8011
chr1	1181435	1181436	5	0.9234
chr1	1181490	1181491	4	0.8455
chr1	1181540	1181541	4	0.6228
chr1	1181632	1181633	3	0.8049
chr1	1181679	1181680	6	0.3995
chr1	1181716	1181717	4	0.3576
chr1	1181755	1181756	4	0.4003
chr1	1181790	1181791	5	0.5839
chr1	1181808	1181809	6	0.4972
chr1	1181834	1181835	3	0.6411
chr1	1181884	1181885	2	0.3839
chr1	1181903	1181904	5	0.4667
chr1	1181942	1181943	5	0.6004
chr1	1181983	1181984	5	0.6965
chr1	1182011	1182012	5	0.7519
chr1	1182061	1182062	6	0.322
chr1	1182076	1182077	4	0.4038
chr1	1182109	1182110	5	0.6706
chr1	1182133	1182134	4	0.6019
chr1	1182170	1182171	4	0.2341
chr1	1182197	1182198	4	0.3609
chr1	1182212	1182213	5	0.3086
chr1	1182312	1182313	3	0.688
chr1	1182412	1182413	5	0.1797
chr1	1182512	1182513	5	0.3491
chr1	1182583	1182584	3	0.5769
chr1	1182683	1182684	5	0.8115
chr1	1182797	1182798	3	0.4957
chr1	1182807	1182808	5	0.366
chr1	1182838	1182839	7	0.6815
chr1	1182888	1182889	4	0.6662
chr1	1182927	1182928	5	0.5665
chr1	1182942	1182943	5	0.3768
chr1	1182976	1182977	5	0.5325
chr1	1183021	1183022	5	0.5416
chr1	1183036	1183037	5	0.6383
chr1	1183067	1183068	5	0.6211
chr1	1183093	1183094	4	0.5404
chr1	1183118	1183119	4	0.4524
chr1	1183154	1183155	4	0.4372
chr1	1183184	1183185	5	0.5507
chr1	1183234	1183235	5	0.6331
chr1	1183324	1183325	7	0.4373
chr1	1183424	1183425	3	0.4478
chr1	1183524	1183525	4	0.6977
chr1	1183587	1183588	4	0.5716
chr1	1183660	1183661	5	0.6644
chr1	1183882	1183883	5	0.8403
chr1	1183896	1183897	4	0.9278
chr1	1183908	1183909	4	0.8713
chr1	1183978	1183979	4	0.7394
chr1	1184000	1184001	4	0.6091
chr1	1184044	1184045	6	0.8761
chr1	1184062	1184063	6	0.9446
chr1	1184090	1184091	5	0.6588
chr1	1184156	1184157	4	0.8698
chr1	1184160	1184161	6	0.917
chr1	1184193	1184194	5	0.7927
chr1	1184208	1184209	4	0.8567
chr1	1184223	1184224	6	0.7782
chr1	1184256	1184257	6	0.6729
chr1	1184278	1184279	5	0.6756
chr1	1184304	1184305	5	0.7961
chr1	1184325	1184326	5	0.6924
chr1	1184355	1184356	4	0.6499
chr1	1184382	1184383	3	0.6427
chr1	1184418	1184419	6	0.7819
chr1	1184438	1184439	4	0.8111
chr1	1184465	1184466	5	0.7234
chr1	1184491	1184492	5	0.8531
chr1	1184508	1184509	6	0.8235
chr1	1184528	1184529	7	0.845
chr1	1184548	1184549	6	0.7404
chr1	1184576	1184577	5	0.5623
chr1	1184617	1184618	4	0.5906
chr1	1184661	1184662	5	0.7219
chr1	1184761	1184762	5	0.6446
chr1	1184861	1184862	5	0.6197
chr1	1184911	1184912	5	0.9039
chr1	1184966	1184967	5	0.7348
chr1	1185066	1185067	5	0.698
chr1	1185110	1185111	4	0.7429
chr1	1185135	1185136	4	0.6641
chr1	1185161	1185162	5	0.5114
chr1	1185188	1185189	5	0.509
chr1	1185238	1185239	6	0.5283
chr1	1185279	1185280	4	0.5267
chr1	1185300	1185301	4	0.543
chr1	1185327	1185328	2	0.6762
chr1	1185359	1185360	5	0.6062
chr1	1185376	1185377	5	0.6297
chr1	1185392	1185393	4	0.6667
chr1	1185426	1185427	4	0.6906
chr1	1185448	1185449	5	0.704
chr1	1185476	1185477	4	0.6007
chr1	1185526	1185527	6	0.5338
chr1	1185573	1185574	4	0.5862
chr1	1185623	1185624	5	0.6175
chr1	1185639	1185640	4	0.6991
chr1	1185656	1185657	6	0.6841
chr1	1185708	1185709	5	0.6371
chr1	1185777	1185778	5	0.577
chr1	1185827	1185828	4	0.5573
chr1	1185927	1185928	6	0.6669
chr1	1186027	1186028	6	0.7658
chr1	1186092	1186093	5	0.8039
chr1	1186134	1186135	5	0.8516
chr1	1186173	1186174	4	0.621
chr1	1186203	1186204	4	0.2105
chr1	1186253	1186254	4	0.0196
chr1	1186269	1186270	5	0.2968
chr1	1186291	1186292	5	0.0
chr1	1186321	1186322	8	0.0
chr1	1186336	1186337	5	0.6122
chr1	1186351	1186352	5	0.254
chr1	1186376	1186377	5	0.2357
chr1	1186398	1186399	3	0.2521
chr1	1186443	1186444	5	0.4617
chr1	1186463	1186464	6	0.0
chr1	1186478	1186479	3	0.0455
chr1	1186522	1186523	3	0.4435
chr1	1186572	1186573	5	0.1326
chr1	1186597	1186598	5	0.0
chr1	1186631	1186632	3	0.5696
chr1	1186643	1186644	4	0.2182
chr1	1186743	1186744	4	0.698
chr1	1186843	1186844	5	0.4786
chr1	1186943	1186944	5	0.0
chr1	1187043	1187044	6	0.4084
chr1	1187110	1187111	5	0.0194
chr1	1187150	1187151	4	0.425
chr1	1187176	1187177	4	0.0
chr1	1187223	1187224	5	0.0985
chr1	1187260	1187261	5	0.1547
chr1	1187296	1187297	5	0.3328
chr1	1187346	1187347	4	0.2892
chr1	1187396	1187397	5	0.4253
chr1	1187446	1187447	4	0.2967
chr1	1187495	1187496	4	0.2991
chr1	1187545	1187546	6	0.2267
chr1	1187580	1187581	4	0.2483
chr1	1187625	1187626	3	0.2109
chr1	1187657	1187658	4	0.3131
chr1	1187675	1187676	5	0.2684
chr1	1187693	1187694	5	0.2115
chr1	1187743	1187744	5	0.2846
chr1	1187752	1187753	7	0.2313
chr1	1187838	1187839	4	0.133
chr1	1187938	1187939	5	0.315
chr1	1188038	1188039	4	0.3149
chr1	1188112	1188113	3	0.2821
chr1	1188202	1188203	5	0.4289
chr1	1188256	1188257	4	0.215
chr1	1188286	1188287	5	0.8205
chr1	1188302	1188303	4	0.7394
chr1	1188328	1188329	4	0.7112
chr1	1188356	1188357	6	0.7462
chr1	1188377	1188378	5	0.6879
chr1	1188419	1188420	4	0.7657
chr1	1188469	1188470	5	0.8568
chr1	1188490	1188491	6	0.6937
chr1	1188522	1188523	4	0.9149
chr1	1188549	1188550	6	0.7928
chr1	1188578	1188579	4	0.7644
chr1	1188605	1188606	4	0.6609
chr1	1188655	1188656	5	0.8479
chr1	1188679	1188680	4	0.7623
chr1	1188717	1188718	6	0.8217
chr1	1188767	1188768	5	0.7977
chr1	1188790	1188791	5	0.9645
chr1	1188840	1188841	6	0.9183
chr1	1188940	1188941	5	0.9323
chr1	1189009	1189010	4	0.8322
chr1	1189109	1189110	5	0.7974
chr1	1189209	1189210	3	0.7708
chr1	1189287	1189288	5	0.8628
chr1	1189301	1189302	5	0.8135
chr1	1189324	1189325	4	0.2017
chr1	1189374	1189375	3	0.2316
chr1	1189398	1189399	5	0.4291
chr1	1189426	1189427	4	0.4253
chr1	1189463	1189464	6	0.3136
chr1	1189479	1189480	3	0.3062
chr1	1189494	1189495	5	0.2118
chr1	1189526	1189527	5	0.2334
chr1	1189568	1189569	4	0.2415
chr1	1189592	1189593	6	0.3591
chr1	1189642	1189643	5	0.3288
chr1	1189674	1189675	5	0.459
chr1	1189703	1189704	5	0.2883
chr1	1189753	1189754	6	0.2367
chr1	1189803	1189804	3	0.4075
chr1	1189806	1189807	5	0.2618
chr1	1189906	1189907	4	0.3003
chr1	1189956	1189957	5	0.2714
chr1	1190006	1190007	3	0.3144
chr1	1190106	1190107	4	0.2977
chr1	1190206	1190207	3	0.3832
chr1	1190214	1190215	5	0.2271
chr1	1190268	1190269	7	0.1314
chr1	1190277	1190278	5	0.4325
chr1	1190312	1190313	6	0.3146
chr1	1190333	1190334	5	0.3894
chr1	1190353	1190354	4	0.2389
chr1	1190393	1190394	4	0.3673
chr1	1190426	1190427	6	0.4758
chr1	1190461	1190462	5	0.2784
chr1	1190505	1190506	5	0.2671
chr1	1190534	1190535	5	0.3065
chr1	1190549	1190550	2	0.1783
chr1	1190578	1190579	3	0.2739
chr1	1190593	1190594	4	0.2626
chr1	1190614	1190615	5	0.3157
chr1	1190664	1190665	4	0.2949
chr1	1190679	1190680	6	0.302
chr1	1190715	1190716	5	0.2194
chr1	1190765	1190766	5	0.2137
chr1	1190780	1190781	3	0.3322
chr1	1190814	1190815	3	0.3116
chr1	1190853	1190854	4	0.2369
chr1	1190896	1190897	4	0.3488
chr1	1190898	1190899	5	0.347
chr1	1190998	1190999	7	0.3756
chr1	1191098	1191099	5	0.1899
chr1	1191175	1191176	5	0.1498
chr1	1191225	1191226	4	0.2863
chr1	1191297	1191298	5	0.2363
chr1	1191397	1191398	4	0.2569
chr1	1191497	1191498	3	0.3007
chr1	1191515	1191516	5	0.0
chr1	1191583	1191584	6	0.0
chr1	1191679	1191680	4	0.1959
chr1	1191695	1191696	4	0.262
chr1	1191723	1191724	4	0.0851
chr1	1191901	1191902	6	0.0797
chr1	1191903	1191904	5	0.176
chr1	1191961	1191962	2	0.0
chr1	1192002	1192003	5	0.523
chr1	1192052	1192053	3	0.5119
chr1	1192070	1192071	6	0.6329
chr1	1192104	1192105	6	0.5705
chr1	1192131	1192132	5	0.7774
chr1	1192181	1192182	4	0.6592
chr1	1192196	1192197	3	0.5521
chr1	1192212	1192213	5	0.6635
chr1	1192233	1192234	4	0.6224
chr1	1192253	1192254	6	0.6919
chr1	1192272	1192273	4	0.6921
chr1	1192322	1192323	4	0.5155
chr1	1192341	1192342	6	0.7415
chr1	1192366	1192367	6	0.6087
chr1	1192404	1192405	5	0.6032
chr1	1192422	1192423	5	0.4439
chr1	1192455	1192456	4	0.4657
chr1	1192476	1192477	5	0.4025
chr1	1192485	1192486	4	0.6606
chr1	1192535	1192536	6	0.7654
chr1	1192635	1192636	4	0.5153
chr1	1192735	1192736	5	0.5821
chr1	1192835	1192836	4	0.743
chr1	1192891	1192892	3	0.7134
chr1	1192941	1192942	4	0.5317
chr1	1193005	1193006	4	0.853
chr1	1193023	1193024	4	0.7271
chr1	1193038	1193039	4	0.6352
chr1	1193064	1193065	5	0.6478
chr1	1193089	1193090	5	0.8783
chr1	1193109	1193110	4	0.751
chr1	1193159	1193160	3	0.6167
chr1	1193184	1193185	5	0.6112
chr1	1193199	1193200	5	0.7364
chr1	1193225	1193226	4	0.7111
chr1	1193243	1193244	6	0.6614
chr1	1193293	1193294	3	0.769
chr1	1193335	1193336	3	0.5851
chr1	1193353	1193354	5	0.7563
chr1	1193377	1193378	4	0.708
chr1	1193406	1193407	3	0.7401
chr1	1193447	1193448	5	0.8652
chr1	1193462	1193463	5	0.6603
chr1	1193484	1193485	4	0.7121
chr1	1193534	1193535	5	0.7674
chr1	1193535	1193536	4	0.8105
chr1	1193635	1193636	5	0.8322
chr1	1193735	1193736	3	0.6911
chr1	1193788	1193789	1	0.7555
chr1	1193865	1193866	6	0.7373
chr1	1193965	1193966	4	0.7397
chr1	1194051	1194052	4	0.7601
chr1	1194083	1194084	5	0.5377
chr1	1194113	1194114	4	0.7474
chr1	1194144	1194145	4	0.6265
chr1	1194169	1194170	4	0.6418
chr1	1194204	1194205	4	0.528
chr1	1194244	1194245	5	0.6112
chr1	1194262	1194263	6	0.7239
chr1	1194312	1194313	4	0.7152
chr1	1194333	1194334	3	0.6486
chr1	1194383	1194384	4	0.6547
chr1	1194433	1194434	4	0.7788
chr1	1194458	1194459	5	0.7186
chr1	1194496	1194497	6	0.7862
chr1	1194514	1194515	4	0.6619
chr1	1194553	1194554	5	0.3926
chr1	1194590	1194591	4	0.5901
chr1	1194605	1194606	5	0.7572
chr1	1194647	1194648	4	0.5415
chr1	1194656	1194657	5	0.7639
chr1	1194756	1194757	4	0.6973
chr1	1194809	1194810	2	0.7529
chr1	1194909	1194910	4	0.8494
chr1	1195009	1195010	5	0.5953
chr1	1195109	1195110	6	0.7103
chr1	1195173	1195174	5	0.6275
chr1	1195239	1195240	2	0.804
chr1	1195257	1195258	2	0.5313
chr1	1195307	1195308	7	0.5126
chr1	1195347	1195348	4	0.5201
chr1	1195362	1195363	5	0.5909
chr1	1195388	1195389	4	0.6412
chr1	1195409	1195410	6	0.6762
chr1	1195459	1195460	2	0.5802
chr1	1195488	1195489	5	0.5804
chr1	1195509	1195510	5	0.5918
chr1	1195542	1195543	4	0.5209
chr1	1195577	1195578	4	0.8211
chr1	1195596	1195597	3	0.3982
chr1	1195640	1195641	7	0.7536
chr1	1195655	1195656	5	0.7013
chr1	1195705	1195706	5	0.5391
chr1	1195736	1195737	4	0.782
chr1	1195740	1195741	5	0.6588
chr1	1195840	1195841	2	0.6382
chr1	1195890	1195891	3	0.656
chr1	1195940	1195941	6	0.5635
chr1	1196034	1196035	5	0.6258
chr1	1196126	1196127	4	0.6631
chr1	1196158	1196159	4	0.7208
chr1	1196188	1196189	4	0.5073
chr1	1196197	1196198	4	0.6213
chr1	1196218	1196219	6	0.5772
chr1	1196268	1196269	5	0.5617
chr1	1196293	1196294	4	0.6378
chr1	1196308	1196309	5	0.5553
chr1	1196326	1196327	5	0.6965
chr1	1196346	1196347	5	0.5175
chr1	1196364	1196365	6	0.5575
chr1	1196389	1196390	4	0.5393
chr1	1196439	1196440	5	0.5827
chr1	1196468	1196469	4	0.4456
chr1	1196486	1196487	4	0.6908
chr1	1196501	1196502	4	0.5413
chr1	1196551	1196552	4	0.6514
chr1	1196589	1196590	4	0.5747
chr1	1196604	1196605	5	0.4076
chr1	1196630	1196631	5	0.5915
chr1	1196650	1196651	6	0.6445
chr1	1196651	1196652	6	0.4747
chr1	1196751	1196752	4	0.6661
chr1	1196851	1196852	4	0.6189
chr1	1196901	1196902	5	0.576
chr1	1197001	1197002	6	0.5241
chr1	1197051	1197052	5	0.6868
chr1	1197061	1197062	3	0.9262
chr1	1197153	1197154	5	0.8607
chr1	1197191	1197192	5	0.9751
chr1	1197355	1197356	3	0.8681
chr1	1197383	1197384	5	0.7279
chr1	1197425	1197426	6	0.77
chr1	1197477	1197478	3	0.8141
chr1	1197531	1197532	4	0.8227
chr1	1197540	1197541	5	0.7326
chr1	1197560	1197561	6	0.6647
chr1	1197586	1197587	4	0.6516
chr1	1197601	1197602	4	0.598
chr1	1197620	1197621	3	0.6692
chr1	1197664	1197665	4	0.7201
chr1	1197698	1197699	5	0.7988
chr1	1197729	1197730	3	0.675
chr1	1197750	1197751	6	0.5013
chr1	1197800	1197801	4	0.7393
chr1	1197832	1197833	2	0.6539
chr1	1197882	1197883	4	0.6837
chr1	1197901	1197902	7	0.6094
chr1	1197951	1197952	4	0.6659
chr1	1197966	1197967	3	0.7017
chr1	1197981	1197982	4	0.4784
chr1	1197996	1197997	5	0.7039
chr1	1198034	1198035	3	0.772
chr1	1198049	1198050	6	0.872
chr1	1198066	1198067	5	0.6773
chr1	1198086	1198087	5	0.777
chr1	1198186	1198187	4	0.7632
chr1	1198286	1198287	6	0.5503
chr1	1198341	1198342	5	0.577
chr1	1198391	1198392	5	0.8394
chr1	1198491	1198492	4	0.6984
chr1	1198591	1198592	5	0.8757
chr1	1198609	1198610	5	0.8732
chr1	1198627	1198628	4	0.8309
chr1	1198639	1198640	4	0.7941
chr1	1198651	1198652	4	0.7759
chr1	1198765	1198766	6	0.8068
chr1	1198775	1198776	5	0.9426
chr1	1198799	1198800	7	0.8716
chr1	1198883	1198884	5	0.7671
chr1	1198905	1198906	5	0.7513
chr1	1198935	1198936	3	0.5827
chr1	1198945	1198946	4	0.4445
chr1	1198982	1198983	4	0.2354
chr1	1199007	1199008	4	0.4096
chr1	1199057	1199058	5	0.4061
chr1	1199085	1199086	5	0.371
chr1	1199108	1199109	4	0.3972
chr1	1199128	1199129	5	0.3228
chr1	1199178	1199179	2	0.4832
chr1	1199214	1199215	3	0.3549
chr1	1199231	1199232	6	0.4499
chr1	1199281	1199282	5	0.3272
chr1	1199304	1199305	3	0.44
chr1	1199322	1199323	5	0.2919
chr1	1199356	1199357	6	0.3484
chr1	1199387	1199388	4	0.4683
chr1	1199410	1199411	5	0.3155
chr1	1199443	1199444	4	0.3477
chr1	1199543	1199544	5	0.3104
chr1	1199600	1199601	5	0.5368
chr1	1199700	1199701	3	0.4129
chr1	1199799	1199800	4	0.4661
chr1	1199849	1199850	4	0.619
chr1	1199875	1199876	5	0.0861
chr1	1199937	1199938	3	0.1589
chr1	1199977	1199978	5	0.0
chr1	1200119	1200120	7	0.1309
chr1	1200183	1200184	6	0.0485
chr1	1200231	1200232	6	0.2463
chr1	1200247	1200248	5	0.1607
chr1	1200291	1200292	5	0.2139
chr1	1200312	1200313	6	0.7541
chr1	1200362	1200363	3	0.8512
chr1	1200395	1200396	5	0.8636
chr1	1200443	1200444	3	0.8407
chr1	1200493	1200494	5	0.6939
chr1	1200522	1200523	5	0.7911
chr1	1200544	1200545	5	0.7646
chr1	1200561	1200562	5	0.7508
chr1	1200585	1200586	6	0.8285
chr1	1200612	1200613	5	0.6262
chr1	1200662	1200663	3	0.7074
chr1	1200682	1200683	4	0.6699
chr1	1200697	1200698	5	0.8141
chr1	1200747	1200748	6	0.7326
chr1	1200767	1200768	4	0.5941
chr1	1200782	1200783	6	0.8778
chr1	1200806	1200807	5	0.727
chr1	1200819	1200820	5	0.7038
chr1	1200919	1200920	4	0.7152
chr1	1200973	1200974	5	0.6678
chr1	1201038	1201039	4	0.7472
chr1	1201110	1201111	4	0.8026
chr1	1201164	1201165	4	0.749
chr1	1201264	1201265	5	0.6331
chr1	1201348	1201349	4	0.8257
chr1	1201373	1201374	5	0.7465
chr1	1201406	1201407	4	0.7557
chr1	1201430	1201431	6	0.6112
chr1	1201453	1201454	5	0.7992
chr1	1201503	1201504	4	0.7545
chr1	1201553	1201554	4	0.8722
chr1	1201582	1201583	5	0.7362
chr1	1201606	1201607	6	0.7708
chr1	1201656	1201657	6	0.9124
chr1	1201682	1201683	5	0.7682
chr1	1201728	1201729	5	0.7555
chr1	1201764	1201765	5	0.8332
chr1	1201779	1201780	4	0.8535
chr1	1201822	1201823	6	0.8766
chr1	1201858	1201859	5	0.8675
chr1	1201908	1201909	5	0.712
chr1	1201909	1201910	5	0.7646
chr1	1201994	1201995	4	0.7093
chr1	1202094	1202095	5	0.8712
chr1	1202150	1202151	5	0.7751
chr1	1202250	1202251	4	0.7727
chr1	1202350	1202351	5	0.7936
chr1	1202411	1202412	4	0.6771
chr1	1202429	1202430	6	0.8305
chr1	1202479	1202480	5	0.7595
chr1	1202487	1202488	5	0.5609
chr1	1202527	1202528	5	0.4471
chr1	1202542	1202543	5	0.4298
chr1	1202585	1202586	3	0.5165
chr1	1202635	1202636	3	0.4138
chr1	1202650	1202651	5	0.3403
chr1	1202700	1202701	4	0.4529
chr1	1202739	1202740	5	0.4445
chr1	1202754	1202755	5	0.4902
chr1	1202769	1202770	4	0.5576
chr1	1202785	1202786	3	0.4142
chr1	1202835	1202836	4	0.2656
chr1	1202861	1202862	5	0.4312
chr1	1202890	1202891	5	0.3907
chr1	1202940	1202941	6	0.3905
chr1	1202959	1202960	5	0.5703
chr1	1203059	1203060	6	0.4046
chr1	1203109	1203110	4	0.5677
chr1	1203164	1203165	5	0.3422
chr1	1203264	1203265	4	0.4708
chr1	1203364	1203365	4	0.5986
chr1	1203496	1203497	4	0.7237
chr1	1203510	1203511	4	0.663
chr1	1203522	1203523	5	0.6093
chr1	1203634	1203635	5	0.7782
chr1	1203640	1203641	6	0.7093
chr1	1203654	1203655	4	0.7971
chr1	1203678	1203679	6	0.7916
chr1	1203706	1203707	5	0.8418
chr1	1203722	1203723	5	0.8019
chr1	1203832	1203833	5	0.8212
chr1	1203874	1203875	7	0.3181
chr1	1203907	1203908	6	0.2211
chr1	1203936	1203937	4	0.3823
chr1	1203986	1203987	5	0.3907
chr1	1204036	1204037	5	0.4073
chr1	1204081	1204082	6	0.2931
chr1	1204122	1204123	4	0.2529
chr1	1204142	1204143	6	0.2407
chr1	1204164	1204165	4	0.2395
chr1	1204187	1204188	3	0.2499
chr1	1204219	1204220	5	0.3303
chr1	1204269	1204270	4	0.4176
chr1	1204319	1204320	5	0.2314
chr1	1204342	1204343	5	0.3317
chr1	1204427	1204428	4	0.4145
chr1	1204477	1204478	4	0.269
chr1	1204575	1204576	4	0.2908
chr1	1204675	1204676	4	0.1983
chr1	1204725	1204726	4	0.3339
chr1	1204731	1204732	1	0.1952
chr1	1204791	1204792	6	0.1436
chr1	1204820	1204821	4	0.3865
chr1	1204855	1204856	5	0.469
chr1	1204885	1204886	4	0.2975
chr1	1204914	1204915	5	0.4413
chr1	1204932	1204933	6	0.3557
chr1	1204970	1204971	7	0.441
chr1	1204998	1204999	7	0.3196
chr1	1205031	1205032	4	0.5062
chr1	1205047	1205048	4	0.5285
chr1	1205062	1205063	5	0.5827
chr1	1205098	1205099	4	0.4262
chr1	1205119	1205120	6	0.4031
chr1	1205135	1205136	4	0.3417
chr1	1205151	1205152	5	0.4198
chr1	1205201	1205202	3	0.2898
chr1	1205221	1205222	4	0.3484
chr1	1205270	1205271	6	0.2548
chr1	1205286	1205287	5	0.4728
chr1	1205299	1205300	4	0.4785
chr1	1205399	1205400	4	0.5523
chr1	1205499	1205500	5	0.4704
chr1	1205599	1205600	3	0.4769
chr1	1205699	1205700	4	0.4741
chr1	1205749	1205750	4	0.4156
chr1	1205807	1205808	4	0.6069
chr1	1205828	1205829	4	0.8857
chr1	1205878	1205879	5	0.845
chr1	1205920	1205921	4	0.7997
chr1	1205949	1205950	5	0.807
chr1	1205989	1205990	5	0.6457
chr1	1206011	1206012	3	0.6124
chr1	1206040	1206041	3	0.7658
chr1	1206070	1206071	6	0.5971
chr1	1206115	1206116	6	0.7968
chr1	1206161	1206162	7	0.8739
chr1	1206199	1206200	5	0.7436
chr1	1206222	1206223	4	0.6522
chr1	1206264	1206265	4	0.5236
chr1	1206284	1206285	6	0.7084
chr1	1206312	1206313	5	0.7235
chr1	1206394	1206395	4	0.5813
chr1	1206445	1206446	4	0.7508
chr1	1206506	1206507	5	0.7325
chr1	1206562	1206563	4	0.7157
chr1	1206658	1206659	3	0.8324
chr1	1206708	1206709	4	0.6495
chr1	1206752	1206753	5	0.8325
chr1	1206776	1206777	4	0.9481
chr1	1206800	1206801	5	0.4148
chr1	1206828	1206829	5	0.7745
chr1	1206850	1206851	3	0.6967
chr1	1206865	1206866	6	0.6701
chr1	1206891	1206892	6	0.6366
chr1	1206941	1206942	6	0.6306
chr1	1206969	1206970	4	0.3413
chr1	1206989	1206990	5	0.8117
chr1	1207025	1207026	7	0.7528
chr1	1207053	1207054	4	0.7108
chr1	1207098	1207099	4	0.4172
chr1	1207138	1207139	5	0.8427
chr1	1207177	1207178	4	0.6411
chr1	1207197	1207198	4	0.5669
chr1	1207216	1207217	4	0.5938
chr1	1207231	1207232	4	0.448
chr1	1207263	1207264	5	0.3834
chr1	1207267	1207268	3	0.75
chr1	1207317	1207318	4	0.7056
chr1	1207417	1207418	4	0.4849
chr1	1207516	1207517	4	0.3945
chr1	1207616	1207617	5	0.7713
chr1	1207716	1207717	4	0.8417
chr1	1207742	1207743	3	0.6502
chr1	1207747	1207748	6	0.7373
chr1	1207773	1207774	5	0.7881
chr1	1207791	1207792	5	0.5768
chr1	1207819	1207820	5	0.6995
chr1	1207834	1207835	4	0.6151
chr1	1207884	1207885	4	0.7481
chr1	1207914	1207915	3	0.7275
chr1	1207949	1207950	5	0.6271
chr1	1207999	1208000	5	0.7
chr1	1208014	1208015	4	0.5668
chr1	1208032	1208033	3	0.5545
chr1	1208072	1208073	4	0.6801
chr1	1208105	1208106	5	0.6262
chr1	1208125	1208126	4	0.6548
chr1	1208175	1208176	6	0.7019
chr1	1208225	1208226	5	0.6581
chr1	1208260	1208261	5	0.6609
chr1	1208310	1208311	3	0.7477
chr1	1208325	1208326	7	0.6225
chr1	1208412	1208413	5	0.8033
chr1	1208512	1208513	4	0.6888
chr1	1208609	1208610	5	0.6566
chr1	1208700	1208701	4	0.5245
chr1	1208783	1208784	4	0.5806
chr1	1208849	1208850	4	0.6886
chr1	1208951	1208952	3	0.9705
chr1	1208987	1208988	4	0.8553
chr1	1209063	1209064	6	0.8524
chr1	1209289	1209290	3	0.8378
chr1	1209313	1209314	5	0.9233
chr1	1209323	1209324	6	0.3846
chr1	1209349	1209350	4	0.2298
chr1	1209377	1209378	4	0.2724
chr1	1209417	1209418	5	0.4271
chr1	1209432	1209433	4	0.3495
chr1	1209482	1209483	3	0.3418
chr1	1209528	1209529	5	0.2826
chr1	1209544	1209545	5	0.4092
chr1	1209571	1209572	6	0.4335
chr1	1209590	1209591	5	0.352
chr1	1209624	1209625	3	0.3272
chr1	1209639	1209640	3	0.2649
chr1	1209685	1209686	4	0.3811
chr1	1209716	1209717	6	0.3944
chr1	1209759	1209760	7	0.4218
chr1	1209785	1209786	6	0.3809
chr1	1209824	1209825	4	0.3816
chr1	1209848	1209849	4	0.3717
chr1	1209910	1209911	5	0.395
chr1	1209995	1209996	4	0.3753
chr1	1210045	1210046	5	0.1734
chr1	1210103	1210104	5	0.4448
chr1	1210203	1210204	4	0.4627
chr1	1210259	1210260	6	0.5108
chr1	1210318	1210319	4	0.4
chr1	1210416	1210417	5	0.0859
chr1	1210472	1210473	5	0.0772
chr1	1210616	1210617	6	0.1433
chr1	1210636	1210637	3	0.0052
chr1	1210642	1210643	4	0.0323
chr1	1210728	1210729	4	0.0787
chr1	1210734	1210735	8	0.245
chr1	1210746	1210747	6	0.1434
chr1	1210806	1210807	4	0.0886
chr1	1210816	1210817	5	0.3748
chr1	1210831	1210832	4	0.2857
chr1	1210854	1210855	5	0.3646
chr1	1210900	1210901	4	0.4037
chr1	1210943	1210944	6	0.6711
chr1	1210975	1210976	5	0.3194
chr1	1211025	1211026	2	0.512
chr1	1211052	1211053	4	0.3587
chr1	1211078	1211079	4	0.3456
chr1	1211116	1211117	6	0.4551
chr1	1211166	1211167	6	0.3404
chr1	1211186	1211187	4	0.5674
chr1	1211211	1211212	5	0.6432
chr1	1211284	1211285	4	0.3283
chr1	1211364	1211365	7	0.4824
chr1	1211464	1211465	4	0.5925
chr1	1211514	1211515	6	0.4491
chr1	1211564	1211565	3	0.5011
chr1	1211576	1211577	6	0.6642
chr1	1211710	1211711	4	0.7989
chr1	1211712	1211713	4	0.9325
chr1	1211744	1211745	5	0.6041
chr1	1211826	1211827	5	0.8157
chr1	1211926	1211927	3	0.8149
chr1	1211938	1211939	4	0.9942
chr1	1211947	1211948	4	0.7361
chr1	1211987	1211988	4	0.6139
chr1	1212021	1212022	3	0.5871
chr1	1212049	1212050	4	0.5608
chr1	1212097	1212098	5	0.6385
chr1	1212123	1212124	3	0.5038
chr1	1212157	1212158	5	0.335
chr1	1212179	1212180	5	0.2796
chr1	1212198	1212199	6	0.2045
chr1	1212223	1212224	5	0.3079
chr1	1212242	1212243	5	0.4408
chr1	1212280	1212281	5	0.4625
chr1	1212295	1212296	5	0.2179
chr1	1212345	1212346	5	0.5353
chr1	1212395	1212396	5	0.6274
chr1	1212415	1212416	5	0.5215
chr1	1212490	1212491	2	0.6104
chr1	1212568	1212569	4	0.5697
chr1	1212668	1212669	5	0.817
chr1	1212718	1212719	3	0.4793
chr1	1212797	1212798	3	0.5841
chr1	1212813	1212814	3	0.6652
chr1	1212829	1212830	6	0.7786
chr1	1212891	1212892	4	0.6875
chr1	1212937	1212938	5	0.7316
chr1	1213093	1213094	7	0.6416
chr1	1213193	1213194	5	0.5546
chr1	1213242	1213243	4	0.7987
chr1	1213257	1213258	5	0.6157
chr1	1213307	1213308	3	0.7858
chr1	1213357	1213358	5	0.7778
chr1	1213386	1213387	4	0.795
chr1	1213405	1213406	5	0.7927
chr1	1213436	1213437	4	0.8387
chr1	1213454	1213455	5	0.8442
chr1	1213471	1213472	6	0.8438
chr1	1213510	1213511	5	0.8612
chr1	1213530	1213531	6	0.7606
chr1	1213569	1213570	4	0.6311
chr1	1213586	1213587	5	0.8192
chr1	1213636	1213637	4	0.6581
chr1	1213660	1213661	5	0.8774
chr1	1213686	1213687	6	0.7902
chr1	1213752	1213753	5	0.8202
chr1	1213802	1213803	5	0.7688
chr1	1213902	1213903	3	0.8819
chr1	1214002	1214003	5	0.6467
chr1	1214052	1214053	3	0.8653
chr1	1214066	1214067	6	0.8618
chr1	1214110	1214111	5	0.8023
chr1	1214116	1214117	5	0.537
chr1	1214166	1214167	6	0.5971
chr1	1214216	1214217	4	0.695
chr1	1214266	1214267	5	0.5715
chr1	1214289	1214290	5	0.681
chr1	1214329	1214330	4	0.5499
chr1	1214379	1214380	5	0.4845
chr1	1214427	1214428	2	0.4736
chr1	1214458	1214459	7	0.434
chr1	1214478	1214479	5	0.5455
chr1	1214510	1214511	3	0.5197
chr1	1214526	1214527	5	0.6535
chr1	1214576	1214577	5	0.3162
chr1	1214592	1214593	4	0.5536
chr1	1214617	1214618	4	0.5042
chr1	1214645	1214646	2	0.5359
chr1	1214687	1214688	6	0.3517
chr1	1214709	1214710	4	0.6711
chr1	1214783	1214784	6	0.7917
chr1	1214833	1214834	4	0.624
chr1	1214933	1214934	7	0.7956
chr1	1215033	1215034	5	0.6867
chr1	1215133	1215134	4	0.7998
chr1	1215183	1215184	4	0.5741
chr1	1215238	1215239	5	0.7001
chr1	1215294	1215295	3	0.8024
chr1	1215354	1215355	5	0.7551
chr1	1215382	1215383	4	0.6382
chr1	1215390	1215391	4	0.5286
chr1	1215556	1215557	5	0.5485
chr1	1215684	1215685	4	0.4416
chr1	1215723	1215724	4	0.1991
chr1	1215756	1215757	4	0.0552
chr1	1215806	1215807	5	0.122
chr1	1215836	1215837	6	0.0375
chr1	1215874	1215875	5	0.0331
chr1	1215924	1215925	5	0.1597
chr1	1215946	1215947	5	0.2031
chr1	1215961	1215962	3	0.2345
chr1	1216011	1216012	4	0.1021
chr1	1216045	1216046	4	0.0969
chr1	1216070	1216071	3	0.1526
chr1	1216087	1216088	3	0.2631
chr1	1216137	1216138	3	0.2336
chr1	1216152	1216153	5	0.0839
chr1	1216182	1216183	3	0.2381
chr1	1216217	1216218	4	0.213
chr1	1216233	1216234	6	0.1661
chr1	1216265	1216266	3	0.0052
chr1	1216273	1216274	5	0.3123
chr1	1216373	1216374	5	0.0779
chr1	1216473	1216474	5	0.1204
chr1	1216528	1216529	4	0.1688
chr1	1216628	1216629	7	0.1775
chr1	1216728	1216729	6	0.0505
chr1	1216789	1216790	5	0.123
chr1	1216837	1216838	3	0.174
chr1	1216849	1216850	5	0.0134
chr1	1216857	1216858	4	0.3631
chr1	1216874	1216875	5	0.4321
chr1	1216895	1216896	3	0.7415
chr1	1216923	1216924	5	0.5393
chr1	1216945	1216946	5	0.5579
chr1	1216980	1216981	4	0.6717
chr1	1217022	1217023	5	0.458
chr1	1217065	1217066	6	0.5422
chr1	1217115	1217116	4	0.6069
chr1	1217138	1217139	3	0.7167
chr1	1217188	1217189	3	0.4443
chr1	1217222	1217223	5	0.471
chr1	1217246	1217247	5	0.553
chr1	1217281	1217282	5	0.3938
chr1	1217319	1217320	6	0.5405
chr1	1217341	1217342	3	0.469
chr1	1217375	1217376	5	0.5449
chr1	1217475	1217476	2	0.5244
chr1	1217575	1217576	5	0.5729
chr1	1217632	1217633	3	0.6056
chr1	1217732	1217733	4	0.6159
chr1	1217832	1217833	6	0.6168
chr1	1217882	1217883	6	0.4544
chr1	1217898	1217899	5	0.8832
chr1	1217956	1217957	4	0.831
chr1	1217982	1217983	4	0.891
chr1	1217986	1217987	6	0.7222
chr1	1218014	1218015	4	0.7729
chr1	1218114	1218115	4	0.8912
chr1	1218280	1218281	5	0.8455
chr1	1218296	1218297	4	0.8567
chr1	1218380	1218381	4	0.7391
chr1	1218396	1218397	4	0.6472
chr1	1218419	1218420	4	0.7239
chr1	1218441	1218442	4	0.666
chr1	1218477	1218478	5	0.5567
chr1	1218493	1218494	5	0.4495
chr1	1218536	1218537	4	0.6204
chr1	1218568	1218569	5	0.6901
chr1	1218605	1218606	2	0.613
chr1	1218629	1218630	5	0.7494
chr1	1218679	1218680	4	0.7868
chr1	1218717	1218718	3	0.7512
chr1	1218767	1218768	7	0.6032
chr1	1218817	1218818	3	0.6704
chr1	1218852	1218853	5	0.565
chr1	1218871	1218872	4	0.7276
chr1	1218971	1218972	5	0.6532
chr1	1219071	1219072	4	0.5417
chr1	1219121	1219122	5	0.5735
chr1	1219171	1219172	3	0.631
chr1	1219271	1219272	3	0.5921
chr1	1219277	1219278	5	0.6857
chr1	1219295	1219296	3	0.7587
chr1	1219303	1219304	4	0.82
chr1	1219329	1219330	4	0.689
chr1	1219347	1219348	5	0.846
chr1	1219397	1219398	4	0.7785
chr1	1219432	1219433	3	0.7772
chr1	1219455	1219456	5	0.7226
chr1	1219470	1219471	4	0.7809
chr1	1219513	1219514	6	0.6696
chr1	1219556	1219557	4	0.7561
chr1	1219577	1219578	5	0.7769
chr1	1219627	1219628	4	0.7947
chr1	1219666	1219667	4	0.7874
chr1	1219690	1219691	4	0.6297
chr1	1219708	1219709	5	0.7164
chr1	1219758	1219759	5	0.6833
chr1	1219799	1219800	5	0.8623
chr1	1219823	1219824	5	0.6455
chr1	1219923	1219924	5	0.7191
chr1	1220023	1220024	5	0.7918
chr1	1220073	1220074	4	0.7482
chr1	1220164	1220165	6	0.7741
chr1	1220239	1220240	5	0.8871
chr1	1220323	1220324	4	0.907
chr1	1220335	1220336	4	0.9858
chr1	1220437	1220438	4	1.0
chr1	1220521	1220522	6	0.9385
chr1	1220583	1220584	4	0.8214
chr1	1220607	1220608	3	0.964
chr1	1220671	1220672	5	0.9107
chr1	1220697	1220698	5	0.7693
chr1	1220765	1220766	4	1.0
chr1	1220772	1220773	4	0.7045
chr1	1220794	1220795	5	0.6612
chr1	1220809	1220810	5	0.5713
chr1	1220847	1220848	4	0.6117
chr1	1220866	1220867	5	0.7619
chr1	1220915	1220916	7	0.5891
chr1	1220965	1220966	4	0.6384
chr1	1221010	1221011	4	0.6569
chr1	1221025	1221026	6	0.5575
chr1	1221075	1221076	6	0.4655
chr1	1221103	1221104	6	0.7067
chr1	1221150	1221151	6	0.6248
chr1	1221192	1221193	4	0.597
chr1	1221208	1221209	5	0.6514
chr1	1221251	1221252	4	0.7619
chr1	1221270	1221271	4	0.5751
chr1	1221296	1221297	5	0.8698
chr1	1221318	1221319	4	0.5683
chr1	1221396	1221397	6	0.7333
chr1	1221496	1221497	3	0.6589
chr1	1221596	1221597	4	0.7359
chr1	1221696	1221697	3	0.6473
chr1	1221796	1221797	6	0.7066
chr1	1221964	1221965	3	0.9155
chr1	1221980	1221981	3	0.9194
chr1	1222010	1222011	4	0.9203
chr1	1222034	1222035	4	0.9602
chr1	1222284	1222285	4	0.8672
chr1	1222313	1222314	4	0.0197
chr1	1222342	1222343	4	0.1345
chr1	1222381	1222382	5	0.0215
chr1	1222431	1222432	3	0.0307
chr1	1222514	1222515	6	0.0457
chr1	1222548	1222549	5	0.1199
chr1	1222578	1222579	5	0.1543
chr1	1222598	1222599	5	0.089
chr1	1222621	1222622	5	0.0995
chr1	1222638	1222639	6	0.0423
chr1	1222662	1222663	5	0.0758
chr1	1222720	1222721	5	0.2505
chr1	1222754	1222755	4	0.0538
chr1	1222779	1222780	3	0.2001
chr1	1222788	1222789	5	0.1516
chr1	1222838	1222839	5	0.0
chr1	1222938	1222939	5	0.1334
chr1	1223038	1223039	4	0.0073
chr1	1223138	1223139	5	0.0
chr1	1223238	1223239	6	0.0315
chr1	1223296	1223297	3	0.0288
chr1	1223339	1223340	5	0.6531
chr1	1223360	1223361	5	0.8041
chr1	1223386	1223387	6	0.5729
chr1	1223412	1223413	4	0.7415
chr1	1223459	1223460	5	0.6861
chr1	1223485	1223486	2	0.8648
chr1	1223504	1223505	4	0.8406
chr1	1223542	1223543	5	0.787
chr1	1223581	1223582	5	0.9665
chr1	1223596	1223597	4	0.8697
chr1	1223640	1223641	3	0.7119
chr1	1223658	1223659	6	0.8892
chr1	1223708	1223709	4	0.7874
chr1	1223726	1223727	4	0.9026
chr1	1223776	1223777	5	0.7921
chr1	1223799	1223800	5	0.6657
chr1	1223806	1223807	3	0.781
chr1	1223860	1223861	5	0.6838
chr1	1223913	1223914	5	0.8458
chr1	1223990	1223991	5	0.76
chr1	1224090	1224091	5	0.8028
chr1	1224190	1224191	7	0.8446
chr1	1224245	1224246	5	0.7236
chr1	1224257	1224258	2	0.8552
chr1	1224315	1224316	4	0.861
chr1	1224325	1224326	3	0.7254
chr1	1224340	1224341	4	0.5633
chr1	1224390	1224391	5	0.5301
chr1	1224428	1224429	4	0.699
chr1	1224447	1224448	3	0.5295
chr1	1224497	1224498	6	0.5615
chr1	1224512	1224513	3	0.4908
chr1	1224542	1224543	4	0.4403
chr1	1224577	1224578	4	0.5442
chr1	1224612	1224613	5	0.4898
chr1	1224635	1224636	4	0.6368
chr1	1224677	1224678	5	0.6748
chr1	1224697	1224698	5	0.5363
chr1	1224747	1224748	6	0.6934
chr1	1224790	1224791	4	0.5809
chr1	1224822	1224823	4	0.4158
chr1	1224843	1224844	5	0.6901
chr1	1224858	1224859	4	0.5295
chr1	1224867	1224868	6	0.5211
chr1	1224967	1224968	4	0.6276
chr1	1225067	1225068	5	0.5815
chr1	1225167	1225168	4	0.7155
chr1	1225267	1225268	5	0.6939
chr1	1225360	1225361	5	0.5719
chr1	1225374	1225375	4	0.9269
chr1	1225462	1225463	5	0.7654
chr1	1225518	1225519	4	0.8219
chr1	1225736	1225737	2	0.8258
chr1	1225804	1225805	7	1.0
chr1	1225816	1225817	4	0.8816
chr1	1225848	1225849	3	0.8575
chr1	1225854	1225855	6	0.5381
chr1	1225904	1225905	4	0.4175
chr1	1225954	1225955	5	0.3487
chr1	1225973	1225974	4	0.4059
chr1	1226015	1226016	6	0.4665
chr1	1226047	1226048	5	0.4264
chr1	1226065	1226066	5	0.4649
chr1	1226082	1226083	4	0.4006
chr1	1226108	1226109	4	0.2947
chr1	1226158	1226159	5	0.4567
chr1	1226208	1226209	5	0.3521
chr1	1226238	1226239	4	0.5251
chr1	1226280	1226281	5	0.4567
chr1	1226330	1226331	5	0.3404
chr1	1226350	1226351	5	0.4132
chr1	1226400	1226401	6	0.5178
chr1	1226500	1226501	4	0.2978
chr1	1226600	1226601	3	0.5294
chr1	1226700	1226701	4	0.5857
chr1	1226800	1226801	4	0.4184
chr1	1226836	1226837	4	0.8331
chr1	1226856	1226857	5	0.7628
chr1	1226898	1226899	5	0.8392
chr1	1227048	1227049	4	0.8278
chr1	1227078	1227079	4	0.6953
chr1	1227240	1227241	5	0.9031
chr1	1227256	1227257	3	0.6307
chr1	1227281	1227282	4	0.8478
chr1	1227313	1227314	3	0.8467
chr1	1227328	1227329	5	0.6465
chr1	1227363	1227364	4	0.9215
chr1	1227413	1227414	5	0.8229
chr1	1227463	1227464	5	0.7085
chr1	1227487	1227488	4	0.8005
chr1	1227502	1227503	6	0.6101
chr1	1227549	1227550	6	0.6406
chr1	1227599	1227600	6	0.7658
chr1	1227617	1227618	3	0.7582
chr1	1227667	1227668	4	0.8296
chr1	1227708	1227709	3	0.7849
chr1	1227749	1227750	5	0.7683
chr1	1227768	1227769	5	0.7225
chr1	1227792	1227793	5	0.8547
chr1	1227807	1227808	5	0.897
chr1	1227829	1227830	4	0.8337
chr1	1227850	1227851	5	0.7396
chr1	1227873	1227874	6	0.7187
chr1	1227882	1227883	7	0.902
chr1	1227963	1227964	4	0.6478
chr1	1228053	1228054	4	0.7591
chr1	1228122	1228123	6	0.7847
chr1	1228222	1228223	4	0.6938
chr1	1228322	1228323	3	0.8651
chr1	1228415	1228416	5	0.6935
chr1	1228489	1228490	4	0.8801
chr1	1228491	1228492	5	0.9151
chr1	1228497	1228498	4	0.2348
chr1	1228547	1228548	4	0.1523
chr1	1228586	1228587	5	0.3233
chr1	1228636	1228637	4	0.191
chr1	1228664	1228665	4	0.2708
chr1	1228680	1228681	6	0.365
chr1	1228721	1228722	6	0.2881
chr1	1228754	1228755	5	0.1703
chr1	1228769	1228770	4	0.3124
chr1	1228797	1228798	6	0.1713
chr1	1228835	1228836	5	0.1498
chr1	1228869	1228870	4	0.2877
chr1	1228917	1228918	3	0.2617
chr1	1228939	1228940	5	0.2757
chr1	1228968	1228969	5	0.284
chr1	1229018	1229019	6	0.2595
chr1	1229033	1229034	3	0.1559
chr1	1229045	1229046	5	0.3669
chr1	1229106	1229107	6	0.2843
chr1	1229181	1229182	5	0.3026
chr1	1229231	1229232	6	0.2042
chr1	1229283	1229284	5	0.2695
chr1	1229374	1229375	6	0.2362
chr1	1229451	1229452	5	0.2116
chr1	1229551	1229552	5	0.2024
chr1	1229639	1229640	3	0.0955
chr1	1229695	1229696	6	0.0057
chr1	1229955	1229956	4	0.038
chr1	1229963	1229964	4	0.1547
chr1	1230023	1230024	6	0.0774
chr1	1230068	1230069	3	0.7885
chr1	1230085	1230086	5	0.4192
chr1	1230122	1230123	3	0.4775
chr1	1230138	1230139	5	0.6695
chr1	1230165	1230166	2	0.5897
chr1	1230195	1230196	3	0.58
chr1	1230210	1230211	3	0.6464
chr1	1230234	1230235	5	0.5867
chr1	1230272	1230273	5	0.6869
chr1	1230307	1230308	5	0.6512
chr1	1230333	1230334	4	0.464
chr1	1230351	1230352	4	0.4967
chr1	1230370	1230371	6	0.7539
chr1	1230414	1230415	6	0.7287
chr1	1230440	1230441	3	0.5223
chr1	1230487	1230488	5	0.4646
chr1	1230522	1230523	6	0.6041
chr1	1230550	1230551	5	0.6036
chr1	1230555	1230556	6	0.4352
chr1	1230655	1230656	5	0.5341
chr1	1230734	1230735	4	0.5559
chr1	1230834	1230835	5	0.4891
chr1	1230884	1230885	5	0.6291
chr1	1230941	1230942	3	0.4934
chr1	1230997	1230998	5	0.6387
chr1	1231089	1231090	5	0.8237
chr1	1231094	1231095	4	0.3649
chr1	1231120	1231121	4	0.283
chr1	1231142	1231143	2	0.566
chr1	1231179	1231180	5	0.5934
chr1	1231229	1231230	4	0.5194
chr1	1231251	1231252	5	0.6131
chr1	1231284	1231285	5	0.4053
chr1	1231327	1231328	5	0.4984
chr1	1231355	1231356	3	0.5804
chr1	1231370	1231371	2	0.4122
chr1	1231390	1231391	3	0.5504
chr1	1231434	1231435	5	0.564
chr1	1231462	1231463	5	0.496
chr1	1231498	1231499	5	0.4923
chr1	1231548	1231549	4	0.4479
chr1	1231581	1231582	4	0.4348
chr1	1231681	1231682	3	0.4966
chr1	1231781	1231782	3	0.554
chr1	1231831	1231832	4	0.6266
chr1	1231931	1231932	4	0.493
chr1	1232031	1232032	4	0.5648
chr1	1232077	1232078	4	0.6995
chr1	1232205	1232206	5	0.8034
chr1	1232331	1232332	4	0.7003
chr1	1232421	1232422	4	0.671
chr1	1232485	1232486	4	0.7808
chr1	1232509	1232510	5	0.7633
chr1	1232525	1232526	6	0.05
chr1	1232560	1232561	5	0.3065
chr1	1232610	1232611	4	0.1572
chr1	1232642	1232643	7	0.1319
chr1	1232657	1232658	4	0.2002
chr1	1232690	1232691	4	0.2486
chr1	1232713	1232714	5	0.1237
chr1	1232763	1232764	4	0.1175
chr1	1232784	1232785	3	0.0477
chr1	1232817	1232818	5	0.1045
chr1	1232835	1232836	4	0.2249
chr1	1232885	1232886	4	0.0177
chr1	1232935	1232936	4	0.2374
chr1	1232960	1232961	4	0.0723
chr1	1232992	1232993	6	0.0
chr1	1233000	1233001	5	0.1052
chr1	1233100	1233101	4	0.2066
chr1	1233150	1233151	5	0.0122
chr1	1233215	1233216	5	0.0
chr1	1233315	1233316	5	0.2836
chr1	1233415	1233416	5	0.111
chr1	1233465	1233466	6	0.1927
chr1	1233531	1233532	4	0.0813
chr1	1233567	1233568	5	0.9117
chr1	1233617	1233618	5	0.8488
chr1	1233645	1233646	6	0.8036
chr1	1233660	1233661	5	1.0
chr1	1233695	1233696	5	0.9515
chr1	1233710	1233711	5	0.7339
chr1	1233730	1233731	5	0.9616
chr1	1233765	1233766	5	0.8921
chr1	1233787	1233788	4	0.9014
chr1	1233810	1233811	4	0.7966
chr1	1233846	1233847	3	0.8882
chr1	1233861	1233862	4	0.7834
chr1	1233893	1233894	2	0.9003
chr1	1233926	1233927	4	0.928
chr1	1233957	1233958	5	0.7679
chr1	1233987	1233988	5	0.8233
chr1	1234014	1234015	6	0.882
chr1	1234057	1234058	2	0.9016
chr1	1234072	1234073	4	0.8116
chr1	1234107	1234108	4	0.9718
chr1	1234125	1234126	4	0.9311
chr1	1234222	1234223	3	0.864
chr1	1234300	1234301	6	0.7694
chr1	1234350	1234351	5	0.9428
chr1	1234440	1234441	4	0.7738
chr1	1234498	1234499	5	0.8451
chr1	1234656	1234657	5	0.7991
chr1	1234662	1234663	4	0.9614
chr1	1234704	1234705	4	0.8479
chr1	1234754	1234755	5	0.6109
chr1	1234769	1234770	6	0.7522
chr1	1234784	1234785	3	0.7235
chr1	1234812	1234813	5	0.8588
chr1	1234828	1234829	5	0.8685
chr1	1234853	1234854	5	0.6351
chr1	1234883	1234884	5	0.7942
chr1	1234930	1234931	6	0.6519
chr1	1234980	1234981	3	0.5634
chr1	1234997	1234998	3	0.6063
chr1	1235047	1235048	4	0.6467
chr1	1235078	1235079	4	0.787
chr1	1235124	1235125	4	0.5553
chr1	1235158	1235159	5	0.7686
chr1	1235192	1235193	4	0.8086
chr1	1235232	1235233	5	0.6352
chr1	1235254	1235255	3	0.6934
chr1	1235354	1235355	4	0.6984
chr1	1235429	1235430	5	0.7954
chr1	1235529	1235530	2	0.8304
chr1	1235629	1235630	4	0.5475
chr1	1235716	1235717	4	0.6441
chr1	1235794	1235795	4	0.8591
chr1	1235832	1235833	3	0.2812
chr1	1235847	1235848	3	0.1594
chr1	1235892	1235893	3	0.1291
chr1	1235914	1235915	5	0.1127
chr1	1235935	1235936	3	0.1475
chr1	1235950	1235951	5	0.2167
chr1	1235973	1235974	5	0.086
chr1	1235990	1235991	3	0.1856
chr1	1236021	1236022	4	0.2735
chr1	1236071	1236072	5	0.0333
chr1	1236086	1236087	3	0.1742
chr1	1236105	1236106	5	0.1705
chr1	1236122	1236123	5	0.0446
chr1	1236172	1236173	4	0.2291
chr1	1236190	1236191	7	0.1936
chr1	1236240	1236241	5	0.0
chr1	1236271	1236272	5	0.2065
chr1	1236316	1236317	6	0.3407
chr1	1236323	1236324	5	0.1769
chr1	1236423	1236424	5	0.0263
chr1	1236523	1236524	4	0.2141
chr1	1236573	1236574	6	0.138
chr1	1236673	1236674	5	0.1763
chr1	1236756	1236757	4	0.0905
chr1	1236838	1236839	7	0.1009
chr1	1236843	1236844	3	0.4741
chr1	1236861	1236862	4	0.5534
chr1	1236887	1236888	2	0.4325
chr1	1236907	1236908	5	0.5786
chr1	1236944	1236945	2	0.4439
chr1	1236972	1236973	4	0.3056
chr1	1237009	1237010	5	0.3969
chr1	1237024	1237025	5	0.427
chr1	1237052	1237053	3	0.3067
chr1	1237094	1237095	6	0.4704
chr1	1237109	1237110	6	0.5147
chr1	1237149	1237150	4	0.3985
chr1	1237174	1237175	4	0.3706
chr1	1237208	1237209	5	0.5733
chr1	1237240	1237241	3	0.5443
chr1	1237241	1237242	4	0.4096
chr1	1237341	1237342	5	0.5961
chr1	1237441	1237442	5	0.531
chr1	1237501	1237502	4	0.4347
chr1	1237558	1237559	5	0.3874
chr1	1237712	1237713	5	0.7888
chr1	1237718	1237719	3	0.8721
chr1	1237720	1237721	6	0.9161
chr1	1237918	1237919	4	0.7974
chr1	1237932	1237933	3	0.809
chr1	1238050	1238051	3	0.5718
chr1	1238056	1238057	4	0.5038
chr1	1238083	1238084	5	0.8261
chr1	1238133	1238134	6	0.6682
chr1	1238168	1238169	5	0.7238
chr1	1238194	1238195	3	0.7475
chr1	1238209	1238210	6	0.8282
chr1	1238231	1238232	5	0.6228
chr1	1238281	1238282	5	0.6371
chr1	1238331	1238332	4	0.7949
chr1	1238361	1238362	3	0.702
chr1	1238376	1238377	4	0.827
chr1	1238404	1238405	2	0.8825
chr1	1238431	1238432	4	0.7196
chr1	1238466	1238467	5	0.8876
chr1	1238492	1238493	3	0.6395
chr1	1238517	1238518	5	0.8488
chr1	1238535	1238536	5	0.7591
chr1	1238551	1238552	4	0.8596
chr1	1238579	1238580	4	0.8977
chr1	1238629	1238630	5	0.6356
chr1	1238716	1238717	5	0.8426
chr1	1238816	1238817	1	0.8568
chr1	1238900	1238901	3	0.8193
chr1	1238950	1238951	6	0.8903
chr1	1239042	1239043	7	0.7886
chr1	1239121	1239122	4	0.7587
chr1	1239187	1239188	4	0.8548
chr1	1240275	1240276	5	0.4928
chr1	1240309	1240310	3	0.3011
chr1	1240332	1240333	8	0.3229
chr1	1240365	1240366	5	0.3068
chr1	1240415	1240416	4	0.4427
chr1	1240456	1240457	5	0.455
chr1	1240496	1240497	3	0.3682
chr1	1240525	1240526	4	0.3151
chr1	1240540	1240541	5	0.4526
chr1	1240572	1240573	5	0.3191
chr1	1240599	1240600	3	0.403
chr1	1240642	1240643	5	0.4347
chr1	1240669	1240670	6	0.3471
chr1	1240691	1240692	5	0.3145
chr1	1240706	1240707	5	0.2615
chr1	1240735	1240736	4	0.2587
chr1	1240759	1240760	7	0.2893
chr1	1240769	1240770	5	0.5019
chr1	1240839	1240840	4	0.46
chr1	1240933	1240934	6	0.5329
chr1	1241033	1241034	5	0.513
chr1	1241133	1241134	5	0.3306
chr1	1241183	1241184	3	0.4919
chr1	1241199	1241200	6	0.1645
chr1	1241225	1241226	4	0.1227
chr1	1241279	1241280	5	0.2046
chr1	1241355	1241356	5	0.0992
chr1	1241397	1241398	5	0.3858
chr1	1241529	1241530	4	0.25
chr1	1241665	1241666	5	0.1099
chr1	1241681	1241682	5	0.1171
chr1	1241724	1241725	5	0.1256
chr1	1241748	1241749	4	0.1483
chr1	1241767	1241768	6	0.1801
chr1	1241791	1241792	5	0.2489
chr1	1241808	1241809	4	0.0117
chr1	1241854	1241855	4	0.2996
chr1	1241882	1241883	4	0.1251
chr1	1241928	1241929	5	0.1478
chr1	1241950	1241951	4	0.2219
chr1	1241973	1241974	4	0.0935
chr1	1242002	1242003	4	0.0984
chr1	1242052	1242053	6	0.1606
chr1	1242075	1242076	5	0.1746
chr1	1242106	1242107	5	0.0735
chr1	1242133	1242134	5	0.2152
chr1	1242183	1242184	3	0.1587
chr1	1242283	1242284	4	0.2249
chr1	1242375	1242376	3	0.3032
chr1	1242475	1242476	4	0.2725
chr1	1242575	1242576	4	0.0501
chr1	1242581	1242582	6	0.1483
chr1	1242631	1242632	4	0.0191
chr1	1242639	1242640	4	0.5657
chr1	1242668	1242669	3	0.652
chr1	1242708	1242709	5	0.3936
chr1	1242727	1242728	6	0.5803
chr1	1242750	1242751	5	0.5843
chr1	1242773	1242774	4	0.6569
chr1	1242797	1242798	4	0.3906
chr1	1242847	1242848	5	0.6674
chr1	1242887	1242888	4	0.5103
chr1	1242928	1242929	5	0.5618
chr1	1242978	1242979	5	0.5083
chr1	1243003	1243004	5	0.4939
chr1	1243035	1243036	3	0.6026
chr1	1243067	1243068	5	0.5812
chr1	1243117	1243118	6	0.5387
chr1	1243127	1243128	4	0.6225
chr1	1243227	1243228	5	0.6649
chr1	1243327	1243328	6	0.5225
chr1	1243386	1243387	5	0.6139
chr1	1243473	1243474	3	0.4896
chr1	1243573	1243574	5	0.5088
chr1	1243719	1243720	4	0.9238
chr1	1243769	1243770	5	0.9041
chr1	1243799	1243800	6	0.7
chr1	1243827	1243828	5	0.8163
chr1	1243853	1243854	5	0.7471
chr1	1243855	1243856	6	0.8907
chr1	1243875	1243876	5	0.6569
chr1	1243933	1243934	5	0.9146
chr1	1243949	1243950	4	0.9287
chr1	1243973	1243974	5	0.7937
chr1	1243984	1243985	3	0.6249
chr1	1244012	1244013	5	0.6102
chr1	1244037	1244038	3	0.6574
chr1	1244087	1244088	4	0.7033
chr1	1244123	1244124	5	0.6491
chr1	1244153	1244154	4	0.531
chr1	1244186	1244187	6	0.6124
chr1	1244209	1244210	5	0.4161
chr1	1244224	1244225	4	0.6541
chr1	1244256	1244257	4	0.7953
chr1	1244271	1244272	6	0.6388
chr1	1244286	1244287	3	0.6393
chr1	1244336	1244337	4	0.6397
chr1	1244365	1244366	4	0.5227
chr1	1244399	1244400	5	0.5644
chr1	1244427	1244428	4	0.516
chr1	1244455	1244456	4	0.5289
chr1	1244505	1244506	3	0.5678
chr1	1244525	1244526	7	0.6729
chr1	1244584	1244585	5	0.5764
chr1	1244634	1244635	3	0.4049
chr1	1244734	1244735	4	0.5149
chr1	1244784	1244785	5	0.5676
chr1	1244881	1244882	3	0.5515
chr1	1244959	1244960	5	0.3613
chr1	1245059	1245060	4	0.4571
chr1	1245085	1245086	2	0.6418
chr1	1245133	1245134	3	0.496
chr1	1245142	1245143	4	0.4257
chr1	1245175	1245176	5	0.3753
chr1	1245192	1245193	5	0.2557
chr1	1245225	1245226	5	0.3789
chr1	1245252	1245253	5	0.4532
chr1	1245268	1245269	6	0.2521
chr1	1245313	1245314	5	0.2941
chr1	1245333	1245334	5	0.3493
chr1	1245383	1245384	5	0.4346
chr1	1245398	1245399	5	0.2714
chr1	1245448	1245449	3	0.3394
chr1	1245466	1245467	4	0.1992
chr1	1245493	1245494	6	0.2113
chr1	1245513	1245514	5	0.3798
chr1	1245528	1245529	3	0.3258
chr1	1245560	1245561	3	0.4657
chr1	1245593	1245594	4	0.3603
chr1	1245631	1245632	4	0.469
chr1	1245731	1245732	4	0.4252
chr1	1245804	1245805	4	0.4159
chr1	1245856	1245857	3	0.5024
chr1	1245956	1245957	3	0.5352
chr1	1246056	1246057	4	0.1987
chr1	1246068	1246069	5	0.5994
chr1	1246166	1246167	3	0.7896
chr1	1246238	1246239	5	0.5787
chr1	1246246	1246247	3	0.5964
chr1	1246356	1246357	4	0.5016
chr1	1246358	1246359	5	0.6712
chr1	1246428	1246429	2	0.658
chr1	1246462	1246463	4	0.5529
chr1	1246532	1246533	5	0.6836
chr1	1246562	1246563	4	0.5839
chr1	1246579	1246580	5	0.6562
chr1	1246604	1246605	5	0.6309
chr1	1246644	1246645	5	0.442
chr1	1246659	1246660	4	0.567
chr1	1246699	1246700	5	0.6891
chr1	1246736	1246737	5	0.5323
chr1	1246759	1246760	4	0.6949
chr1	1246786	1246787	4	0.5128
chr1	1246803	1246804	5	0.8155
chr1	1246853	1246854	5	0.7082
chr1	1246893	1246894	4	0.4643
chr1	1246932	1246933	4	0.7024
chr1	1246968	1246969	6	0.5908
chr1	1247010	1247011	3	0.6047
chr1	1247035	1247036	6	0.7012
chr1	1247050	1247051	5	0.3946
chr1	1247065	1247066	3	0.4798
chr1	1247101	1247102	4	0.5936
chr1	1247154	1247155	6	0.5453
chr1	1247204	1247205	4	0.69
chr1	1247281	1247282	5	0.7343
chr1	1247381	1247382	4	0.5521
chr1	1247431	1247432	4	0.6857
chr1	1247489	1247490	6	0.6175
chr1	1247589	1247590	3	0.5097
chr1	1247685	1247686	3	0.8553
chr1	1247698	1247699	3	0.6396
chr1	1247726	1247727	3	0.7514
chr1	1247749	1247750	4	0.6028
chr1	1247799	1247800	4	0.6054
chr1	1247837	1247838	6	0.8277
chr1	1247878	1247879	5	0.6646
chr1	1247918	1247919	4	0.6893
chr1	1247968	1247969	5	0.7797
chr1	1247983	1247984	5	0.8011
chr1	1248012	1248013	4	0.7552
chr1	1248062	1248063	3	0.8176
chr1	1248112	1248113	6	0.8185
chr1	1248134	1248135	4	0.9366
chr1	1248184	1248185	5	0.6681
chr1	1248217	1248218	4	0.7722
chr1	1248241	1248242	5	0.631
chr1	1248255	1248256	4	0.6814
chr1	1248355	1248356	3	0.7518
chr1	1248455	1248456	4	0.6154
chr1	1248555	1248556	6	0.8519
chr1	1248655	1248656	4	0.7464
chr1	1248755	1248756	6	0.7454
chr1	1248805	1248806	5	0.6803
chr1	1248829	1248830	5	0.8218
chr1	1248862	1248863	3	0.6266
chr1	1248885	1248886	5	0.6285
chr1	1248930	1248931	3	0.6696
chr1	1248952	1248953	4	0.7558
chr1	1248991	1248992	6	0.8171
chr1	1249019	1249020	5	0.7827
chr1	1249066	1249067	3	0.4918
chr1	1249116	1249117	4	0.7061
chr1	1249147	1249148	4	0.8032
chr1	1249182	1249183	4	0.6921
chr1	1249198	1249199	4	0.7853
chr1	1249230	1249231	6	0.6705
chr1	1249245	1249246	4	0.6126
chr1	1249278	1249279	4	0.6676
chr1	1249311	1249312	5	0.6828
chr1	1249411	1249412	4	0.6384
chr1	1249461	1249462	5	0.5925
chr1	1249523	1249524	4	0.7946
chr1	1249576	1249577	5	0.6144
chr1	1249676	1249677	5	0.7464
chr1	1249751	1249752	3	0.5781
chr1	1249771	1249772	4	0.7904
chr1	1249780	1249781	4	0.7849
chr1	1249819	1249820	7	0.821
chr1	1249843	1249844	4	0.6604
chr1	1249872	1249873	5	0.6921
chr1	1249907	1249908	5	0.8235
chr1	1249952	1249953	3	0.8015
chr1	1249984	1249985	4	0.5888
chr1	1250014	1250015	6	0.6629
chr1	1250042	1250043	2	0.5279
chr1	1250079	1250080	5	0.3966
chr1	1250120	1250121	5	0.5381
chr1	1250135	1250136	6	0.4419
chr1	1250165	1250166	3	0.6004
chr1	1250213	1250214	5	0.7294
chr1	1250242	1250243	4	0.7082
chr1	1250248	1250249	5	0.667
chr1	1250348	1250349	5	0.6574
chr1	1250448	1250449	6	0.6619
chr1	1250548	1250549	6	0.6589
chr1	1250648	1250649	6	0.6371
chr1	1250706	1250707	5	0.6186
chr1	1250788	1250789	4	0.7198
chr1	1250958	1250959	4	0.8518
chr1	1250972	1250973	5	0.5953
chr1	1251044	1251045	1	0.5138
chr1	1251074	1251075	4	0.773
chr1	1251120	1251121	5	0.6845
chr1	1251170	1251171	3	0.7511
chr1	1251192	1251193	3	0.7033
chr1	1251212	1251213	4	0.6939
chr1	1251252	1251253	6	0.7261
chr1	1251280	1251281	5	0.8179
chr1	1251313	1251314	5	0.7154
chr1	1251363	1251364	3	0.6904
chr1	1251413	1251414	3	0.7349
chr1	1251463	1251464	5	0.614
chr1	1251489	1251490	6	0.8653
chr1	1251539	1251540	4	0.77
chr1	1251570	1251571	5	0.6863
chr1	1251589	1251590	6	0.7574
chr1	1251604	1251605	4	0.9038
chr1	1251631	1251632	5	0.7786
chr1	1251683	1251684	5	0.6977
chr1	1251763	1251764	5	0.7203
chr1	1251848	1251849	2	0.8512
chr1	1251898	1251899	5	0.8813
chr1	1251948	1251949	4	0.5644
chr1	1252048	1252049	5	0.7798
chr1	1252074	1252075	4	0.784
chr1	1252084	1252085	4	0.7943
chr1	1252105	1252106	4	0.3632
chr1	1252129	1252130	4	0.3027
chr1	1252149	1252150	6	0.3115
chr1	1252173	1252174	5	0.1819
chr1	1252223	1252224	4	0.1776
chr1	1252273	1252274	4	0.2295
chr1	1252288	1252289	5	0.2842
chr1	1252325	1252326	6	0.2855
chr1	1252350	1252351	4	0.3344
chr1	1252378	1252379	5	0.4755
chr1	1252393	1252394	6	0.1708
chr1	1252408	1252409	6	0.2612
chr1	1252458	1252459	5	0.3163
chr1	1252494	1252495	4	0.1752
chr1	1252527	1252528	4	0.2953
chr1	1252568	1252569	6	0.2687
chr1	1252592	1252593	4	0.0896
chr1	1252607	1252608	4	0.4137
chr1	1252707	1252708	4	0.4455
chr1	1252792	1252793	6	0.2263
chr1	1252892	1252893	6	0.2075
chr1	1252992	1252993	2	0.3262
chr1	1253042	1253043	3	0.321
chr1	1253122	1253123	4	0.338
chr1	1253132	1253133	5	0.8646
chr1	1253181	1253182	4	1.0
chr1	1253200	1253201	5	0.765
chr1	1253250	1253251	4	0.7615
chr1	1253275	1253276	4	0.848
chr1	1253325	1253326	5	0.8836
chr1	1253345	1253346	6	0.8794
chr1	1253383	1253384	4	0.8425
chr1	1253410	1253411	1	0.8795
chr1	1253460	1253461	4	0.7681
chr1	1253488	1253489	4	0.8486
chr1	1253512	1253513	5	0.8579
chr1	1253529	1253530	5	0.8018
chr1	1253563	1253564	4	0.7932
chr1	1253596	1253597	7	0.7628
chr1	1253617	1253618	5	0.8913
chr1	1253650	1253651	5	0.7334
chr1	1253750	1253751	4	0.8647
chr1	1253850	1253851	5	0.9843
chr1	1253909	1253910	6	0.834
chr1	1253959	1253960	5	0.8533
chr1	1254059	1254060	4	0.7577
chr1	1254159	1254160	4	0.8393
chr1	1254241	1254242	5	0.9342
chr1	1254261	1254262	5	0.2484
chr1	1254311	1254312	5	0.3674
chr1	1254361	1254362	4	0.4321
chr1	1254382	1254383	4	0.36
chr1	1254432	1254433	6	0.3081
chr1	1254450	1254451	6	0.2531
chr1	1254476	1254477	6	0.2386
chr1	1254491	1254492	3	0.4417
chr1	1254541	1254542	4	0.3766
chr1	1254557	1254558	5	0.3863
chr1	1254575	1254576	3	0.243
chr1	1254601	1254602	4	0.2431
chr1	1254633	1254634	3	0.5264
chr1	1254664	1254665	5	0.298
chr1	1254714	1254715	5	0.2887
chr1	1254736	1254737	4	0.2735
chr1	1254775	1254776	5	0.3559
chr1	1254792	1254793	5	0.1006
chr1	1254807	1254808	4	0.231
chr1	1254808	1254809	5	0.4731
chr1	1254908	1254909	4	0.4712
chr1	1254958	1254959	3	0.3158
chr1	1255058	1255059	5	0.1678
chr1	1255141	1255142	4	0.2615
chr1	1255241	1255242	3	0.2479
chr1	1255341	1255342	3	0.3125
chr1	1255397	1255398	5	0.1342
chr1	1255433	1255434	3	0.9095
chr1	1255475	1255476	4	0.8426
chr1	1255514	1255515	4	0.9059
chr1	1255537	1255538	4	0.6712
chr1	1255571	1255572	5	0.8542
chr1	1255588	1255589	4	0.7419
chr1	1255605	1255606	5	0.7659
chr1	1255623	1255624	5	0.8792
chr1	1255638	1255639	4	0.8305
chr1	1255659	1255660	4	0.7536
chr1	1255697	1255698	6	0.6406
chr1	1255728	1255729	5	0.8421
chr1	1255762	1255763	5	0.6621
chr1	1255792	1255793	4	0.6873
chr1	1255808	1255809	5	0.8988
chr1	1255831	1255832	5	0.8788
chr1	1255856	1255857	3	0.8887
chr1	1255871	1255872	5	0.943
chr1	1255904	1255905	4	0.7536
chr1	1255926	1255927	3	0.8708
chr1	1255960	1255961	6	0.7938
chr1	1255977	1255978	5	0.8278
chr1	1255988	1255989	5	0.831
chr1	1256077	1256078	4	0.7473
chr1	1256127	1256128	3	0.7614
chr1	1256227	1256228	6	0.7787
chr1	1256321	1256322	4	0.8103
chr1	1256421	1256422	3	0.8039
chr1	1256521	1256522	3	0.7916
chr1	1256593	1256594	4	0.6241
chr1	1256617	1256618	3	0.9661
chr1	1256626	1256627	3	0.6173
chr1	1256676	1256677	3	0.6706
chr1	1256697	1256698	4	0.5293
chr1	1256744	1256745	6	0.6147
chr1	1256770	1256771	4	0.586
chr1	1256820	1256821	5	0.7257
chr1	1256847	1256848	5	0.7434
chr1	1256869	1256870	5	0.6108
chr1	1256903	1256904	5	0.4919
chr1	1256918	1256919	4	0.6589
chr1	1256964	1256965	4	0.4654
chr1	1256989	1256990	5	0.6156
chr1	1257027	1257028	4	0.6049
chr1	1257055	1257056	3	0.4608
chr1	1257105	1257106	4	0.4914
chr1	1257155	1257156	3	0.6316
chr1	1257159	1257160	6	0.6042
chr1	1257257	1257258	5	0.7334
chr1	1257357	1257358	5	0.6426
chr1	1257407	1257408	4	0.4621
chr1	1257507	1257508	4	0.5638
chr1	1257607	1257608	4	0.5295
chr1	1257672	1257673	5	0.4787
chr1	1257784	1257785	5	0.8792
chr1	1257882	1257883	4	0.8716
chr1	1257902	1257903	5	0.9065
chr1	1257906	1257907	5	0.9645
chr1	1258024	1258025	3	0.8995
chr1	1258056	1258057	4	0.7681
chr1	1258170	1258171	5	0.8612
chr1	1258192	1258193	5	0.6229
chr1	1258235	1258236	5	0.7697
chr1	1258277	1258278	5	0.8281
chr1	1258315	1258316	4	0.6682
chr1	1258330	1258331	6	0.8242
chr1	1258353	1258354	4	0.7723
chr1	1258368	1258369	4	0.7702
chr1	1258404	1258405	4	0.8126
chr1	1258439	1258440	5	0.7262
chr1	1258467	1258468	5	0.6863
chr1	1258490	1258491	3	0.7314
chr1	1258530	1258531	5	0.6689
chr1	1258580	1258581	5	0.6582
chr1	1258607	1258608	5	0.7477
chr1	1258624	1258625	6	0.7943
chr1	1258645	1258646	6	0.764
chr1	1258691	1258692	6	0.7291
chr1	1258701	1258702	2	0.7939
chr1	1258751	1258752	4	0.5676
chr1	1258851	1258852	4	0.6714
chr1	1258951	1258952	2	0.7801
chr1	1259027	1259028	4	0.7538
chr1	1259105	1259106	4	0.6798
chr1	1259205	1259206	4	0.5756
chr1	1259231	1259232	4	0.7423
chr1	1259301	1259302	4	0.8217
chr1	1259322	1259323	4	0.8228
chr1	1259337	1259338	3	0.9451
chr1	1259357	1259358	4	0.8653
chr1	1259388	1259389	5	0.9059
chr1	1259410	1259411	4	0.7427
chr1	1259425	1259426	4	0.8152
chr1	1259462	1259463	2	0.9404
chr1	1259492	1259493	5	0.9096
chr1	1259527	1259528	4	0.8937
chr1	1259573	1259574	5	0.9054
chr1	1259596	1259597	2	0.8758
chr1	1259646	1259647	5	1.0
chr1	1259689	1259690	2	0.8415
chr1	1259753	1259754	6	0.7862
chr1	1259803	1259804	3	0.8795
chr1	1259880	1259881	2	0.6752
chr1	1259980	1259981	5	0.8099
chr1	1260030	1260031	4	0.5889
chr1	1260040	1260041	4	0.8236
chr1	1260050	1260051	4	0.9281
chr1	1260100	1260101	5	0.9375
chr1	1260131	1260132	4	0.88
chr1	1260181	1260182	4	0.8017
chr1	1260205	1260206	5	0.7574
chr1	1260247	1260248	3	0.5407
chr1	1260280	1260281	4	0.5208
chr1	1260298	1260299	5	0.5365
chr1	1260321	1260322	5	0.7018
chr1	1260347	1260348	4	0.3516
chr1	1260374	1260375	4	0.8434
chr1	1260423	1260424	5	0.8889
chr1	1260438	1260439	5	0.7651
chr1	1260458	1260459	3	0.7568
chr1	1260486	1260487	5	0.6748
chr1	1260515	1260516	4	0.7614
chr1	1260554	1260555	4	0.8504
chr1	1260591	1260592	3	0.7744
chr1	1260592	1260593	5	0.9339
chr1	1260642	1260643	5	0.9604
chr1	1260742	1260743	4	0.8876
chr1	1260842	1260843	4	0.8594
chr1	1260942	1260943	4	0.9195
chr1	1261042	1261043	5	0.8516
chr1	1261054	1261055	4	0.9326
chr1	1261118	1261119	5	0.8193
chr1	1261190	1261191	5	0.8179
chr1	1261416	1261417	3	0.8009
chr1	1261536	1261537	4	0.884
chr1	1261557	1261558	4	0.1421
chr1	1261607	1261608	6	0.3079
chr1	1261637	1261638	3	0.1345
chr1	1261674	1261675	4	0.3114
chr1	1261692	1261693	3	0.3837
chr1	1261730	1261731	4	0.4897
chr1	1261752	1261753	5	0.3611
chr1	1261802	1261803	5	0.1539
chr1	1261844	1261845	5	0.3995
chr1	1261863	1261864	6	0.1456
chr1	1261878	1261879	5	0.2994
chr1	1261910	1261911	3	0.3326
chr1	1261960	1261961	4	0.2542
chr1	1261987	1261988	7	0.2548
chr1	1262002	1262003	3	0.3855
chr1	1262027	1262028	5	0.2763
chr1	1262077	1262078	6	0.3804
chr1	1262177	1262178	3	0.1785
chr1	1262265	1262266	4	0.2698
chr1	1262365	1262366	5	0.1165
chr1	1262465	1262466	3	0.2224
chr1	1262565	1262566	5	0.3059
chr1	1262587	1262588	4	0.2557
chr1	1262645	1262646	4	0.1269
chr1	1262665	1262666	5	0.664
chr1	1262681	1262682	6	0.648
chr1	1262703	1262704	4	0.5626
chr1	1262753	1262754	4	0.4716
chr1	1262780	1262781	4	0.5906
chr1	1262810	1262811	5	0.7037
chr1	1262860	1262861	4	0.6763
chr1	1262889	1262890	4	0.6301
chr1	1262929	1262930	4	0.7119
chr1	1262969	1262970	5	0.6345
chr1	1262992	1262993	3	0.7304
chr1	1263007	1263008	4	0.713
chr1	1263038	1263039	3	0.7394
chr1	1263056	1263057	5	0.7062
chr1	1263156	1263157	2	0.5931
chr1	1263256	1263257	3	0.5528
chr1	1263356	1263357	5	0.6807
chr1	1263433	1263434	4	0.6985
chr1	1263443	1263444	3	0.8036
chr1	1263452	1263453	6	0.443
chr1	1263485	1263486	5	0.7033
chr1	1263504	1263505	4	0.5569
chr1	1263536	1263537	5	0.4522
chr1	1263584	1263585	6	0.5517
chr1	1263599	1263600	4	0.62
chr1	1263617	1263618	4	0.6243
chr1	1263641	1263642	3	0.5973
chr1	1263661	1263662	5	0.4396
chr1	1263708	1263709	5	0.5477
chr1	1263735	1263736	4	0.6084
chr1	1263752	1263753	5	0.5986
chr1	1263781	1263782	5	0.5038
chr1	1263802	1263803	3	0.4545
chr1	1263822	1263823	3	0.3572
chr1	1263847	1263848	4	0.5227
chr1	1263897	1263898	5	0.4805
chr1	1263926	1263927	5	0.4523
chr1	1263941	1263942	4	0.5699
chr1	1263960	1263961	4	0.5966
chr1	1264010	1264011	3	0.542
chr1	1264090	1264091	4	0.5104
chr1	1264171	1264172	4	0.5759
chr1	1264226	1264227	5	0.4982
chr1	1264326	1264327	4	0.5853
chr1	1264426	1264427	6	0.5002
chr1	1264476	1264477	4	0.899
chr1	1264478	1264479	4	0.7842
chr1	1264484	1264485	5	0.8165
chr1	1264492	1264493	5	0.8638
chr1	1264534	1264535	5	0.7954
chr1	1264590	1264591	5	0.7088
chr1	1264690	1264691	4	0.7166
chr1	1264714	1264715	5	0.6033
chr1	1264780	1264781	5	0.6535
chr1	1264874	1264875	4	0.8086
chr1	1264909	1264910	5	0.128
chr1	1264959	1264960	3	0.1645
chr1	1264986	1264987	4	0.2342
chr1	1265006	1265007	6	0.2751
chr1	1265046	1265047	5	0.211
chr1	1265079	1265080	5	0.3063
chr1	1265100	1265101	6	0.3152
chr1	1265126	1265127	4	0.1396
chr1	1265150	1265151	5	0.3386
chr1	1265197	1265198	5	0.1766
chr1	1265245	1265246	5	0.0997
chr1	1265269	1265270	3	0.1086
chr1	1265285	1265286	5	0.1534
chr1	1265325	1265326	4	0.1831
chr1	1265358	1265359	5	0.1203
chr1	1265382	1265383	3	0.2685
chr1	1265387	1265388	4	0.2983
chr1	1265487	1265488	5	0.1783
chr1	1265586	1265587	5	0.2819
chr1	1265649	1265650	3	0.2439
chr1	1265711	1265712	6	0.0999
chr1	1265775	1265776	3	0.1849
chr1	1265793	1265794	6	0.0
chr1	1265865	1265866	4	0.3308
chr1	1265874	1265875	5	0.3498
chr1	1265893	1265894	8	0.1805
chr1	1265911	1265912	4	0.1659
chr1	1265938	1265939	4	0.1735
chr1	1265955	1265956	6	0.4099
chr1	1265987	1265988	4	0.2309
chr1	1266015	1266016	6	0.256
chr1	1266042	1266043	4	0.214
chr1	1266059	1266060	5	0.1601
chr1	1266108	1266109	4	0.1399
chr1	1266132	1266133	4	0.2196
chr1	1266147	1266148	5	0.2015
chr1	1266162	1266163	5	0.0529
chr1	1266179	1266180	5	0.1465
chr1	1266202	1266203	5	0.2748
chr1	1266238	1266239	3	0.272
chr1	1266254	1266255	3	0.2683
chr1	1266273	1266274	6	0.3247
chr1	1266303	1266304	6	0.2933
chr1	1266353	1266354	4	0.2086
chr1	1266393	1266394	6	0.2096
chr1	1266417	1266418	4	0.3001
chr1	1266467	1266468	4	0.2231
chr1	1266532	1266533	3	0.2054
chr1	1266632	1266633	4	0.1802
chr1	1266732	1266733	4	0.2071
chr1	1266832	1266833	5	0.1667
chr1	1266906	1266907	5	0.2695
chr1	1266956	1266957	4	0.1292
chr1	1266992	1266993	4	0.0099
chr1	1267004	1267005	5	0.1103
chr1	1267034	1267035	7	0.016
chr1	1267180	1267181	5	0.149
chr1	1267288	1267289	5	0.1336
chr1	1267300	1267301	4	0.1406
chr1	1267302	1267303	6	0.0542
chr1	1267328	1267329	5	0.2145
chr1	1267338	1267339	6	0.0374
chr1	1267420	1267421	5	0.121
