chr	start	end	coverage	methylation_level
chr1	100022	100023	29	0.8205
chr1	100063	100064	24	0.8807
chr1	100110	100111	27	0.8508
chr1	100149	100150	34	0.7787
chr1	100191	100192	18	0.8405
chr1	100217	100218	31	0.9366
chr1	100237	100238	25	0.8975
chr1	100278	100279	33	0.8096
chr1	100293	100294	29	0.9061
chr1	100336	100337	29	0.7415
chr1	100375	100376	41	0.7604
chr1	100397	100398	32	0.9249
chr1	100430	100431	28	0.9071
chr1	100451	100452	28	0.8806
chr1	100470	100471	24	0.8579
chr1	100518	100519	32	0.7635
chr1	100551	100552	41	0.8646
chr1	100601	100602	34	0.9296
chr1	100651	100652	28	0.8344
chr1	100657	100658	37	0.8956
chr1	100757	100758	41	0.9064
chr1	100857	100858	24	0.7797
chr1	100907	100908	25	0.7416
chr1	100957	100958	23	0.7103
chr1	101049	101050	26	0.9884
chr1	101149	101150	26	0.7978
chr1	101249	101250	33	0.7668
chr1	101305	101306	33	0.8599
chr1	101343	101344	27	0.8421
chr1	101349	101350	27	1.0
chr1	101380	101381	30	0.9191
chr1	101425	101426	32	0.861
chr1	101452	101453	22	0.9453
chr1	101479	101480	31	0.736
chr1	101512	101513	24	1.0
chr1	101539	101540	27	0.9408
chr1	101589	101590	27	0.9636
chr1	101630	101631	19	0.8985
chr1	101650	101651	36	0.7605
chr1	101675	101676	30	0.8821
chr1	101725	101726	40	0.7897
chr1	101775	101776	32	0.8571
chr1	101802	101803	27	0.8137
chr1	101845	101846	28	0.826
chr1	101891	101892	26	0.9664
chr1	101936	101937	34	0.8882
chr1	102023	102024	32	0.9701
chr1	102123	102124	33	0.8812
chr1	102173	102174	27	0.879
chr1	102273	102274	31	0.9256
chr1	102373	102374	32	0.8254
chr1	102433	102434	29	0.9236
chr1	102451	102452	37	0.7976
chr1	102497	102498	36	0.8931
chr1	102581	102582	36	0.8899
chr1	102693	102694	28	0.8095
chr1	102697	102698	31	0.9691
chr1	102707	102708	33	0.9431
chr1	102767	102768	30	0.8329
chr1	102803	102804	29	0.8395
chr1	102903	102904	42	0.8203
chr1	102931	102932	31	0.8539
chr1	102981	102982	32	0.8566
chr1	103010	103011	32	0.8853
chr1	103049	103050	33	0.9779
chr1	103074	103075	36	0.8455
chr1	103095	103096	22	0.8147
chr1	103121	103122	34	0.9088
chr1	103138	103139	30	0.8676
chr1	103188	103189	31	0.9139
chr1	103225	103226	33	0.8162
chr1	103269	103270	30	0.8233
chr1	103304	103305	25	0.9164
chr1	103343	103344	26	1.0
chr1	103365	103366	28	0.9084
chr1	103415	103416	26	0.7021
chr1	103416	103417	31	0.9762
chr1	103515	103516	26	0.9613
chr1	103615	103616	36	0.8481
chr1	103699	103700	34	0.8933
chr1	103799	103800	35	0.8826
chr1	103899	103900	40	0.8909
chr1	103911	103912	24	0.9628
chr1	103931	103932	27	0.8934
chr1	103969	103970	38	0.7908
chr1	104019	104020	30	0.7345
chr1	104069	104070	23	0.6598
chr1	104090	104091	37	0.6015
chr1	104113	104114	31	0.817
chr1	104153	104154	44	0.8501
chr1	104169	104170	28	0.7573
chr1	104193	104194	35	0.638
chr1	104226	104227	26	0.6646
chr1	104253	104254	20	0.7156
chr1	104283	104284	28	0.7732
chr1	104306	104307	32	0.732
chr1	104337	104338	31	0.6186
chr1	104359	104360	16	0.763
chr1	104382	104383	33	0.8018
chr1	104399	104400	28	0.8114
chr1	104414	104415	35	0.7424
chr1	104433	104434	28	0.6426
chr1	104462	104463	30	0.7554
chr1	104487	104488	37	0.6678
chr1	104587	104588	21	0.7123
chr1	104687	104688	24	0.6738
chr1	104787	104788	32	0.7252
chr1	104885	104886	33	0.8958
chr1	104944	104945	33	0.7327
chr1	104996	104997	24	0.8379
chr1	105026	105027	19	0.8293
chr1	105055	105056	24	0.7882
chr1	105105	105106	32	0.5553
chr1	105144	105145	20	0.5904
chr1	105163	105164	36	0.6807
chr1	105213	105214	31	0.77
chr1	105228	105229	27	0.6252
chr1	105275	105276	33	0.5609
chr1	105321	105322	35	0.5604
chr1	105336	105337	31	0.6496
chr1	105355	105356	34	0.8606
chr1	105392	105393	31	0.5346
chr1	105427	105428	30	0.7976
chr1	105449	105450	28	0.6858
chr1	105464	105465	40	0.5016
chr1	105507	105508	26	0.6097
chr1	105530	105531	29	0.6902
chr1	105562	105563	39	0.758
chr1	105595	105596	21	0.7845
chr1	105633	105634	42	0.6694
chr1	105683	105684	30	0.6449
chr1	105783	105784	31	0.7012
chr1	105883	105884	28	0.8007
chr1	105983	105984	26	0.9327
chr1	106083	106084	30	0.6033
chr1	106163	106164	21	0.5862
chr1	106165	106166	24	0.6509
chr1	106174	106175	28	0.0876
chr1	106189	106190	26	0.2105
chr1	106215	106216	30	0.0061
chr1	106241	106242	30	0.2053
chr1	106286	106287	32	0.2277
chr1	106336	106337	29	0.1609
chr1	106365	106366	26	0.1702
chr1	106380	106381	38	0.0812
chr1	106430	106431	31	0.0845
chr1	106449	106450	34	0.2561
chr1	106471	106472	27	0.0338
chr1	106521	106522	27	0.0309
chr1	106546	106547	30	0.1318
chr1	106574	106575	32	0.0061
chr1	106624	106625	35	0.1226
chr1	106654	106655	25	0.1926
chr1	106695	106696	29	0.1372
chr1	106708	106709	32	0.0766
chr1	106774	106775	34	0.0
chr1	106830	106831	29	0.2715
chr1	106930	106931	25	0.3181
chr1	107030	107031	16	0.0
chr1	107130	107131	30	0.3459
chr1	107216	107217	25	0.027
chr1	107274	107275	30	0.0917
chr1	107326	107327	29	0.0448
chr1	107476	107477	31	0.1135
chr1	107638	107639	33	0.0922
chr1	107688	107689	40	0.0619
chr1	107712	107713	27	0.0529
chr1	107722	107723	27	0.9197
chr1	107767	107768	36	0.796
chr1	107810	107811	21	0.7105
chr1	107825	107826	29	0.7867
chr1	107875	107876	31	0.7595
chr1	107925	107926	33	0.7401
chr1	107957	107958	33	0.7029
chr1	107974	107975	34	0.8862
chr1	107999	108000	38	0.8278
chr1	108033	108034	30	0.9008
chr1	108074	108075	23	0.8049
chr1	108102	108103	27	0.8211
chr1	108117	108118	37	0.9498
chr1	108167	108168	35	0.8192
chr1	108180	108181	27	0.7778
chr1	108230	108231	23	0.7911
chr1	108299	108300	33	0.9857
chr1	108349	108350	32	0.7816
chr1	108411	108412	17	0.7012
chr1	108498	108499	21	0.7972
chr1	108548	108549	32	0.762
chr1	108772	108773	30	0.8893
chr1	108870	108871	22	0.9363
chr1	108986	108987	33	0.6979
chr1	109010	109011	23	0.7141
chr1	109030	109031	25	0.8738
chr1	109064	109065	33	0.1271
chr1	109114	109115	33	0.0477
chr1	109146	109147	36	0.0
chr1	109168	109169	35	0.0
chr1	109186	109187	34	0.0329
chr1	109213	109214	30	0.0
chr1	109236	109237	22	0.1046
chr1	109264	109265	28	0.0866
chr1	109287	109288	33	0.1224
chr1	109329	109330	35	0.0387
chr1	109347	109348	27	0.0752
chr1	109372	109373	40	0.1217
chr1	109402	109403	26	0.1358
chr1	109417	109418	32	0.0
chr1	109439	109440	25	0.0218
chr1	109486	109487	27	0.0405
chr1	109516	109517	34	0.0465
chr1	109566	109567	29	0.0813
chr1	109609	109610	20	0.065
chr1	109630	109631	38	0.0
chr1	109680	109681	28	0.0
chr1	109780	109781	27	0.2931
chr1	109878	109879	33	0.1334
chr1	109978	109979	21	0.1435
chr1	110078	110079	30	0.0803
chr1	110178	110179	34	0.173
chr1	110266	110267	32	0.1152
chr1	111398	111399	32	0.0106
chr1	111448	111449	25	0.0544
chr1	111498	111499	32	0.1109
chr1	111545	111546	30	0.0
chr1	111595	111596	35	0.0768
chr1	111645	111646	33	0.0227
chr1	111674	111675	25	0.0535
chr1	111709	111710	27	0.0596
chr1	111730	111731	30	0.14
chr1	111748	111749	31	0.1382
chr1	111798	111799	31	0.0392
chr1	111825	111826	21	0.0993
chr1	111870	111871	27	0.0362
chr1	111882	111883	28	0.04
chr1	111961	111962	18	0.2297
chr1	112026	112027	31	0.0972
chr1	112126	112127	28	0.0
chr1	112226	112227	28	0.0545
chr1	112326	112327	23	0.0519
chr1	112328	112329	34	0.1127
chr1	112362	112363	30	0.0382
chr1	112466	112467	33	0.0365
chr1	112476	112477	24	0.0477
chr1	112492	112493	32	0.0632
chr1	112522	112523	25	0.0
chr1	112552	112553	28	0.1191
chr1	112654	112655	24	0.181
chr1	112756	112757	36	0.0908
chr1	112778	112779	23	0.2751
chr1	112828	112829	24	0.8666
chr1	112874	112875	30	0.6497
chr1	112903	112904	28	0.8391
chr1	112938	112939	34	0.7571
chr1	112988	112989	46	0.8577
chr1	113038	113039	37	0.6909
chr1	113053	113054	26	0.9396
chr1	113093	113094	29	0.9044
chr1	113118	113119	28	0.8926
chr1	113148	113149	29	0.9383
chr1	113163	113164	27	0.6431
chr1	113188	113189	28	0.7292
chr1	113213	113214	27	0.8821
chr1	113242	113243	27	0.9409
chr1	113258	113259	28	0.7885
chr1	113287	113288	29	0.7091
chr1	113387	113388	28	0.8714
chr1	113443	113444	29	0.7651
chr1	113506	113507	31	0.8034
chr1	113606	113607	27	0.9152
chr1	113656	113657	30	0.7793
chr1	113706	113707	28	0.8355
chr1	113792	113793	30	0.8568
chr1	113819	113820	22	0.9067
chr1	113850	113851	34	0.9943
chr1	113868	113869	25	1.0
chr1	113899	113900	29	0.9754
chr1	113937	113938	27	0.8483
chr1	113962	113963	25	0.9623
chr1	114012	114013	25	0.9069
chr1	114027	114028	25	0.8009
chr1	114074	114075	35	1.0
chr1	114097	114098	30	0.7911
chr1	114134	114135	17	0.8794
chr1	114154	114155	35	0.8313
chr1	114184	114185	31	0.8257
chr1	114217	114218	30	0.9096
chr1	114241	114242	33	0.7963
chr1	114268	114269	34	0.6715
chr1	114368	114369	37	0.8529
chr1	114468	114469	33	0.9546
chr1	114521	114522	19	0.7147
chr1	114571	114572	37	0.9626
chr1	114665	114666	24	1.0
chr1	114721	114722	29	0.9376
chr1	114739	114740	35	0.8715
chr1	114754	114755	30	0.7903
chr1	114792	114793	22	0.7997
chr1	114831	114832	30	0.8388
chr1	114871	114872	26	0.964
chr1	114899	114900	31	0.9833
chr1	114949	114950	36	1.0
chr1	114984	114985	38	0.8964
chr1	115034	115035	30	0.7382
chr1	115055	115056	27	0.9017
chr1	115080	115081	30	0.8329
chr1	115098	115099	31	0.7305
chr1	115130	115131	18	0.9244
chr1	115162	115163	27	0.8648
chr1	115177	115178	33	0.8042
chr1	115206	115207	25	1.0
chr1	115221	115222	34	0.9257
chr1	115256	115257	25	0.8616
chr1	115285	115286	32	0.9704
chr1	115335	115336	36	0.7707
chr1	115355	115356	37	0.8057
chr1	115455	115456	37	0.9855
chr1	115555	115556	31	0.8749
chr1	115642	115643	37	0.7949
chr1	115742	115743	32	0.8544
chr1	115824	115825	22	0.8206
chr1	115885	115886	30	0.8368
chr1	115944	115945	32	0.8305
chr1	115994	115995	36	0.8369
chr1	116025	116026	42	0.6861
chr1	116040	116041	25	0.8068
chr1	116090	116091	26	0.8448
chr1	116125	116126	34	0.6635
chr1	116145	116146	33	0.7284
chr1	116195	116196	36	0.6857
chr1	116213	116214	39	0.7356
chr1	116245	116246	29	0.6648
chr1	116260	116261	30	0.7231
chr1	116286	116287	32	0.6486
chr1	116301	116302	32	0.6617
chr1	116324	116325	31	0.8563
chr1	116348	116349	29	0.7278
chr1	116373	116374	31	0.5834
chr1	116415	116416	18	0.6076
chr1	116454	116455	22	0.6805
chr1	116495	116496	32	0.6985
chr1	116521	116522	28	0.7434
chr1	116535	116536	35	0.7501
chr1	116635	116636	38	0.8461
chr1	116698	116699	31	0.8193
chr1	116748	116749	40	0.5429
chr1	116848	116849	29	0.8048
chr1	116948	116949	23	0.8133
chr1	117029	117030	28	0.8897
chr1	117063	117064	21	0.6358
chr1	117096	117097	31	0.8129
chr1	117115	117116	27	0.7938
chr1	117133	117134	33	0.6387
chr1	117183	117184	36	0.7821
chr1	117198	117199	33	0.8077
chr1	117248	117249	27	0.7634
chr1	117288	117289	32	0.6036
chr1	117334	117335	30	0.6501
chr1	117349	117350	29	0.6345
chr1	117372	117373	24	0.6234
chr1	117390	117391	32	0.6776
chr1	117405	117406	28	0.767
chr1	117436	117437	36	0.7873
chr1	117470	117471	33	0.7019
chr1	117492	117493	32	0.6501
chr1	117507	117508	28	0.6099
chr1	117545	117546	29	0.8207
chr1	117658	117659	31	0.7661
chr1	117719	117720	31	0.6251
chr1	117782	117783	29	0.6872
chr1	117876	117877	31	0.7531
chr1	117952	117953	29	0.7206
chr1	118052	118053	30	0.8342
chr1	118084	118085	34	0.7121
chr1	118123	118124	34	0.8562
chr1	118163	118164	25	0.8881
chr1	118213	118214	27	0.6692
chr1	118228	118229	29	0.9138
chr1	118262	118263	29	0.7387
chr1	118281	118282	29	0.8417
chr1	118331	118332	29	0.7668
chr1	118355	118356	35	0.7337
chr1	118397	118398	27	0.847
chr1	118415	118416	19	0.8374
chr1	118465	118466	28	0.7929
chr1	118515	118516	24	0.8426
chr1	118557	118558	27	0.8189
chr1	118579	118580	18	0.9292
chr1	118594	118595	25	0.6899
chr1	118623	118624	36	0.8231
chr1	118650	118651	34	0.6833
chr1	118750	118751	30	0.748
chr1	118814	118815	20	0.7699
chr1	118914	118915	29	0.8385
chr1	119014	119015	36	0.8048
chr1	119114	119115	27	0.9219
chr1	119148	119149	23	0.7768
chr1	119156	119157	19	0.7078
chr1	119193	119194	28	1.0
chr1	119220	119221	37	0.6999
chr1	119252	119253	32	0.6874
chr1	119276	119277	24	0.8462
chr1	119299	119300	33	0.7811
chr1	119332	119333	25	0.9787
chr1	119352	119353	23	0.8769
chr1	119367	119368	27	0.7905
chr1	119409	119410	25	0.8409
chr1	119454	119455	26	0.8971
chr1	119504	119505	29	0.7429
chr1	119546	119547	25	0.8356
chr1	119596	119597	37	0.8765
chr1	119623	119624	32	0.8384
chr1	119639	119640	25	0.8607
chr1	119650	119651	20	0.8485
chr1	119716	119717	34	0.9084
chr1	119816	119817	34	0.6927
chr1	119916	119917	22	0.878
chr1	120016	120017	29	0.9175
chr1	120066	120067	32	0.7692
chr1	120106	120107	29	0.8125
chr1	120162	120163	35	0.7375
chr1	120193	120194	22	0.6657
chr1	120223	120224	21	0.8081
chr1	120259	120260	34	0.8069
chr1	120286	120287	22	0.7458
chr1	120317	120318	26	0.9626
chr1	120367	120368	22	0.8628
chr1	120407	120408	30	0.7745
chr1	120432	120433	38	0.6907
chr1	120463	120464	30	0.6915
chr1	120513	120514	36	0.6189
chr1	120543	120544	41	0.7159
chr1	120571	120572	26	0.5032
chr1	120599	120600	31	0.8479
chr1	120616	120617	26	0.7808
chr1	120644	120645	30	0.802
chr1	120744	120745	24	0.8127
chr1	120808	120809	29	0.8271
chr1	120905	120906	33	0.6946
chr1	121005	121006	31	0.9285
chr1	121021	121022	28	0.5945
chr1	121027	121028	22	0.8699
chr1	121035	121036	31	0.6013
chr1	121065	121066	26	0.5643
chr1	121080	121081	25	0.5793
chr1	121101	121102	28	0.7757
chr1	121119	121120	37	0.6411
chr1	121134	121135	29	0.6798
chr1	121149	121150	37	0.5807
chr1	121197	121198	27	0.6284
chr1	121221	121222	21	0.6333
chr1	121242	121243	29	0.4951
chr1	121257	121258	26	0.4981
chr1	121303	121304	35	0.3725
chr1	121318	121319	35	0.6815
chr1	121344	121345	26	0.5481
chr1	121379	121380	28	0.6348
chr1	121412	121413	25	0.4606
chr1	121461	121462	28	0.4738
chr1	121492	121493	28	0.6771
chr1	121511	121512	32	0.6678
chr1	121611	121612	17	0.4803
chr1	121671	121672	40	0.5299
chr1	121722	121723	33	0.4751
chr1	121822	121823	35	0.5513
chr1	121872	121873	27	0.6023
chr1	121972	121973	36	0.6351
chr1	121978	121979	21	0.5663
chr1	121982	121983	22	0.5607
chr1	121988	121989	38	0.3976
chr1	122094	122095	23	0.6132
chr1	122100	122101	30	0.5963
chr1	122146	122147	32	0.5263
chr1	122222	122223	29	0.6336
chr1	122272	122273	24	0.5193
chr1	122284	122285	32	0.4078
chr1	122396	122397	33	0.7401
chr1	122434	122435	35	0.7839
chr1	122461	122462	37	0.9137
chr1	122489	122490	28	0.8231
chr1	122524	122525	27	0.8949
chr1	122549	122550	36	0.9607
chr1	122599	122600	33	0.698
chr1	122622	122623	27	0.9412
chr1	122672	122673	22	0.8165
chr1	122715	122716	31	0.8978
chr1	122753	122754	25	0.691
chr1	122789	122790	37	0.7594
chr1	122814	122815	34	0.6201
chr1	122851	122852	31	0.9685
chr1	122951	122952	35	0.6712
chr1	123051	123052	29	0.787
chr1	123129	123130	27	0.8211
chr1	123192	123193	22	0.8966
chr1	123242	123243	31	0.8813
chr1	123334	123335	31	0.8749
chr1	123341	123342	36	0.8712
chr1	123380	123381	30	1.0
chr1	123403	123404	24	0.9121
chr1	123431	123432	27	0.8167
chr1	123476	123477	21	0.827
chr1	123526	123527	30	0.8936
chr1	123554	123555	31	0.8331
chr1	123581	123582	25	0.7936
chr1	123604	123605	25	0.8977
chr1	123654	123655	33	0.8899
chr1	123677	123678	43	0.8872
chr1	123727	123728	38	0.8637
chr1	123777	123778	30	0.9926
chr1	123815	123816	30	0.9711
chr1	123872	123873	24	0.9619
chr1	123972	123973	33	0.8973
chr1	124035	124036	26	0.8532
chr1	124135	124136	44	0.8465
chr1	124235	124236	27	0.9403
chr1	124273	124274	34	0.9466
chr1	124343	124344	31	0.9178
chr1	124413	124414	30	0.7595
chr1	124467	124468	36	0.7354
chr1	124563	124564	30	0.8715
chr1	124572	124573	25	0.0975
chr1	124622	124623	26	0.4266
chr1	124640	124641	32	0.3035
chr1	124663	124664	38	0.1497
chr1	124691	124692	38	0.1911
chr1	124715	124716	35	0.3126
chr1	124746	124747	27	0.2529
chr1	124796	124797	24	0.1488
chr1	124823	124824	38	0.1202
chr1	124853	124854	27	0.2833
chr1	124903	124904	39	0.3047
chr1	124931	124932	22	0.2632
chr1	124968	124969	22	0.3386
chr1	124999	125000	29	0.218
chr1	125028	125029	25	0.0683
chr1	125055	125056	32	0.2299
chr1	125085	125086	27	0.1899
chr1	125100	125101	32	0.3849
chr1	125124	125125	31	0.1886
chr1	125158	125159	27	0.1288
chr1	125177	125178	32	0.3364
chr1	125274	125275	37	0.3542
chr1	125374	125375	34	0.1085
chr1	125431	125432	30	0.2598
chr1	125506	125507	34	0.3378
chr1	125582	125583	30	0.1492
chr1	125682	125683	26	0.2651
chr1	125733	125734	29	0.2251
chr1	125739	125740	21	0.0668
chr1	125791	125792	19	0.2337
chr1	125797	125798	27	0.1672
chr1	125845	125846	32	0.1713
chr1	125951	125952	31	0.1216
chr1	125959	125960	32	0.1608
chr1	125969	125970	27	0.1677
chr1	126077	126078	23	0.2436
chr1	126091	126092	28	0.3056
chr1	126134	126135	22	0.8891
chr1	126184	126185	32	0.806
chr1	126206	126207	42	0.8533
chr1	126246	126247	25	0.8003
chr1	126268	126269	29	0.9295
chr1	126299	126300	31	0.7627
chr1	126349	126350	33	0.8527
chr1	126390	126391	25	0.8146
chr1	126405	126406	30	0.7737
chr1	126432	126433	28	0.7895
chr1	126461	126462	26	0.7553
chr1	126477	126478	31	0.8777
chr1	126495	126496	34	0.7785
chr1	126510	126511	37	0.9142
chr1	126560	126561	26	0.9499
chr1	126579	126580	37	0.9058
chr1	126679	126680	29	0.7903
chr1	126779	126780	30	0.9459
chr1	126879	126880	27	0.749
chr1	126979	126980	34	0.9081
chr1	127013	127014	32	0.8417
chr1	127021	127022	27	0.6375
chr1	127057	127058	32	0.6275
chr1	127107	127108	27	0.7005
chr1	127131	127132	15	0.7405
chr1	127181	127182	26	0.7268
chr1	127216	127217	25	0.663
chr1	127231	127232	33	0.6265
chr1	127281	127282	24	0.722
chr1	127302	127303	34	0.6577
chr1	127317	127318	23	0.7087
chr1	127338	127339	30	0.7267
chr1	127354	127355	32	0.8844
chr1	127404	127405	41	0.7706
chr1	127451	127452	28	0.7695
chr1	127466	127467	30	0.6606
chr1	127477	127478	31	0.5455
chr1	127577	127578	26	0.6282
chr1	127677	127678	36	0.6852
chr1	127777	127778	22	0.8082
chr1	127877	127878	27	0.6374
chr1	127919	127920	24	0.7862
chr1	128043	128044	30	0.6588
chr1	128109	128110	21	0.6632
chr1	128147	128148	32	0.6593
chr1	128175	128176	29	0.7868
chr1	128323	128324	36	0.6166
chr1	128361	128362	29	0.8401
chr1	128369	128370	26	0.5432
chr1	128394	128395	33	0.8834
chr1	128409	128410	30	0.9235
chr1	128442	128443	30	0.8743
chr1	128477	128478	28	0.9404
chr1	128500	128501	33	1.0
chr1	128528	128529	34	0.932
chr1	128553	128554	24	0.9014
chr1	128603	128604	26	0.6872
chr1	128630	128631	33	1.0
chr1	128646	128647	39	0.9057
chr1	128664	128665	37	0.8903
chr1	128679	128680	34	0.8297
chr1	128704	128705	26	0.8202
chr1	128731	128732	27	0.9121
chr1	128781	128782	27	0.8915
chr1	128831	128832	23	0.6774
chr1	128863	128864	33	0.9495
chr1	128886	128887	32	0.8656
chr1	128902	128903	34	0.8639
chr1	128929	128930	20	0.8581
chr1	129029	129030	29	0.9293
chr1	129104	129105	31	0.9369
chr1	129154	129155	29	0.8937
chr1	129254	129255	31	0.8478
chr1	129319	129320	25	0.9257
chr1	129419	129420	24	0.9771
chr1	129451	129452	28	0.9365
chr1	129457	129458	36	0.0516
chr1	129484	129485	27	0.1158
chr1	129534	129535	39	0.0
chr1	129584	129585	28	0.0
chr1	129631	129632	30	0.1298
chr1	129672	129673	21	0.0157
chr1	129715	129716	30	0.1068
chr1	129737	129738	23	0.0
chr1	129765	129766	38	0.0544
chr1	129780	129781	19	0.0737
chr1	129827	129828	25	0.0
chr1	129848	129849	24	0.0582
chr1	129863	129864	34	0.1356
chr1	129878	129879	23	0.0922
chr1	129905	129906	28	0.0741
chr1	129920	129921	29	0.0237
chr1	129970	129971	31	0.2107
chr1	130004	130005	24	0.0541
chr1	130015	130016	28	0.1289
chr1	130115	130116	33	0.0
chr1	130215	130216	25	0.0134
chr1	130265	130266	38	0.0671
chr1	130320	130321	32	0.0926
chr1	130420	130421	36	0.0
chr1	130470	130471	32	0.1404
chr1	130533	130534	30	0.112
chr1	130561	130562	27	0.0067
chr1	130635	130636	28	0.0891
chr1	130665	130666	33	0.1787
chr1	130725	130726	29	0.0317
chr1	130727	130728	27	0.1165
chr1	130861	130862	26	0.1041
chr1	130889	130890	26	0.105
chr1	130983	130984	31	0.1164
chr1	131009	131010	39	0.1538
chr1	131018	131019	28	0.9008
chr1	131039	131040	28	0.7793
chr1	131062	131063	35	0.9574
chr1	131080	131081	30	0.911
chr1	131113	131114	20	0.7443
chr1	131141	131142	19	0.8655
chr1	131168	131169	25	0.8487
chr1	131198	131199	22	0.9299
chr1	131215	131216	40	0.9128
chr1	131265	131266	28	0.9803
chr1	131287	131288	27	0.9578
chr1	131308	131309	22	0.9732
chr1	131326	131327	35	0.9767
chr1	131369	131370	24	1.0
chr1	131412	131413	33	0.8353
chr1	131443	131444	25	0.9259
chr1	131467	131468	35	0.8593
chr1	131484	131485	27	1.0
chr1	131552	131553	36	0.9288
chr1	131652	131653	40	0.8275
chr1	131720	131721	35	0.8811
chr1	131820	131821	25	0.8805
chr1	131886	131887	20	0.9826
chr1	132006	132007	30	0.8083
chr1	132174	132175	27	0.8394
chr1	132178	132179	38	0.9087
chr1	132224	132225	29	0.8717
chr1	132252	132253	25	0.8266
chr1	132264	132265	30	0.8718
chr1	132344	132345	27	0.8206
chr1	132350	132351	32	0.757
chr1	132397	132398	33	0.6984
chr1	132443	132444	31	0.7322
chr1	132489	132490	24	0.7526
chr1	132520	132521	33	0.8392
chr1	132543	132544	31	0.7193
chr1	132564	132565	28	0.8668
chr1	132596	132597	33	0.96
chr1	132639	132640	19	0.8013
chr1	132689	132690	24	0.5276
chr1	132739	132740	40	0.7841
chr1	132768	132769	23	0.795
chr1	132783	132784	24	0.8504
chr1	132815	132816	28	0.7416
chr1	132834	132835	35	0.7501
chr1	132844	132845	30	0.8322
chr1	132916	132917	28	0.9286
chr1	133016	133017	26	0.7339
chr1	133116	133117	24	0.8842
chr1	133191	133192	36	0.7432
chr1	133270	133271	32	0.7022
chr1	133276	133277	23	0.8023
chr1	133496	133497	33	0.8104
chr1	133598	133599	22	0.8694
chr1	133668	133669	21	0.6734
chr1	133688	133689	30	0.8749
chr1	133722	133723	26	0.6984
chr1	133734	133735	32	0.8524
chr1	133776	133777	30	0.7922
chr1	133798	133799	35	0.8792
chr1	133848	133849	32	0.6474
chr1	133867	133868	34	0.9981
chr1	133889	133890	37	0.8526
chr1	133911	133912	24	0.6782
chr1	133935	133936	27	0.8029
chr1	133973	133974	29	0.8545
chr1	133989	133990	41	0.7636
chr1	134018	134019	21	0.6513
chr1	134068	134069	23	0.7359
chr1	134113	134114	37	0.7444
chr1	134128	134129	21	0.6536
chr1	134162	134163	31	0.8265
chr1	134177	134178	24	0.7918
chr1	134212	134213	28	0.6116
chr1	134242	134243	30	0.7229
chr1	134271	134272	26	0.7715
chr1	134371	134372	32	0.8366
chr1	134471	134472	21	0.799
chr1	134571	134572	22	0.775
chr1	134671	134672	25	0.7475
chr1	134749	134750	30	0.7492
chr1	134801	134802	34	0.655
chr1	134823	134824	35	0.7246
chr1	134835	134836	25	0.7829
chr1	134842	134843	32	0.8581
chr1	134861	134862	26	0.9653
chr1	134899	134900	26	0.9894
chr1	134932	134933	32	0.9788
chr1	134977	134978	30	0.8552
chr1	134993	134994	36	0.9386
chr1	135013	135014	29	0.9449
chr1	135063	135064	29	0.9295
chr1	135113	135114	34	0.8906
chr1	135157	135158	28	0.9329
chr1	135196	135197	30	0.8696
chr1	135215	135216	29	0.941
chr1	135230	135231	36	0.8943
chr1	135245	135246	33	0.8685
chr1	135261	135262	33	1.0
chr1	135361	135362	38	0.8911
chr1	135446	135447	29	0.8738
chr1	135515	135516	36	0.9475
chr1	135615	135616	26	0.8868
chr1	135631	135632	26	0.9023
chr1	135815	135816	29	0.8493
chr1	135875	135876	38	0.856
chr1	135885	135886	33	0.9227
chr1	136023	136024	22	0.763
chr1	136031	136032	30	0.8542
chr1	136041	136042	30	0.8623
chr1	136050	136051	32	1.0
chr1	136067	136068	33	0.8451
chr1	136085	136086	26	0.8836
chr1	136105	136106	28	0.8435
chr1	136132	136133	33	0.6932
chr1	136153	136154	18	0.7665
chr1	136168	136169	25	0.7803
chr1	136201	136202	37	0.8712
chr1	136226	136227	27	0.8638
chr1	136256	136257	32	0.785
chr1	136271	136272	26	0.691
chr1	136321	136322	38	0.6494
chr1	136336	136337	22	0.8131
chr1	136353	136354	29	0.8815
chr1	136372	136373	31	0.9894
chr1	136422	136423	33	0.9009
chr1	136438	136439	28	0.7421
chr1	136481	136482	37	0.7363
chr1	136520	136521	32	0.8828
chr1	136549	136550	32	0.898
chr1	136564	136565	30	0.8748
chr1	136570	136571	34	0.911
chr1	136620	136621	22	0.8451
chr1	136720	136721	32	0.8994
chr1	136820	136821	40	0.722
chr1	136911	136912	30	0.8368
chr1	137011	137012	34	0.8776
chr1	137066	137067	34	0.9132
chr1	137096	137097	30	0.7148
chr1	137138	137139	32	0.7789
chr1	137258	137259	33	0.8639
chr1	137262	137263	36	0.8222
chr1	137344	137345	29	0.7184
chr1	137348	137349	25	0.7535
chr1	137368	137369	28	0.8793
chr1	137454	137455	25	0.869
chr1	137520	137521	33	0.9085
chr1	137538	137539	35	0.7242
chr1	137566	137567	30	0.7487
chr1	137586	137587	27	0.8017
chr1	137601	137602	21	0.7115
chr1	137631	137632	27	0.8355
chr1	137681	137682	21	0.6436
chr1	137731	137732	29	0.7607
chr1	137768	137769	35	0.5826
chr1	137812	137813	27	0.6551
chr1	137842	137843	33	0.8486
chr1	137865	137866	27	0.8045
chr1	137881	137882	31	0.6567
chr1	137896	137897	29	0.5594
chr1	137946	137947	34	0.5728
chr1	137971	137972	34	0.5968
chr1	138005	138006	31	0.5917
chr1	138049	138050	30	0.6082
chr1	138099	138100	24	0.7309
chr1	138199	138200	29	0.8199
chr1	138270	138271	29	0.8573
chr1	138370	138371	37	0.8204
chr1	138441	138442	30	0.5774
chr1	138491	138492	22	0.6151
chr1	138541	138542	24	0.7435
chr1	138577	138578	27	0.7785
chr1	138595	138596	24	0.0962
chr1	138615	138616	31	0.0126
chr1	138640	138641	30	0.1017
chr1	138655	138656	27	0.0
chr1	138671	138672	27	0.0737
chr1	138721	138722	37	0.1497
chr1	138762	138763	39	0.0
chr1	138778	138779	28	0.0016
chr1	138816	138817	27	0.0933
chr1	138866	138867	25	0.0638
chr1	138908	138909	24	0.023
chr1	138923	138924	23	0.0
chr1	138958	138959	23	0.0969
chr1	138992	138993	29	0.067
chr1	139022	139023	32	0.1135
chr1	139122	139123	34	0.0494
chr1	139222	139223	39	0.0
chr1	139322	139323	36	0.1501
chr1	139375	139376	24	0.0352
chr1	139426	139427	32	0.1745
chr1	139522	139523	31	0.1321
chr1	139530	139531	30	0.1157
chr1	139569	139570	25	0.1601
chr1	139607	139608	31	0.0499
chr1	139657	139658	32	0.1593
chr1	139685	139686	23	0.0598
chr1	139735	139736	32	0.2513
chr1	139770	139771	34	0.1152
chr1	139820	139821	24	0.2988
chr1	139840	139841	28	0.0586
chr1	139860	139861	33	0.2109
chr1	139897	139898	29	0.224
chr1	139945	139946	20	0.0371
chr1	139981	139982	28	0.0289
chr1	140007	140008	30	0.2063
chr1	140043	140044	29	0.0
chr1	140078	140079	29	0.1068
chr1	140178	140179	24	0.1465
chr1	140278	140279	25	0.2486
chr1	140342	140343	27	0.0078
chr1	140442	140443	23	0.0492
chr1	140542	140543	26	0.0637
chr1	140596	140597	27	0.1495
chr1	140598	140599	34	0.0774
chr1	140618	140619	31	0.1353
chr1	140632	140633	25	0.1101
chr1	140638	140639	28	0.0778
chr1	140704	140705	28	0.2995
chr1	140868	140869	30	0.0455
chr1	140926	140927	22	0.0405
chr1	140984	140985	39	0.1295
chr1	141024	141025	36	0.0937
chr1	141040	141041	31	0.1239
chr1	141074	141075	29	0.175
chr1	141105	141106	23	0.159
chr1	141155	141156	31	0.271
chr1	141175	141176	24	0.1378
chr1	141225	141226	23	0.1879
chr1	141265	141266	28	0.2904
chr1	141285	141286	25	0.1225
chr1	141303	141304	22	0.0
chr1	141324	141325	38	0.0917
chr1	141339	141340	33	0.2377
chr1	141354	141355	28	0.2165
chr1	141386	141387	36	0.209
chr1	141401	141402	21	0.2523
chr1	141430	141431	33	0.3035
chr1	141456	141457	31	0.1607
chr1	141499	141500	23	0.2195
chr1	141546	141547	29	0.206
chr1	141583	141584	32	0.2367
chr1	141594	141595	27	0.2817
chr1	141694	141695	26	0.1731
chr1	141778	141779	30	0.2338
chr1	141861	141862	30	0.1005
chr1	141924	141925	27	0.1796
chr1	141998	141999	29	0.2638
chr1	142096	142097	27	0.1738
chr1	142194	142195	28	0.1298
chr1	142242	142243	27	0.015
chr1	142291	142292	32	0.0237
chr1	142317	142318	26	0.0953
chr1	142335	142336	27	0.0601
chr1	142353	142354	35	0.0998
chr1	142397	142398	37	0.0356
chr1	142422	142423	22	0.0
chr1	142460	142461	28	0.0577
chr1	142510	142511	34	0.0343
chr1	142540	142541	27	0.0446
chr1	142564	142565	28	0.066
chr1	142579	142580	35	0.058
chr1	142611	142612	29	0.0369
chr1	142639	142640	30	0.0487
chr1	142657	142658	14	0.0634
chr1	142706	142707	29	0.0876
chr1	142756	142757	41	0.2371
chr1	142764	142765	30	0.1251
chr1	142840	142841	23	0.204
chr1	142892	142893	31	0.0255
chr1	142992	142993	28	0.0694
chr1	143058	143059	26	0.0326
chr1	143154	143155	35	0.1084
chr1	143204	143205	29	0.0677
chr1	143259	143260	27	0.0716
chr1	143273	143274	22	0.1594
chr1	143307	143308	31	0.0388
chr1	143313	143314	28	0.7327
chr1	143340	143341	28	0.6979
chr1	143362	143363	33	0.7382
chr1	143395	143396	29	0.8453
chr1	143418	143419	27	0.7413
chr1	143441	143442	32	0.7522
chr1	143466	143467	30	0.7447
chr1	143481	143482	26	0.7001
chr1	143509	143510	26	0.7578
chr1	143528	143529	26	0.6639
chr1	143573	143574	36	0.6693
chr1	143595	143596	27	0.667
chr1	143621	143622	31	0.6796
chr1	143636	143637	30	0.7337
chr1	143675	143676	30	0.8101
chr1	143715	143716	24	0.6372
chr1	143756	143757	22	0.7163
chr1	143781	143782	33	0.7439
chr1	143831	143832	32	0.6682
chr1	143852	143853	29	0.7954
chr1	143860	143861	29	0.8311
chr1	143960	143961	21	0.7677
chr1	144060	144061	25	0.6736
chr1	144160	144161	35	0.5707
chr1	144260	144261	26	0.8118
chr1	144360	144361	33	0.7586
chr1	144428	144429	38	0.6597
chr1	144434	144435	34	0.744
chr1	144516	144517	32	0.7175
chr1	144706	144707	32	0.782
chr1	144786	144787	28	0.864
chr1	144815	144816	30	0.1478
chr1	144843	144844	27	0.1628
chr1	144873	144874	29	0.0851
chr1	144910	144911	31	0.1932
chr1	144926	144927	31	0.1489
chr1	144970	144971	25	0.2688
chr1	144995	144996	23	0.081
chr1	145027	145028	13	0.1221
chr1	145076	145077	29	0.1697
chr1	145117	145118	31	0.1388
chr1	145156	145157	29	0.1037
chr1	145193	145194	24	0.1961
chr1	145209	145210	22	0.1133
chr1	145232	145233	27	0.1528
chr1	145259	145260	39	0.1929
chr1	145309	145310	29	0.311
chr1	145346	145347	30	0.0838
chr1	145446	145447	34	0.1885
chr1	145512	145513	30	0.2682
chr1	145612	145613	29	0.002
chr1	145712	145713	30	0.3448
chr1	145762	145763	24	0.1426
chr1	145862	145863	26	0.2158
chr1	145904	145905	30	0.2952
chr1	145914	145915	32	0.2286
chr1	145963	145964	29	0.1143
chr1	146002	146003	35	0.357
chr1	146045	146046	35	0.1314
chr1	146095	146096	30	0.2492
chr1	146115	146116	40	0.2139
chr1	146135	146136	32	0.2152
chr1	146161	146162	28	0.1213
chr1	146192	146193	28	0.0
chr1	146242	146243	33	0.0867
chr1	146266	146267	40	0.1497
chr1	146287	146288	21	0.0892
chr1	146323	146324	18	0.289
chr1	146373	146374	23	0.0296
chr1	146401	146402	28	0.1259
chr1	146403	146404	24	0.1271
chr1	146479	146480	30	0.1539
chr1	146579	146580	28	0.2107
chr1	146679	146680	24	0.153
chr1	146779	146780	29	0.1922
chr1	146819	146820	34	0.3288
chr1	146830	146831	27	0.8
chr1	146872	146873	26	0.8211
chr1	146904	146905	21	0.8065
chr1	146922	146923	29	0.8403
chr1	146937	146938	32	0.6892
chr1	146977	146978	32	0.8191
chr1	147000	147001	22	0.6971
chr1	147020	147021	29	0.6351
chr1	147048	147049	27	0.6273
chr1	147097	147098	25	0.6952
chr1	147147	147148	43	0.6679
chr1	147162	147163	26	0.5461
chr1	147193	147194	30	0.7191
chr1	147216	147217	30	0.6524
chr1	147236	147237	32	0.649
chr1	147286	147287	40	0.7211
chr1	147310	147311	30	0.8346
chr1	147410	147411	24	0.7602
chr1	147474	147475	23	0.8475
chr1	147524	147525	33	0.7418
chr1	147624	147625	31	0.7045
chr1	147679	147680	28	0.6627
chr1	147729	147730	23	0.7366
chr1	147785	147786	24	0.6625
chr1	147839	147840	25	0.7352
chr1	147873	147874	20	0.7124
chr1	147898	147899	19	0.7668
chr1	147948	147949	29	0.6764
chr1	147979	147980	36	0.7441
chr1	148000	148001	29	0.8121
chr1	148019	148020	32	0.7032
chr1	148037	148038	33	0.8188
chr1	148087	148088	30	0.8602
chr1	148125	148126	34	0.7457
chr1	148154	148155	30	0.7216
chr1	148179	148180	15	0.8952
chr1	148197	148198	33	0.8143
chr1	148218	148219	27	0.7109
chr1	148257	148258	35	0.7189
chr1	148272	148273	20	0.6933
chr1	148287	148288	24	0.8137
chr1	148337	148338	11	0.7309
chr1	148374	148375	30	0.8499
chr1	148405	148406	30	0.7959
chr1	148411	148412	32	0.7726
chr1	148511	148512	33	0.6039
chr1	148611	148612	27	0.8161
chr1	148675	148676	39	0.8293
chr1	148775	148776	27	0.779
chr1	148866	148867	39	0.6542
chr1	148917	148918	21	0.7196
chr1	148971	148972	25	0.8337
chr1	148977	148978	25	0.9314
chr1	148983	148984	26	0.1259
chr1	149021	149022	40	0.1544
chr1	149071	149072	27	0.0112
chr1	149104	149105	30	0.1577
chr1	149146	149147	33	0.0
chr1	149162	149163	24	0.0803
chr1	149199	149200	35	0.1366
chr1	149229	149230	29	0.1847
chr1	149279	149280	25	0.0226
chr1	149307	149308	24	0.0722
chr1	149336	149337	37	0.0
chr1	149385	149386	28	0.0943
chr1	149400	149401	18	0.0048
chr1	149440	149441	25	0.1487
chr1	149490	149491	27	0.1809
chr1	149516	149517	14	0.0904
chr1	149522	149523	31	0.0
chr1	149622	149623	31	0.021
chr1	149722	149723	23	0.0951
chr1	149792	149793	25	0.0373
chr1	149892	149893	31	0.0586
chr1	149992	149993	34	0.1864
chr1	150042	150043	32	0.0953
chr1	150104	150105	21	0.1146
chr1	150214	150215	29	0.1486
chr1	150220	150221	29	0.154
chr1	150232	150233	33	0.1965
chr1	150496	150497	29	0.1019
chr1	150506	150507	44	0.7895
chr1	150542	150543	29	0.7198
chr1	150582	150583	18	0.7593
chr1	150632	150633	26	0.6713
chr1	150652	150653	34	0.6646
chr1	150679	150680	37	0.6356
chr1	150704	150705	25	0.6489
chr1	150745	150746	36	0.5654
chr1	150772	150773	37	0.5198
chr1	150805	150806	33	0.6383
chr1	150833	150834	26	0.8004
chr1	150883	150884	23	0.8646
chr1	150909	150910	24	0.7251
chr1	150931	150932	32	0.5854
chr1	150970	150971	30	0.6608
chr1	150989	150990	26	0.6248
chr1	150990	150991	31	0.73
chr1	151090	151091	30	0.6798
chr1	151190	151191	29	0.6637
chr1	151290	151291	26	0.6078
chr1	151390	151391	37	0.5704
chr1	151396	151397	25	0.6297
chr1	151414	151415	25	0.6387
chr1	151686	151687	33	0.7882
chr1	151788	151789	32	0.5331
chr1	151888	151889	33	0.741
chr1	151895	151896	31	0.79
chr1	151934	151935	28	0.9612
chr1	151962	151963	31	0.7928
chr1	152005	152006	23	0.8069
chr1	152023	152024	24	0.9263
chr1	152048	152049	32	0.9069
chr1	152091	152092	25	0.6872
chr1	152140	152141	24	0.9512
chr1	152159	152160	28	0.7563
chr1	152209	152210	32	0.7399
chr1	152229	152230	27	0.825
chr1	152254	152255	29	0.6736
chr1	152269	152270	34	1.0
chr1	152296	152297	28	0.8095
chr1	152315	152316	22	0.9617
chr1	152349	152350	32	0.9737
chr1	152364	152365	29	0.881
chr1	152385	152386	27	1.0
chr1	152388	152389	31	0.9827
chr1	152488	152489	31	0.6363
chr1	152588	152589	36	0.9344
chr1	152638	152639	30	0.7416
chr1	152691	152692	35	0.9195
chr1	152791	152792	39	0.8534
chr1	152827	152828	34	0.8796
chr1	153035	153036	39	0.9269
chr1	153071	153072	19	0.8886
chr1	153093	153094	32	0.8138
chr1	153115	153116	26	0.9023
chr1	153199	153200	31	0.9637
chr1	153221	153222	35	0.8662
chr1	153265	153266	35	0.9533
chr1	153288	153289	28	0.891
chr1	153313	153314	35	0.7769
chr1	153328	153329	24	0.7261
chr1	153357	153358	26	0.6546
chr1	153392	153393	34	0.822
chr1	153413	153414	27	0.7502
chr1	153460	153461	31	0.6188
chr1	153478	153479	33	0.7245
chr1	153524	153525	29	0.7416
chr1	153563	153564	34	0.737
chr1	153578	153579	19	0.7655
chr1	153617	153618	29	0.8733
chr1	153649	153650	31	0.7216
chr1	153687	153688	26	0.9606
chr1	153731	153732	33	0.8306
chr1	153741	153742	33	0.7727
chr1	153830	153831	24	0.6989
chr1	153908	153909	32	0.8538
chr1	154008	154009	34	0.7851
chr1	154108	154109	22	0.677
chr1	154176	154177	30	0.7166
chr1	154198	154199	30	0.617
chr1	154206	154207	28	0.7034
chr1	154231	154232	41	0.8439
chr1	154281	154282	26	0.8362
chr1	154301	154302	34	0.8149
chr1	154344	154345	26	0.6688
chr1	154382	154383	8	0.9408
chr1	154423	154424	27	0.7339
chr1	154473	154474	30	0.6444
chr1	154488	154489	27	0.6742
chr1	154503	154504	32	0.8802
chr1	154528	154529	36	0.6861
chr1	154551	154552	33	0.5735
chr1	154577	154578	29	0.7322
chr1	154627	154628	34	0.7531
chr1	154675	154676	20	0.922
chr1	154704	154705	26	0.7996
chr1	154804	154805	27	0.904
chr1	154890	154891	26	0.7769
chr1	154983	154984	23	0.8508
chr1	155083	155084	23	0.8459
chr1	155183	155184	33	0.7744
chr1	155189	155190	32	0.8569
chr1	155279	155280	35	0.6968
chr1	155321	155322	25	0.5339
chr1	155329	155330	25	0.6949
chr1	155355	155356	29	0.7284
chr1	155381	155382	32	0.7932
chr1	155475	155476	32	0.8126
chr1	155505	155506	34	0.6021
chr1	155543	155544	17	0.6845
chr1	155581	155582	44	0.8677
chr1	155624	155625	28	0.1037
chr1	155674	155675	24	0.1535
chr1	155701	155702	30	0.0463
chr1	155730	155731	30	0.0364
chr1	155754	155755	32	0.1259
chr1	155790	155791	21	0.0438
chr1	155840	155841	24	0.1064
chr1	155860	155861	26	0.1952
chr1	155888	155889	21	0.2322
chr1	155918	155919	30	0.0712
chr1	155968	155969	29	0.1838
chr1	156013	156014	31	0.0316
chr1	156028	156029	27	0.0072
chr1	156050	156051	30	0.1151
chr1	156082	156083	32	0.0174
chr1	156088	156089	40	0.0595
chr1	156188	156189	33	0.0
chr1	156288	156289	29	0.0659
chr1	156388	156389	24	0.0184
chr1	156488	156489	21	0.0388
chr1	156502	156503	41	0.1216
chr1	156550	156551	30	0.1095
chr1	156583	156584	36	0.1376
chr1	156625	156626	24	0.0657
chr1	156671	156672	26	0.2827
chr1	156708	156709	35	0.3204
chr1	156758	156759	30	0.3579
chr1	156791	156792	27	0.3145
chr1	156821	156822	32	0.1823
chr1	156852	156853	27	0.2576
chr1	156896	156897	29	0.3818
chr1	156946	156947	36	0.0849
chr1	156973	156974	38	0.2932
chr1	157020	157021	38	0.2887
chr1	157036	157037	29	0.1321
chr1	157055	157056	27	0.2679
chr1	157153	157154	32	0.2071
chr1	157250	157251	29	0.2616
chr1	157350	157351	33	0.2537
chr1	157450	157451	28	0.3796
chr1	157550	157551	30	0.17
chr1	157599	157600	29	0.9121
chr1	157629	157630	22	0.8178
chr1	157659	157660	26	0.9468
chr1	157681	157682	29	0.8333
chr1	157696	157697	31	0.8262
chr1	157726	157727	30	0.9139
chr1	157776	157777	34	0.9203
chr1	157826	157827	22	0.9781
chr1	157857	157858	32	0.8187
chr1	157904	157905	32	0.8279
chr1	157953	157954	31	0.8608
chr1	158003	158004	25	0.8845
chr1	158053	158054	32	0.7378
chr1	158068	158069	32	0.7187
chr1	158103	158104	27	0.7971
chr1	158127	158128	34	0.8944
chr1	158131	158132	34	0.6902
chr1	158231	158232	21	0.7485
chr1	158331	158332	21	0.9644
chr1	158431	158432	24	0.7443
chr1	158531	158532	30	0.7765
chr1	158601	158602	38	0.9103
chr1	158651	158652	33	0.9158
chr1	158673	158674	25	0.8889
chr1	158679	158680	24	0.688
chr1	158685	158686	26	0.8579
chr1	158716	158717	31	0.6004
chr1	158764	158765	18	0.6893
chr1	158814	158815	28	0.8199
chr1	158860	158861	32	0.8414
chr1	158889	158890	25	0.6715
chr1	158925	158926	26	0.8326
chr1	158963	158964	24	0.8625
chr1	158984	158985	19	0.8772
chr1	159029	159030	31	0.9111
chr1	159049	159050	23	0.7491
chr1	159099	159100	31	0.8394
chr1	159120	159121	33	0.8294
chr1	159143	159144	21	0.8816
chr1	159180	159181	34	0.761
chr1	159230	159231	34	0.8596
chr1	159238	159239	28	0.7069
chr1	159299	159300	31	0.7932
chr1	159349	159350	29	0.6851
chr1	159424	159425	30	0.6699
chr1	159478	159479	34	0.8674
chr1	159560	159561	30	0.8042
chr1	159660	159661	28	0.7304
chr1	159760	159761	31	0.7423
chr1	159842	159843	32	0.6742
chr1	160156	160157	33	0.7887
chr1	160170	160171	23	0.965
chr1	160172	160173	32	0.7599
chr1	160180	160181	29	0.8603
chr1	160260	160261	30	0.7327
chr1	160284	160285	27	0.8338
chr1	160314	160315	31	0.8211
chr1	160329	160330	26	0.7697
chr1	160360	160361	33	0.7489
chr1	160386	160387	26	0.7906
chr1	160415	160416	27	0.7664
chr1	160442	160443	29	0.5945
chr1	160474	160475	36	0.7423
chr1	160493	160494	30	0.7636
chr1	160539	160540	24	0.6888
chr1	160563	160564	32	0.6567
chr1	160588	160589	31	0.6086
chr1	160614	160615	32	0.5778
chr1	160664	160665	34	0.718
chr1	160690	160691	28	0.7246
chr1	160708	160709	31	0.6911
chr1	160758	160759	34	0.6715
chr1	160780	160781	35	0.9134
chr1	160875	160876	33	0.7555
chr1	160939	160940	24	0.8116
chr1	161024	161025	30	0.6987
chr1	161124	161125	32	0.6832
chr1	161224	161225	30	0.7064
chr1	161274	161275	43	0.5606
chr1	161338	161339	36	0.7958
chr1	161344	161345	36	0.937
chr1	161394	161395	23	0.783
chr1	161444	161445	18	0.7502
chr1	161494	161495	30	0.7793
chr1	161510	161511	33	0.645
chr1	161532	161533	28	0.7909
chr1	161547	161548	33	0.8446
chr1	161576	161577	24	0.8281
chr1	161605	161606	25	0.7218
chr1	161655	161656	28	0.7616
chr1	161693	161694	23	0.7454
chr1	161726	161727	36	0.5893
chr1	161746	161747	33	0.6927
chr1	161796	161797	28	0.8101
chr1	161813	161814	24	0.8404
chr1	161850	161851	25	0.7411
chr1	161950	161951	30	0.9257
chr1	162024	162025	31	0.6273
chr1	162124	162125	25	0.8311
chr1	162174	162175	30	0.7547
chr1	162224	162225	36	0.7084
chr1	162324	162325	21	0.7348
chr1	162376	162377	29	0.6846
chr1	162388	162389	28	0.6639
chr1	162488	162489	24	0.677
chr1	162492	162493	33	0.7334
chr1	162504	162505	22	0.718
chr1	162508	162509	29	0.7332
chr1	162562	162563	36	0.7955
chr1	162732	162733	26	0.9814
chr1	162758	162759	33	0.7748
chr1	162790	162791	26	0.6786
chr1	162818	162819	24	0.7437
chr1	162836	162837	38	0.8753
chr1	162868	162869	28	0.8761
chr1	162908	162909	39	0.7605
chr1	162944	162945	35	0.8724
chr1	162994	162995	32	0.7063
chr1	163034	163035	33	0.6938
chr1	163049	163050	25	0.7371
chr1	163091	163092	23	0.6037
chr1	163139	163140	23	0.6438
chr1	163177	163178	27	0.8023
chr1	163227	163228	24	0.8334
chr1	163261	163262	34	0.8433
chr1	163309	163310	26	0.6059
chr1	163334	163335	28	0.7783
chr1	163406	163407	20	0.8424
chr1	163456	163457	32	0.7497
chr1	163556	163557	26	0.6523
chr1	163606	163607	30	0.6771
chr1	163670	163671	28	0.6372
chr1	163731	163732	29	0.7796
chr1	163789	163790	35	0.7717
chr1	163847	163848	28	0.8245
chr1	163862	163863	32	0.7342
chr1	163891	163892	30	0.8134
chr1	163906	163907	34	0.6921
chr1	163934	163935	40	0.8181
chr1	163969	163970	26	0.732
chr1	163993	163994	25	0.698
chr1	164023	164024	25	0.9111
chr1	164053	164054	24	0.8562
chr1	164090	164091	32	0.6321
chr1	164140	164141	31	0.7646
chr1	164169	164170	32	0.7232
chr1	164193	164194	25	0.9217
chr1	164208	164209	36	0.8183
chr1	164249	164250	24	0.7773
chr1	164299	164300	27	0.8118
chr1	164318	164319	25	0.8457
chr1	164379	164380	21	0.6775
chr1	164479	164480	24	0.8018
chr1	164579	164580	39	0.7338
chr1	164679	164680	25	0.7737
chr1	164729	164730	29	0.825
chr1	164769	164770	32	0.808
chr1	164788	164789	30	0.8782
chr1	164823	164824	28	1.0
chr1	164858	164859	30	0.9081
chr1	164883	164884	34	0.9772
chr1	164914	164915	33	0.9392
chr1	164952	164953	36	0.9498
chr1	164971	164972	31	0.7615
chr1	164988	164989	39	1.0
chr1	165003	165004	25	1.0
chr1	165053	165054	24	0.8792
chr1	165082	165083	28	0.8091
chr1	165111	165112	32	0.8424
chr1	165135	165136	26	0.7658
chr1	165159	165160	36	0.9687
chr1	165174	165175	33	0.8496
chr1	165189	165190	40	0.8082
chr1	165239	165240	31	0.9392
chr1	165254	165255	26	0.9937
chr1	165257	165258	30	0.8945
chr1	165357	165358	30	0.8412
chr1	165457	165458	33	0.8289
chr1	165517	165518	26	0.8752
chr1	165617	165618	40	0.8615
chr1	165708	165709	27	0.8796
chr1	165746	165747	30	0.9221
chr1	165759	165760	36	0.3424
chr1	165779	165780	29	0.171
chr1	165811	165812	23	0.2765
chr1	165843	165844	27	0.3205
chr1	165873	165874	29	0.3374
chr1	165888	165889	32	0.4022
chr1	165927	165928	31	0.2109
chr1	165971	165972	18	0.1876
chr1	166021	166022	23	0.316
chr1	166071	166072	29	0.2925
chr1	166093	166094	23	0.3985
chr1	166143	166144	26	0.2609
chr1	166185	166186	26	0.3867
chr1	166234	166235	28	0.2248
chr1	166284	166285	34	0.2768
chr1	166292	166293	27	0.2013
chr1	166376	166377	35	0.2899
chr1	166476	166477	42	0.2662
chr1	166542	166543	21	0.2562
chr1	166642	166643	32	0.3527
chr1	166742	166743	23	0.4879
chr1	166808	166809	32	0.3749
chr1	166828	166829	33	0.1577
chr1	166858	166859	39	0.3593
chr1	166908	166909	29	0.4957
chr1	166940	166941	29	0.436
chr1	166966	166967	28	0.3389
chr1	166997	166998	32	0.5031
chr1	167047	167048	32	0.5695
chr1	167062	167063	29	0.4796
chr1	167083	167084	29	0.4459
chr1	167133	167134	33	0.3348
chr1	167183	167184	27	0.5417
chr1	167217	167218	40	0.4087
chr1	167244	167245	24	0.348
chr1	167270	167271	28	0.4942
chr1	167297	167298	35	0.6082
chr1	167397	167398	35	0.4396
chr1	167447	167448	33	0.1728
chr1	167537	167538	35	0.3655
chr1	167637	167638	25	0.522
chr1	167707	167708	30	0.6347
chr1	167733	167734	38	0.3775
chr1	167755	167756	30	0.0634
chr1	167805	167806	24	0.1038
chr1	167834	167835	32	0.0239
chr1	167849	167850	32	0.0217
chr1	167899	167900	34	0.0912
chr1	167931	167932	35	0.0476
chr1	167946	167947	23	0.0586
chr1	167996	167997	27	0.0485
chr1	168027	168028	26	0.0948
chr1	168050	168051	30	0.0
chr1	168077	168078	33	0.0779
chr1	168127	168128	31	0.2596
chr1	168142	168143	38	0.1369
chr1	168180	168181	32	0.1075
chr1	168198	168199	29	0.0
chr1	168219	168220	34	0.055
chr1	168319	168320	31	0.1268
chr1	168412	168413	32	0.0612
chr1	168512	168513	29	0.0987
chr1	168579	168580	34	0.0786
chr1	168662	168663	29	0.1358
chr1	168720	168721	37	0.0281
chr1	168748	168749	34	0.977
chr1	168795	168796	33	0.7779
chr1	168845	168846	21	0.9065
chr1	168867	168868	22	0.8851
chr1	168885	168886	38	0.9467
chr1	168915	168916	30	0.924
chr1	168960	168961	28	0.9889
chr1	168995	168996	33	0.8513
chr1	169028	169029	38	0.9989
chr1	169051	169052	29	0.858
chr1	169069	169070	34	0.8037
chr1	169119	169120	34	0.7629
chr1	169150	169151	35	0.8989
chr1	169167	169168	28	0.7553
chr1	169176	169177	23	0.8579
chr1	169245	169246	27	0.9013
chr1	169344	169345	20	0.9277
chr1	169444	169445	39	0.919
chr1	169521	169522	34	0.7971
chr1	169586	169587	29	0.9143
chr1	169588	169589	34	0.8804
chr1	169596	169597	30	0.9169
chr1	169630	169631	21	0.05
chr1	169653	169654	31	0.4762
chr1	169684	169685	34	0.5098
chr1	169734	169735	36	0.2857
chr1	169759	169760	32	0.993
chr1	169809	169810	21	0.3934
chr1	169830	169831	22	0.049
chr1	169848	169849	29	0.2779
chr1	169863	169864	24	0.5697
chr1	169878	169879	24	0.1941
chr1	169900	169901	24	0.835
chr1	169950	169951	28	0.7674
chr1	169974	169975	16	0.2155
chr1	170024	170025	26	0.4453
chr1	170056	170057	37	0.818
chr1	170098	170099	29	0.5085
chr1	170128	170129	34	0.092
chr1	170151	170152	17	0.3871
chr1	170251	170252	29	0.8975
chr1	170346	170347	24	0.9195
chr1	170446	170447	37	0.203
chr1	170496	170497	30	0.21
chr1	170571	170572	32	0.8155
chr1	170663	170664	33	0.274
chr1	170757	170758	39	0.5336
chr1	170778	170779	32	0.4174
chr1	170793	170794	37	0.5446
chr1	170822	170823	31	0.6539
chr1	170844	170845	38	0.6114
chr1	170869	170870	27	0.5802
chr1	170889	170890	36	0.565
chr1	170939	170940	30	0.6573
chr1	170958	170959	28	0.5403
chr1	170994	170995	36	0.5175
chr1	171037	171038	17	0.6799
chr1	171073	171074	31	0.659
chr1	171101	171102	38	0.5889
chr1	171122	171123	37	0.6025
chr1	171137	171138	27	0.6702
chr1	171153	171154	26	0.5973
chr1	171170	171171	33	0.6554
chr1	171192	171193	43	0.7334
chr1	171212	171213	25	0.6303
chr1	171262	171263	16	0.6533
chr1	171303	171304	31	0.5421
chr1	171325	171326	28	0.5548
chr1	171344	171345	39	0.6344
chr1	171359	171360	29	0.6275
chr1	171384	171385	29	0.4397
chr1	171402	171403	27	0.5663
chr1	171405	171406	33	0.7077
chr1	171492	171493	36	0.6098
chr1	171567	171568	25	0.5431
chr1	171667	171668	32	0.5332
chr1	171767	171768	26	0.5853
chr1	171867	171868	37	0.6736
chr1	171928	171929	32	0.5876
chr1	171978	171979	34	0.5657
chr1	171998	171999	29	0.5466
chr1	172022	172023	34	0.7158
chr1	172064	172065	33	0.7404
chr1	172081	172082	32	0.8574
chr1	172117	172118	28	0.8246
chr1	172167	172168	28	0.8321
chr1	172200	172201	28	0.7772
chr1	172231	172232	34	0.9023
chr1	172259	172260	29	0.9341
chr1	172309	172310	43	0.6993
chr1	172338	172339	34	0.8579
chr1	172355	172356	22	0.8261
chr1	172405	172406	26	0.9315
chr1	172439	172440	30	0.9937
chr1	172469	172470	37	0.8693
chr1	172484	172485	23	0.8808
chr1	172531	172532	20	0.9876
chr1	172551	172552	32	0.892
chr1	172561	172562	27	0.7754
chr1	172661	172662	31	0.8021
chr1	172749	172750	18	0.884
chr1	172849	172850	26	0.7968
chr1	172949	172950	29	0.6967
chr1	173003	173004	35	0.7809
chr1	173053	173054	27	0.8495
chr1	173083	173084	33	0.9457
chr1	173089	173090	24	0.5756
chr1	173104	173105	20	0.649
chr1	173123	173124	31	0.6347
chr1	173146	173147	25	0.4809
chr1	173177	173178	35	0.6018
chr1	173200	173201	24	0.6285
chr1	173250	173251	36	0.6896
chr1	173281	173282	24	0.7444
chr1	173306	173307	27	0.7233
chr1	173327	173328	27	0.6355
chr1	173359	173360	34	0.8294
chr1	173400	173401	47	0.7851
chr1	173438	173439	25	0.7994
chr1	173478	173479	17	0.6814
chr1	173528	173529	28	0.7872
chr1	173576	173577	29	0.7398
chr1	173619	173620	40	0.6822
chr1	173631	173632	30	0.7325
chr1	173731	173732	36	0.7345
chr1	173818	173819	34	0.6323
chr1	173894	173895	28	0.6794
chr1	173981	173982	30	0.7278
chr1	174081	174082	32	0.6905
chr1	174103	174104	30	0.781
chr1	174131	174132	23	0.7716
chr1	174217	174218	30	0.7472
chr1	174263	174264	27	0.6112
chr1	174363	174364	33	0.5608
chr1	174507	174508	25	0.6997
chr1	174563	174564	35	0.4699
chr1	174570	174571	30	0.9379
chr1	174585	174586	26	0.8652
chr1	174618	174619	26	0.8332
chr1	174668	174669	22	1.0
chr1	174709	174710	34	0.8491
chr1	174731	174732	32	0.7894
chr1	174760	174761	26	0.8439
chr1	174810	174811	27	0.8744
chr1	174836	174837	27	1.0
chr1	174855	174856	38	0.9627
chr1	174873	174874	27	0.9187
chr1	174899	174900	23	0.9323
chr1	174949	174950	31	0.8696
chr1	174979	174980	34	0.9233
chr1	174994	174995	34	0.9147
chr1	175009	175010	29	1.0
chr1	175027	175028	29	0.8197
chr1	175127	175128	36	0.8781
chr1	175197	175198	31	0.9239
chr1	175297	175298	35	1.0
chr1	175397	175398	33	0.7356
chr1	175449	175450	31	0.9354
chr1	175469	175470	33	0.8919
chr1	175547	175548	29	0.8076
chr1	175575	175576	26	0.9332
chr1	175669	175670	30	0.8879
chr1	175679	175680	31	0.8072
chr1	175685	175686	35	0.9082
chr1	175698	175699	26	0.9676
chr1	175748	175749	21	0.9166
chr1	175795	175796	38	0.7976
chr1	175839	175840	27	0.9629
chr1	175858	175859	22	0.9051
chr1	175873	175874	31	0.9231
chr1	175915	175916	35	0.8974
chr1	175937	175938	31	0.922
chr1	175987	175988	34	0.9164
chr1	176037	176038	21	0.9034
chr1	176056	176057	33	0.8563
chr1	176106	176107	30	0.865
chr1	176121	176122	26	0.8373
chr1	176136	176137	33	0.8155
chr1	176153	176154	23	0.908
chr1	176253	176254	27	0.9861
chr1	176353	176354	35	0.935
chr1	176453	176454	27	0.7242
chr1	176517	176518	44	0.9663
chr1	176601	176602	37	0.9933
chr1	176639	176640	38	0.8106
chr1	176655	176656	27	0.844
chr1	176694	176695	34	0.6861
chr1	176735	176736	21	0.4715
chr1	176780	176781	32	0.4066
chr1	176796	176797	28	0.6449
chr1	176811	176812	36	0.4498
chr1	176861	176862	28	0.2928
chr1	176892	176893	25	0.5559
chr1	176942	176943	25	0.5042
chr1	176967	176968	35	0.5777
chr1	176997	176998	30	0.4812
chr1	177012	177013	27	0.5832
chr1	177033	177034	35	0.662
chr1	177077	177078	29	0.5627
chr1	177104	177105	36	0.4358
chr1	177142	177143	29	0.51
chr1	177153	177154	36	0.3779
chr1	177253	177254	23	0.5538
chr1	177303	177304	33	0.4853
chr1	177355	177356	27	0.4549
chr1	177455	177456	29	0.4661
chr1	177555	177556	28	0.579
chr1	177605	177606	25	0.7084
chr1	177609	177610	20	0.5843
chr1	177621	177622	29	0.7522
chr1	177671	177672	32	0.8311
chr1	177695	177696	26	0.7965
chr1	177742	177743	30	0.7956
chr1	177792	177793	22	0.9024
chr1	177821	177822	32	0.884
chr1	177871	177872	34	0.7486
chr1	177886	177887	31	0.7496
chr1	177936	177937	27	0.903
chr1	177980	177981	27	0.902
chr1	178007	178008	27	0.9187
chr1	178033	178034	30	0.8038
chr1	178047	178048	24	0.8149
chr1	178097	178098	35	0.7686
chr1	178197	178198	32	0.8682
chr1	178288	178289	28	0.9109
chr1	178388	178389	34	0.8156
chr1	178440	178441	26	0.7517
chr1	178454	178455	20	0.8475
chr1	178469	178470	30	0.7943
chr1	178484	178485	30	0.7771
chr1	178499	178500	32	0.8904
chr1	178520	178521	31	0.7848
chr1	178551	178552	29	0.6795
chr1	178590	178591	32	0.7573
chr1	178605	178606	33	0.7677
chr1	178653	178654	24	0.7945
chr1	178689	178690	21	0.714
chr1	178739	178740	40	0.7632
chr1	178777	178778	29	0.9029
chr1	178797	178798	29	0.8341
chr1	178816	178817	30	0.8341
chr1	178844	178845	25	0.7763
chr1	178866	178867	32	0.9562
chr1	178916	178917	36	0.7024
chr1	178966	178967	30	0.6444
chr1	179066	179067	24	0.8617
chr1	179128	179129	38	0.8464
chr1	179228	179229	26	0.8049
chr1	179312	179313	38	0.6883
chr1	179326	179327	30	0.7639
chr1	179358	179359	29	0.873
chr1	179407	179408	35	0.8636
chr1	179453	179454	27	0.9527
chr1	179503	179504	37	0.8828
chr1	179553	179554	34	0.8403
chr1	179582	179583	33	0.8846
chr1	179599	179600	26	0.9252
chr1	179632	179633	26	0.9281
chr1	179661	179662	28	0.9473
chr1	179693	179694	23	0.8973
chr1	179743	179744	28	0.9004
chr1	179773	179774	25	0.6994
chr1	179823	179824	32	0.7866
chr1	179851	179852	30	0.9095
chr1	179882	179883	32	0.854
chr1	179932	179933	29	0.933
chr1	179995	179996	24	0.882
chr1	180058	180059	33	0.9436
chr1	180158	180159	29	0.8101
chr1	180243	180244	32	0.7712
chr1	180328	180329	39	1.0
chr1	180378	180379	29	0.8723
chr1	180384	180385	25	0.8795
chr1	180432	180433	36	0.9319
chr1	180456	180457	34	0.7373
chr1	180506	180507	35	0.8245
chr1	180546	180547	25	0.7098
chr1	180596	180597	26	0.7941
chr1	180618	180619	33	0.7404
chr1	180641	180642	25	0.7645
chr1	180678	180679	28	0.6231
chr1	180695	180696	29	0.7567
chr1	180722	180723	32	0.7306
chr1	180757	180758	26	0.7176
chr1	180788	180789	24	0.8223
chr1	180804	180805	23	0.8299
chr1	180825	180826	26	0.7101
chr1	180842	180843	32	0.842
chr1	180857	180858	19	0.7815
chr1	180877	180878	23	0.7602
chr1	180902	180903	33	0.8145
chr1	180952	180953	31	0.7308
chr1	180972	180973	25	0.7459
chr1	180980	180981	19	0.8361
chr1	181060	181061	31	0.7108
chr1	181160	181161	28	0.8106
chr1	181260	181261	31	0.6187
chr1	181360	181361	34	0.5856
chr1	181410	181411	39	0.6808
chr1	181484	181485	26	0.658
chr1	181546	181547	30	0.5743
chr1	181593	181594	26	0.5943
chr1	181622	181623	42	0.6658
chr1	181640	181641	28	0.6356
chr1	181660	181661	39	0.814
chr1	181684	181685	25	0.6517
chr1	181706	181707	20	0.754
chr1	181742	181743	25	0.8002
chr1	181757	181758	33	0.6304
chr1	181793	181794	31	0.8309
chr1	181815	181816	22	0.7162
chr1	181843	181844	32	0.7607
chr1	181883	181884	32	0.7081
chr1	181898	181899	28	0.6581
chr1	181926	181927	39	0.7379
chr1	181941	181942	26	0.8584
chr1	181958	181959	27	0.8437
chr1	181982	181983	29	0.7446
chr1	182006	182007	23	0.801
chr1	182043	182044	35	0.6012
chr1	182143	182144	32	0.8132
chr1	182209	182210	27	0.7919
chr1	182309	182310	27	0.9178
chr1	182359	182360	29	0.8238
chr1	182459	182460	23	0.8938
chr1	182485	182486	28	0.6624
chr1	182504	182505	31	0.985
chr1	182532	182533	37	0.7881
chr1	182547	182548	25	0.7274
chr1	182577	182578	29	0.7187
chr1	182619	182620	30	0.8722
chr1	182635	182636	23	0.9485
chr1	182650	182651	30	0.8014
chr1	182700	182701	28	0.6899
chr1	182734	182735	27	0.6631
chr1	182781	182782	25	0.6977
chr1	182796	182797	29	0.8409
chr1	182812	182813	33	0.9019
chr1	182835	182836	39	0.7605
chr1	182868	182869	19	0.8374
chr1	182918	182919	26	0.8711
chr1	182968	182969	33	0.9174
chr1	183011	183012	20	0.9824
chr1	183042	183043	25	0.959
chr1	183054	183055	32	0.7139
chr1	183154	183155	31	0.9837
chr1	183241	183242	32	0.7647
chr1	183341	183342	24	0.7861
chr1	183438	183439	29	0.7029
chr1	183514	183515	32	0.9004
chr1	183558	183559	36	0.77
chr1	183610	183611	28	0.7368
chr1	183621	183622	28	1.0
chr1	183643	183644	29	1.0
chr1	183676	183677	36	0.422
chr1	183703	183704	25	0.7785
chr1	183718	183719	26	0.9589
chr1	183733	183734	31	0.5276
chr1	183748	183749	19	0.8332
chr1	183798	183799	38	1.0
chr1	183826	183827	25	1.0
chr1	183857	183858	37	0.7217
chr1	183874	183875	32	0.3085
chr1	183898	183899	32	0.805
chr1	183948	183949	30	0.559
chr1	183976	183977	26	1.0
chr1	184019	184020	31	0.8944
chr1	184052	184053	26	0.9848
chr1	184068	184069	29	1.0
chr1	184121	184122	25	0.5724
chr1	184192	184193	17	0.9072
chr1	184249	184250	28	0.522
chr1	184349	184350	30	1.0
chr1	184449	184450	34	0.8766
chr1	184517	184518	33	0.8594
chr1	184539	184540	25	0.8089
chr1	184575	184576	15	0.9561
chr1	184591	184592	24	0.7638
chr1	184618	184619	20	0.6071
chr1	184649	184650	25	0.7524
chr1	184687	184688	31	0.8083
chr1	184705	184706	29	0.7853
chr1	184755	184756	28	0.8955
chr1	184775	184776	30	0.896
chr1	184807	184808	27	0.6502
chr1	184855	184856	26	0.5914
chr1	184884	184885	25	0.6977
chr1	184917	184918	33	0.7406
chr1	184939	184940	33	0.9049
chr1	184957	184958	29	0.8759
chr1	184995	184996	32	0.6397
chr1	185095	185096	33	0.6325
chr1	185195	185196	27	0.8362
chr1	185282	185283	25	0.9698
chr1	185356	185357	23	0.7459
chr1	185432	185433	29	0.7309
chr1	185459	185460	29	0.7936
chr1	185489	185490	23	0.9004
chr1	185505	185506	28	0.9711
chr1	185520	185521	35	0.8663
chr1	185551	185552	28	0.838
chr1	185588	185589	26	0.9361
chr1	185618	185619	26	0.9359
chr1	185643	185644	28	0.9246
chr1	185674	185675	24	0.7328
chr1	185702	185703	27	0.9628
chr1	185718	185719	22	0.867
chr1	185740	185741	26	0.9347
chr1	185767	185768	27	0.7498
chr1	185808	185809	23	0.9499
chr1	185830	185831	29	0.7736
chr1	185868	185869	29	0.8819
chr1	185884	185885	21	0.8787
chr1	185911	185912	33	0.9625
chr1	185931	185932	37	0.9413
chr1	186031	186032	28	0.976
chr1	186131	186132	22	0.8905
chr1	186209	186210	30	1.0
chr1	186276	186277	25	0.9468
chr1	186376	186377	31	0.7559
chr1	186402	186403	31	0.756
chr1	186420	186421	35	0.8536
chr1	186435	186436	16	0.609
chr1	186485	186486	31	0.6935
chr1	186528	186529	30	0.5081
chr1	186576	186577	28	0.6317
chr1	186598	186599	38	0.4952
chr1	186648	186649	34	0.6028
chr1	186698	186699	34	0.5134
chr1	186713	186714	30	0.7304
chr1	186752	186753	24	0.5472
chr1	186767	186768	35	0.7381
chr1	186782	186783	28	0.7
chr1	186801	186802	21	0.5899
chr1	186851	186852	40	0.5432
chr1	186877	186878	25	0.6456
chr1	186892	186893	30	0.6808
chr1	186925	186926	27	0.7604
chr1	187005	187006	31	0.4977
chr1	187089	187090	32	0.5103
chr1	187189	187190	35	0.7122
chr1	187251	187252	27	0.722
chr1	187304	187305	32	0.6906
chr1	187404	187405	23	0.7089
chr1	187434	187435	36	0.5489
chr1	187441	187442	35	0.7726
chr1	187468	187469	31	0.6648
chr1	187513	187514	29	0.9675
chr1	187541	187542	30	0.7203
chr1	187556	187557	30	0.6959
chr1	187606	187607	31	0.8033
chr1	187638	187639	22	0.8008
chr1	187684	187685	31	0.6869
chr1	187702	187703	34	0.7344
chr1	187737	187738	25	0.7898
chr1	187781	187782	29	0.9098
chr1	187827	187828	29	0.9393
chr1	187877	187878	28	0.79
chr1	187895	187896	24	0.8281
chr1	187938	187939	30	0.8789
chr1	187964	187965	34	0.7297
chr1	187980	187981	33	0.8694
chr1	188065	188066	27	0.8187
chr1	188165	188166	28	0.695
chr1	188230	188231	30	0.8369
chr1	188330	188331	41	0.889
chr1	188394	188395	34	0.6333
chr1	188492	188493	22	0.9174
chr1	188644	188645	34	0.7545
chr1	188648	188649	27	0.7229
chr1	188680	188681	34	0.8081
chr1	188710	188711	27	0.7569
chr1	188736	188737	20	0.7564
chr1	188742	188743	35	0.7754
chr1	188760	188761	24	0.7047
chr1	188798	188799	29	0.7329
chr1	188826	188827	35	0.739
chr1	188980	188981	32	0.784
chr1	188996	188997	26	0.8836
chr1	189034	189035	32	0.7844
chr1	189079	189080	29	0.7717
chr1	189100	189101	30	0.7911
chr1	189144	189145	36	0.8341
chr1	189159	189160	34	0.9398
chr1	189185	189186	35	1.0
chr1	189204	189205	28	0.8811
chr1	189249	189250	34	0.7792
chr1	189268	189269	33	0.8084
chr1	189286	189287	37	0.8987
chr1	189305	189306	32	0.8922
chr1	189321	189322	29	0.7947
chr1	189338	189339	22	0.8606
chr1	189371	189372	36	0.8591
chr1	189389	189390	40	0.721
chr1	189410	189411	20	0.8195
chr1	189460	189461	25	0.8245
chr1	189481	189482	27	0.9554
chr1	189499	189500	28	0.7058
chr1	189585	189586	29	0.7636
chr1	189635	189636	20	0.7613
chr1	189735	189736	24	0.7242
chr1	189835	189836	33	0.9252
chr1	189928	189929	36	0.7752
chr1	189958	189959	30	0.8792
chr1	189975	189976	30	0.0155
chr1	189999	190000	23	0.0495
chr1	190035	190036	33	0.249
chr1	190064	190065	33	0.254
chr1	190089	190090	35	0.1591
chr1	190119	190120	24	0.1241
chr1	190148	190149	36	0.0822
chr1	190173	190174	27	0.0022
chr1	190222	190223	25	0.1521
chr1	190272	190273	35	0.1501
chr1	190302	190303	17	0.1553
chr1	190352	190353	33	0.1092
chr1	190379	190380	39	0.1806
chr1	190405	190406	32	0.3068
chr1	190423	190424	24	0.1617
chr1	190441	190442	23	0.0
chr1	190456	190457	28	0.3
chr1	190478	190479	33	0.2404
chr1	190508	190509	34	0.0788
chr1	190596	190597	38	0.1936
chr1	190647	190648	35	0.0854
chr1	190736	190737	26	0.0748
chr1	190836	190837	25	0.1822
chr1	190936	190937	29	0.0786
chr1	191036	191037	30	0.1854
chr1	191104	191105	28	0.1847
chr1	191126	191127	30	0.929
chr1	191141	191142	31	0.9073
chr1	191180	191181	32	1.0
chr1	191201	191202	27	0.8911
chr1	191223	191224	34	0.9016
chr1	191260	191261	33	0.8822
chr1	191310	191311	30	0.9556
chr1	191333	191334	43	1.0
chr1	191381	191382	23	0.9336
chr1	191412	191413	30	1.0
chr1	191453	191454	35	0.9323
chr1	191488	191489	20	0.9339
chr1	191505	191506	35	0.929
chr1	191520	191521	24	1.0
chr1	191559	191560	19	0.9366
chr1	191606	191607	31	0.9174
chr1	191622	191623	29	0.944
chr1	191637	191638	29	0.9857
chr1	191641	191642	29	0.9907
chr1	191741	191742	30	0.8952
chr1	191791	191792	28	0.9421
chr1	191870	191871	34	0.9216
chr1	191941	191942	35	0.8771
chr1	191991	191992	24	0.9328
chr1	192091	192092	32	0.7904
chr1	192141	192142	25	0.9409
chr1	192205	192206	31	0.9136
chr1	192254	192255	33	0.5871
chr1	192276	192277	35	0.7901
chr1	192294	192295	22	0.6875
chr1	192325	192326	32	0.6425
chr1	192357	192358	24	0.7852
chr1	192380	192381	38	0.8168
chr1	192395	192396	38	0.8524
chr1	192410	192411	23	0.7428
chr1	192425	192426	24	0.6188
chr1	192450	192451	34	0.7128
chr1	192477	192478	23	0.6789
chr1	192527	192528	39	0.8571
chr1	192544	192545	35	0.7473
chr1	192577	192578	36	0.7423
chr1	192602	192603	25	0.6312
chr1	192619	192620	23	0.8161
chr1	192648	192649	29	0.5769
chr1	192695	192696	33	0.7254
chr1	192716	192717	27	0.8096
chr1	192719	192720	24	0.6895
chr1	192819	192820	24	0.8899
chr1	192899	192900	32	0.9418
chr1	192999	193000	25	0.8445
chr1	193085	193086	37	0.7835
chr1	193135	193136	25	0.7246
chr1	193211	193212	26	0.7018
chr1	193219	193220	28	0.7104
chr1	193234	193235	26	0.695
chr1	193280	193281	29	0.8091
chr1	193304	193305	34	0.7505
chr1	193321	193322	37	0.8281
chr1	193343	193344	30	0.6835
chr1	193391	193392	17	0.8031
chr1	193432	193433	28	0.8361
chr1	193452	193453	29	0.8216
chr1	193472	193473	32	0.7662
chr1	193500	193501	27	0.8478
chr1	193548	193549	36	0.8591
chr1	193598	193599	31	0.7359
chr1	193645	193646	27	0.7939
chr1	193666	193667	29	0.7375
chr1	193688	193689	32	0.8051
chr1	193717	193718	27	0.8426
chr1	193740	193741	34	0.676
chr1	193790	193791	22	0.7287
chr1	193840	193841	25	0.8341
chr1	193940	193941	34	0.8526
chr1	194040	194041	26	0.6501
chr1	194109	194110	36	0.8998
chr1	194203	194204	36	0.7649
chr1	194225	194226	33	0.6434
chr1	194315	194316	24	0.6588
chr1	194453	194454	30	0.8393
chr1	194459	194460	22	0.8393
chr1	194519	194520	25	0.76
chr1	194647	194648	25	0.7198
chr1	194652	194653	25	0.5645
chr1	194684	194685	37	0.8748
chr1	194723	194724	33	0.682
chr1	194756	194757	25	0.9025
chr1	194772	194773	28	0.5967
chr1	194802	194803	35	0.743
chr1	194852	194853	26	0.786
chr1	194879	194880	21	0.8048
chr1	194912	194913	31	0.7772
chr1	194939	194940	30	0.771
chr1	194966	194967	36	0.6968
chr1	195002	195003	25	0.6809
chr1	195037	195038	22	0.7486
chr1	195059	195060	24	0.7642
chr1	195076	195077	35	0.8417
chr1	195106	195107	23	0.7743
chr1	195132	195133	31	0.7093
chr1	195156	195157	20	0.8757
chr1	195170	195171	31	0.5756
chr1	195270	195271	37	0.895
chr1	195358	195359	36	0.7406
chr1	195458	195459	32	0.7044
chr1	195508	195509	35	0.8103
chr1	195608	195609	44	0.6633
chr1	195632	195633	32	0.8002
chr1	195664	195665	35	0.764
chr1	195672	195673	35	0.6976
chr1	195708	195709	29	0.5911
chr1	195822	195823	33	0.8362
chr1	195916	195917	33	0.7911
chr1	195990	195991	29	0.8191
chr1	196004	196005	29	0.7576
chr1	196052	196053	35	0.7672
chr1	196058	196059	27	0.9268
chr1	196088	196089	29	1.0
chr1	196117	196118	16	0.8551
chr1	196161	196162	22	0.9827
chr1	196211	196212	32	0.7438
chr1	196248	196249	22	0.9333
chr1	196263	196264	30	0.9359
chr1	196310	196311	31	0.7412
chr1	196332	196333	30	0.9964
chr1	196358	196359	29	0.8904
chr1	196374	196375	25	0.9641
chr1	196410	196411	31	1.0
chr1	196435	196436	28	0.9753
chr1	196485	196486	26	0.9783
chr1	196503	196504	30	1.0
chr1	196530	196531	29	0.8326
chr1	196545	196546	24	0.7323
chr1	196594	196595	28	0.9556
chr1	196613	196614	25	0.788
chr1	196701	196702	26	0.9517
chr1	196781	196782	28	0.8414
chr1	196837	196838	32	0.8623
chr1	196937	196938	35	0.9024
chr1	197037	197038	30	0.8321
chr1	197106	197107	33	0.8986
chr1	197128	197129	38	0.9164
chr1	197156	197157	30	0.9105
chr1	197278	197279	27	0.8423
chr1	197282	197283	33	0.9921
chr1	197364	197365	41	0.9882
chr1	197394	197395	29	0.8544
chr1	197434	197435	30	0.97
chr1	197459	197460	29	0.8985
chr1	197489	197490	26	0.8952
chr1	197504	197505	35	0.8536
chr1	197545	197546	29	0.9457
chr1	197595	197596	27	0.8072
chr1	197622	197623	30	0.8856
chr1	197638	197639	25	0.8031
chr1	197662	197663	20	0.8537
chr1	197712	197713	23	0.9322
chr1	197762	197763	32	0.8173
chr1	197812	197813	27	0.8718
chr1	197862	197863	25	0.8588
chr1	197888	197889	37	0.955
chr1	197938	197939	24	0.8959
chr1	198038	198039	21	0.764
chr1	198109	198110	36	0.895
chr1	198209	198210	24	0.8546
chr1	198304	198305	28	0.9429
chr1	198324	198325	25	0.8226
chr1	198367	198368	38	0.6707
chr1	198402	198403	34	0.8455
chr1	198426	198427	35	0.9087
chr1	198459	198460	26	0.6257
chr1	198480	198481	28	0.8953
chr1	198530	198531	27	0.7052
chr1	198552	198553	25	0.9014
chr1	198579	198580	36	0.9314
chr1	198603	198604	26	0.6384
chr1	198631	198632	43	0.8595
chr1	198681	198682	25	0.674
chr1	198723	198724	31	0.8922
chr1	198758	198759	27	0.7335
chr1	198792	198793	25	0.7052
chr1	198807	198808	21	0.8312
chr1	198843	198844	27	0.8314
chr1	198851	198852	30	0.7856
chr1	198901	198902	29	0.8847
chr1	198985	198986	33	0.7264
chr1	199080	199081	34	0.9504
chr1	199180	199181	26	0.7748
chr1	199250	199251	27	0.7454
chr1	199323	199324	35	0.7409
chr1	199383	199384	29	0.859
chr1	199427	199428	22	0.5547
chr1	199443	199444	27	0.3624
chr1	199493	199494	26	0.3098
chr1	199517	199518	32	0.3652
chr1	199553	199554	22	0.5014
chr1	199586	199587	37	0.3628
chr1	199636	199637	30	0.3824
chr1	199652	199653	33	0.4046
chr1	199674	199675	35	0.4125
chr1	199693	199694	30	0.2948
chr1	199714	199715	26	0.3117
chr1	199764	199765	39	0.3184
chr1	199780	199781	21	0.3925
chr1	199803	199804	32	0.3677
chr1	199829	199830	19	0.3671
chr1	199852	199853	32	0.2512
chr1	199891	199892	38	0.5413
chr1	199908	199909	23	0.2397
chr1	199948	199949	30	0.5355
chr1	199976	199977	19	0.3702
chr1	199990	199991	28	0.4182
chr1	200040	200041	23	0.3595
chr1	200111	200112	25	0.5563
chr1	200173	200174	30	0.3814
chr1	200273	200274	36	0.3362
chr1	200344	200345	17	0.477
chr1	200444	200445	28	0.4823
chr1	200544	200545	24	0.3698
chr1	200548	200549	24	0.2447
chr1	200565	200566	31	0.6558
chr1	200580	200581	29	0.6372
chr1	200608	200609	36	0.6159
chr1	200640	200641	21	0.6164
chr1	200655	200656	32	0.7537
chr1	200691	200692	40	0.7546
chr1	200726	200727	23	0.5969
chr1	200776	200777	28	0.6062
chr1	200811	200812	32	0.6065
chr1	200827	200828	29	0.585
chr1	200852	200853	30	0.5589
chr1	200882	200883	27	0.8058
chr1	200897	200898	34	0.6885
chr1	200930	200931	27	0.5011
chr1	200951	200952	32	0.6753
chr1	200973	200974	32	0.7217
chr1	201002	201003	33	0.7124
chr1	201019	201020	35	0.6244
chr1	201053	201054	37	0.6021
chr1	201092	201093	30	0.4813
chr1	201105	201106	30	0.6086
chr1	201160	201161	31	0.5961
chr1	201221	201222	34	0.7114
chr1	201276	201277	16	0.7096
chr1	201367	201368	29	0.6222
chr1	201467	201468	27	0.5591
chr1	201567	201568	32	0.6016
chr1	201617	201618	30	0.6707
chr1	201653	201654	29	0.5025
chr1	201663	201664	27	0.7247
chr1	201684	201685	31	0.8224
chr1	201699	201700	29	0.7177
chr1	201721	201722	24	0.7398
chr1	201742	201743	32	0.8734
chr1	201757	201758	24	0.6881
chr1	201784	201785	31	0.7149
chr1	201803	201804	31	0.8163
chr1	201835	201836	33	0.6889
chr1	201869	201870	24	0.7429
chr1	201891	201892	32	0.5921
chr1	201931	201932	29	0.8121
chr1	201948	201949	33	0.7814
chr1	201979	201980	30	0.7937
chr1	202007	202008	28	0.8205
chr1	202027	202028	27	0.8632
chr1	202053	202054	31	0.7915
chr1	202068	202069	25	0.7597
chr1	202079	202080	25	0.7202
chr1	202179	202180	20	0.8345
chr1	202279	202280	25	0.8218
chr1	202329	202330	25	0.6291
chr1	202427	202428	33	0.8737
chr1	202477	202478	37	0.8201
chr1	202593	202594	37	0.7344
chr1	202605	202606	22	0.7869
chr1	202679	202680	24	0.7096
chr1	202955	202956	33	0.7707
chr1	202975	202976	39	0.8328
chr1	202985	202986	37	0.7442
chr1	203005	203006	28	0.8429
chr1	203025	203026	35	0.9819
chr1	203049	203050	32	0.9272
chr1	203067	203068	22	0.8289
chr1	203084	203085	32	0.7477
chr1	203134	203135	35	0.7377
chr1	203164	203165	29	0.7492
chr1	203189	203190	28	0.8072
chr1	203212	203213	25	0.745
chr1	203235	203236	30	0.7246
chr1	203265	203266	26	0.9263
chr1	203301	203302	37	0.7029
chr1	203330	203331	22	0.9265
chr1	203345	203346	27	0.8784
chr1	203395	203396	16	0.7409
chr1	203414	203415	27	0.8509
chr1	203429	203430	26	0.9371
chr1	203455	203456	33	0.6624
chr1	203470	203471	30	0.8553
chr1	203495	203496	32	0.6846
chr1	203545	203546	27	0.8223
chr1	203645	203646	27	0.8446
chr1	203745	203746	20	0.7895
chr1	203812	203813	28	0.8905
chr1	203912	203913	29	0.7213
chr1	203960	203961	34	0.8926
chr1	203983	203984	28	0.9692
chr1	204000	204001	39	0.9745
chr1	204050	204051	25	0.963
chr1	204089	204090	34	0.9283
chr1	204119	204120	31	0.8719
chr1	204165	204166	25	0.8915
chr1	204180	204181	23	0.9407
chr1	204211	204212	32	0.873
chr1	204237	204238	23	0.9363
chr1	204287	204288	21	0.9232
chr1	204315	204316	26	0.8526
chr1	204350	204351	27	1.0
chr1	204376	204377	23	0.885
chr1	204391	204392	36	0.9337
chr1	204406	204407	38	0.9187
chr1	204424	204425	28	1.0
chr1	204468	204469	34	0.8175
chr1	204557	204558	30	0.9728
chr1	204657	204658	34	0.9736
chr1	204757	204758	20	0.9407
chr1	204851	204852	34	0.832
chr1	204951	204952	27	0.95
chr1	204983	204984	27	0.9573
chr1	205011	205012	31	0.8959
chr1	205045	205046	31	0.8081
chr1	205081	205082	28	0.764
chr1	205126	205127	27	0.8556
chr1	205161	205162	26	0.65
chr1	205193	205194	31	0.7769
chr1	205221	205222	21	0.8203
chr1	205265	205266	25	0.873
chr1	205280	205281	41	0.7679
chr1	205314	205315	34	0.8234
chr1	205355	205356	25	0.8214
chr1	205405	205406	29	0.796
chr1	205420	205421	33	0.6872
chr1	205447	205448	35	0.7548
chr1	205462	205463	30	0.7449
chr1	205489	205490	34	0.8216
chr1	205539	205540	28	0.8173
chr1	205576	205577	33	0.704
chr1	205631	205632	29	0.8832
chr1	205731	205732	40	0.8768
chr1	205831	205832	34	0.7909
chr1	205919	205920	30	0.8317
chr1	206019	206020	20	0.6926
chr1	206074	206075	23	0.8693
chr1	206168	206169	20	0.6427
chr1	206175	206176	31	0.913
chr1	206200	206201	28	0.9028
chr1	206222	206223	34	0.6652
chr1	206238	206239	28	0.8708
chr1	206253	206254	35	0.7699
chr1	206274	206275	31	0.7801
chr1	206317	206318	34	0.8151
chr1	206335	206336	32	0.7709
chr1	206368	206369	36	0.8346
chr1	206393	206394	20	0.8698
chr1	206428	206429	30	0.8351
chr1	206477	206478	28	0.9078
chr1	206519	206520	34	0.9734
chr1	206543	206544	36	1.0
chr1	206593	206594	31	0.9594
chr1	206618	206619	34	0.8104
chr1	206660	206661	35	0.9836
chr1	206675	206676	31	0.8767
chr1	206725	206726	19	0.6509
chr1	206749	206750	37	0.745
chr1	206767	206768	25	0.7908
chr1	206817	206818	35	0.9428
chr1	206911	206912	34	0.7395
chr1	207011	207012	34	0.9459
chr1	207061	207062	30	0.8223
chr1	207161	207162	38	0.6836
chr1	207261	207262	26	0.8003
chr1	207439	207440	30	0.734
chr1	207629	207630	26	0.8812
chr1	207649	207650	35	0.8002
chr1	207695	207696	26	0.9734
chr1	207701	207702	30	0.9277
chr1	207706	207707	28	0.906
chr1	207725	207726	30	0.7859
chr1	207775	207776	28	0.6687
chr1	207794	207795	31	0.6744
chr1	207820	207821	33	0.8127
chr1	207859	207860	35	0.7783
chr1	207892	207893	36	0.6784
chr1	207927	207928	35	0.8046
chr1	207971	207972	32	0.8013
chr1	208021	208022	28	0.835
chr1	208059	208060	30	0.6427
chr1	208083	208084	28	0.6557
chr1	208109	208110	22	0.7753
chr1	208140	208141	39	0.9808
chr1	208161	208162	27	0.7305
chr1	208199	208200	33	0.7841
chr1	208231	208232	35	0.7578
chr1	208287	208288	28	0.7171
chr1	208337	208338	27	0.8255
chr1	208398	208399	30	0.8028
chr1	208498	208499	42	0.8235
chr1	208598	208599	35	0.7589
chr1	208698	208699	32	0.7926
chr1	208750	208751	27	0.8505
chr1	208836	208837	32	0.8098
chr1	208848	208849	40	0.7241
chr1	208896	208897	28	0.76
chr1	209040	209041	29	0.6792
chr1	209045	209046	33	0.8419
chr1	209069	209070	44	0.8198
chr1	209106	209107	20	0.9987
chr1	209140	209141	23	0.9051
chr1	209190	209191	28	0.916
chr1	209221	209222	34	0.8679
chr1	209271	209272	28	0.7596
chr1	209309	209310	32	0.9265
chr1	209328	209329	36	0.9249
chr1	209343	209344	31	0.9219
chr1	209370	209371	29	0.7659
chr1	209409	209410	32	0.6655
chr1	209459	209460	22	0.8143
chr1	209509	209510	33	0.8278
chr1	209544	209545	35	0.9036
chr1	209566	209567	27	0.9606
chr1	209666	209667	30	0.7394
chr1	209766	209767	26	0.7497
chr1	209824	209825	46	0.8606
chr1	209919	209920	34	1.0
chr1	210019	210020	32	0.9588
chr1	210171	210172	33	0.8371
chr1	210203	210204	27	0.8292
chr1	210219	210220	29	0.8788
chr1	210383	210384	25	0.9207
chr1	210481	210482	22	0.8405
chr1	210501	210502	24	0.9317
chr1	210511	210512	31	0.7653
chr1	210539	210540	30	0.8197
chr1	210555	210556	34	0.7539
chr1	210605	210606	40	0.8659
chr1	210620	210621	29	0.7582
chr1	210645	210646	27	0.947
chr1	210660	210661	33	0.8087
chr1	210681	210682	20	0.7715
chr1	210708	210709	21	0.81
chr1	210723	210724	22	0.7179
chr1	210773	210774	37	0.7529
chr1	210804	210805	21	0.8259
chr1	210820	210821	35	0.9445
chr1	210836	210837	29	0.8807
chr1	210886	210887	37	0.8525
chr1	210925	210926	38	0.7477
chr1	210968	210969	32	0.8178
chr1	211000	211001	39	0.8537
chr1	211020	211021	21	0.8912
chr1	211026	211027	33	1.0
chr1	211126	211127	31	0.758
chr1	211176	211177	18	0.7302
chr1	211276	211277	24	0.9254
chr1	211370	211371	26	0.645
chr1	211470	211471	30	0.9195
chr1	211536	211537	31	0.9416
chr1	211582	211583	36	0.7916
chr1	211584	211585	27	0.9188
chr1	211632	211633	32	0.7867
chr1	211846	211847	27	0.8349
chr1	211958	211959	32	0.6898
chr1	211960	211961	32	0.8709
chr1	211967	211968	33	0.5805
chr1	212017	212018	35	0.8539
chr1	212040	212041	32	0.792
chr1	212060	212061	27	0.6717
chr1	212092	212093	27	0.5207
chr1	212133	212134	23	0.8124
chr1	212178	212179	38	0.646
chr1	212228	212229	25	0.7706
chr1	212255	212256	25	0.6099
chr1	212305	212306	30	0.7588
chr1	212332	212333	34	0.8372
chr1	212366	212367	34	0.7999
chr1	212387	212388	35	0.8838
chr1	212414	212415	44	0.7911
chr1	212463	212464	26	0.8406
chr1	212511	212512	25	0.5597
chr1	212611	212612	30	0.7406
chr1	212683	212684	25	0.8118
chr1	212733	212734	22	0.5923
chr1	212833	212834	28	0.7631
chr1	212902	212903	31	0.5846
chr1	212962	212963	36	0.6675
chr1	212982	212983	27	0.6245
chr1	213058	213059	24	0.826
chr1	213132	213133	34	0.689
chr1	213140	213141	21	0.932
chr1	213148	213149	28	0.8996
chr1	213176	213177	36	0.7137
chr1	213178	213179	29	0.591
chr1	213248	213249	29	0.791
chr1	213382	213383	29	0.7761
chr1	213442	213443	24	0.6616
chr1	213455	213456	33	0.14
chr1	213505	213506	37	0.0584
chr1	213520	213521	35	0.0774
chr1	213537	213538	32	0.0594
chr1	213587	213588	33	0.0889
chr1	213603	213604	26	0.1562
chr1	213640	213641	29	0.0191
chr1	213684	213685	33	0.1062
chr1	213709	213710	34	0.0
chr1	213759	213760	27	0.1538
chr1	213798	213799	23	0.1403
chr1	213843	213844	29	0.1456
chr1	213873	213874	34	0.2415
chr1	213908	213909	27	0.0248
chr1	213936	213937	36	0.0542
chr1	214036	214037	30	0.0542
chr1	214114	214115	27	0.0559
chr1	214214	214215	30	0.1563
chr1	214264	214265	26	0.0
chr1	214364	214365	33	0.0134
chr1	214398	214399	32	0.1272
chr1	214448	214449	33	0.0661
chr1	214453	214454	30	0.1599
chr1	214478	214479	29	0.339
chr1	214511	214512	24	0.2725
chr1	214549	214550	31	0.1004
chr1	214599	214600	25	0.2715
chr1	214621	214622	24	0.2497
chr1	214661	214662	29	0.287
chr1	214690	214691	34	0.2598
chr1	214705	214706	27	0.3143
chr1	214737	214738	22	0.1332
chr1	214783	214784	35	0.1422
chr1	214829	214830	29	0.2057
chr1	214877	214878	24	0.2551
chr1	214977	214978	25	0.4091
chr1	215077	215078	28	0.1201
chr1	215177	215178	33	0.3733
chr1	215277	215278	29	0.3105
chr1	215387	215388	26	0.2198
chr1	215393	215394	28	0.0648
chr1	215411	215412	32	0.2253
chr1	215415	215416	29	0.1522
chr1	215581	215582	27	0.3109
chr1	215635	215636	23	0.2666
chr1	215642	215643	41	0.6764
chr1	215669	215670	33	0.8854
chr1	215692	215693	33	0.7191
chr1	215708	215709	33	0.6998
chr1	215746	215747	28	0.7841
chr1	215793	215794	26	0.8456
chr1	215842	215843	33	0.7559
chr1	215891	215892	24	0.8851
chr1	215920	215921	28	0.7823
chr1	215941	215942	26	0.8452
chr1	215959	215960	29	0.8676
chr1	215994	215995	28	0.9674
chr1	216017	216018	30	0.8405
chr1	216032	216033	32	0.784
chr1	216035	216036	26	0.6434
chr1	216099	216100	40	0.7416
chr1	216199	216200	31	0.6547
chr1	216249	216250	23	0.8804
chr1	216349	216350	34	0.7448
chr1	216385	216386	29	0.8808
chr1	216387	216388	33	0.8696
chr1	216559	216560	23	0.637
chr1	216571	216572	27	0.7729
chr1	216613	216614	31	0.6859
chr1	216733	216734	29	0.6532
chr1	216791	216792	34	0.9037
chr1	216801	216802	27	0.6853
chr1	216827	216828	24	0.5275
chr1	216877	216878	23	0.63
chr1	216918	216919	37	0.4904
chr1	216968	216969	32	0.7876
chr1	217018	217019	31	0.6682
chr1	217042	217043	31	0.6107
chr1	217065	217066	35	0.6112
chr1	217080	217081	26	0.613
chr1	217096	217097	35	0.7266
chr1	217135	217136	26	0.7707
chr1	217185	217186	33	0.7926
chr1	217200	217201	29	0.7347
chr1	217225	217226	29	0.5932
chr1	217241	217242	30	0.7115
chr1	217243	217244	29	0.6392
chr1	217343	217344	33	0.6325
chr1	217443	217444	34	0.7065
chr1	217493	217494	34	0.5773
chr1	217593	217594	24	0.7235
chr1	217607	217608	28	0.7314
chr1	217669	217670	33	0.5627
chr1	217731	217732	35	0.628
chr1	217799	217800	30	0.587
chr1	217915	217916	32	0.6098
chr1	217965	217966	23	0.7063
chr1	217983	217984	34	0.7483
chr1	218025	218026	27	0.6153
chr1	218033	218034	24	0.6464
chr1	218042	218043	35	0.7544
chr1	218086	218087	32	0.6235
chr1	218114	218115	36	0.911
chr1	218131	218132	19	0.8715
chr1	218169	218170	30	0.8297
chr1	218191	218192	33	0.8726
chr1	218232	218233	37	0.6673
chr1	218278	218279	20	0.7327
chr1	218301	218302	35	0.7017
chr1	218329	218330	19	0.6879
chr1	218356	218357	35	0.6411
chr1	218406	218407	33	0.8139
chr1	218441	218442	29	0.8648
chr1	218491	218492	32	0.8017
chr1	218501	218502	24	0.8123
chr1	218573	218574	29	0.8787
chr1	218623	218624	27	0.7239
chr1	218673	218674	32	0.8707
chr1	218771	218772	35	0.9094
chr1	218824	218825	29	0.9271
chr1	218918	218919	32	0.8139
chr1	219056	219057	30	0.7715
chr1	219112	219113	34	0.7988
chr1	219142	219143	30	0.7259
chr1	219158	219159	38	0.7988
chr1	219162	219163	33	0.9545
chr1	219300	219301	24	0.7426
chr1	219304	219305	36	0.8762
chr1	219329	219330	34	0.6343
chr1	219349	219350	37	0.6252
chr1	219383	219384	38	0.6282
chr1	219433	219434	31	0.6571
chr1	219471	219472	32	0.6861
chr1	219490	219491	30	0.5975
chr1	219534	219535	23	0.6826
chr1	219563	219564	33	0.8575
chr1	219590	219591	32	0.6532
chr1	219630	219631	25	0.6323
chr1	219648	219649	34	0.5961
chr1	219686	219687	37	0.6664
chr1	219736	219737	22	0.8022
chr1	219758	219759	29	0.639
chr1	219798	219799	26	0.6523
chr1	219813	219814	27	0.6064
chr1	219863	219864	25	0.5443
chr1	219879	219880	22	0.7468
chr1	219934	219935	28	0.5882
chr1	219985	219986	27	0.7302
chr1	220079	220080	27	0.7056
chr1	220129	220130	31	0.5985
chr1	220179	220180	42	0.6258
chr1	220279	220280	26	0.5115
chr1	220379	220380	31	0.5741
chr1	220407	220408	32	0.7335
chr1	220455	220456	41	0.54
chr1	221538	221539	34	0.1131
chr1	221588	221589	27	0.136
chr1	221603	221604	30	0.0946
chr1	221628	221629	21	0.1617
chr1	221650	221651	24	0.2558
chr1	221680	221681	22	0.2211
chr1	221705	221706	35	0.1099
chr1	221755	221756	35	0.2956
chr1	221770	221771	28	0.0838
chr1	221806	221807	29	0.1382
chr1	221821	221822	33	0.1926
chr1	221841	221842	24	0.116
chr1	221859	221860	30	0.2358
chr1	221882	221883	37	0.1405
chr1	221932	221933	23	0.1058
chr1	221958	221959	24	0.0721
chr1	221963	221964	23	0.179
chr1	222055	222056	34	0.1768
chr1	222155	222156	24	0.1053
chr1	222219	222220	28	0.1934
chr1	222306	222307	30	0.1166
chr1	222338	222339	18	0.2283
chr1	222352	222353	40	0.1634
chr1	222368	222369	29	0.7244
chr1	222402	222403	21	0.7612
chr1	222436	222437	29	0.5878
chr1	222485	222486	30	0.5794
chr1	222516	222517	35	0.4923
chr1	222566	222567	34	0.8126
chr1	222581	222582	19	0.6225
chr1	222613	222614	27	0.5888
chr1	222631	222632	31	0.7574
chr1	222649	222650	27	0.6301
chr1	222699	222700	41	0.5394
chr1	222729	222730	30	0.701
chr1	222779	222780	28	0.6518
chr1	222818	222819	30	0.5398
chr1	222868	222869	30	0.5116
chr1	222889	222890	29	0.6421
chr1	222989	222990	32	0.6601
chr1	223089	223090	28	0.6161
chr1	223189	223190	32	0.5164
chr1	223289	223290	38	0.6462
chr1	223339	223340	35	0.6283
chr1	223405	223406	34	0.5936
chr1	223413	223414	23	0.8811
chr1	223455	223456	22	0.9352
chr1	223494	223495	30	0.8385
chr1	223519	223520	33	0.7304
chr1	223565	223566	30	0.6665
chr1	223593	223594	22	0.6883
chr1	223624	223625	25	0.8017
chr1	223674	223675	28	0.6628
chr1	223706	223707	35	0.5996
chr1	223743	223744	30	0.7337
chr1	223774	223775	22	0.7201
chr1	223790	223791	33	0.8085
chr1	223840	223841	32	0.6832
chr1	223855	223856	33	0.6635
chr1	223865	223866	22	0.7444
chr1	223948	223949	29	0.782
chr1	224048	224049	24	0.6515
chr1	224124	224125	28	0.6109
chr1	224186	224187	27	0.6625
chr1	224265	224266	31	0.7373
chr1	224327	224328	31	0.8551
chr1	224513	224514	27	0.8107
chr1	224585	224586	37	0.745
chr1	224599	224600	36	0.796
chr1	224757	224758	30	0.6274
chr1	224767	224768	23	0.1223
chr1	224788	224789	31	0.3824
chr1	224803	224804	31	0.2496
chr1	224853	224854	26	0.2503
chr1	224875	224876	32	0.1575
chr1	224910	224911	27	0.1523
chr1	224943	224944	25	0.1142
chr1	224988	224989	28	0.1512
chr1	225006	225007	32	0.1865
chr1	225056	225057	33	0.0911
chr1	225097	225098	22	0.2886
chr1	225112	225113	29	0.0957
chr1	225133	225134	39	0.2534
chr1	225148	225149	25	0.1559
chr1	225198	225199	37	0.0718
chr1	225230	225231	27	0.0872
chr1	225280	225281	32	0.1624
chr1	225380	225381	38	0.1953
chr1	225480	225481	28	0.0995
chr1	225530	225531	30	0.1921
chr1	225613	225614	25	0.2024
chr1	225663	225664	24	0.1351
chr1	225715	225716	31	0.1984
chr1	225761	225762	35	0.1747
chr1	225773	225774	29	0.0844
chr1	225825	225826	30	0.3625
chr1	225845	225846	26	0.1511
chr1	225933	225934	25	0.2993
chr1	226123	226124	31	0.1453
chr1	226137	226138	28	0.6226
chr1	226176	226177	37	0.6686
chr1	226212	226213	24	0.7641
chr1	226262	226263	33	0.5121
chr1	226279	226280	20	0.8731
chr1	226299	226300	30	0.789
chr1	226349	226350	24	0.6529
chr1	226371	226372	31	0.6158
chr1	226394	226395	38	0.5317
chr1	226416	226417	39	0.7196
chr1	226455	226456	34	0.6558
chr1	226481	226482	31	0.6844
chr1	226501	226502	24	0.4187
chr1	226551	226552	36	0.5837
chr1	226584	226585	21	0.6734
chr1	226610	226611	31	0.7829
chr1	226621	226622	24	0.5867
chr1	226677	226678	25	0.4746
chr1	226727	226728	33	0.6402
chr1	226827	226828	17	0.6454
chr1	226877	226878	30	0.4981
chr1	226977	226978	24	0.749
chr1	227077	227078	31	0.8622
chr1	227150	227151	31	0.5616
chr1	227161	227162	30	0.5881
chr1	227211	227212	36	0.7839
chr1	227257	227258	31	0.6336
chr1	227291	227292	34	0.7619
chr1	227341	227342	33	0.6929
chr1	227385	227386	34	0.8163
chr1	227424	227425	22	0.637
chr1	227455	227456	27	0.629
chr1	227505	227506	28	0.6568
chr1	227526	227527	29	0.6605
chr1	227575	227576	27	0.6172
chr1	227580	227581	33	0.7188
chr1	227630	227631	31	0.5141
chr1	227685	227686	33	0.6864
chr1	227785	227786	29	0.8985
chr1	227885	227886	40	0.4815
chr1	227935	227936	33	0.7524
chr1	227991	227992	29	0.7748
chr1	227999	228000	32	0.6284
chr1	228040	228041	25	0.771
chr1	228072	228073	33	0.9245
chr1	228104	228105	38	0.9675
chr1	228119	228120	39	0.8675
chr1	228134	228135	28	0.9206
chr1	228149	228150	27	1.0
chr1	228168	228169	30	0.9291
chr1	228185	228186	37	0.7822
chr1	228201	228202	25	0.8893
chr1	228251	228252	30	1.0
chr1	228301	228302	34	0.9091
chr1	228335	228336	26	0.9649
chr1	228360	228361	30	0.9941
chr1	228378	228379	27	0.8478
chr1	228426	228427	39	0.8643
chr1	228474	228475	26	0.9983
chr1	228524	228525	32	0.8922
chr1	228538	228539	23	0.7949
chr1	228605	228606	18	0.8575
chr1	228705	228706	34	1.0
chr1	228805	228806	33	0.8495
chr1	228905	228906	31	0.795
chr1	228955	228956	37	0.9579
chr1	228993	228994	30	0.7581
chr1	229029	229030	35	0.9007
chr1	229055	229056	24	0.8034
chr1	229070	229071	21	1.0
chr1	229101	229102	26	0.7171
chr1	229151	229152	30	0.8855
chr1	229183	229184	30	0.819
chr1	229223	229224	26	0.6933
chr1	229245	229246	24	0.8657
chr1	229295	229296	31	0.9981
chr1	229310	229311	33	0.8592
chr1	229326	229327	28	1.0
chr1	229362	229363	21	0.6895
chr1	229384	229385	30	0.9083
chr1	229419	229420	29	0.834
chr1	229454	229455	32	0.6577
chr1	229469	229470	25	0.9064
chr1	229519	229520	35	0.7688
chr1	229569	229570	36	0.8498
chr1	229573	229574	31	0.8722
chr1	229623	229624	22	1.0
chr1	229723	229724	24	0.7277
chr1	229823	229824	29	0.7471
chr1	229873	229874	34	0.8888
chr1	229943	229944	39	0.8428
chr1	230035	230036	27	0.8196
chr1	230112	230113	29	0.9076
chr1	230132	230133	26	0.8052
chr1	230138	230139	33	0.8467
chr1	230144	230145	38	0.9327
chr1	230167	230168	28	0.6883
chr1	230217	230218	25	0.7732
chr1	230267	230268	30	0.8427
chr1	230289	230290	30	0.9369
chr1	230339	230340	38	0.8094
chr1	230355	230356	26	0.9158
chr1	230370	230371	33	0.8587
chr1	230420	230421	20	0.9187
chr1	230441	230442	20	0.9079
chr1	230461	230462	40	0.8184
chr1	230511	230512	31	0.9067
chr1	230544	230545	24	0.8763
chr1	230576	230577	35	0.7288
chr1	230594	230595	31	0.7133
chr1	230644	230645	33	0.8375
chr1	230744	230745	34	0.8003
chr1	230794	230795	33	0.7352
chr1	230844	230845	30	0.6581
chr1	230944	230945	37	0.7859
chr1	231040	231041	34	0.8771
chr1	231070	231071	29	0.7191
chr1	231098	231099	26	0.9339
chr1	231216	231217	32	0.8475
chr1	231332	231333	33	0.7196
chr1	231370	231371	34	0.7136
chr1	231410	231411	25	0.7802
chr1	231442	231443	35	0.7891
chr1	231454	231455	39	0.8027
chr1	231490	231491	26	0.7945
chr1	231516	231517	28	0.7397
chr1	231549	231550	23	0.8714
chr1	231574	231575	29	0.7012
chr1	231603	231604	22	0.8131
chr1	231631	231632	30	0.6802
chr1	231651	231652	30	0.8936
chr1	231683	231684	27	0.7914
chr1	231729	231730	22	0.7828
chr1	231762	231763	26	0.8999
chr1	231777	231778	33	0.7525
chr1	231799	231800	24	0.7407
chr1	231818	231819	32	0.6611
chr1	231841	231842	33	0.8063
chr1	231889	231890	31	0.6417
chr1	231939	231940	23	0.7957
chr1	231959	231960	28	0.8465
chr1	232009	232010	18	0.8252
chr1	232010	232011	29	0.9642
chr1	232110	232111	30	0.87
chr1	232210	232211	28	0.7697
chr1	232301	232302	27	0.7956
chr1	232401	232402	27	0.9551
chr1	232467	232468	35	0.7987
chr1	232557	232558	33	0.802
chr1	232597	232598	24	0.6885
chr1	232621	232622	28	0.6165
chr1	232656	232657	39	0.7096
chr1	232671	232672	23	0.7463
chr1	232693	232694	33	0.6675
chr1	232729	232730	33	0.5393
chr1	232766	232767	25	0.5443
chr1	232795	232796	30	0.7037
chr1	232815	232816	36	0.6238
chr1	232843	232844	42	0.6665
chr1	232877	232878	32	0.6758
chr1	232893	232894	29	0.6579
chr1	232913	232914	34	0.629
chr1	232928	232929	39	0.5332
chr1	232978	232979	29	0.7257
chr1	232994	232995	29	0.6444
chr1	233035	233036	29	0.4958
chr1	233054	233055	29	0.495
chr1	233072	233073	32	0.5476
chr1	233091	233092	22	0.5067
chr1	233191	233192	26	0.5933
chr1	233291	233292	30	0.6609
chr1	233353	233354	27	0.7424
chr1	233453	233454	36	0.57
chr1	233553	233554	32	0.6309
chr1	233605	233606	31	0.5191
chr1	233621	233622	24	0.6498
chr1	233668	233669	29	0.4148
chr1	233697	233698	32	0.3724
chr1	233720	233721	28	0.3959
chr1	233745	233746	29	0.4788
chr1	233795	233796	23	0.4792
chr1	233844	233845	31	0.6713
chr1	233894	233895	31	0.523
chr1	233922	233923	23	0.6266
chr1	233952	233953	28	0.6101
chr1	233983	233984	33	0.4981
chr1	234001	234002	31	0.4695
chr1	234028	234029	32	0.5761
chr1	234063	234064	27	0.4868
chr1	234088	234089	25	0.4298
chr1	234138	234139	21	0.6197
chr1	234159	234160	29	0.4436
chr1	234176	234177	31	0.586
chr1	234197	234198	31	0.4876
chr1	234212	234213	22	0.6146
chr1	234227	234228	26	0.5879
chr1	234257	234258	33	0.6353
chr1	234349	234350	27	0.5534
chr1	234399	234400	31	0.6415
chr1	234490	234491	27	0.7429
chr1	234541	234542	27	0.4757
chr1	234641	234642	31	0.5279
chr1	234692	234693	32	0.4598
chr1	234792	234793	31	0.4892
chr1	234840	234841	26	0.5788
chr1	234858	234859	25	0.5386
chr1	234903	234904	31	0.7177
chr1	234918	234919	19	0.6869
chr1	234947	234948	28	1.0
chr1	234971	234972	34	0.9979
chr1	234994	234995	34	0.9218
chr1	235027	235028	30	0.8972
chr1	235068	235069	39	0.735
chr1	235093	235094	25	0.9022
chr1	235143	235144	37	0.9978
chr1	235193	235194	24	0.878
chr1	235216	235217	20	0.9334
chr1	235231	235232	30	0.9422
chr1	235250	235251	36	0.801
chr1	235277	235278	23	0.8858
chr1	235320	235321	32	0.7916
chr1	235344	235345	30	0.8044
chr1	235384	235385	25	0.9059
chr1	235392	235393	28	0.6498
chr1	235492	235493	30	0.7098
chr1	235547	235548	20	0.7888
chr1	235597	235598	28	0.9155
chr1	235697	235698	36	0.7405
chr1	235747	235748	38	1.0
chr1	235824	235825	33	0.7004
chr1	235918	235919	24	0.6678
chr1	235942	235943	38	0.6465
chr1	235963	235964	29	0.6767
chr1	236003	236004	31	0.7725
chr1	236053	236054	36	0.7
chr1	236103	236104	22	0.7895
chr1	236149	236150	23	0.74
chr1	236184	236185	33	0.8331
chr1	236234	236235	30	0.897
chr1	236284	236285	33	0.6122
chr1	236334	236335	23	0.8016
chr1	236357	236358	18	0.7346
chr1	236407	236408	24	0.7714
chr1	236507	236508	28	0.8596
chr1	236607	236608	33	0.7504
chr1	236707	236708	22	0.8064
chr1	236765	236766	43	0.6405
chr1	236769	236770	33	0.7095
chr1	236796	236797	23	0.8642
chr1	236822	236823	24	0.7376
chr1	236872	236873	32	0.4978
chr1	236894	236895	29	0.6685
chr1	236927	236928	33	0.9416
chr1	236963	236964	32	0.9161
chr1	237013	237014	26	0.6023
chr1	237037	237038	22	0.604
chr1	237052	237053	25	0.6973
chr1	237068	237069	29	0.7498
chr1	237098	237099	33	0.8264
chr1	237135	237136	35	0.7697
chr1	237157	237158	29	0.4276
chr1	237207	237208	28	0.3798
chr1	237247	237248	22	0.8801
chr1	237268	237269	30	0.5073
chr1	237282	237283	30	0.4381
chr1	237350	237351	23	0.5423
chr1	237450	237451	34	0.7979
chr1	237550	237551	25	0.8763
chr1	237650	237651	28	0.7515
chr1	237713	237714	32	0.6808
chr1	237799	237800	32	0.8729
chr1	237818	237819	25	0.8805
chr1	237860	237861	32	0.9179
chr1	237878	237879	29	0.9319
chr1	237928	237929	23	0.851
chr1	237967	237968	36	0.8398
chr1	238017	238018	29	0.7347
chr1	238032	238033	32	0.9494
chr1	238082	238083	37	0.947
chr1	238122	238123	33	0.9144
chr1	238149	238150	28	0.9107
chr1	238175	238176	36	0.9862
chr1	238207	238208	29	0.8731
chr1	238245	238246	24	0.9609
chr1	238280	238281	23	1.0
chr1	238330	238331	30	1.0
chr1	238350	238351	23	0.8575
chr1	238450	238451	32	0.8985
chr1	238519	238520	28	0.8365
chr1	238619	238620	29	1.0
chr1	238701	238702	34	0.9053
chr1	238769	238770	36	0.7869
chr1	238842	238843	27	0.8563
chr1	238872	238873	30	0.9021
chr1	238878	238879	35	0.762
chr1	238913	238914	36	0.6443
chr1	238935	238936	24	0.654
chr1	238953	238954	35	0.587
chr1	239002	239003	30	0.6126
chr1	239039	239040	32	0.6687
chr1	239058	239059	38	0.553
chr1	239108	239109	23	0.6285
chr1	239143	239144	25	0.5979
chr1	239163	239164	33	0.6206
chr1	239189	239190	33	0.6273
chr1	239239	239240	27	0.6221
chr1	239260	239261	26	0.5905
chr1	239293	239294	24	0.476
chr1	239339	239340	36	0.6395
chr1	239354	239355	30	0.7139
chr1	239386	239387	37	0.5755
chr1	239397	239398	26	0.6571
chr1	239497	239498	35	0.6688
chr1	239597	239598	25	0.7698
chr1	239647	239648	29	0.665
chr1	239747	239748	22	0.5563
chr1	239806	239807	31	0.782
chr1	239834	239835	35	0.5762
chr1	239884	239885	30	0.5682
chr1	239900	239901	30	0.1226
chr1	239945	239946	27	0.1051
chr1	239990	239991	41	0.0695
chr1	240025	240026	29	0.0
chr1	240070	240071	24	0.0214
chr1	240085	240086	24	0.1164
chr1	240103	240104	26	0.1117
chr1	240124	240125	28	0.0875
chr1	240148	240149	33	0.0411
chr1	240169	240170	40	0.1596
chr1	240219	240220	31	0.0225
chr1	240234	240235	25	0.0018
chr1	240271	240272	22	0.1038
chr1	240321	240322	30	0.0959
chr1	240371	240372	27	0.1933
chr1	240387	240388	29	0.2467
chr1	240487	240488	35	0.0855
chr1	240587	240588	30	0.0478
chr1	240687	240688	34	0.0161
chr1	240759	240760	25	0.0754
chr1	240859	240860	23	0.1674
chr1	240919	240920	31	0.2489
chr1	240924	240925	19	0.862
chr1	240945	240946	29	0.8924
chr1	240967	240968	37	0.9891
chr1	240987	240988	27	0.8024
chr1	241012	241013	29	0.8835
chr1	241046	241047	22	0.7845
chr1	241075	241076	17	0.8891
chr1	241125	241126	32	0.7447
chr1	241143	241144	26	0.8794
chr1	241161	241162	39	0.9975
chr1	241182	241183	33	1.0
chr1	241228	241229	27	0.9084
chr1	241264	241265	27	0.9461
chr1	241287	241288	18	0.8376
chr1	241309	241310	27	0.7992
chr1	241330	241331	26	0.9221
chr1	241380	241381	33	0.8134
chr1	241399	241400	25	1.0
chr1	241423	241424	33	0.8505
chr1	241502	241503	39	0.9171
chr1	241602	241603	28	0.9106
chr1	241702	241703	42	0.9731
chr1	241752	241753	30	0.8276
chr1	241852	241853	28	0.8991
chr1	241858	241859	34	0.8162
chr1	242006	242007	24	0.8525
chr1	242116	242117	30	0.8786
chr1	242152	242153	26	1.0
chr1	242242	242243	40	0.8589
chr1	242248	242249	24	0.3288
chr1	242298	242299	35	0.2596
chr1	242325	242326	39	0.2548
chr1	242342	242343	24	0.2981
chr1	242358	242359	34	0.2484
chr1	242394	242395	28	0.3065
chr1	242416	242417	33	0.1221
chr1	242433	242434	27	0.1995
chr1	242483	242484	29	0.3635
chr1	242508	242509	35	0.3101
chr1	242543	242544	28	0.3122
chr1	242578	242579	31	0.2783
chr1	242609	242610	23	0.2428
chr1	242624	242625	23	0.4342
chr1	242674	242675	28	0.4157
chr1	242703	242704	31	0.289
chr1	242709	242710	35	0.2423
chr1	242809	242810	32	0.2258
chr1	242909	242910	26	0.3883
chr1	243009	243010	25	0.3776
chr1	243059	243060	28	0.2757
chr1	243159	243160	30	0.4265
chr1	243163	243164	32	0.1657
chr1	243209	243210	31	0.3158
chr1	243355	243356	35	0.3347
chr1	243379	243380	37	0.2222
chr1	243387	243388	25	0.4501
chr1	243487	243488	27	0.2023
chr1	243501	243502	26	0.3267
chr1	243511	243512	27	0.4213
chr1	243633	243634	36	0.2614
chr1	243660	243661	26	0.8352
chr1	243678	243679	29	0.7476
chr1	243726	243727	31	0.6811
chr1	243758	243759	32	0.7193
chr1	243808	243809	31	0.7645
chr1	243858	243859	27	0.7885
chr1	243878	243879	34	0.6309
chr1	243905	243906	37	0.7994
chr1	243955	243956	29	0.8529
chr1	243988	243989	29	0.7918
chr1	244017	244018	38	0.617
chr1	244038	244039	21	0.8744
chr1	244138	244139	31	0.8188
chr1	244238	244239	34	0.8785
chr1	244338	244339	34	0.7996
chr1	244366	244367	28	0.908
chr1	244394	244395	23	0.7979
chr1	244432	244433	31	0.0377
chr1	244447	244448	22	0.4841
chr1	244497	244498	22	0.4873
chr1	244547	244548	24	0.2285
chr1	244571	244572	31	0.4744
chr1	244614	244615	26	0.0752
chr1	244629	244630	26	0.1334
chr1	244677	244678	32	0.143
chr1	244695	244696	36	0.3178
chr1	244732	244733	33	0.3923
chr1	244748	244749	39	0.285
chr1	244767	244768	26	0.1461
chr1	244801	244802	25	0.3246
chr1	244816	244817	33	0.3351
chr1	244858	244859	36	0.1086
chr1	244892	244893	36	0.4349
chr1	244908	244909	30	0.3697
chr1	244981	244982	35	0.3861
chr1	245071	245072	30	0.0
chr1	245171	245172	43	0.434
chr1	245227	245228	23	0.3761
chr1	245327	245328	22	0.2471
chr1	245481	245482	20	0.0865
chr1	245499	245500	21	0.7686
chr1	245514	245515	28	0.7857
chr1	245555	245556	29	0.773
chr1	245605	245606	35	0.917
chr1	245655	245656	28	0.8272
chr1	245688	245689	32	0.5872
chr1	245710	245711	30	0.7017
chr1	245742	245743	32	0.645
chr1	245772	245773	36	0.8545
chr1	245791	245792	29	0.9158
chr1	245841	245842	30	0.6555
chr1	245891	245892	35	0.7691
chr1	245922	245923	24	0.7421
chr1	245950	245951	27	0.7466
chr1	245973	245974	23	0.7757
chr1	246058	246059	35	0.7641
chr1	246158	246159	28	0.6181
chr1	246244	246245	23	0.7195
chr1	246333	246334	25	0.6881
chr1	246433	246434	32	0.5101
chr1	246477	246478	20	0.6848
chr1	246485	246486	25	0.8851
chr1	246505	246506	19	0.9454
chr1	246548	246549	34	0.9566
chr1	246598	246599	28	0.8626
chr1	246617	246618	32	0.7265
chr1	246635	246636	37	0.8322
chr1	246685	246686	33	0.7092
chr1	246716	246717	29	0.8459
chr1	246755	246756	24	0.7587
chr1	246781	246782	27	1.0
chr1	246802	246803	26	0.9169
chr1	246852	246853	32	0.8198
chr1	246867	246868	26	0.8775
chr1	246913	246914	29	0.8039
chr1	246945	246946	31	0.8155
chr1	246995	246996	23	0.8225
chr1	247014	247015	29	0.9115
chr1	247056	247057	23	0.9281
chr1	247073	247074	18	1.0
chr1	247173	247174	30	0.8092
chr1	247273	247274	31	0.8975
chr1	247327	247328	34	0.9618
chr1	247382	247383	27	0.9061
chr1	247482	247483	27	0.8246
chr1	247546	247547	29	0.9041
chr1	247596	247597	26	0.7547
chr1	247674	247675	32	0.9046
chr1	247678	247679	31	0.8269
chr1	247700	247701	37	0.8694
chr1	247740	247741	27	0.7221
chr1	247777	247778	23	0.8012
chr1	247808	247809	28	0.9202
chr1	247841	247842	30	0.9227
chr1	247866	247867	32	0.8159
chr1	247881	247882	31	0.875
chr1	247907	247908	34	0.7661
chr1	247933	247934	27	0.7831
chr1	247958	247959	24	0.8649
chr1	247993	247994	28	0.8814
chr1	248043	248044	34	0.7328
chr1	248078	248079	28	0.9285
chr1	248128	248129	23	0.7427
chr1	248144	248145	29	0.7068
chr1	248244	248245	25	0.763
chr1	248341	248342	30	0.7656
chr1	248441	248442	30	0.7169
chr1	248539	248540	30	0.9497
chr1	248571	248572	21	0.9031
chr1	248612	248613	37	0.9279
chr1	248632	248633	34	0.8196
chr1	248647	248648	34	0.8086
chr1	248671	248672	35	0.853
chr1	248688	248689	24	0.6814
chr1	248720	248721	33	0.7935
chr1	248739	248740	28	0.9357
chr1	248771	248772	24	0.7731
chr1	248790	248791	27	0.9378
chr1	248805	248806	20	0.6815
chr1	248836	248837	33	0.7739
chr1	248869	248870	33	0.8964
chr1	248896	248897	33	0.828
chr1	248931	248932	35	0.8669
chr1	248972	248973	28	0.6952
chr1	249002	249003	35	0.7362
chr1	249032	249033	31	0.766
chr1	249055	249056	29	0.8985
chr1	249085	249086	25	0.9623
chr1	249103	249104	28	0.7798
chr1	249139	249140	24	0.6204
chr1	249172	249173	39	0.7571
chr1	249207	249208	33	0.9062
chr1	249257	249258	32	0.8187
chr1	249357	249358	28	0.6902
chr1	249407	249408	33	0.7572
chr1	249478	249479	27	0.9507
chr1	249578	249579	31	0.8477
chr1	249636	249637	32	0.8623
chr1	249736	249737	33	0.7788
chr1	249768	249769	24	0.824
chr1	249777	249778	29	1.0
chr1	249795	249796	31	0.9139
chr1	249845	249846	29	0.9214
chr1	249877	249878	32	0.9823
chr1	249908	249909	26	0.9929
chr1	249955	249956	28	0.8898
chr1	250005	250006	25	0.8439
chr1	250048	250049	23	0.9049
chr1	250082	250083	27	0.9103
chr1	250132	250133	28	0.9508
chr1	250151	250152	37	0.9526
chr1	250193	250194	32	0.9472
chr1	250217	250218	19	0.9837
chr1	250242	250243	40	0.7984
chr1	250249	250250	27	0.8872
chr1	250349	250350	30	0.9658
chr1	250399	250400	33	0.9284
chr1	250465	250466	39	0.8063
chr1	250565	250566	29	1.0
chr1	250665	250666	32	0.9405
chr1	250725	250726	27	0.7643
chr1	250759	250760	32	0.9358
chr1	250849	250850	23	0.8259
chr1	250907	250908	25	0.8358
chr1	250951	250952	22	0.7979
chr1	250955	250956	26	0.9724
chr1	251011	251012	30	0.8334
chr1	251051	251052	28	0.9049
chr1	251059	251060	37	0.9634
chr1	251085	251086	35	0.8947
chr1	251112	251113	34	0.7566
chr1	251133	251134	27	0.6298
chr1	251181	251182	28	0.7747
chr1	251219	251220	30	0.8174
chr1	251252	251253	38	0.8606
chr1	251281	251282	32	0.7092
chr1	251298	251299	39	0.6289
chr1	251337	251338	31	0.7244
chr1	251384	251385	34	0.644
chr1	251404	251405	30	0.8863
chr1	251454	251455	26	0.9241
chr1	251504	251505	37	0.8185
chr1	251554	251555	27	0.8134
chr1	251579	251580	29	0.8692
chr1	251616	251617	29	0.9479
chr1	251620	251621	36	0.8373
chr1	251670	251671	25	0.82
chr1	251870	251871	29	0.8175
chr1	251970	251971	26	0.8839
chr1	252070	252071	38	0.7201
chr1	252090	252091	30	0.7733
chr1	252100	252101	21	0.7167
chr1	252136	252137	21	0.5862
chr1	252171	252172	29	0.6663
chr1	252221	252222	34	0.6719
chr1	252271	252272	32	0.7509
chr1	252298	252299	19	0.6035
chr1	252317	252318	31	0.586
chr1	252366	252367	31	0.7615
chr1	252390	252391	32	0.7626
chr1	252428	252429	32	0.6122
chr1	252476	252477	32	0.7557
chr1	252512	252513	23	0.9018
chr1	252527	252528	24	0.7152
chr1	252542	252543	29	0.6358
chr1	252574	252575	25	0.7807
chr1	252608	252609	29	0.6855
chr1	252623	252624	30	0.8688
chr1	252674	252675	23	0.8019
chr1	252765	252766	24	0.4373
chr1	252865	252866	30	0.8061
chr1	252965	252966	20	0.6821
chr1	253065	253066	32	0.5752
chr1	253153	253154	38	0.6023
chr1	253177	253178	21	0.0057
chr1	253215	253216	25	0.0713
chr1	253247	253248	30	0.2023
chr1	253262	253263	33	0.0325
chr1	253312	253313	26	0.0812
chr1	253338	253339	33	0.0373
chr1	253359	253360	24	0.0
chr1	253390	253391	24	0.0
chr1	253415	253416	31	0.0743
chr1	253465	253466	38	0.0925
chr1	253484	253485	40	0.0045
chr1	253508	253509	31	0.035
chr1	253558	253559	15	0.0421
chr1	253575	253576	30	0.1465
chr1	253592	253593	28	0.0911
chr1	253617	253618	25	0.025
chr1	253662	253663	20	0.0079
chr1	253762	253763	21	0.0221
chr1	253816	253817	38	0.0176
chr1	253916	253917	28	0.0678
chr1	254016	254017	21	0.108
chr1	254116	254117	26	0.1358
chr1	254208	254209	24	0.1552
chr1	254249	254250	29	0.2188
chr1	254271	254272	28	0.0649
chr1	254289	254290	31	0.1592
chr1	254304	254305	30	0.1616
chr1	254320	254321	26	0.0936
chr1	254348	254349	29	0.2226
chr1	254374	254375	36	0.0
chr1	254408	254409	34	0.1044
chr1	254457	254458	33	0.1512
chr1	254484	254485	38	0.1318
chr1	254516	254517	35	0.037
chr1	254553	254554	31	0.0354
chr1	254572	254573	37	0.0
chr1	254620	254621	31	0.1865
chr1	254655	254656	25	0.2284
chr1	254684	254685	27	0.1484
chr1	254722	254723	32	0.1571
chr1	254733	254734	35	0.1346
chr1	254833	254834	35	0.0944
chr1	254883	254884	26	0.215
chr1	254983	254984	30	0.0694
chr1	255080	255081	31	0.0947
chr1	255180	255181	27	0.059
chr1	255258	255259	29	0.1572
chr1	255298	255299	30	0.8698
chr1	255321	255322	26	0.9217
chr1	255359	255360	31	0.8711
chr1	255383	255384	34	0.901
chr1	255401	255402	33	0.9446
chr1	255422	255423	34	0.8791
chr1	255452	255453	28	0.6739
chr1	255467	255468	34	0.8306
chr1	255496	255497	32	0.9315
chr1	255511	255512	29	0.8328
chr1	255542	255543	29	0.7145
chr1	255568	255569	23	0.904
chr1	255605	255606	29	0.9757
chr1	255623	255624	38	0.7837
chr1	255638	255639	20	0.8749
chr1	255680	255681	23	0.7901
chr1	255695	255696	39	0.929
chr1	255710	255711	30	0.9172
chr1	255730	255731	32	0.7852
chr1	255754	255755	32	0.9502
chr1	255760	255761	27	0.8012
chr1	255845	255846	28	0.9324
chr1	255938	255939	32	0.858
chr1	255988	255989	30	0.9351
chr1	256088	256089	39	0.8214
chr1	256188	256189	35	0.8612
chr1	256228	256229	26	0.7713
chr1	256230	256231	32	0.9142
chr1	256248	256249	32	0.8949
chr1	256298	256299	34	0.9029
chr1	256320	256321	30	0.8074
chr1	256350	256351	33	0.8602
chr1	256365	256366	33	0.7427
chr1	256401	256402	25	0.7466
chr1	256436	256437	23	0.9903
chr1	256474	256475	31	0.9471
chr1	256499	256500	27	0.8366
chr1	256541	256542	34	0.7453
chr1	256568	256569	32	0.7156
chr1	256588	256589	35	0.7369
chr1	256632	256633	25	0.861
chr1	256665	256666	25	0.6868
chr1	256687	256688	23	0.7947
chr1	256705	256706	33	0.8183
chr1	256720	256721	31	0.8565
chr1	256743	256744	22	0.7145
chr1	256775	256776	35	0.7979
chr1	256875	256876	29	0.8597
chr1	256975	256976	36	0.6282
chr1	257035	257036	27	0.8228
chr1	257135	257136	33	0.6615
chr1	257235	257236	34	0.8366
chr1	257241	257242	23	0.8932
chr1	257269	257270	25	0.8152
chr1	257316	257317	29	0.3362
chr1	257336	257337	36	0.1461
chr1	257380	257381	17	0.2536
chr1	257401	257402	31	0.4181
chr1	257420	257421	30	0.3298
chr1	257452	257453	26	0.3352
chr1	257469	257470	28	0.276
chr1	257484	257485	33	0.2935
chr1	257501	257502	31	0.2961
chr1	257516	257517	21	0.1405
chr1	257532	257533	28	0.3296
chr1	257547	257548	37	0.3318
chr1	257570	257571	35	0.1997
chr1	257603	257604	30	0.174
chr1	257620	257621	33	0.3157
chr1	257670	257671	25	0.1059
chr1	257720	257721	36	0.4415
chr1	257735	257736	37	0.164
chr1	257762	257763	34	0.2005
chr1	257776	257777	34	0.2248
chr1	257876	257877	24	0.1617
chr1	257976	257977	29	0.1586
chr1	258076	258077	26	0.3126
chr1	258151	258152	21	0.37
chr1	258201	258202	30	0.1542
chr1	258223	258224	30	0.2517
chr1	258228	258229	33	0.8543
chr1	258248	258249	37	0.9099
chr1	258264	258265	29	0.9973
chr1	258279	258280	23	1.0
chr1	258329	258330	26	1.0
chr1	258373	258374	33	0.729
chr1	258395	258396	24	0.8704
chr1	258442	258443	32	0.8023
chr1	258486	258487	31	1.0
chr1	258501	258502	22	0.958
chr1	258524	258525	32	0.8933
chr1	258574	258575	26	0.9035
chr1	258606	258607	24	0.8809
chr1	258632	258633	28	0.9596
chr1	258732	258733	30	0.8962
chr1	258832	258833	30	0.9529
chr1	258932	258933	18	0.8936
chr1	258982	258983	27	0.7502
chr1	259033	259034	28	0.8772
chr1	259093	259094	31	0.8816
chr1	259121	259122	27	0.8281
chr1	259123	259124	25	0.8239
chr1	259163	259164	36	0.8838
chr1	259279	259280	28	0.9021
chr1	259305	259306	28	0.9036
chr1	259465	259466	28	0.9185
chr1	259511	259512	27	0.8351
chr1	259521	259522	32	0.2508
chr1	259551	259552	33	0.0
chr1	259577	259578	34	0.0933
chr1	259604	259605	25	0.0977
chr1	259621	259622	33	0.1944
chr1	259648	259649	27	0.1866
chr1	259698	259699	32	0.0
chr1	259721	259722	31	0.06
chr1	259755	259756	30	0.1203
chr1	259778	259779	34	0.0609
chr1	259809	259810	25	0.1607
chr1	259834	259835	38	0.2177
chr1	259859	259860	32	0.0692
chr1	259909	259910	30	0.0352
chr1	259959	259960	24	0.0248
chr1	259987	259988	23	0.1445
chr1	260087	260088	22	0.1188
chr1	260187	260188	24	0.0
chr1	260245	260246	33	0.071
chr1	260308	260309	27	0.1097
chr1	260361	260362	36	0.1317
chr1	260485	260486	30	0.0992
chr1	260603	260604	37	0.1277
chr1	260615	260616	33	0.1056
chr1	260747	260748	33	0.1085
chr1	260751	260752	29	0.1697
chr1	260823	260824	36	0.1885
chr1	260832	260833	36	0.6159
chr1	260853	260854	29	0.5004
chr1	260878	260879	24	0.6166
chr1	260928	260929	30	0.4435
chr1	260978	260979	31	0.6643
chr1	261006	261007	36	0.6167
chr1	261056	261057	25	0.5815
chr1	261098	261099	30	0.477
chr1	261131	261132	30	0.3914
chr1	261181	261182	34	0.4705
chr1	261222	261223	28	0.5665
chr1	261241	261242	29	0.5487
chr1	261259	261260	29	0.5875
chr1	261308	261309	28	0.5064
chr1	261319	261320	33	0.4906
chr1	261414	261415	20	0.6485
chr1	261514	261515	24	0.5373
chr1	261614	261615	29	0.5811
chr1	261714	261715	32	0.7992
chr1	261782	261783	37	0.576
chr1	261838	261839	22	0.6301
chr1	261844	261845	21	0.5965
chr1	261992	261993	26	0.6955
chr1	262174	262175	32	0.612
chr1	262188	262189	34	0.5927
chr1	262220	262221	35	0.3113
chr1	262274	262275	33	0.5462
chr1	262313	262314	28	0.9218
chr1	262346	262347	31	0.8486
chr1	262386	262387	27	0.7985
chr1	262436	262437	30	0.6323
chr1	262468	262469	29	0.7668
chr1	262502	262503	36	0.8081
chr1	262525	262526	29	0.8705
chr1	262575	262576	25	0.6453
chr1	262625	262626	36	0.9403
chr1	262654	262655	33	0.9262
chr1	262704	262705	28	0.8754
chr1	262744	262745	21	0.8997
chr1	262791	262792	28	0.9542
chr1	262841	262842	16	0.8085
chr1	262863	262864	32	0.7842
chr1	262963	262964	28	0.8747
chr1	263063	263064	33	0.8155
chr1	263163	263164	28	0.7282
chr1	263213	263214	23	0.9272
chr1	263313	263314	14	0.6902
chr1	263371	263372	33	0.9229
chr1	263377	263378	25	0.2524
chr1	263399	263400	28	0.0851
chr1	263425	263426	31	0.2903
chr1	263448	263449	29	0.2777
chr1	263480	263481	36	0.0579
chr1	263495	263496	26	0.0666
chr1	263518	263519	28	0.0343
chr1	263544	263545	17	0.2331
chr1	263594	263595	31	0.0972
chr1	263644	263645	27	0.0587
chr1	263692	263693	36	0.1593
chr1	263710	263711	29	0.0
chr1	263755	263756	33	0.1379
chr1	263805	263806	33	0.1522
chr1	263847	263848	18	0.1487
chr1	263864	263865	33	0.1636
chr1	263894	263895	35	0.1764
chr1	263912	263913	32	0.1251
chr1	263964	263965	31	0.0368
chr1	264048	264049	27	0.2192
chr1	264103	264104	29	0.1679
chr1	264203	264204	26	0.1871
chr1	264291	264292	32	0.1346
chr1	264358	264359	27	0.1214
chr1	264408	264409	32	0.2091
chr1	264486	264487	18	0.0728
chr1	264516	264517	34	0.0795
chr1	264524	264525	26	0.153
chr1	264544	264545	30	0.0757
chr1	264554	264555	29	0.1646
chr1	264596	264597	37	0.1097
chr1	265722	265723	25	0.9554
chr1	265747	265748	30	0.8124
chr1	265762	265763	26	1.0
chr1	265812	265813	28	0.9221
chr1	265849	265850	30	0.924
chr1	265892	265893	26	0.9367
chr1	265912	265913	32	0.9759
chr1	265955	265956	23	0.9852
chr1	265973	265974	31	1.0
chr1	265997	265998	31	0.8388
chr1	266036	266037	19	0.8465
chr1	266051	266052	29	0.9002
chr1	266079	266080	30	0.9122
chr1	266129	266130	34	0.8771
chr1	266179	266180	26	0.9855
chr1	266210	266211	31	1.0
chr1	266226	266227	34	0.9483
chr1	266251	266252	39	0.8916
chr1	266330	266331	21	0.9093
chr1	266380	266381	42	0.8436
chr1	266480	266481	25	0.8801
chr1	266533	266534	31	0.9254
chr1	266626	266627	28	0.8434
chr1	266726	266727	20	0.8779
chr1	266776	266777	25	0.9478
chr1	266884	266885	30	0.8795
chr1	266890	266891	38	0.8949
chr1	266930	266931	31	0.9337
chr1	266958	266959	27	0.9477
chr1	266994	266995	40	0.9386
chr1	267094	267095	26	0.8957
chr1	267108	267109	24	0.928
chr1	267152	267153	31	0.9259
chr1	267174	267175	21	0.913
chr1	267219	267220	38	0.8574
chr1	267251	267252	28	0.8403
chr1	267301	267302	29	0.6286
chr1	267316	267317	24	0.6895
chr1	267341	267342	30	0.6989
chr1	267369	267370	36	0.9072
chr1	267399	267400	26	0.7953
chr1	267436	267437	23	0.6789
chr1	267464	267465	22	0.5733
chr1	267502	267503	35	0.8474
chr1	267539	267540	34	0.7926
chr1	267580	267581	29	0.6988
chr1	267600	267601	23	0.8219
chr1	267615	267616	24	0.7632
chr1	267664	267665	26	0.7192
chr1	267696	267697	26	0.6205
chr1	267796	267797	33	0.8151
chr1	267896	267897	30	0.7861
chr1	267946	267947	35	0.7984
chr1	268046	268047	31	0.7058
chr1	268096	268097	28	0.7752
chr1	268108	268109	34	0.6801
chr1	268162	268163	35	0.6851
chr1	268210	268211	21	0.3398
chr1	268236	268237	38	0.4434
chr1	268268	268269	35	0.3722
chr1	268298	268299	31	0.2818
chr1	268331	268332	31	0.2176
chr1	268359	268360	20	0.2211
chr1	268401	268402	32	0.3657
chr1	268440	268441	36	0.2671
chr1	268455	268456	20	0.2394
chr1	268481	268482	24	0.3691
chr1	268522	268523	21	0.2488
chr1	268557	268558	30	0.2485
chr1	268576	268577	28	0.1472
chr1	268610	268611	24	0.2473
chr1	268643	268644	29	0.1777
chr1	268652	268653	22	0.1584
chr1	268718	268719	30	0.2566
chr1	268776	268777	28	0.1762
chr1	268876	268877	33	0.1162
chr1	268976	268977	32	0.3652
chr1	269026	269027	21	0.1835
chr1	269044	269045	28	0.1033
chr1	269062	269063	26	0.1933
chr1	269104	269105	31	0.8995
chr1	269135	269136	34	0.8831
chr1	269183	269184	29	0.9211
chr1	269233	269234	23	0.8448
chr1	269283	269284	27	0.982
chr1	269327	269328	35	0.9747
chr1	269377	269378	34	0.8481
chr1	269397	269398	26	0.9699
chr1	269428	269429	25	0.9621
chr1	269451	269452	29	0.6892
chr1	269497	269498	23	0.9142
chr1	269529	269530	23	0.8849
chr1	269555	269556	34	0.7825
chr1	269605	269606	34	0.8413
chr1	269636	269637	25	0.9078
chr1	269645	269646	26	0.9092
chr1	269745	269746	40	1.0
chr1	269809	269810	24	0.9603
chr1	269893	269894	29	0.8947
chr1	269972	269973	43	1.0
chr1	270066	270067	31	0.9181
chr1	270145	270146	25	0.9923
chr1	270239	270240	31	0.9111
chr1	270263	270264	30	0.062
chr1	270313	270314	29	0.0538
chr1	270334	270335	22	0.021
chr1	270356	270357	31	0.0453
chr1	270406	270407	24	0.0
chr1	270430	270431	35	0.2499
chr1	270448	270449	29	0.0
chr1	270465	270466	36	0.036
chr1	270490	270491	28	0.0476
chr1	270505	270506	27	0.1122
chr1	270539	270540	31	0.1468
chr1	270555	270556	39	0.0914
chr1	270581	270582	33	0.0906
chr1	270597	270598	29	0.0
chr1	270632	270633	25	0.0
chr1	270669	270670	28	0.1766
chr1	270719	270720	27	0.0784
chr1	270761	270762	33	0.2011
chr1	270861	270862	35	0.0384
chr1	270961	270962	29	0.2569
chr1	271061	271062	29	0.0452
chr1	271161	271162	27	0.0593
chr1	271225	271226	20	0.1714
chr1	271249	271250	27	0.1327
chr1	271296	271297	35	0.9098
chr1	271314	271315	31	0.8107
chr1	271336	271337	31	0.7112
chr1	271351	271352	28	0.7127
chr1	271401	271402	27	0.7612
chr1	271417	271418	40	0.8794
chr1	271463	271464	33	0.816
chr1	271496	271497	33	0.7952
chr1	271543	271544	29	0.6766
chr1	271558	271559	31	0.8461
chr1	271603	271604	21	0.7521
chr1	271620	271621	26	0.7357
chr1	271670	271671	33	0.9189
chr1	271700	271701	34	0.8574
chr1	271723	271724	28	0.8661
chr1	271798	271799	28	0.7178
chr1	271848	271849	22	0.7688
chr1	271912	271913	36	0.9278
chr1	272012	272013	24	0.7266
chr1	272112	272113	35	0.6332
chr1	272186	272187	30	0.8045
chr1	272215	272216	30	0.5802
chr1	272249	272250	27	0.7374
chr1	272264	272265	28	0.5715
chr1	272296	272297	30	0.5364
chr1	272318	272319	41	0.4881
chr1	272343	272344	26	0.6771
chr1	272375	272376	26	0.7301
chr1	272410	272411	24	0.7466
chr1	272449	272450	28	0.5952
chr1	272477	272478	32	0.6778
chr1	272503	272504	30	0.5855
chr1	272525	272526	30	0.5529
chr1	272551	272552	28	0.5739
chr1	272586	272587	24	0.6057
chr1	272605	272606	32	0.7006
chr1	272636	272637	33	0.6685
chr1	272648	272649	29	0.601
chr1	272748	272749	32	0.5563
chr1	272820	272821	38	0.4963
chr1	272880	272881	26	0.6182
chr1	272980	272981	25	0.6299
chr1	273049	273050	22	0.6126
chr1	273125	273126	24	0.7236
chr1	273131	273132	38	0.554
chr1	273141	273142	27	0.7756
chr1	273191	273192	42	0.6919
chr1	273236	273237	24	0.7588
chr1	273251	273252	27	0.8807
chr1	273299	273300	37	0.8448
chr1	273329	273330	32	0.8168
chr1	273361	273362	28	0.753
chr1	273390	273391	32	0.8619
chr1	273411	273412	36	0.7949
chr1	273455	273456	28	1.0
chr1	273499	273500	29	0.7367
chr1	273537	273538	33	0.7679
chr1	273552	273553	25	0.559
chr1	273586	273587	29	0.7809
chr1	273678	273679	28	0.7803
chr1	273778	273779	35	0.8805
chr1	273878	273879	33	0.8035
chr1	273978	273979	32	0.7438
chr1	273980	273981	27	0.7465
chr1	273982	273983	28	0.8973
chr1	274016	274017	33	0.8084
chr1	274064	274065	27	0.8453
chr1	274134	274135	36	0.7864
chr1	274160	274161	38	0.7852
chr1	274188	274189	28	1.0
chr1	274282	274283	35	0.7484
chr1	274472	274473	29	0.7541
chr1	274507	274508	34	0.6786
chr1	274535	274536	27	0.8067
chr1	274559	274560	30	0.8112
chr1	274609	274610	29	0.809
chr1	274659	274660	32	0.7458
chr1	274683	274684	32	0.6188
chr1	274712	274713	32	0.7912
chr1	274762	274763	29	0.9205
chr1	274800	274801	25	0.7586
chr1	274850	274851	32	0.7416
chr1	274892	274893	23	0.7358
chr1	274932	274933	27	0.7198
chr1	274947	274948	31	0.5758
chr1	274974	274975	29	0.679
chr1	275005	275006	39	0.78
chr1	275018	275019	33	0.8075
chr1	275100	275101	25	0.8139
chr1	275200	275201	34	0.8378
chr1	275300	275301	37	0.8063
chr1	275350	275351	41	0.8599
chr1	275450	275451	29	0.568
chr1	275521	275522	21	0.9094
chr1	275523	275524	29	0.7746
chr1	275587	275588	29	0.887
chr1	275626	275627	32	0.8959
chr1	275676	275677	32	0.9384
chr1	275701	275702	24	0.9422
chr1	275721	275722	29	0.8738
chr1	275765	275766	31	0.8287
chr1	275795	275796	29	0.9571
chr1	275841	275842	30	0.8494
chr1	275856	275857	35	0.7812
chr1	275881	275882	27	0.811
chr1	275912	275913	29	0.7799
chr1	275941	275942	26	0.8004
chr1	275991	275992	27	0.756
chr1	276014	276015	26	0.7467
chr1	276052	276053	38	1.0
chr1	276082	276083	31	0.8348
chr1	276103	276104	36	0.9202
chr1	276127	276128	31	0.8888
chr1	276146	276147	25	0.9079
chr1	276168	276169	30	0.9041
chr1	276268	276269	35	0.7418
chr1	276318	276319	32	0.8522
chr1	276418	276419	38	0.8847
chr1	276490	276491	20	0.8196
chr1	276590	276591	34	0.8945
chr1	276663	276664	27	0.9427
chr1	276761	276762	36	0.8303
chr1	276786	276787	30	0.7554
chr1	276820	276821	30	0.7711
chr1	276838	276839	32	0.6475
chr1	276872	276873	23	0.7596
chr1	276900	276901	33	0.6229
chr1	276916	276917	33	0.7926
chr1	276949	276950	29	0.7959
chr1	276999	277000	25	0.7124
chr1	277015	277016	23	0.6548
chr1	277034	277035	32	0.7591
chr1	277056	277057	31	0.6008
chr1	277079	277080	39	0.5428
chr1	277121	277122	25	0.748
chr1	277147	277148	32	0.8735
chr1	277162	277163	25	0.7321
chr1	277184	277185	24	0.8637
chr1	277227	277228	28	0.558
chr1	277268	277269	33	0.6363
chr1	277352	277353	27	0.6356
chr1	277452	277453	33	0.6589
chr1	277502	277503	27	0.763
chr1	277575	277576	26	0.571
chr1	277625	277626	36	0.5767
chr1	277691	277692	29	0.6191
chr1	277717	277718	27	0.6173
chr1	277740	277741	36	0.8746
chr1	277773	277774	35	0.8926
chr1	277794	277795	29	0.9593
chr1	277822	277823	32	0.9077
chr1	277848	277849	34	0.7463
chr1	277863	277864	33	1.0
chr1	277878	277879	23	0.9252
chr1	277899	277900	29	0.7229
chr1	277917	277918	22	0.8212
chr1	277966	277967	29	0.9411
chr1	277985	277986	28	0.971
chr1	278012	278013	28	0.9777
chr1	278041	278042	29	0.8677
chr1	278089	278090	35	0.9501
chr1	278129	278130	31	0.8341
chr1	278146	278147	33	0.9087
chr1	278172	278173	34	1.0
chr1	278206	278207	35	0.9101
chr1	278306	278307	29	0.6775
chr1	278357	278358	40	0.9146
chr1	278457	278458	35	1.0
chr1	278534	278535	28	0.8938
chr1	278634	278635	27	0.8727
chr1	278694	278695	26	0.8994
chr1	278719	278720	25	0.8218
chr1	278744	278745	27	0.7164
chr1	278766	278767	28	0.8407
chr1	278796	278797	27	0.7702
chr1	278815	278816	31	0.7365
chr1	278834	278835	37	0.8082
chr1	278854	278855	29	0.8691
chr1	278885	278886	29	0.5175
chr1	278935	278936	33	0.8059
chr1	278978	278979	37	0.7192
chr1	278993	278994	26	0.6402
chr1	279010	279011	36	0.7421
chr1	279060	279061	37	0.842
chr1	279098	279099	26	0.6687
chr1	279118	279119	40	0.7322
chr1	279145	279146	26	0.7996
chr1	279160	279161	35	0.7145
chr1	279179	279180	19	0.6212
chr1	279223	279224	29	0.8294
chr1	279244	279245	24	0.6755
chr1	279344	279345	22	0.6792
chr1	279444	279445	21	0.7863
chr1	279544	279545	35	0.7738
chr1	279605	279606	27	0.5887
chr1	279705	279706	27	0.8033
chr1	279757	279758	22	0.6883
chr1	279771	279772	27	0.1049
chr1	279791	279792	32	0.422
chr1	279841	279842	24	0.044
chr1	279863	279864	28	0.1188
chr1	279890	279891	42	0.34
chr1	279905	279906	25	0.3909
chr1	279923	279924	25	0.5116
chr1	279964	279965	27	0.1054
chr1	279983	279984	29	0.0046
chr1	280009	280010	36	0.3624
chr1	280024	280025	21	0.5591
chr1	280049	280050	20	0.2606
chr1	280095	280096	40	0.4237
chr1	280132	280133	23	0.406
chr1	280179	280180	23	0.3036
chr1	280196	280197	24	0.6224
chr1	280217	280218	30	0.4729
chr1	280232	280233	29	0.022
chr1	280247	280248	35	0.1591
chr1	280284	280285	24	0.2955
chr1	280343	280344	26	0.4051
chr1	280443	280444	27	0.3164
chr1	280542	280543	30	0.0
chr1	280642	280643	26	0.0152
chr1	280742	280743	30	0.211
chr1	280885	280886	35	0.1272
chr1	280929	280930	38	0.7776
chr1	280979	280980	26	0.6581
chr1	281013	281014	31	0.7646
chr1	281041	281042	27	0.8175
chr1	281070	281071	24	0.6119
chr1	281099	281100	25	0.8518
chr1	281147	281148	38	0.8016
chr1	281178	281179	34	0.6785
chr1	281209	281210	24	0.8765
chr1	281256	281257	36	0.7926
chr1	281299	281300	32	0.5772
chr1	281315	281316	31	0.5844
chr1	281330	281331	31	0.7221
chr1	281362	281363	32	0.7135
chr1	281399	281400	32	0.8529
chr1	281408	281409	30	0.7774
chr1	281483	281484	30	0.694
chr1	281583	281584	24	0.6887
chr1	281683	281684	19	0.6471
chr1	281733	281734	37	0.7939
chr1	281833	281834	34	0.9119
chr1	281841	281842	25	0.8979
chr1	281907	281908	24	0.8327
chr1	281917	281918	23	0.8132
chr1	281933	281934	23	0.9964
chr1	281973	281974	33	0.7918
chr1	281993	281994	33	0.749
chr1	282033	282034	22	0.8329
chr1	282074	282075	23	0.8366
chr1	282113	282114	31	0.6748
chr1	282149	282150	37	0.7837
chr1	282167	282168	32	0.9214
chr1	282217	282218	21	0.6301
chr1	282260	282261	35	0.6777
chr1	282275	282276	26	0.892
chr1	282290	282291	33	0.664
chr1	282305	282306	35	0.863
chr1	282323	282324	25	0.8667
chr1	282361	282362	37	0.8353
chr1	282376	282377	26	0.9609
chr1	282418	282419	31	0.8923
chr1	282451	282452	41	0.8425
chr1	282551	282552	22	0.7379
chr1	282604	282605	27	0.7493
chr1	282704	282705	32	0.7891
chr1	282804	282805	37	0.7426
chr1	282854	282855	29	0.6866
chr1	282946	282947	28	0.8764
chr1	282980	282981	24	0.8663
chr1	282996	282997	35	0.7811
chr1	283021	283022	22	0.147
chr1	283050	283051	25	0.0596
chr1	283100	283101	30	0.0213
chr1	283150	283151	29	0.0977
chr1	283173	283174	24	0.0136
chr1	283198	283199	30	0.0
chr1	283217	283218	28	0.0973
chr1	283239	283240	30	0.034
chr1	283283	283284	30	0.0647
chr1	283321	283322	32	0.1486
chr1	283371	283372	33	0.113
chr1	283415	283416	23	0.0649
chr1	283441	283442	32	0.1469
chr1	283491	283492	32	0.0621
chr1	283514	283515	38	0.088
chr1	283576	283577	21	0.1448
chr1	283626	283627	29	0.045
chr1	283720	283721	28	0.2083
chr1	283820	283821	35	0.1183
chr1	283920	283921	34	0.0
chr1	283932	283933	31	0.1713
chr1	283962	283963	39	1.0
chr1	284012	284013	36	1.0
chr1	284038	284039	17	0.8462
chr1	284056	284057	25	0.5258
chr1	284071	284072	31	0.5778
chr1	284093	284094	27	0.8118
chr1	284121	284122	29	0.655
chr1	284138	284139	31	0.6767
chr1	284188	284189	26	0.9736
chr1	284220	284221	27	0.4586
chr1	284241	284242	28	0.7955
chr1	284291	284292	26	0.7363
chr1	284306	284307	26	0.5006
chr1	284355	284356	36	0.8176
chr1	284374	284375	32	0.6441
chr1	284389	284390	39	0.5771
chr1	284439	284440	28	0.6863
chr1	284468	284469	30	0.7994
chr1	284490	284491	27	0.813
chr1	284590	284591	25	0.4361
chr1	284640	284641	31	0.6484
chr1	284740	284741	28	0.6122
chr1	284840	284841	27	0.8378
chr1	284890	284891	29	0.8465
chr1	284961	284962	29	1.0
chr1	285023	285024	25	0.9813
chr1	285036	285037	22	0.7251
chr1	285073	285074	27	0.7287
chr1	285123	285124	27	0.7388
chr1	285152	285153	29	0.5031
chr1	285185	285186	34	0.6395
chr1	285214	285215	42	0.6167
chr1	285236	285237	33	0.75
chr1	285254	285255	28	0.7143
chr1	285304	285305	31	0.7279
chr1	285320	285321	22	0.6282
chr1	285343	285344	32	0.8173
chr1	285368	285369	22	0.6238
chr1	285399	285400	26	0.7612
chr1	285418	285419	24	0.6709
chr1	285518	285519	36	0.5246
chr1	285618	285619	33	0.7115
chr1	285718	285719	25	0.753
chr1	285791	285792	26	0.8657
chr1	285835	285836	33	0.5381
chr1	285885	285886	30	0.0
chr1	285935	285936	27	0.0844
chr1	285950	285951	30	0.0674
chr1	285970	285971	28	0.0359
chr1	285998	285999	28	0.0299
chr1	286048	286049	35	0.1655
chr1	286098	286099	31	0.0444
chr1	286116	286117	26	0.0651
chr1	286166	286167	32	0.1591
chr1	286187	286188	23	0.0132
chr1	286214	286215	33	0.0498
chr1	286243	286244	25	0.0134
chr1	286269	286270	26	0.0
chr1	286299	286300	36	0.0092
chr1	286319	286320	32	0.1149
chr1	286352	286353	25	0.0
chr1	286390	286391	31	0.1181
chr1	286398	286399	30	0.0049
chr1	286498	286499	18	0.0
chr1	286548	286549	27	0.1783
chr1	286621	286622	27	0.0394
chr1	286721	286722	33	0.0551
chr1	286821	286822	30	0.0589
chr1	286871	286872	25	0.0934
chr1	286919	286920	23	0.183
chr1	286949	286950	27	0.1926
chr1	286991	286992	15	0.8743
chr1	287018	287019	26	0.6891
chr1	287033	287034	28	0.7671
chr1	287068	287069	28	0.7357
chr1	287118	287119	30	0.9125
chr1	287151	287152	33	0.6261
chr1	287201	287202	27	0.7083
chr1	287216	287217	35	0.733
chr1	287249	287250	29	0.7408
chr1	287267	287268	29	0.7689
chr1	287301	287302	23	0.8
chr1	287344	287345	26	0.6984
chr1	287361	287362	35	0.7698
chr1	287411	287412	26	0.659
chr1	287446	287447	29	0.7274
chr1	287466	287467	23	0.8013
chr1	287510	287511	30	0.8627
chr1	287610	287611	27	0.7703
chr1	287664	287665	37	0.6531
chr1	287739	287740	25	0.5967
chr1	287839	287840	34	0.6987
chr1	287939	287940	26	0.741
chr1	288010	288011	38	0.7621
chr1	288076	288077	28	0.8178
chr1	288082	288083	28	0.1584
chr1	288104	288105	26	0.0
chr1	288143	288144	28	0.1262
chr1	288175	288176	23	0.0905
chr1	288194	288195	34	0.0417
chr1	288209	288210	39	0.0533
chr1	288252	288253	30	0.0531
chr1	288287	288288	32	0.0056
chr1	288307	288308	30	0.2032
chr1	288357	288358	22	0.0882
chr1	288375	288376	27	0.0399
chr1	288424	288425	28	0.1748
chr1	288466	288467	31	0.1197
chr1	288481	288482	40	0.0746
chr1	288531	288532	38	0.0
chr1	288544	288545	34	0.0908
chr1	288623	288624	36	0.1639
chr1	288723	288724	38	0.0
chr1	288823	288824	35	0.0883
chr1	288923	288924	40	0.2379
chr1	289011	289012	30	0.0582
chr1	289029	289030	32	0.1241
chr1	289043	289044	23	0.1274
chr1	289313	289314	35	0.0707
chr1	289321	289322	29	0.1177
chr1	289367	289368	33	0.1308
chr1	289419	289420	30	0.132
chr1	289427	289428	28	0.5985
chr1	289453	289454	24	0.5799
chr1	289471	289472	29	0.5452
chr1	289500	289501	28	0.6215
chr1	289530	289531	35	0.6722
chr1	289552	289553	39	0.4911
chr1	289581	289582	28	0.7339
chr1	289631	289632	25	0.6288
chr1	289652	289653	39	0.5732
chr1	289671	289672	23	0.594
chr1	289702	289703	32	0.7441
chr1	289752	289753	23	0.6812
chr1	289781	289782	25	0.6821
chr1	289808	289809	19	0.7113
chr1	289846	289847	21	0.5009
chr1	289886	289887	30	0.5229
chr1	289916	289917	33	0.5098
chr1	289946	289947	30	0.5423
chr1	289962	289963	32	0.6354
chr1	290062	290063	26	0.4114
chr1	290160	290161	35	0.636
chr1	290210	290211	34	0.6029
chr1	290310	290311	24	0.6348
chr1	290379	290380	25	0.6745
chr1	290436	290437	42	0.5136
chr1	290496	290497	35	0.7046
chr1	290512	290513	34	0.5282
chr1	290672	290673	32	0.4712
chr1	290680	290681	29	0.674
chr1	290732	290733	22	0.5445
chr1	290782	290783	29	0.5458
chr1	290790	290791	24	0.7139
chr1	290800	290801	36	0.5983
chr1	290804	290805	31	0.5985
chr1	290852	290853	22	0.034
chr1	290874	290875	31	0.1423
chr1	290893	290894	28	0.0773
chr1	290932	290933	36	0.238
chr1	290968	290969	28	0.0139
chr1	291002	291003	29	0.1281
chr1	291030	291031	28	0.1659
chr1	291049	291050	36	0.0844
chr1	291074	291075	26	0.0767
chr1	291119	291120	33	0.0688
chr1	291139	291140	36	0.1512
chr1	291154	291155	42	0.1193
chr1	291182	291183	27	0.2154
chr1	291209	291210	37	0.0593
chr1	291241	291242	35	0.1446
chr1	291287	291288	28	0.0
chr1	291304	291305	28	0.193
chr1	291362	291363	30	0.0596
chr1	291462	291463	36	0.0793
chr1	291557	291558	26	0.093
chr1	291657	291658	25	0.1214
chr1	291661	291662	28	0.1268
chr1	291688	291689	34	0.8744
chr1	291721	291722	27	0.8617
chr1	291761	291762	24	0.8163
chr1	291785	291786	31	0.8229
chr1	291835	291836	29	0.8095
chr1	291850	291851	30	0.8138
chr1	291872	291873	36	0.7618
chr1	291921	291922	20	0.7834
chr1	291971	291972	37	0.6957
chr1	292005	292006	31	0.6339
chr1	292055	292056	43	0.6697
chr1	292105	292106	35	0.7827
chr1	292121	292122	34	0.8167
chr1	292142	292143	20	0.8076
chr1	292192	292193	36	0.7093
chr1	292224	292225	29	0.7573
chr1	292324	292325	28	0.9323
chr1	292405	292406	26	0.7634
chr1	292455	292456	33	0.7997
chr1	292505	292506	41	0.7112
chr1	292605	292606	36	0.7783
chr1	292705	292706	27	0.7806
chr1	292749	292750	33	0.8071
chr1	292783	292784	33	0.6633
chr1	292788	292789	33	0.9147
chr1	292826	292827	30	0.7444
chr1	292876	292877	24	0.6307
chr1	292908	292909	25	0.823
chr1	292936	292937	27	0.6852
chr1	292971	292972	31	0.8695
chr1	292994	292995	33	0.7234
chr1	293012	293013	39	0.7901
chr1	293037	293038	29	0.8161
chr1	293063	293064	29	0.7278
chr1	293107	293108	34	0.8307
chr1	293140	293141	27	0.7701
chr1	293186	293187	42	0.8701
chr1	293236	293237	24	0.6671
chr1	293260	293261	32	0.8033
chr1	293299	293300	32	0.9815
chr1	293340	293341	26	0.9579
chr1	293361	293362	36	0.8519
chr1	293461	293462	28	0.9639
chr1	293529	293530	25	0.8938
chr1	293629	293630	34	0.8404
chr1	293684	293685	24	0.9159
chr1	293734	293735	28	0.6163
chr1	293833	293834	34	0.8353
chr1	293933	293934	33	0.7236
chr1	294157	294158	24	0.7701
chr1	294175	294176	33	0.822
chr1	294189	294190	28	0.7568
chr1	294285	294286	22	0.8319
chr1	294291	294292	32	0.8374
chr1	294367	294368	29	0.8765
chr1	294403	294404	35	0.2376
chr1	294433	294434	30	0.1294
chr1	294460	294461	27	0.1082
chr1	294490	294491	33	0.1532
chr1	294537	294538	32	0.085
chr1	294587	294588	26	0.2359
chr1	294613	294614	28	0.1468
chr1	294660	294661	31	0.208
chr1	294697	294698	26	0.0782
chr1	294718	294719	25	0.2216
chr1	294761	294762	28	0.0478
chr1	294794	294795	29	0.173
chr1	294844	294845	34	0.1694
chr1	294883	294884	33	0.2443
chr1	294983	294984	31	0.2296
chr1	295083	295084	31	0.3204
chr1	295170	295171	40	0.1663
chr1	295222	295223	35	0.1347
chr1	295272	295273	25	0.165
chr1	295278	295279	23	0.156
chr1	295296	295297	38	0.1789
chr1	295324	295325	27	0.8555
chr1	295348	295349	27	0.8754
chr1	295389	295390	26	0.7973
chr1	295429	295430	33	0.9818
chr1	295479	295480	25	0.8604
chr1	295494	295495	28	0.8987
chr1	295536	295537	27	0.9273
chr1	295562	295563	24	0.8608
chr1	295586	295587	35	0.8511
chr1	295624	295625	27	0.8252
chr1	295674	295675	22	0.9394
chr1	295717	295718	34	0.9203
chr1	295735	295736	28	0.8355
chr1	295750	295751	26	0.9963
chr1	295790	295791	33	0.9274
chr1	295818	295819	26	0.8484
chr1	295843	295844	31	0.9182
chr1	295851	295852	27	0.9664
chr1	295937	295938	29	0.9176
chr1	296037	296038	29	0.7875
chr1	296137	296138	21	0.8311
chr1	296234	296235	28	0.8769
chr1	296326	296327	32	0.905
chr1	296372	296373	34	0.9713
chr1	296401	296402	31	0.7546
chr1	296451	296452	33	0.6717
chr1	296467	296468	21	0.7224
chr1	296482	296483	34	0.7499
chr1	296532	296533	35	0.6861
chr1	296564	296565	30	0.6749
chr1	296612	296613	36	0.7753
chr1	296630	296631	34	0.5594
chr1	296658	296659	30	0.6604
chr1	296686	296687	32	0.8335
chr1	296701	296702	33	0.8915
chr1	296733	296734	32	0.8907
chr1	296750	296751	31	0.7708
chr1	296774	296775	34	0.7091
chr1	296790	296791	33	0.729
chr1	296835	296836	37	0.8889
chr1	296875	296876	36	0.6346
chr1	296903	296904	34	0.7919
chr1	296961	296962	29	0.615
chr1	297011	297012	34	0.6612
chr1	297111	297112	30	0.6489
chr1	297211	297212	31	0.7812
chr1	297261	297262	27	0.6908
chr1	297361	297362	32	0.7124
chr1	297399	297400	30	0.6109
chr1	297448	297449	31	0.7214
chr1	297477	297478	26	0.8067
chr1	297500	297501	26	0.9059
chr1	297517	297518	25	0.8776
chr1	297536	297537	30	0.7519
chr1	297557	297558	29	0.9207
chr1	297574	297575	33	0.8634
chr1	297613	297614	35	0.9084
chr1	297651	297652	22	0.7644
chr1	297701	297702	27	0.9342
chr1	297719	297720	34	0.8669
chr1	297769	297770	26	0.8776
chr1	297794	297795	32	0.904
chr1	297834	297835	25	0.8956
chr1	297861	297862	31	0.8384
chr1	297898	297899	29	0.9382
chr1	297904	297905	29	0.864
chr1	298004	298005	24	0.8909
chr1	298087	298088	20	0.9695
chr1	298187	298188	25	0.7661
chr1	298247	298248	35	0.9172
chr1	298347	298348	27	0.8471
chr1	298391	298392	27	0.8206
chr1	298398	298399	28	0.9608
chr1	298448	298449	35	0.7688
chr1	298495	298496	39	1.0
chr1	298515	298516	26	0.9656
chr1	298547	298548	32	0.9492
chr1	298585	298586	33	1.0
chr1	298604	298605	31	1.0
chr1	298654	298655	32	0.9489
chr1	298674	298675	25	0.907
chr1	298689	298690	25	0.8085
chr1	298704	298705	36	0.9107
chr1	298737	298738	28	0.9958
chr1	298787	298788	26	0.9582
chr1	298804	298805	29	1.0
chr1	298836	298837	28	0.9264
chr1	298860	298861	36	1.0
chr1	298893	298894	34	1.0
chr1	298943	298944	30	0.9646
chr1	298968	298969	26	0.8821
chr1	298983	298984	30	0.9314
chr1	299033	299034	27	0.9464
chr1	299083	299084	27	0.983
chr1	299183	299184	26	1.0
chr1	299270	299271	27	0.9353
chr1	299370	299371	35	1.0
chr1	299420	299421	35	0.9823
chr1	299478	299479	30	0.9731
chr1	299482	299483	24	0.8622
chr1	299666	299667	18	0.8152
chr1	299670	299671	27	0.8493
chr1	299946	299947	35	0.9199
chr1	299976	299977	22	0.8065
chr1	299981	299982	28	0.7805
chr1	300022	300023	28	0.6152
chr1	300057	300058	19	0.8082
chr1	300086	300087	34	0.7476
chr1	300124	300125	29	0.7765
chr1	300147	300148	26	0.6028
chr1	300168	300169	28	0.6112
chr1	300195	300196	35	0.8007
chr1	300230	300231	27	0.9363
chr1	300245	300246	24	0.8206
chr1	300278	300279	23	0.7617
chr1	300299	300300	33	0.7911
chr1	300325	300326	26	0.8388
chr1	300375	300376	26	0.7495
chr1	300390	300391	40	0.8431
chr1	300422	300423	29	0.6376
chr1	300449	300450	39	0.7939
chr1	300452	300453	28	0.7884
chr1	300552	300553	28	1.0
chr1	300652	300653	29	0.7806
chr1	300737	300738	26	0.8508
chr1	300837	300838	35	0.8089
chr1	300927	300928	22	0.6704
chr1	300957	300958	25	0.8786
chr1	300967	300968	28	0.7884
chr1	300985	300986	21	0.8032
chr1	300993	300994	33	0.6775
chr1	301051	301052	32	0.8176
chr1	301064	301065	38	0.7322
chr1	301095	301096	27	0.6013
chr1	301111	301112	21	0.5951
chr1	301142	301143	35	0.6542
chr1	301166	301167	34	0.6894
chr1	301194	301195	24	0.6878
chr1	301215	301216	36	0.7429
chr1	301253	301254	30	0.6159
chr1	301274	301275	35	0.8095
chr1	301315	301316	25	0.7462
chr1	301365	301366	30	0.8149
chr1	301400	301401	31	0.6858
chr1	301450	301451	27	0.7411
chr1	301473	301474	27	0.8082
chr1	301504	301505	36	0.9169
chr1	301554	301555	21	0.8569
chr1	301559	301560	28	0.6144
chr1	301645	301646	24	0.683
chr1	301745	301746	23	0.8548
chr1	301845	301846	23	0.8981
chr1	301940	301941	28	0.785
chr1	302012	302013	27	0.809
chr1	302014	302015	37	0.6959
chr1	302019	302020	33	0.2779
chr1	302058	302059	38	0.1548
chr1	302090	302091	20	0.1413
chr1	302140	302141	25	0.1785
chr1	302190	302191	27	0.1884
chr1	302227	302228	28	0.1527
chr1	302255	302256	35	0.081
chr1	302294	302295	30	0.1708
chr1	302326	302327	27	0.232
chr1	302341	302342	25	0.1233
chr1	302391	302392	31	0.1248
chr1	302406	302407	26	0.222
chr1	302447	302448	25	0.1912
chr1	302471	302472	27	0.1382
chr1	302498	302499	24	0.0
chr1	302529	302530	33	0.1847
chr1	302544	302545	35	0.1571
chr1	302644	302645	26	0.269
chr1	302722	302723	34	0.1329
chr1	302822	302823	35	0.0046
chr1	302922	302923	22	0.0929
chr1	303022	303023	31	0.1447
chr1	303044	303045	22	0.1318
chr1	303098	303099	27	0.2543
chr1	303164	303165	35	0.3055
chr1	303244	303245	22	0.0544
chr1	303410	303411	24	0.1392
chr1	303510	303511	37	0.1014
chr1	304609	304610	24	0.7362
chr1	304631	304632	39	0.8411
chr1	304665	304666	32	0.7462
chr1	304715	304716	27	0.8278
chr1	304757	304758	30	0.8739
chr1	304807	304808	25	0.6534
chr1	304822	304823	22	0.8912
chr1	304841	304842	30	0.9796
chr1	304878	304879	33	0.8303
chr1	304901	304902	20	0.8261
chr1	304949	304950	26	0.7467
chr1	304971	304972	30	0.6813
chr1	305013	305014	27	0.6395
chr1	305047	305048	33	0.5992
chr1	305092	305093	39	0.67
chr1	305115	305116	29	0.8676
chr1	305139	305140	19	0.6492
chr1	305178	305179	26	0.7973
chr1	305190	305191	37	0.8356
chr1	305263	305264	31	0.8646
chr1	305313	305314	31	1.0
chr1	305413	305414	34	0.6592
chr1	305513	305514	39	0.9266
chr1	305613	305614	26	0.8114
chr1	305765	305766	30	0.7991
chr1	305771	305772	35	0.7845
chr1	305949	305950	30	0.7807
chr1	306029	306030	40	0.704
chr1	306091	306092	32	0.7069
chr1	306125	306126	30	0.7297
chr1	306127	306128	27	0.7842
chr1	306185	306186	28	0.8646
chr1	306201	306202	25	0.8298
chr1	306239	306240	40	0.787
chr1	306261	306262	29	0.6203
chr1	306269	306270	32	0.6431
chr1	306319	306320	23	0.8513
chr1	306336	306337	26	0.8176
chr1	306386	306387	25	0.9034
chr1	306409	306410	33	0.8895
chr1	306459	306460	29	0.7323
chr1	306478	306479	31	0.898
chr1	306497	306498	29	0.7608
chr1	306528	306529	23	0.9146
chr1	306564	306565	23	0.7028
chr1	306607	306608	29	0.7706
chr1	306643	306644	22	0.7049
chr1	306693	306694	37	0.7106
chr1	306724	306725	36	0.7795
chr1	306742	306743	30	0.7388
chr1	306799	306800	30	0.6504
chr1	306899	306900	35	0.8504
chr1	306999	307000	32	0.6539
chr1	307099	307100	22	0.6253
chr1	307199	307200	29	0.7247
chr1	307253	307254	32	0.7543
chr1	307315	307316	24	0.7924
chr1	307373	307374	37	0.6832
chr1	307471	307472	42	0.8654
chr1	307481	307482	35	0.8607
chr1	307547	307548	27	0.7346
chr1	307659	307660	28	0.6661
chr1	307667	307668	32	0.9567
chr1	307710	307711	28	0.9087
chr1	307726	307727	29	0.8479
chr1	307766	307767	24	0.9636
chr1	307799	307800	28	0.9924
chr1	307830	307831	34	0.8295
chr1	307880	307881	30	0.7551
chr1	307895	307896	30	0.9204
chr1	307945	307946	15	0.7567
chr1	307995	307996	25	0.7287
chr1	308015	308016	31	0.7626
chr1	308042	308043	24	0.9093
chr1	308057	308058	38	0.9573
chr1	308077	308078	29	0.7979
chr1	308109	308110	33	0.9014
chr1	308159	308160	37	0.9043
chr1	308190	308191	27	0.7692
chr1	308202	308203	30	0.8732
chr1	308302	308303	32	0.9579
chr1	308402	308403	39	0.848
chr1	308502	308503	22	0.9072
chr1	308602	308603	37	0.8847
chr1	308702	308703	31	0.8651
chr1	308720	308721	23	0.9147
chr1	308886	308887	17	0.9111
chr1	308914	308915	19	0.897
chr1	308952	308953	25	0.8977
chr1	308972	308973	33	0.9272
chr1	308988	308989	30	0.7889
chr1	309074	309075	34	0.8289
chr1	309080	309081	34	0.8336
chr1	309140	309141	36	0.8573
chr1	309156	309157	23	0.9549
chr1	309163	309164	36	0.8864
chr1	309197	309198	20	0.8787
chr1	309219	309220	30	0.853
chr1	309269	309270	25	0.8879
chr1	309291	309292	30	0.8584
chr1	309313	309314	33	0.7437
chr1	309333	309334	26	0.9029
chr1	309373	309374	29	0.8643
chr1	309409	309410	34	0.757
chr1	309435	309436	17	0.8184
chr1	309457	309458	25	0.8725
chr1	309477	309478	30	0.8842
chr1	309527	309528	29	0.812
chr1	309577	309578	30	0.8359
chr1	309608	309609	35	0.8738
chr1	309708	309709	34	0.929
chr1	309761	309762	32	0.8727
chr1	309861	309862	26	0.7808
chr1	309961	309962	35	0.8782
chr1	310077	310078	30	0.8341
chr1	310155	310156	34	0.8375
chr1	310217	310218	31	0.8511
chr1	310259	310260	27	0.8087
chr1	310307	310308	27	0.9209
chr1	310341	310342	29	0.8642
chr1	310451	310452	36	0.762
chr1	310471	310472	25	0.9886
chr1	310494	310495	27	0.9017
chr1	310514	310515	21	0.9971
chr1	310540	310541	34	0.9744
chr1	310579	310580	26	0.9111
chr1	310612	310613	32	0.9279
chr1	310635	310636	30	0.9529
chr1	310652	310653	38	0.9782
chr1	310669	310670	31	1.0
chr1	310711	310712	32	0.9575
chr1	310737	310738	16	0.883
chr1	310787	310788	25	0.9451
chr1	310837	310838	24	0.9974
chr1	310880	310881	26	0.9596
chr1	310928	310929	24	1.0
chr1	310942	310943	36	0.9653
chr1	311042	311043	29	1.0
chr1	311142	311143	21	1.0
chr1	311213	311214	41	0.9641
chr1	311313	311314	25	0.9632
chr1	311413	311414	32	1.0
chr1	311417	311418	29	0.9339
chr1	311467	311468	26	0.9303
chr1	311473	311474	29	0.8887
chr1	311523	311524	26	0.8848
chr1	311566	311567	40	0.9243
chr1	311606	311607	29	0.979
chr1	311656	311657	28	0.8984
chr1	311706	311707	26	0.8242
chr1	311728	311729	34	0.8219
chr1	311778	311779	28	0.8696
chr1	311828	311829	27	0.8791
chr1	311843	311844	25	0.958
chr1	311866	311867	37	0.8755
chr1	311915	311916	31	0.8179
chr1	311939	311940	30	0.7196
chr1	311959	311960	27	0.9607
chr1	311985	311986	25	0.9867
chr1	311992	311993	21	0.7842
chr1	312092	312093	27	1.0
chr1	312192	312193	38	0.764
chr1	312255	312256	28	1.0
chr1	312327	312328	25	0.9402
chr1	312427	312428	28	0.8412
chr1	312511	312512	30	1.0
chr1	312531	312532	27	0.899
chr1	312605	312606	28	0.8761
chr1	312611	312612	27	0.907
chr1	312631	312632	37	0.9536
chr1	312725	312726	20	0.7584
chr1	312867	312868	28	0.8418
chr1	312886	312887	30	1.0
chr1	312925	312926	33	1.0
chr1	312950	312951	35	0.8852
chr1	312968	312969	27	0.8904
chr1	313017	313018	29	0.9331
chr1	313061	313062	36	0.9906
chr1	313085	313086	36	0.9142
chr1	313108	313109	27	0.9375
chr1	313138	313139	24	0.9647
chr1	313153	313154	27	0.862
chr1	313181	313182	31	0.8905
chr1	313216	313217	25	0.9924
chr1	313249	313250	28	0.9518
chr1	313273	313274	33	0.7933
chr1	313323	313324	27	0.8953
chr1	313354	313355	34	1.0
chr1	313375	313376	18	0.8954
chr1	313398	313399	19	1.0
chr1	313498	313499	32	0.8376
chr1	313598	313599	29	0.7574
chr1	313648	313649	33	0.8979
chr1	313698	313699	32	0.9663
chr1	313748	313749	23	0.8045
chr1	313827	313828	31	0.9679
chr1	313895	313896	32	0.8939
chr1	313989	313990	19	0.9065
chr1	314013	314014	28	0.8544
chr1	314063	314064	24	0.7959
chr1	314113	314114	37	0.6778
chr1	314163	314164	34	0.7219
chr1	314189	314190	33	0.7771
chr1	314208	314209	28	0.7978
chr1	314224	314225	29	0.8491
chr1	314240	314241	22	0.8609
chr1	314265	314266	29	0.8634
chr1	314315	314316	29	0.7586
chr1	314344	314345	32	0.8683
chr1	314366	314367	25	0.9033
chr1	314386	314387	29	0.9879
chr1	314387	314388	36	0.8688
chr1	314437	314438	28	0.8336
chr1	314513	314514	24	0.9613
chr1	314604	314605	34	0.7923
chr1	314704	314705	22	0.7818
chr1	314738	314739	28	0.9165
chr1	314766	314767	33	0.8543
chr1	314787	314788	30	0.8269
chr1	314803	314804	35	0.873
chr1	314841	314842	28	0.775
chr1	314885	314886	27	0.935
chr1	314916	314917	29	0.9136
chr1	314938	314939	27	0.8358
chr1	314959	314960	35	0.7035
chr1	314978	314979	34	0.9277
chr1	314993	314994	24	0.8826
chr1	315043	315044	36	0.939
chr1	315083	315084	32	0.876
chr1	315112	315113	33	0.9942
chr1	315147	315148	18	0.6348
chr1	315186	315187	30	0.8304
chr1	315208	315209	19	0.8455
chr1	315231	315232	30	0.7917
chr1	315281	315282	30	0.7643
chr1	315312	315313	33	0.5778
chr1	315327	315328	31	0.6939
chr1	315342	315343	26	0.8716
chr1	315442	315443	21	0.8171
chr1	315508	315509	21	0.7937
chr1	315558	315559	26	0.6519
chr1	315658	315659	32	0.8132
chr1	315723	315724	23	0.7661
chr1	315773	315774	43	0.6627
chr1	315862	315863	22	0.7711
chr1	315874	315875	32	0.7538
chr1	315932	315933	36	0.7184
chr1	315940	315941	33	1.0
chr1	315958	315959	27	0.8617
chr1	315999	316000	29	0.8139
chr1	316019	316020	30	0.8553
chr1	316062	316063	21	0.8533
chr1	316079	316080	26	0.8853
chr1	316102	316103	27	0.8192
chr1	316148	316149	31	0.7466
chr1	316198	316199	31	0.7613
chr1	316231	316232	22	0.6772
chr1	316250	316251	19	0.7795
chr1	316300	316301	31	0.8113
chr1	316341	316342	29	0.8322
chr1	316365	316366	32	0.6632
chr1	316415	316416	32	0.7884
chr1	316431	316432	28	0.8064
chr1	316531	316532	29	0.8237
chr1	316631	316632	31	0.7303
chr1	316731	316732	32	0.7841
chr1	316831	316832	27	0.8172
chr1	316881	316882	19	0.8423
chr1	317011	317012	28	0.5734
chr1	317035	317036	28	0.6838
chr1	317225	317226	34	0.9269
chr1	317259	317260	31	0.7018
chr1	317293	317294	26	0.775
chr1	317351	317352	31	0.8206
chr1	317373	317374	30	0.7474
chr1	317378	317379	32	0.1302
chr1	317404	317405	36	0.1688
chr1	317441	317442	23	0.3445
chr1	317491	317492	37	0.2327
chr1	317531	317532	33	0.1602
chr1	317558	317559	30	0.3699
chr1	317608	317609	30	0.3328
chr1	317633	317634	31	0.4629
chr1	317655	317656	31	0.3534
chr1	317676	317677	41	0.148
chr1	317726	317727	30	0.2849
chr1	317776	317777	26	0.3612
chr1	317822	317823	37	0.0818
chr1	317842	317843	18	0.3606
chr1	317876	317877	25	0.339
chr1	317907	317908	35	0.3277
chr1	317915	317916	30	0.0742
chr1	318015	318016	27	0.2724
chr1	318115	318116	21	0.3339
chr1	318215	318216	38	0.2018
chr1	318271	318272	21	0.2874
chr1	318371	318372	30	0.269
chr1	318509	318510	26	0.3306
chr1	318531	318532	36	0.3053
chr1	318691	318692	23	0.1493
chr1	318693	318694	35	0.3952
chr1	318725	318726	31	0.3874
chr1	318747	318748	32	0.1983
chr1	318811	318812	40	0.0788
chr1	318858	318859	22	0.8997
chr1	318887	318888	33	0.9158
chr1	318915	318916	34	0.8749
chr1	318933	318934	41	0.8531
chr1	318948	318949	27	0.8366
chr1	318986	318987	21	0.8956
chr1	319019	319020	30	0.8731
chr1	319045	319046	32	0.8229
chr1	319093	319094	25	1.0
chr1	319117	319118	26	0.8638
chr1	319138	319139	31	0.7452
chr1	319178	319179	18	1.0
chr1	319224	319225	30	0.8578
chr1	319251	319252	26	0.8026
chr1	319266	319267	37	0.9514
chr1	319296	319297	24	0.9977
chr1	319334	319335	33	0.9028
chr1	319366	319367	21	0.8115
chr1	319386	319387	29	0.8101
chr1	319464	319465	32	0.7496
chr1	319564	319565	25	0.8475
chr1	319664	319665	29	0.8638
chr1	319723	319724	33	0.8073
chr1	319773	319774	23	0.8895
chr1	319860	319861	27	0.7945
chr1	319872	319873	30	0.8223
chr1	319902	319903	28	0.9087
chr1	319939	319940	22	0.822
chr1	319954	319955	34	0.7587
chr1	319980	319981	34	0.8683
chr1	319998	319999	35	0.81
chr1	320022	320023	31	0.7724
chr1	320039	320040	26	0.7247
chr1	320062	320063	25	0.776
chr1	320102	320103	27	0.805
chr1	320132	320133	35	0.701
chr1	320182	320183	33	0.892
chr1	320197	320198	21	0.8796
chr1	320217	320218	30	0.8461
chr1	320267	320268	38	0.827
chr1	320317	320318	33	0.887
chr1	320332	320333	33	0.8395
chr1	320367	320368	30	0.7883
chr1	320467	320468	21	0.7505
chr1	320544	320545	20	0.8062
chr1	320608	320609	26	0.8061
chr1	320708	320709	32	0.9669
chr1	320764	320765	28	0.9021
chr1	320778	320779	24	0.8397
chr1	320834	320835	34	0.2337
chr1	320881	320882	29	0.0
chr1	320917	320918	35	0.0325
chr1	320966	320967	23	0.2065
chr1	320996	320997	33	0.0982
chr1	321046	321047	24	0.0246
chr1	321096	321097	25	0.2374
chr1	321146	321147	30	0.0874
chr1	321183	321184	29	0.0897
chr1	321279	321280	28	0.0494
chr1	321379	321380	33	0.064
chr1	321439	321440	39	0.0
chr1	321537	321538	32	0.1155
chr1	321575	321576	32	0.1967
chr1	321622	321623	35	0.6052
chr1	321670	321671	35	0.5981
chr1	321720	321721	30	0.7485
chr1	321764	321765	33	0.4766
chr1	321796	321797	34	0.5072
chr1	321817	321818	31	0.6397
chr1	321867	321868	24	0.541
chr1	321895	321896	32	0.6559
chr1	321945	321946	25	0.6999
chr1	321960	321961	27	0.604
chr1	322004	322005	26	0.5915
chr1	322039	322040	25	0.7138
chr1	322054	322055	28	0.6216
chr1	322056	322057	36	0.5101
chr1	322145	322146	25	0.5674
chr1	322216	322217	32	0.4872
chr1	322293	322294	34	0.6372
chr1	322364	322365	42	0.659
chr1	322464	322465	27	0.7804
chr1	322512	322513	27	0.5233
chr1	322534	322535	34	0.109
chr1	322560	322561	36	0.0361
chr1	322585	322586	28	0.064
chr1	322606	322607	32	0.0372
chr1	322621	322622	29	0.0
chr1	322649	322650	32	0.0939
chr1	322674	322675	30	0.0
chr1	322712	322713	36	0.0255
chr1	322742	322743	26	0.0092
chr1	322791	322792	34	0.0
chr1	322818	322819	31	0.1553
chr1	322849	322850	25	0.0716
chr1	322864	322865	34	0.1048
chr1	322904	322905	33	0.0969
chr1	322932	322933	27	0.0
chr1	322949	322950	37	0.0
chr1	322987	322988	33	0.1162
chr1	323022	323023	34	0.029
chr1	323066	323067	29	0.0752
chr1	323109	323110	26	0.0
chr1	323130	323131	30	0.0802
chr1	323138	323139	33	0.2014
chr1	323188	323189	35	0.0179
chr1	323288	323289	32	0.0886
chr1	323350	323351	32	0.0638
chr1	323400	323401	27	0.1426
chr1	323500	323501	30	0.0766
chr1	323600	323601	26	0.1351
chr1	323700	323701	36	0.0016
chr1	323746	323747	29	0.128
chr1	323786	323787	35	0.105
chr1	323795	323796	33	0.9228
chr1	323845	323846	35	1.0
chr1	323878	323879	26	1.0
chr1	323903	323904	21	0.9016
chr1	323947	323948	31	0.9906
chr1	323980	323981	33	0.9841
chr1	324009	324010	32	0.8517
chr1	324059	324060	22	0.8656
chr1	324088	324089	32	0.9233
chr1	324122	324123	23	0.7809
chr1	324153	324154	26	0.8639
chr1	324188	324189	34	0.8384
chr1	324203	324204	35	0.9123
chr1	324244	324245	36	0.8636
chr1	324268	324269	29	0.828
chr1	324286	324287	34	0.8885
chr1	324336	324337	32	0.9879
chr1	324392	324393	33	0.9245
chr1	324492	324493	27	0.9764
chr1	324581	324582	29	0.9065
chr1	324647	324648	32	0.9485
chr1	324747	324748	26	0.8739
chr1	324749	324750	32	0.8688
chr1	324845	324846	29	0.9267
chr1	324847	324848	31	0.8558
chr1	324855	324856	30	0.8349
chr1	324925	324926	31	0.9307
chr1	324957	324958	27	0.8716
chr1	325001	325002	37	0.8769
chr1	325027	325028	22	0.8744
chr1	325113	325114	35	0.8859
chr1	325191	325192	26	0.7823
chr1	325229	325230	30	0.9415
chr1	325266	325267	24	0.8856
chr1	325316	325317	31	0.7719
chr1	325345	325346	27	0.8142
chr1	325377	325378	30	0.7765
chr1	325395	325396	31	0.7954
chr1	325428	325429	26	0.8163
chr1	325448	325449	23	0.8999
chr1	325463	325464	29	0.9486
chr1	325482	325483	31	0.9472
chr1	325516	325517	41	0.6934
chr1	325531	325532	33	0.9239
chr1	325548	325549	31	0.7855
chr1	325573	325574	28	0.981
chr1	325592	325593	29	0.9926
chr1	325642	325643	31	0.9112
chr1	325657	325658	33	0.7945
chr1	325683	325684	38	0.7091
chr1	325733	325734	24	0.8238
chr1	325833	325834	33	0.8223
chr1	325933	325934	30	0.8242
chr1	326033	326034	29	0.8533
chr1	326090	326091	25	0.8636
chr1	326160	326161	20	0.7287
chr1	326206	326207	27	0.1385
chr1	326241	326242	32	0.1299
chr1	326286	326287	28	0.1921
chr1	326336	326337	29	0.2286
chr1	326382	326383	27	0.0425
chr1	326404	326405	23	0.0796
chr1	326452	326453	26	0.2145
chr1	326502	326503	33	0.0
chr1	326531	326532	31	0.1422
chr1	326552	326553	29	0.0864
chr1	326602	326603	27	0.1628
chr1	326611	326612	39	0.1417
chr1	326711	326712	28	0.2788
chr1	326772	326773	27	0.1654
chr1	326872	326873	25	0.0484
chr1	326972	326973	25	0.1896
chr1	327000	327001	37	0.0307
chr1	327070	327071	28	0.1585
chr1	327086	327087	39	0.8034
chr1	327118	327119	38	0.9188
chr1	327168	327169	39	0.765
chr1	327189	327190	36	0.7314
chr1	327206	327207	37	0.6352
chr1	327233	327234	31	0.7754
chr1	327260	327261	26	0.8238
chr1	327296	327297	31	0.8572
chr1	327335	327336	33	0.7052
chr1	327376	327377	24	0.7647
chr1	327426	327427	27	0.7916
chr1	327450	327451	23	0.7925
chr1	327500	327501	31	0.7547
chr1	327532	327533	34	0.7417
chr1	327632	327633	20	0.8851
chr1	327682	327683	32	0.8596
chr1	327779	327780	42	0.946
chr1	327879	327880	23	0.8873
chr1	327891	327892	34	0.9346
chr1	327903	327904	34	0.6656
chr1	327926	327927	43	0.7061
chr1	327976	327977	39	0.6856
chr1	328020	328021	30	0.6753
chr1	328037	328038	29	0.7538
chr1	328087	328088	43	0.7475
chr1	328133	328134	33	0.7024
chr1	328150	328151	26	0.6702
chr1	328177	328178	21	0.8431
chr1	328221	328222	23	0.5727
chr1	328236	328237	30	0.6806
chr1	328257	328258	28	0.7333
chr1	328296	328297	28	0.8765
chr1	328332	328333	40	0.7205
chr1	328359	328360	34	0.7218
chr1	328397	328398	41	0.6206
chr1	328419	328420	39	0.7627
chr1	328437	328438	34	0.7521
chr1	328537	328538	47	0.844
chr1	328637	328638	30	0.7177
chr1	328737	328738	25	0.8727
chr1	328830	328831	31	0.5893
chr1	328930	328931	24	0.6572
chr1	328944	328945	24	0.673
chr1	328952	328953	38	0.6884
chr1	328990	328991	28	0.637
chr1	329040	329041	26	0.8012
chr1	329073	329074	24	0.4774
chr1	329123	329124	30	0.7487
chr1	329160	329161	37	0.8154
chr1	329206	329207	32	0.45
chr1	329243	329244	32	0.4085
chr1	329275	329276	24	0.5556
chr1	329323	329324	35	0.8013
chr1	329349	329350	29	0.9027
chr1	329364	329365	36	0.4986
chr1	329394	329395	29	0.4156
chr1	329444	329445	34	0.7066
chr1	329475	329476	31	0.7752
chr1	329493	329494	25	0.7848
chr1	329496	329497	17	0.8215
chr1	329546	329547	30	0.5317
chr1	329608	329609	28	0.5092
chr1	329689	329690	26	0.7485
chr1	329789	329790	25	0.6518
chr1	329889	329890	35	0.4483
chr1	329970	329971	31	0.8258
chr1	330009	330010	25	0.7472
chr1	330093	330094	29	0.7499
chr1	330103	330104	30	0.5393
chr1	330142	330143	25	0.8621
chr1	330165	330166	32	0.7577
chr1	330215	330216	30	0.7335
chr1	330244	330245	33	0.68
chr1	330259	330260	33	0.6412
chr1	330309	330310	26	0.6699
chr1	330340	330341	34	0.7358
chr1	330378	330379	22	0.7645
chr1	330425	330426	36	0.6169
chr1	330462	330463	36	0.769
chr1	330493	330494	28	0.4607
chr1	330543	330544	25	0.6753
chr1	330561	330562	32	0.6643
chr1	330661	330662	26	0.6821
chr1	330711	330712	34	0.677
chr1	330811	330812	37	0.6421
chr1	330911	330912	29	0.6936
chr1	330978	330979	31	0.6829
chr1	331024	331025	39	0.629
chr1	331084	331085	21	0.6642
chr1	331174	331175	34	0.6899
chr1	331278	331279	35	0.655
chr1	331392	331393	28	0.7296
chr1	331396	331397	24	0.648
chr1	331419	331420	32	0.9462
chr1	331434	331435	33	0.9729
chr1	331471	331472	29	0.9055
chr1	331487	331488	37	0.96
chr1	331502	331503	21	0.8922
chr1	331526	331527	37	0.84
chr1	331555	331556	28	0.9596
chr1	331605	331606	26	0.7896
chr1	331627	331628	34	0.8922
chr1	331669	331670	32	0.9309
chr1	331704	331705	27	0.8228
chr1	331720	331721	33	0.9311
chr1	331743	331744	25	0.9655
chr1	331773	331774	28	0.9323
chr1	331788	331789	26	0.999
chr1	331838	331839	34	0.9248
chr1	331859	331860	29	0.883
chr1	331909	331910	27	0.867
chr1	331925	331926	37	0.8733
chr1	331941	331942	34	0.7264
chr1	331974	331975	29	0.9363
chr1	332074	332075	29	0.7828
chr1	332143	332144	27	0.8289
chr1	332238	332239	24	0.9524
chr1	332303	332304	29	0.9067
chr1	332371	332372	39	0.929
chr1	332471	332472	34	0.9324
chr1	332557	332558	25	0.8578
chr1	332573	332574	32	0.7671
chr1	332608	332609	23	0.6414
chr1	332639	332640	32	0.5616
chr1	332663	332664	37	0.5366
chr1	332708	332709	33	0.5305
chr1	332723	332724	34	0.5864
chr1	332764	332765	26	0.6467
chr1	332783	332784	16	0.7099
chr1	332798	332799	27	0.5978
chr1	332818	332819	34	0.6661
chr1	332858	332859	31	0.6676
chr1	332878	332879	23	0.6643
chr1	332920	332921	32	0.6349
chr1	332970	332971	33	0.614
chr1	332989	332990	32	0.6366
chr1	333004	333005	30	0.7717
chr1	333018	333019	17	0.7787
chr1	333109	333110	30	0.6431
chr1	333172	333173	23	0.5258
chr1	333267	333268	35	0.4593
chr1	333350	333351	25	0.5606
chr1	333400	333401	33	0.7218
chr1	333402	333403	29	0.5288
chr1	333498	333499	38	0.7921
chr1	333541	333542	30	0.7999
chr1	333570	333571	23	0.6735
chr1	333591	333592	35	0.5475
chr1	333641	333642	27	0.823
chr1	333678	333679	32	0.6947
chr1	333693	333694	33	0.6137
chr1	333735	333736	25	0.6857
chr1	333755	333756	36	0.7399
chr1	333770	333771	31	0.6538
chr1	333807	333808	28	0.6745
chr1	333849	333850	32	0.7477
chr1	333874	333875	32	0.7489
chr1	333924	333925	26	0.6351
chr1	333939	333940	27	0.7436
chr1	333956	333957	34	0.7054
chr1	333976	333977	34	0.767
chr1	334004	334005	31	0.7454
chr1	334025	334026	31	0.8316
chr1	334125	334126	35	0.7009
chr1	334225	334226	26	0.585
chr1	334284	334285	33	0.5487
chr1	334334	334335	21	0.6179
chr1	334406	334407	32	0.7409
chr1	334456	334457	21	0.7277
chr1	334534	334535	31	0.6017
chr1	334552	334553	41	0.8829
chr1	334596	334597	23	0.7672
chr1	334631	334632	31	0.9446
chr1	334655	334656	19	0.8389
chr1	334670	334671	26	0.8033
chr1	334693	334694	31	0.8445
chr1	334719	334720	26	0.8111
chr1	334737	334738	30	0.9102
chr1	334787	334788	27	0.756
chr1	334804	334805	35	0.9937
chr1	334819	334820	35	0.8199
chr1	334853	334854	30	0.9517
chr1	334888	334889	37	0.7741
chr1	334938	334939	27	0.9619
chr1	334966	334967	29	0.8884
chr1	334993	334994	31	0.7834
chr1	335010	335011	29	0.9899
chr1	335028	335029	35	0.8238
chr1	335128	335129	15	0.7633
chr1	335210	335211	26	0.8601
chr1	335310	335311	32	0.9071
chr1	335410	335411	34	0.6924
chr1	335486	335487	23	0.8926
chr1	335498	335499	34	0.6954
chr1	335546	335547	31	0.9368
chr1	335583	335584	23	0.7351
chr1	335605	335606	41	0.5851
chr1	335646	335647	28	0.4858
chr1	335677	335678	39	0.7766
chr1	335695	335696	33	0.5244
chr1	335721	335722	23	0.5632
chr1	335757	335758	17	0.7564
chr1	335788	335789	23	0.5733
chr1	335806	335807	30	0.6436
chr1	335845	335846	33	0.728
chr1	335886	335887	20	0.7402
chr1	335917	335918	25	0.6582
chr1	335949	335950	28	0.7416
chr1	335993	335994	31	0.7441
chr1	336043	336044	29	0.7669
chr1	336062	336063	24	0.5168
chr1	336112	336113	30	0.6922
chr1	336195	336196	31	0.5486
chr1	336262	336263	29	0.6948
chr1	336362	336363	34	0.6005
chr1	336426	336427	22	0.6641
chr1	336476	336477	41	0.7217
chr1	336526	336527	29	0.7884
chr1	336576	336577	35	0.4685
chr1	336626	336627	32	0.6092
chr1	336634	336635	26	1.0
chr1	336671	336672	32	0.8364
chr1	336721	336722	24	1.0
chr1	336744	336745	29	1.0
chr1	336788	336789	37	0.9989
chr1	336831	336832	27	1.0
chr1	336846	336847	24	0.9061
chr1	336896	336897	33	0.9184
chr1	336922	336923	37	0.9843
chr1	336972	336973	26	0.9997
chr1	337022	337023	29	0.8994
chr1	337060	337061	21	1.0
chr1	337075	337076	29	0.9039
chr1	337098	337099	26	0.9467
chr1	337148	337149	21	0.861
chr1	337240	337241	24	0.9414
chr1	337340	337341	34	1.0
chr1	337415	337416	36	0.9636
chr1	337515	337516	32	1.0
chr1	337545	337546	33	0.9658
chr1	337671	337672	31	0.9478
chr1	337689	337690	36	0.8998
chr1	337699	337700	31	0.8916
chr1	337711	337712	25	0.7492
chr1	337721	337722	37	0.9019
chr1	337751	337752	27	0.8761
chr1	337779	337780	29	0.911
chr1	337791	337792	37	0.8212
chr1	337855	337856	28	0.8886
chr1	337899	337900	32	0.1019
chr1	337920	337921	26	0.1137
chr1	337970	337971	36	0.1569
chr1	337994	337995	33	0.0803
chr1	338023	338024	28	0.0158
chr1	338073	338074	24	0.0847
chr1	338098	338099	24	0.0613
chr1	338132	338133	32	0.1818
chr1	338180	338181	24	0.1232
chr1	338196	338197	34	0.0207
chr1	338213	338214	28	0.0305
chr1	338263	338264	24	0.0598
chr1	338313	338314	29	0.0387
chr1	338328	338329	26	0.2287
chr1	338350	338351	32	0.0053
chr1	338365	338366	34	0.1988
chr1	338387	338388	28	0.0549
chr1	338420	338421	24	0.0
chr1	338491	338492	16	0.1097
chr1	338541	338542	33	0.028
chr1	338641	338642	22	0.0
chr1	338741	338742	35	0.1402
chr1	338841	338842	32	0.0732
chr1	338916	338917	34	0.0
chr1	338956	338957	27	0.0
chr1	338996	338997	27	0.7699
chr1	339028	339029	29	0.7041
chr1	339078	339079	31	0.7416
chr1	339119	339120	40	0.684
chr1	339141	339142	37	0.7003
chr1	339171	339172	31	0.6915
chr1	339217	339218	27	0.756
chr1	339247	339248	21	0.6195
chr1	339284	339285	22	0.7769
chr1	339323	339324	34	0.685
chr1	339373	339374	30	0.7765
chr1	339408	339409	38	0.7247
chr1	339443	339444	42	0.6422
chr1	339483	339484	30	0.5802
chr1	339544	339545	27	0.5289
chr1	339626	339627	17	0.7445
chr1	339712	339713	25	0.6043
chr1	339762	339763	25	0.8281
chr1	339812	339813	36	0.7639
chr1	339862	339863	38	0.823
chr1	339949	339950	27	0.7216
chr1	340003	340004	38	0.8269
chr1	340050	340051	31	0.6119
chr1	340065	340066	28	0.9256
chr1	340115	340116	35	0.6292
chr1	340145	340146	36	0.734
chr1	340171	340172	30	0.7795
chr1	340194	340195	28	0.6904
chr1	340244	340245	27	0.8483
chr1	340270	340271	22	0.7553
chr1	340300	340301	33	0.8518
chr1	340321	340322	23	0.82
chr1	340371	340372	23	0.7442
chr1	340392	340393	32	0.7836
chr1	340434	340435	30	0.6419
chr1	340460	340461	32	0.7977
chr1	340475	340476	29	0.9216
chr1	340525	340526	30	0.9029
chr1	340538	340539	28	0.6793
chr1	340638	340639	23	0.8068
chr1	340738	340739	29	0.5814
chr1	340791	340792	31	0.81
chr1	340874	340875	35	0.7999
chr1	340974	340975	26	0.812
chr1	340978	340979	41	0.9147
chr1	341009	341010	32	0.7644
chr1	341045	341046	28	0.9349
chr1	341095	341096	26	0.7252
chr1	341111	341112	29	0.5583
chr1	341126	341127	32	0.7562
chr1	341141	341142	39	0.7217
chr1	341191	341192	24	0.5997
chr1	341217	341218	37	0.6191
chr1	341247	341248	22	0.7794
chr1	341275	341276	35	0.683
chr1	341302	341303	23	0.6924
chr1	341321	341322	33	0.6433
chr1	341349	341350	36	0.6145
chr1	341386	341387	26	0.6542
chr1	341403	341404	28	0.8039
chr1	341425	341426	29	0.8224
chr1	341451	341452	31	0.6717
chr1	341498	341499	36	0.7086
chr1	341534	341535	39	0.6386
chr1	341550	341551	29	0.6542
chr1	341570	341571	30	0.7636
chr1	341670	341671	23	0.8493
chr1	341760	341761	29	0.5551
chr1	341822	341823	36	0.8192
chr1	341872	341873	21	0.5726
chr1	341972	341973	35	0.7084
chr1	342022	342023	27	0.6898
chr1	342122	342123	33	0.7393
chr1	342168	342169	34	0.8158
chr1	342203	342204	37	0.3264
chr1	342253	342254	39	0.1485
chr1	342271	342272	39	0.1966
chr1	342286	342287	24	0.0
chr1	342336	342337	35	0.0
chr1	342385	342386	27	0.3457
chr1	342411	342412	33	0.2751
chr1	342448	342449	25	0.0487
chr1	342498	342499	29	0.415
chr1	342548	342549	28	0.2676
chr1	342580	342581	21	0.3586
chr1	342595	342596	23	0.5528
chr1	342616	342617	29	0.34
chr1	342716	342717	23	0.0035
chr1	342766	342767	25	0.1806
chr1	342866	342867	24	0.0
chr1	342941	342942	28	0.0
chr1	343029	343030	25	0.0
chr1	343048	343049	25	0.7378
chr1	343098	343099	34	0.7621
chr1	343126	343127	23	0.7221
chr1	343156	343157	38	0.7683
chr1	343206	343207	38	0.7914
chr1	343223	343224	27	0.9449
chr1	343271	343272	36	0.8559
chr1	343288	343289	33	0.7953
chr1	343317	343318	30	0.8156
chr1	343363	343364	28	0.8731
chr1	343381	343382	26	0.8876
chr1	343397	343398	37	0.628
chr1	343420	343421	23	0.7267
chr1	343448	343449	30	0.7587
chr1	343476	343477	23	0.8446
chr1	343511	343512	34	0.921
chr1	343528	343529	27	0.7476
chr1	343578	343579	26	0.7416
chr1	343603	343604	21	0.7712
chr1	343703	343704	40	0.9023
chr1	343777	343778	24	0.8347
chr1	343877	343878	33	0.819
chr1	343927	343928	30	0.7382
chr1	343977	343978	30	0.7716
chr1	344077	344078	32	0.8511
chr1	344127	344128	23	0.8029
chr1	344131	344132	34	0.7785
chr1	344149	344150	27	0.094
chr1	344164	344165	35	0.0426
chr1	344203	344204	26	0.114
chr1	344231	344232	32	0.074
chr1	344254	344255	34	0.1636
chr1	344304	344305	28	0.0567
chr1	344327	344328	22	0.276
chr1	344377	344378	28	0.0529
chr1	344392	344393	37	0.0612
chr1	344442	344443	24	0.2289
chr1	344468	344469	28	0.115
chr1	344488	344489	18	0.0
chr1	344525	344526	26	0.0495
chr1	344540	344541	29	0.0155
chr1	344578	344579	24	0.079
chr1	344596	344597	20	0.142
chr1	344647	344648	33	0.0803
chr1	344742	344743	29	0.0348
chr1	344823	344824	33	0.1064
chr1	344880	344881	33	0.08
chr1	344980	344981	29	0.206
chr1	345030	345031	35	0.1717
chr1	345064	345065	25	0.0814
chr1	345079	345080	31	0.1144
chr1	345120	345121	28	0.0117
chr1	345149	345150	29	0.0
chr1	345185	345186	35	0.1026
chr1	345221	345222	32	0.248
chr1	345259	345260	24	0.0649
chr1	345297	345298	38	0.0488
chr1	345345	345346	29	0.0591
chr1	345376	345377	31	0.0747
chr1	345391	345392	34	0.0174
chr1	345441	345442	28	0.0529
chr1	345464	345465	27	0.1801
chr1	345489	345490	26	0.1204
chr1	345508	345509	26	0.0428
chr1	345558	345559	31	0.0813
chr1	345588	345589	27	0.0705
chr1	345599	345600	35	0.0159
chr1	345699	345700	39	0.1994
chr1	345749	345750	27	0.1763
chr1	345844	345845	37	0.0472
chr1	345894	345895	23	0.259
chr1	345972	345973	32	0.0744
chr1	346039	346040	34	0.0
chr1	346089	346090	35	0.1498
chr1	346173	346174	21	0.1052
chr1	346183	346184	27	0.228
chr1	346228	346229	25	0.1648
chr1	346248	346249	30	0.2275
chr1	346288	346289	26	0.1469
chr1	346338	346339	30	0.0293
chr1	346364	346365	32	0.0665
chr1	346402	346403	25	0.1523
chr1	346423	346424	30	0.2458
chr1	346450	346451	36	0.3415
chr1	346500	346501	21	0.2332
chr1	346515	346516	35	0.2063
chr1	346557	346558	34	0.1724
chr1	346590	346591	29	0.1807
chr1	346624	346625	27	0.2556
chr1	346639	346640	25	0.1269
chr1	346679	346680	29	0.1139
chr1	346713	346714	29	0.2017
chr1	346756	346757	31	0.2158
chr1	346838	346839	32	0.0943
chr1	346938	346939	29	0.2191
chr1	347014	347015	21	0.2781
chr1	347068	347069	32	0.0814
chr1	347124	347125	40	0.3402
chr1	347224	347225	31	0.2981
chr1	347282	347283	24	0.1314
chr1	347290	347291	22	0.8752
chr1	347317	347318	31	0.9422
chr1	347349	347350	23	0.783
chr1	347377	347378	27	0.8664
chr1	347394	347395	29	0.9336
chr1	347413	347414	32	0.8924
chr1	347458	347459	23	0.8895
chr1	347495	347496	27	0.842
chr1	347538	347539	22	0.8853
chr1	347565	347566	30	0.783
chr1	347590	347591	27	0.8807
chr1	347612	347613	25	0.7583
chr1	347656	347657	31	0.9947
chr1	347684	347685	33	0.7043
chr1	347734	347735	33	0.8152
chr1	347781	347782	25	0.8919
chr1	347807	347808	30	0.7756
chr1	347907	347908	32	0.8047
chr1	348007	348008	34	0.7958
chr1	348107	348108	32	0.8546
chr1	348157	348158	31	0.8903
chr1	348244	348245	25	0.8852
chr1	348319	348320	28	0.8075
chr1	348329	348330	31	0.9233
chr1	348471	348472	29	0.9039
chr1	348529	348530	30	0.7948
chr1	348617	348618	25	0.7216
chr1	348721	348722	38	0.8512
chr1	348765	348766	26	0.8826
chr1	348794	348795	29	0.7593
chr1	348836	348837	33	0.6619
chr1	348865	348866	26	0.7374
chr1	348915	348916	30	0.8352
chr1	348940	348941	30	0.7101
chr1	348970	348971	25	0.834
chr1	349020	349021	29	0.6287
chr1	349053	349054	25	0.5945
chr1	349068	349069	31	0.8233
chr1	349117	349118	37	0.562
chr1	349142	349143	31	0.8119
chr1	349175	349176	28	0.5967
chr1	349203	349204	22	0.675
chr1	349232	349233	41	0.6923
chr1	349243	349244	24	0.7965
chr1	349294	349295	33	0.7065
chr1	349392	349393	20	0.8157
chr1	349492	349493	41	0.8106
chr1	349592	349593	31	0.6226
chr1	349651	349652	25	0.7153
chr1	349675	349676	29	0.7544
chr1	349745	349746	30	0.5404
chr1	349755	349756	26	0.708
chr1	349788	349789	26	0.896
chr1	349825	349826	30	0.8062
chr1	349841	349842	30	0.9018
chr1	349891	349892	32	0.9359
chr1	349906	349907	32	0.7091
chr1	349941	349942	25	0.8772
chr1	349982	349983	27	0.7994
chr1	350032	350033	23	0.9024
chr1	350051	350052	37	0.9156
chr1	350074	350075	27	0.9273
chr1	350113	350114	23	0.8704
chr1	350154	350155	33	0.6467
chr1	350188	350189	29	0.8237
chr1	350200	350201	32	0.8041
chr1	350250	350251	22	0.779
chr1	350350	350351	39	0.8984
chr1	350450	350451	27	0.7049
chr1	350550	350551	27	0.615
chr1	350644	350645	30	0.8083
chr1	350696	350697	22	0.7791
chr1	350802	350803	31	0.8319
chr1	350844	350845	31	0.754
chr1	350932	350933	29	0.9358
chr1	350974	350975	23	0.6494
chr1	351048	351049	33	0.7573
chr1	351110	351111	28	0.9022
chr1	351134	351135	20	0.843
chr1	351144	351145	29	0.8331
chr1	351184	351185	22	0.0105
chr1	351224	351225	33	0.0816
chr1	351263	351264	33	0.0706
chr1	351297	351298	28	0.0529
chr1	351312	351313	29	0.1946
chr1	351346	351347	19	0.2114
chr1	351365	351366	22	0.1029
chr1	351415	351416	33	0.0984
chr1	351437	351438	36	0.071
chr1	351473	351474	28	0.1153
chr1	351509	351510	26	0.224
chr1	351541	351542	27	0.1546
chr1	351563	351564	33	0.044
chr1	351590	351591	26	0.0211
chr1	351616	351617	32	0.121
chr1	351672	351673	34	0.1125
chr1	351732	351733	18	0.0013
chr1	351832	351833	25	0.02
chr1	351882	351883	34	0.0821
chr1	351953	351954	31	0.0586
chr1	352040	352041	34	0.0
chr1	352076	352077	38	0.1454
chr1	352084	352085	25	0.7184
chr1	352103	352104	24	0.7577
chr1	352118	352119	22	0.9072
chr1	352168	352169	32	0.7625
chr1	352195	352196	26	0.7357
chr1	352242	352243	28	0.9244
chr1	352284	352285	36	0.8884
chr1	352326	352327	32	0.772
chr1	352354	352355	31	0.8711
chr1	352404	352405	22	0.7888
chr1	352424	352425	35	0.7321
chr1	352465	352466	33	0.7851
chr1	352491	352492	30	0.7176
chr1	352533	352534	34	0.7724
chr1	352561	352562	30	0.7392
chr1	352584	352585	39	0.8545
chr1	352607	352608	22	0.7773
chr1	352629	352630	34	0.8851
chr1	352729	352730	33	0.9715
chr1	352825	352826	29	0.7809
chr1	352925	352926	35	0.8177
chr1	352982	352983	41	0.8253
chr1	353064	353065	20	0.8011
chr1	353114	353115	23	0.7746
chr1	353120	353121	31	0.9252
chr1	353190	353191	38	0.822
chr1	353238	353239	35	0.7501
chr1	353340	353341	25	0.895
chr1	353358	353359	32	0.8738
chr1	353388	353389	30	0.8321
chr1	353396	353397	36	0.9233
chr1	353524	353525	22	0.9145
chr1	353596	353597	37	0.9201
chr1	353645	353646	36	0.8818
chr1	353661	353662	30	0.7392
chr1	353683	353684	32	0.6679
chr1	353715	353716	29	0.7348
chr1	353732	353733	24	0.7543
chr1	353757	353758	25	0.7074
chr1	353778	353779	27	0.784
chr1	353801	353802	28	0.7038
chr1	353846	353847	32	0.7077
chr1	353886	353887	30	0.7168
chr1	353908	353909	31	0.6749
chr1	353958	353959	33	0.8731
chr1	353992	353993	29	0.6932
chr1	354007	354008	26	0.6591
chr1	354033	354034	27	0.6565
chr1	354062	354063	36	0.7513
chr1	354082	354083	28	0.8288
chr1	354107	354108	24	0.9303
chr1	354124	354125	37	0.7348
chr1	354154	354155	30	0.7616
chr1	354157	354158	32	0.7804
chr1	354257	354258	31	0.7309
chr1	354357	354358	35	0.8035
chr1	354457	354458	26	0.8816
chr1	354507	354508	34	0.7485
chr1	354607	354608	32	0.7339
chr1	354635	354636	28	0.678
chr1	354644	354645	20	0.7065
chr1	354689	354690	27	0.6678
chr1	354708	354709	24	0.762
chr1	354725	354726	27	0.7955
chr1	354756	354757	37	0.6242
chr1	354793	354794	36	0.6676
chr1	354833	354834	39	0.7396
chr1	354873	354874	30	0.7264
chr1	354891	354892	29	0.7926
chr1	354934	354935	32	0.7658
chr1	354984	354985	30	0.7798
chr1	355011	355012	24	0.7771
chr1	355026	355027	34	0.6707
chr1	355063	355064	38	0.7304
chr1	355085	355086	30	0.6128
chr1	355100	355101	37	0.8765
chr1	355133	355134	24	0.793
chr1	355183	355184	29	0.7079
chr1	355283	355284	29	0.6702
chr1	355381	355382	22	0.657
chr1	355444	355445	28	0.6972
chr1	355500	355501	28	0.7217
chr1	355571	355572	25	0.7995
chr1	355601	355602	32	0.6881
chr1	355605	355606	28	0.7461
chr1	355655	355656	32	0.8031
chr1	355827	355828	31	0.8051
chr1	355873	355874	31	0.8034
chr1	355941	355942	24	0.6933
chr1	355977	355978	29	0.8898
chr1	356000	356001	36	0.9574
chr1	356020	356021	30	0.6892
chr1	356049	356050	32	0.7541
chr1	356083	356084	22	0.7276
chr1	356110	356111	33	0.6987
chr1	356141	356142	32	0.8443
chr1	356191	356192	29	0.7679
chr1	356241	356242	25	0.6403
chr1	356274	356275	29	0.642
chr1	356317	356318	32	0.6533
chr1	356332	356333	28	0.7022
chr1	356382	356383	25	0.5913
chr1	356402	356403	31	0.8248
chr1	356452	356453	26	0.575
chr1	356474	356475	23	0.8317
chr1	356574	356575	26	0.6856
chr1	356624	356625	31	0.6872
chr1	356679	356680	35	0.8055
chr1	356779	356780	30	0.6457
chr1	356879	356880	25	0.7844
chr1	356907	356908	26	0.7559
chr1	356979	356980	23	0.6249
chr1	357011	357012	26	0.2534
chr1	357048	357049	34	0.0729
chr1	357098	357099	19	0.1257
chr1	357116	357117	33	0.08
chr1	357137	357138	27	0.0717
chr1	357162	357163	29	0.109
chr1	357184	357185	30	0.0923
chr1	357202	357203	19	0.1046
chr1	357230	357231	31	0.1744
chr1	357280	357281	28	0.1597
chr1	357300	357301	26	0.2021
chr1	357350	357351	31	0.2253
chr1	357397	357398	29	0.2408
chr1	357425	357426	30	0.1059
chr1	357455	357456	26	0.1677
chr1	357476	357477	30	0.073
chr1	357491	357492	30	0.0853
chr1	357528	357529	22	0.0
chr1	357628	357629	36	0.3153
chr1	357728	357729	29	0.1839
chr1	357828	357829	38	0.0778
chr1	357878	357879	25	0.0594
chr1	357978	357979	29	0.1068
chr1	357980	357981	34	0.2188
chr1	357986	357987	38	0.0855
chr1	358025	358026	28	0.8311
chr1	358042	358043	21	0.8965
chr1	358073	358074	29	0.8512
chr1	358123	358124	29	0.6453
chr1	358157	358158	26	0.8552
chr1	358172	358173	29	0.9031
chr1	358195	358196	30	0.96
chr1	358229	358230	32	0.8875
chr1	358279	358280	31	0.9532
chr1	358311	358312	28	0.9543
chr1	358332	358333	20	0.9143
chr1	358370	358371	35	0.9578
chr1	358420	358421	29	0.8469
chr1	358435	358436	22	0.7954
chr1	358468	358469	32	0.7467
chr1	358480	358481	42	0.9586
chr1	358580	358581	30	0.973
chr1	358653	358654	33	0.9961
chr1	358703	358704	21	0.9111
chr1	358781	358782	25	0.642
chr1	358870	358871	28	0.9233
chr1	358954	358955	30	0.861
chr1	358964	358965	27	0.7824
chr1	358979	358980	30	0.8471
chr1	359002	359003	33	0.6612
chr1	359052	359053	35	0.7164
chr1	359068	359069	36	0.8061
chr1	359083	359084	36	0.5518
chr1	359112	359113	27	0.6145
chr1	359128	359129	33	0.5942
chr1	359178	359179	24	0.6764
chr1	359217	359218	34	0.6932
chr1	359267	359268	28	0.8058
chr1	359296	359297	27	0.8045
chr1	359338	359339	26	0.6733
chr1	359368	359369	36	0.6372
chr1	359418	359419	29	0.8522
chr1	359452	359453	25	0.714
chr1	359459	359460	37	0.7586
chr1	359559	359560	30	0.7834
chr1	359659	359660	28	0.7199
chr1	359759	359760	22	0.7525
chr1	359859	359860	27	0.6041
chr1	359914	359915	27	0.7374
chr1	359928	359929	33	0.6985
chr1	359972	359973	20	0.8658
chr1	359982	359983	27	0.6934
chr1	360042	360043	37	0.5495
chr1	360058	360059	25	0.6859
chr1	360244	360245	27	0.9517
chr1	360252	360253	29	0.8623
chr1	360326	360327	31	0.7775
chr1	360334	360335	34	0.6548
chr1	360366	360367	28	0.7051
chr1	360378	360379	30	0.6007
chr1	360393	360394	35	0.59
chr1	360408	360409	25	0.5951
chr1	360425	360426	23	0.7024
chr1	360466	360467	29	0.6188
chr1	360516	360517	35	0.7471
chr1	360541	360542	28	0.5574
chr1	360589	360590	35	0.4632
chr1	360625	360626	26	0.6627
chr1	360675	360676	40	0.7581
chr1	360701	360702	21	0.5704
chr1	360731	360732	29	0.6701
chr1	360769	360770	31	0.6393
chr1	360791	360792	32	0.6098
chr1	360811	360812	25	0.7968
chr1	360829	360830	24	0.509
chr1	360891	360892	36	0.6147
chr1	360961	360962	29	0.592
chr1	361061	361062	38	0.4531
chr1	361132	361133	31	0.7968
chr1	361189	361190	30	0.6545
chr1	361219	361220	24	0.5071
chr1	361252	361253	25	0.9251
chr1	361276	361277	37	0.9164
chr1	361296	361297	29	0.8461
chr1	361346	361347	29	0.9953
chr1	361372	361373	26	0.6877
chr1	361402	361403	32	0.9239
chr1	361450	361451	20	0.7112
chr1	361483	361484	37	0.6931
chr1	361501	361502	26	1.0
chr1	361548	361549	27	0.7514
chr1	361571	361572	31	1.0
chr1	361586	361587	25	0.8482
chr1	361613	361614	30	0.8114
chr1	361637	361638	17	0.9238
chr1	361668	361669	35	0.8785
chr1	361689	361690	30	0.8282
chr1	361748	361749	34	0.8265
chr1	361848	361849	31	0.9747
chr1	361908	361909	22	0.9018
chr1	362008	362009	23	0.7315
chr1	362108	362109	32	0.8334
chr1	362142	362143	31	0.8662
chr1	362152	362153	28	0.7509
chr1	362183	362184	41	0.5962
chr1	362198	362199	36	0.7438
chr1	362224	362225	27	0.8
chr1	362248	362249	29	0.8052
chr1	362268	362269	35	0.6525
chr1	362299	362300	36	0.5934
chr1	362317	362318	35	0.7952
chr1	362367	362368	33	0.675
chr1	362390	362391	28	0.7032
chr1	362410	362411	27	0.8797
chr1	362444	362445	35	0.7955
chr1	362472	362473	33	0.8341
chr1	362495	362496	27	0.4945
chr1	362521	362522	34	0.5847
chr1	362538	362539	32	0.8547
chr1	362608	362609	38	0.7434
chr1	362708	362709	26	0.7799
chr1	362792	362793	31	0.7485
chr1	362892	362893	27	0.7344
chr1	362938	362939	28	0.8167
chr1	362966	362967	31	0.6378
chr1	362999	363000	38	0.854
chr1	363038	363039	18	0.6239
chr1	363086	363087	34	0.9218
chr1	363136	363137	30	0.7609
chr1	363160	363161	17	0.8059
chr1	363176	363177	32	0.8538
chr1	363198	363199	36	0.6174
chr1	363219	363220	29	0.6429
chr1	363257	363258	22	0.7189
chr1	363285	363286	27	0.7921
chr1	363303	363304	28	0.878
chr1	363353	363354	28	0.7317
chr1	363395	363396	26	0.8855
chr1	363424	363425	35	0.8295
chr1	363445	363446	28	0.6699
chr1	363460	363461	23	0.6626
chr1	363499	363500	31	0.8081
chr1	363541	363542	24	0.794
chr1	363564	363565	27	0.7981
chr1	363602	363603	25	0.7927
chr1	363654	363655	36	0.815
chr1	363704	363705	26	0.5842
chr1	363804	363805	37	0.7772
chr1	363854	363855	30	0.8221
chr1	363954	363955	29	0.6837
chr1	364054	364055	29	0.8197
chr1	364118	364119	32	0.8099
chr1	364122	364123	31	0.7851
chr1	364152	364153	33	0.7759
chr1	364178	364179	24	0.6972
chr1	364217	364218	37	0.7769
chr1	364239	364240	33	0.6276
chr1	364259	364260	25	0.6626
chr1	364288	364289	34	0.6189
chr1	364305	364306	29	0.8426
chr1	364355	364356	30	0.6763
chr1	364370	364371	33	0.7551
chr1	364409	364410	31	0.5956
chr1	364429	364430	34	0.7157
chr1	364444	364445	23	0.7007
chr1	364460	364461	30	0.7655
chr1	364477	364478	35	0.7402
chr1	364527	364528	25	0.7393
chr1	364577	364578	29	0.7877
chr1	364600	364601	28	0.5712
chr1	364627	364628	36	0.7226
chr1	364694	364695	21	0.6427
chr1	364744	364745	32	0.7533
chr1	364802	364803	34	0.8774
chr1	364902	364903	24	0.7877
chr1	365002	365003	25	0.7486
chr1	365102	365103	22	0.7255
chr1	365164	365165	31	0.7766
chr1	366205	366206	33	0.8551
chr1	366255	366256	33	0.718
chr1	366297	366298	28	0.692
chr1	366319	366320	32	0.8252
chr1	366369	366370	24	0.9265
chr1	366384	366385	37	0.8251
chr1	366414	366415	21	0.8181
chr1	366463	366464	26	0.6593
chr1	366513	366514	28	0.9237
chr1	366559	366560	29	0.833
chr1	366609	366610	24	0.7189
chr1	366637	366638	27	0.9723
chr1	366666	366667	38	0.7982
chr1	366680	366681	31	0.8047
chr1	366780	366781	33	0.9173
chr1	366880	366881	34	0.8754
chr1	366980	366981	25	0.8482
chr1	367037	367038	30	0.7366
chr1	367137	367138	35	0.6883
chr1	367149	367150	30	0.854
chr1	367211	367212	27	0.7998
chr1	367247	367248	22	0.0008
chr1	367282	367283	29	0.0764
chr1	367298	367299	31	0.1525
chr1	367321	367322	30	0.1583
chr1	367339	367340	27	0.0508
chr1	367366	367367	30	0.0
chr1	367416	367417	27	0.1327
chr1	367431	367432	30	0.0442
chr1	367481	367482	29	0.1228
chr1	367499	367500	27	0.0763
chr1	367549	367550	31	0.0366
chr1	367568	367569	31	0.1277
chr1	367618	367619	29	0.2503
chr1	367668	367669	20	0.1845
chr1	367686	367687	26	0.1052
chr1	367712	367713	31	0.1861
chr1	367744	367745	26	0.113
chr1	367790	367791	25	0.0195
chr1	367840	367841	28	0.1131
chr1	367879	367880	27	0.0759
chr1	367881	367882	26	0.0738
chr1	367964	367965	30	0.0
chr1	368062	368063	31	0.085
chr1	368152	368153	34	0.1192
chr1	368213	368214	27	0.0836
chr1	368313	368314	22	0.0494
chr1	368406	368407	32	0.0646
chr1	368506	368507	32	0.0348
chr1	368594	368595	25	0.1013
chr1	368607	368608	30	0.9686
chr1	368635	368636	29	0.8259
chr1	368650	368651	31	0.8917
chr1	368695	368696	44	0.7743
chr1	368710	368711	33	0.7769
chr1	368746	368747	28	0.908
chr1	368796	368797	33	0.8676
chr1	368819	368820	35	0.7542
chr1	368850	368851	28	0.8836
chr1	368894	368895	17	0.9775
chr1	368916	368917	31	0.9648
chr1	368961	368962	29	0.7638
chr1	368990	368991	31	0.6799
chr1	369009	369010	22	0.7246
chr1	369109	369110	32	0.9312
chr1	369209	369210	31	0.9192
chr1	369309	369310	19	0.6767
chr1	369359	369360	33	0.7309
chr1	369447	369448	38	0.8196
chr1	369466	369467	32	0.1658
chr1	369516	369517	29	0.2194
chr1	369556	369557	18	0.1588
chr1	369582	369583	28	0.235
chr1	369632	369633	28	0.1
chr1	369653	369654	32	0.1249
chr1	369703	369704	27	0.1872
chr1	369738	369739	36	0.2319
chr1	369770	369771	22	0.3331
chr1	369814	369815	36	0.1536
chr1	369832	369833	35	0.037
chr1	369857	369858	29	0.268
chr1	369891	369892	34	0.3715
chr1	369915	369916	15	0.1602
chr1	369930	369931	28	0.0656
chr1	369967	369968	20	0.023
chr1	369993	369994	33	0.3039
chr1	370093	370094	23	0.286
chr1	370193	370194	34	0.2131
chr1	370243	370244	31	0.241
chr1	370343	370344	28	0.1727
chr1	370443	370444	32	0.3321
chr1	370475	370476	28	0.1562
chr1	370523	370524	36	0.0107
chr1	370573	370574	28	0.2344
chr1	370589	370590	31	0.0856
chr1	370604	370605	37	0.0814
chr1	370649	370650	29	0.0
chr1	370677	370678	21	0.09
chr1	370713	370714	30	0.0366
chr1	370729	370730	32	0.0
chr1	370779	370780	27	0.0672
chr1	370805	370806	38	0.0347
chr1	370855	370856	26	0.0289
chr1	370881	370882	22	0.0318
chr1	370908	370909	28	0.1157
chr1	370936	370937	24	0.0308
chr1	370957	370958	29	0.1127
chr1	370979	370980	25	0.051
chr1	370994	370995	27	0.0
chr1	371023	371024	27	0.0306
chr1	371123	371124	32	0.0788
chr1	371223	371224	32	0.0
chr1	371323	371324	21	0.0172
chr1	371394	371395	28	0.0584
chr1	371494	371495	33	0.0652
chr1	371556	371557	34	0.1633
chr1	372585	372586	25	0.8258
chr1	372605	372606	29	0.9351
chr1	372628	372629	31	0.823
chr1	372656	372657	28	0.7494
chr1	372696	372697	28	0.7028
chr1	372721	372722	33	0.8608
chr1	372749	372750	35	0.8648
chr1	372799	372800	24	0.7352
chr1	372834	372835	26	0.8451
chr1	372868	372869	27	0.7282
chr1	372883	372884	34	0.848
chr1	372901	372902	32	0.9458
chr1	372925	372926	23	0.9947
chr1	372945	372946	24	0.8025
chr1	372995	372996	27	0.8359
chr1	373010	373011	34	0.7766
chr1	373036	373037	26	0.7934
chr1	373066	373067	29	0.8502
chr1	373105	373106	29	0.7094
chr1	373143	373144	33	0.8431
chr1	373177	373178	30	0.7447
chr1	373203	373204	27	0.9682
chr1	373261	373262	25	0.8785
chr1	373335	373336	20	0.7432
chr1	373435	373436	32	0.7391
chr1	373499	373500	32	0.9314
chr1	373553	373554	31	0.9874
chr1	373603	373604	27	0.9436
chr1	373680	373681	33	0.8729
chr1	373780	373781	34	0.9084
chr1	373808	373809	25	0.8173
chr1	373814	373815	28	0.7818
chr1	373821	373822	31	0.0712
chr1	373863	373864	28	0.0506
chr1	373887	373888	29	0.142
chr1	373937	373938	38	0.2782
chr1	373970	373971	26	0.132
chr1	374002	374003	31	0.1321
chr1	374049	374050	28	0.1073
chr1	374073	374074	27	0.0865
chr1	374104	374105	28	0.2279
chr1	374123	374124	30	0.2236
chr1	374155	374156	31	0.176
chr1	374175	374176	32	0.1128
chr1	374212	374213	28	0.1931
chr1	374246	374247	40	0.1596
chr1	374296	374297	25	0.1658
chr1	374346	374347	20	0.0436
chr1	374357	374358	25	0.1321
chr1	374426	374427	24	0.2441
chr1	374526	374527	32	0.0851
chr1	374626	374627	30	0.1977
chr1	374726	374727	23	0.1202
chr1	374780	374781	30	0.1332
chr1	374834	374835	20	0.2671
chr1	374898	374899	22	0.1374
chr1	374918	374919	14	0.2438
chr1	375060	375061	26	0.0548
chr1	375108	375109	35	0.1647
chr1	375178	375179	40	0.0176
chr1	375236	375237	27	0.0278
chr1	375256	375257	26	0.9198
chr1	375276	375277	38	0.7964
chr1	375305	375306	33	0.8523
chr1	375350	375351	32	0.8993
chr1	375367	375368	33	0.6846
chr1	375382	375383	32	0.9358
chr1	375399	375400	29	0.9277
chr1	375440	375441	27	0.7444
chr1	375458	375459	39	0.9402
chr1	375477	375478	29	0.8245
chr1	375527	375528	30	0.8526
chr1	375552	375553	29	0.9106
chr1	375602	375603	33	0.9812
chr1	375697	375698	31	0.8623
chr1	375724	375725	35	0.6328
chr1	375754	375755	25	0.8328
chr1	375854	375855	25	0.8454
chr1	375933	375934	42	0.9828
chr1	376033	376034	22	0.8126
chr1	376133	376134	29	0.7226
chr1	376192	376193	22	0.8355
chr1	376232	376233	28	0.7277
chr1	376260	376261	31	1.0
chr1	376266	376267	32	0.9576
chr1	376299	376300	33	0.7526
chr1	376319	376320	44	0.7613
chr1	376340	376341	31	0.9945
chr1	376355	376356	27	0.9091
chr1	376382	376383	25	0.9425
chr1	376428	376429	29	1.0
chr1	376454	376455	19	0.7879
chr1	376470	376471	27	0.9239
chr1	376497	376498	19	0.93
chr1	376512	376513	26	0.7175
chr1	376562	376563	31	0.8159
chr1	376612	376613	32	0.8215
chr1	376631	376632	30	0.7023
chr1	376647	376648	29	0.6907
chr1	376674	376675	27	0.7078
chr1	376694	376695	30	0.7895
chr1	376725	376726	23	0.7222
chr1	376755	376756	32	0.7214
chr1	376855	376856	21	0.8592
chr1	376955	376956	29	0.6772
chr1	377016	377017	32	0.8496
chr1	377098	377099	30	0.9289
chr1	377193	377194	28	0.7832
chr1	377243	377244	33	0.8817
chr1	377249	377250	25	0.9169
chr1	377285	377286	27	0.8129
chr1	377335	377336	34	0.866
chr1	377373	377374	35	0.7842
chr1	377387	377388	32	0.8887
chr1	377421	377422	38	0.7126
chr1	377435	377436	28	0.918
chr1	377491	377492	34	0.741
chr1	377531	377532	29	0.8333
chr1	377735	377736	22	0.8981
chr1	377759	377760	28	0.1534
chr1	377774	377775	24	0.0157
chr1	377803	377804	35	0.28
chr1	377836	377837	28	0.2727
chr1	377851	377852	32	0.2067
chr1	377895	377896	34	0.1142
chr1	377926	377927	20	0.0237
chr1	377954	377955	23	0.0345
chr1	378004	378005	31	0.1154
chr1	378019	378020	33	0.0811
chr1	378034	378035	27	0.0606
chr1	378058	378059	32	0.0569
chr1	378108	378109	34	0.0195
chr1	378125	378126	29	0.1515
chr1	378146	378147	28	0.157
chr1	378175	378176	19	0.1679
chr1	378224	378225	31	0.1468
chr1	378253	378254	29	0.2055
chr1	378336	378337	18	0.323
chr1	378436	378437	35	0.1816
chr1	378533	378534	37	0.0782
chr1	378583	378584	29	0.0681
chr1	378683	378684	30	0.2371
chr1	378769	378770	27	0.2101
chr1	378777	378778	20	0.0522
chr1	378827	378828	31	0.4608
chr1	378877	378878	27	1.0
chr1	378906	378907	34	0.7189
chr1	378956	378957	28	0.18
chr1	378971	378972	27	0.242
chr1	379013	379014	31	0.8467
chr1	379040	379041	32	0.359
chr1	379074	379075	37	0.6306
chr1	379107	379108	28	0.7888
chr1	379124	379125	36	0.9094
chr1	379174	379175	30	1.0
chr1	379201	379202	25	0.3964
chr1	379251	379252	20	0.7399
chr1	379290	379291	32	0.7971
chr1	379306	379307	34	0.4881
chr1	379354	379355	25	1.0
chr1	379375	379376	24	1.0
chr1	379438	379439	30	0.5452
chr1	379538	379539	25	1.0
chr1	379638	379639	28	0.4736
chr1	379738	379739	26	0.8258
chr1	379838	379839	28	0.204
chr1	379894	379895	24	1.0
chr1	379898	379899	34	0.2347
chr1	379935	379936	29	0.8544
chr1	379967	379968	33	0.8629
chr1	379983	379984	25	0.736
chr1	380033	380034	33	0.7587
chr1	380083	380084	35	0.7835
chr1	380101	380102	31	0.7512
chr1	380116	380117	24	0.8131
chr1	380165	380166	31	0.7773
chr1	380196	380197	31	0.7592
chr1	380230	380231	21	0.6343
chr1	380265	380266	26	0.763
chr1	380315	380316	26	0.7597
chr1	380338	380339	30	0.6444
chr1	380360	380361	21	0.7435
chr1	380410	380411	26	0.8074
chr1	380434	380435	30	0.917
chr1	380449	380450	35	0.7984
chr1	380549	380550	24	0.8044
chr1	380603	380604	29	0.8477
chr1	380703	380704	36	0.8563
chr1	380803	380804	35	0.7676
chr1	380853	380854	30	0.854
chr1	380903	380904	24	0.7779
chr1	380951	380952	27	0.6816
chr1	381001	381002	25	0.7264
chr1	381006	381007	29	0.4808
chr1	381056	381057	30	0.41
chr1	381080	381081	29	0.3366
chr1	381112	381113	26	0.4325
chr1	381133	381134	32	0.5075
chr1	381161	381162	30	0.5456
chr1	381211	381212	28	0.4415
chr1	381226	381227	25	0.3686
chr1	381272	381273	32	0.3438
chr1	381301	381302	29	0.4337
chr1	381334	381335	38	0.5779
chr1	381354	381355	31	0.5214
chr1	381385	381386	24	0.487
chr1	381416	381417	33	0.3783
chr1	381449	381450	32	0.4551
chr1	381469	381470	34	0.684
chr1	381513	381514	28	0.5246
chr1	381514	381515	31	0.7049
chr1	381614	381615	29	0.3799
chr1	381714	381715	29	0.3839
chr1	381814	381815	27	0.5826
chr1	381871	381872	26	0.5813
chr1	381971	381972	31	0.5062
chr1	381977	381978	43	0.6512
chr1	382071	382072	25	0.5414
chr1	382073	382074	31	0.4466
chr1	382087	382088	19	0.5493
chr1	382231	382232	29	0.6104
chr1	382267	382268	21	0.5862
chr1	382295	382296	34	0.4787
chr1	382297	382298	25	0.419
chr1	382315	382316	38	0.4923
chr1	382421	382422	36	0.5413
chr1	382462	382463	24	0.8327
chr1	382477	382478	34	0.9117
chr1	382527	382528	39	0.7894
chr1	382572	382573	29	0.8535
chr1	382607	382608	35	0.8895
chr1	382657	382658	22	0.6798
chr1	382707	382708	28	0.8442
chr1	382741	382742	28	0.7787
chr1	382771	382772	27	0.7958
chr1	382789	382790	35	0.7826
chr1	382811	382812	29	0.7693
chr1	382832	382833	42	0.8626
chr1	382850	382851	26	0.7891
chr1	382880	382881	24	0.7035
chr1	382913	382914	26	0.8447
chr1	382963	382964	27	0.846
chr1	382988	382989	30	0.6944
chr1	383019	383020	22	0.776
chr1	383025	383026	21	0.8242
chr1	383122	383123	32	0.9062
chr1	383189	383190	30	0.7539
chr1	383289	383290	26	0.73
chr1	383389	383390	27	0.6902
chr1	383489	383490	27	0.841
chr1	383539	383540	29	0.9614
chr1	383571	383572	30	0.9409
chr1	383579	383580	33	0.6695
chr1	383591	383592	22	0.7395
chr1	383639	383640	33	0.754
chr1	383679	383680	22	0.6654
chr1	383704	383705	25	0.7574
chr1	383749	383750	23	0.8913
chr1	383799	383800	29	0.7299
chr1	383838	383839	31	0.8932
chr1	383888	383889	37	0.7835
chr1	383918	383919	25	0.6992
chr1	383938	383939	24	0.853
chr1	383961	383962	32	0.8542
chr1	384000	384001	23	0.7702
chr1	384020	384021	24	0.6607
chr1	384036	384037	30	0.6797
chr1	384072	384073	24	0.8576
chr1	384172	384173	20	0.7331
chr1	384225	384226	29	0.7245
chr1	384275	384276	32	0.792
chr1	384325	384326	32	0.6292
chr1	384425	384426	29	0.7419
chr1	384508	384509	34	0.809
chr1	384566	384567	29	0.661
chr1	384578	384579	29	0.7084
chr1	384628	384629	19	0.8746
chr1	384643	384644	29	0.7946
chr1	384693	384694	38	0.6847
chr1	384741	384742	26	0.6462
chr1	384764	384765	29	0.7927
chr1	384783	384784	31	0.8318
chr1	384809	384810	26	0.6281
chr1	384826	384827	33	0.7838
chr1	384849	384850	25	0.7223
chr1	384874	384875	32	0.8033
chr1	384917	384918	35	0.8623
chr1	384942	384943	28	0.6917
chr1	384972	384973	31	0.6138
chr1	384998	384999	34	0.7999
chr1	385048	385049	35	0.726
chr1	385074	385075	27	0.7913
chr1	385145	385146	33	0.8009
chr1	385245	385246	34	0.6988
chr1	385345	385346	33	0.7918
chr1	385445	385446	31	0.7439
chr1	385545	385546	21	0.6023
chr1	385569	385570	31	0.742
chr1	385583	385584	29	0.7794
chr1	385593	385594	25	0.0073
chr1	385637	385638	28	0.0
chr1	385661	385662	25	0.0
chr1	385693	385694	31	0.0
chr1	385710	385711	32	0.1945
chr1	385744	385745	30	0.067
chr1	385794	385795	30	0.0
chr1	385840	385841	27	0.0
chr1	385855	385856	36	0.1136
chr1	385897	385898	33	0.0
chr1	385947	385948	39	0.0797
chr1	385969	385970	38	0.0
chr1	385989	385990	29	0.0901
chr1	386027	386028	26	0.063
chr1	386053	386054	29	0.0783
chr1	386153	386154	21	0.1294
chr1	386253	386254	23	0.046
chr1	386307	386308	28	0.0485
chr1	386407	386408	32	0.0
chr1	386494	386495	39	0.1039
chr1	386536	386537	32	0.0417
chr1	386554	386555	31	0.1115
chr1	386654	386655	28	0.0528
chr1	386756	386757	24	0.0456
chr1	386772	386773	24	0.1258
chr1	386832	386833	30	0.1294
chr1	386840	386841	25	0.1
chr1	386844	386845	41	0.0693
chr1	386962	386963	27	0.105
chr1	386966	386967	34	0.0671
chr1	387004	387005	28	0.1114
chr1	387034	387035	30	0.0381
chr1	387075	387076	22	0.3284
chr1	387113	387114	25	0.2004
chr1	387150	387151	29	0.2763
chr1	387187	387188	36	0.2725
chr1	387237	387238	31	0.1618
chr1	387279	387280	27	0.2662
chr1	387294	387295	26	0.1162
chr1	387325	387326	29	0.2289
chr1	387357	387358	32	0.0329
chr1	387372	387373	28	0.1139
chr1	387389	387390	35	0.3832
chr1	387413	387414	34	0.1099
chr1	387450	387451	21	0.0
chr1	387465	387466	35	0.1544
chr1	387485	387486	33	0.1857
chr1	387508	387509	27	0.1185
chr1	387523	387524	26	0.1921
chr1	387548	387549	19	0.0597
chr1	387638	387639	31	0.2656
chr1	387738	387739	23	0.2042
chr1	387838	387839	26	0.187
chr1	387888	387889	30	0.1121
chr1	387988	387989	29	0.1692
chr1	388039	388040	35	0.2346
chr1	388049	388050	27	0.1801
chr1	388119	388120	25	0.0823
chr1	388163	388164	27	0.9368
chr1	388190	388191	22	0.7392
chr1	388240	388241	29	0.9529
chr1	388258	388259	20	0.9004
chr1	388280	388281	35	0.9459
chr1	388330	388331	25	0.999
chr1	388372	388373	33	0.8072
chr1	388388	388389	26	0.8545
chr1	388403	388404	34	0.7897
chr1	388418	388419	28	0.8332
chr1	388433	388434	24	0.8869
chr1	388474	388475	27	0.8561
chr1	388509	388510	30	0.6924
chr1	388559	388560	32	0.9849
chr1	388598	388599	34	0.9618
chr1	388626	388627	24	0.888
chr1	388629	388630	20	0.9282
chr1	388679	388680	32	0.8841
chr1	388768	388769	27	0.8017
chr1	388845	388846	26	0.9701
chr1	388897	388898	37	1.0
chr1	388997	388998	33	0.9457
chr1	389067	389068	34	0.9218
chr1	389081	389082	25	0.9462
chr1	389091	389092	28	0.8804
chr1	389141	389142	30	0.8507
chr1	389168	389169	29	0.9547
chr1	389215	389216	19	0.8344
chr1	389242	389243	35	0.8381
chr1	389289	389290	21	0.9661
chr1	389322	389323	27	0.8605
chr1	389362	389363	26	0.9223
chr1	389381	389382	27	0.899
chr1	389410	389411	28	0.8812
chr1	389425	389426	32	0.8987
chr1	389461	389462	27	1.0
chr1	389511	389512	29	0.7314
chr1	389537	389538	28	1.0
chr1	389617	389618	35	0.91
chr1	389688	389689	27	0.8597
chr1	389738	389739	35	1.0
chr1	389838	389839	25	0.9237
chr1	389923	389924	34	0.9374
chr1	390077	390078	25	0.8944
chr1	390153	390154	37	0.9017
chr1	390273	390274	26	0.7885
chr1	390281	390282	27	0.889
chr1	390317	390318	29	0.9632
chr1	390323	390324	29	0.9553
chr1	390357	390358	34	0.8355
chr1	390404	390405	30	0.634
chr1	390442	390443	25	0.7212
chr1	390476	390477	30	0.7637
chr1	390498	390499	30	0.695
chr1	390531	390532	26	0.5632
chr1	390556	390557	37	0.6914
chr1	390604	390605	34	0.769
chr1	390639	390640	31	0.6711
chr1	390658	390659	28	0.7592
chr1	390708	390709	26	0.5813
chr1	390742	390743	34	0.7437
chr1	390787	390788	23	0.7942
chr1	390804	390805	29	0.8132
chr1	390838	390839	38	0.8438
chr1	390878	390879	37	0.8987
chr1	390892	390893	28	0.7648
chr1	390986	390987	31	0.7628
chr1	391086	391087	32	0.7593
chr1	391186	391187	32	0.6574
chr1	391286	391287	31	0.6582
chr1	391336	391337	27	0.7747
chr1	391388	391389	24	0.6818
chr1	391426	391427	27	0.6855
chr1	391473	391474	25	1.0
chr1	391499	391500	30	0.7381
chr1	391538	391539	28	0.373
chr1	391588	391589	31	0.9902
chr1	391638	391639	37	1.0
chr1	391688	391689	31	1.0
chr1	391704	391705	26	1.0
chr1	391744	391745	26	0.5331
chr1	391786	391787	27	1.0
chr1	391836	391837	24	0.393
chr1	391874	391875	31	1.0
chr1	391910	391911	23	0.8526
chr1	391927	391928	26	0.6337
chr1	391994	391995	27	0.315
chr1	392088	392089	33	0.3112
chr1	392188	392189	27	1.0
chr1	392288	392289	33	0.7097
chr1	392328	392329	30	0.9796
chr1	392353	392354	29	0.9687
chr1	392381	392382	37	0.9677
chr1	392415	392416	24	0.9215
chr1	392431	392432	16	0.9196
chr1	392448	392449	26	0.7251
chr1	392487	392488	32	1.0
chr1	392508	392509	33	0.8233
chr1	392558	392559	38	0.8393
chr1	392600	392601	24	0.9146
chr1	392627	392628	40	1.0
chr1	392649	392650	33	1.0
chr1	392699	392700	21	0.9887
chr1	392747	392748	28	0.9922
chr1	392809	392810	25	0.9731
chr1	392909	392910	38	0.9447
chr1	392967	392968	21	0.9268
chr1	393067	393068	29	0.8709
chr1	393139	393140	23	0.9437
chr1	393144	393145	36	0.6611
chr1	393178	393179	31	0.7568
chr1	393221	393222	23	0.7543
chr1	393253	393254	21	0.6506
chr1	393297	393298	35	0.672
chr1	393325	393326	29	0.4593
chr1	393345	393346	30	0.7873
chr1	393379	393380	25	0.8005
chr1	393415	393416	30	0.4796
chr1	393438	393439	27	0.8214
chr1	393488	393489	25	0.596
chr1	393519	393520	33	0.7549
chr1	393569	393570	28	0.8522
chr1	393591	393592	35	0.7174
chr1	393624	393625	39	0.5256
chr1	393648	393649	37	0.5347
chr1	393668	393669	28	0.6165
chr1	393678	393679	27	0.5496
chr1	393778	393779	26	0.5818
chr1	393878	393879	39	0.734
chr1	393954	393955	31	0.611
chr1	394054	394055	32	0.6098
chr1	394154	394155	37	0.7199
chr1	394204	394205	31	0.6888
chr1	394330	394331	28	0.8002
chr1	394406	394407	30	0.6427
chr1	394408	394409	41	0.6879
chr1	394466	394467	35	0.678
chr1	394506	394507	37	0.5809
chr1	394584	394585	20	0.6579
chr1	394692	394693	31	0.6989
chr1	394740	394741	33	0.7489
chr1	394767	394768	24	0.5198
chr1	394784	394785	32	0.5431
chr1	394807	394808	34	0.6101
chr1	394857	394858	24	0.6638
chr1	394889	394890	27	0.4606
chr1	394918	394919	28	0.4684
chr1	394950	394951	27	0.4999
chr1	394977	394978	29	0.5611
chr1	395008	395009	23	0.4802
chr1	395024	395025	29	0.5335
chr1	395062	395063	17	0.7017
chr1	395085	395086	20	0.5442
chr1	395135	395136	28	0.5653
chr1	395158	395159	26	0.7415
chr1	395202	395203	21	0.6432
chr1	395231	395232	33	0.6813
chr1	395285	395286	28	0.6306
chr1	395335	395336	34	0.4603
chr1	395435	395436	27	0.5301
chr1	395485	395486	31	0.4168
chr1	395585	395586	33	0.4346
chr1	395635	395636	21	0.5826
chr1	395691	395692	30	0.4691
chr1	395703	395704	35	1.0
chr1	395729	395730	33	0.8366
chr1	395745	395746	28	0.6881
chr1	395795	395796	17	1.0
chr1	395845	395846	34	0.8576
chr1	395873	395874	25	0.7519
chr1	395923	395924	26	0.8196
chr1	395946	395947	37	0.9563
chr1	395973	395974	25	0.9298
chr1	395998	395999	25	0.9765
chr1	396026	396027	27	0.8019
chr1	396061	396062	28	0.9961
chr1	396091	396092	27	0.9807
chr1	396141	396142	30	0.792
chr1	396156	396157	27	0.8282
chr1	396174	396175	27	0.9207
chr1	396190	396191	31	0.8192
chr1	396192	396193	24	0.8851
chr1	396242	396243	29	0.747
chr1	396297	396298	38	0.8637
chr1	396397	396398	36	0.815
chr1	396497	396498	33	0.9237
chr1	396554	396555	26	0.9281
chr1	396654	396655	25	0.8735
chr1	396678	396679	34	0.8594
chr1	396722	396723	39	0.871
chr1	396747	396748	25	0.2007
chr1	396766	396767	30	0.0594
chr1	396781	396782	30	0.0047
chr1	396821	396822	32	0.0334
chr1	396871	396872	31	0.1218
chr1	396921	396922	36	0.1152
chr1	396949	396950	30	0.2212
chr1	396972	396973	25	0.0119
chr1	397019	397020	30	0.0816
chr1	397038	397039	39	0.1441
chr1	397078	397079	37	0.1345
chr1	397093	397094	29	0.1254
chr1	397140	397141	26	0.1453
chr1	397162	397163	28	0.1338
chr1	397184	397185	37	0.0071
chr1	397284	397285	30	0.1638
chr1	397384	397385	24	0.1687
chr1	397484	397485	26	0.1795
chr1	397552	397553	36	0.2302
chr1	397617	397618	28	0.2912
chr1	397679	397680	25	0.1884
chr1	397727	397728	18	0.237
chr1	397743	397744	29	0.1706
chr1	397793	397794	25	0.2112
chr1	397808	397809	31	0.2368
chr1	397827	397828	36	0.1846
chr1	397875	397876	36	0.1074
chr1	397925	397926	32	0.0922
chr1	397954	397955	28	0.0252
chr1	397976	397977	26	0.1388
chr1	398020	398021	23	0.1115
chr1	398060	398061	25	0.1211
chr1	398110	398111	26	0.0208
chr1	398145	398146	24	0.0
chr1	398194	398195	37	0.2385
chr1	398220	398221	40	0.0418
chr1	398228	398229	36	0.0789
chr1	398282	398283	31	0.0381
chr1	398382	398383	25	0.0
chr1	398482	398483	29	0.0951
chr1	398582	398583	32	0.1526
chr1	398648	398649	31	0.0446
chr1	398698	398699	22	0.0259
chr1	398704	398705	37	0.1332
chr1	398758	398759	36	0.2349
chr1	398773	398774	23	0.9144
chr1	398793	398794	25	0.8969
chr1	398827	398828	25	0.9742
chr1	398842	398843	31	0.8449
chr1	398865	398866	24	0.8387
chr1	398898	398899	40	0.915
chr1	398920	398921	35	0.9537
chr1	398940	398941	31	0.9662
chr1	398961	398962	21	0.8135
chr1	398976	398977	30	0.9295
chr1	399026	399027	31	0.7265
chr1	399051	399052	29	0.9386
chr1	399084	399085	26	0.965
chr1	399100	399101	27	0.8009
chr1	399140	399141	26	1.0
chr1	399159	399160	35	0.9583
chr1	399187	399188	22	0.9124
chr1	399204	399205	27	0.91
chr1	399227	399228	32	0.942
chr1	399261	399262	35	0.943
chr1	399279	399280	36	1.0
chr1	399306	399307	23	0.9578
chr1	399406	399407	18	0.8303
chr1	399456	399457	30	0.9213
chr1	399556	399557	31	0.8775
chr1	399624	399625	30	0.825
chr1	399724	399725	27	0.8825
chr1	399824	399825	27	0.9535
chr1	399860	399861	27	0.8408
chr1	399885	399886	38	0.384
chr1	399919	399920	28	0.9066
chr1	399969	399970	30	1.0
chr1	399992	399993	17	0.6284
chr1	400042	400043	27	0.475
chr1	400062	400063	24	1.0
chr1	400097	400098	44	0.508
chr1	400117	400118	25	1.0
chr1	400149	400150	35	0.427
chr1	400199	400200	24	1.0
chr1	400227	400228	34	1.0
chr1	400277	400278	26	0.8203
chr1	400303	400304	30	1.0
chr1	400337	400338	31	0.633
chr1	400347	400348	31	1.0
chr1	400447	400448	33	1.0
chr1	400547	400548	25	1.0
chr1	400647	400648	32	1.0
chr1	400747	400748	29	1.0
chr1	400805	400806	34	0.7196
chr1	400879	400880	32	0.681
chr1	400911	400912	25	0.7203
chr1	400930	400931	26	0.7083
chr1	400959	400960	31	0.7828
chr1	400980	400981	27	0.7854
chr1	401009	401010	29	0.6736
chr1	401024	401025	21	0.6434
chr1	401056	401057	33	0.7232
chr1	401071	401072	22	0.7281
chr1	401092	401093	27	0.6817
chr1	401111	401112	40	0.824
chr1	401143	401144	25	0.633
chr1	401168	401169	32	0.6288
chr1	401191	401192	26	0.7141
chr1	401216	401217	29	0.8771
chr1	401260	401261	32	0.7143
chr1	401310	401311	28	0.6582
chr1	401354	401355	28	0.6031
chr1	401404	401405	33	0.6784
chr1	401432	401433	25	0.7055
chr1	401527	401528	27	0.7059
chr1	401627	401628	22	0.7188
chr1	401698	401699	21	0.5853
chr1	401776	401777	35	0.5774
chr1	401826	401827	34	0.6428
chr1	401876	401877	35	0.6776
chr1	401942	401943	35	0.8443
chr1	401986	401987	35	0.7696
chr1	402008	402009	30	0.7647
chr1	402013	402014	26	0.0701
chr1	402044	402045	26	0.1072
chr1	402094	402095	17	0.058
chr1	402122	402123	28	0.117
chr1	402140	402141	34	0.1553
chr1	402190	402191	24	0.154
chr1	402233	402234	32	0.1587
chr1	402254	402255	29	0.0393
chr1	402293	402294	25	0.1562
chr1	402318	402319	32	0.1175
chr1	402368	402369	36	0.2023
chr1	402395	402396	28	0.0
chr1	402437	402438	18	0.224
chr1	402485	402486	37	0.1442
chr1	402505	402506	38	0.1818
chr1	402533	402534	33	0.0988
chr1	402607	402608	30	0.1423
chr1	402707	402708	25	0.1505
chr1	402807	402808	37	0.1605
chr1	402863	402864	26	0.1963
chr1	402963	402964	27	0.1102
chr1	403029	403030	28	0.0
chr1	403105	403106	39	0.1585
chr1	403121	403122	13	0.0349
chr1	403161	403162	29	0.1972
chr1	403177	403178	21	0.1873
chr1	403181	403182	39	0.1418
chr1	403267	403268	27	0.0719
chr1	403439	403440	30	0.0081
chr1	403473	403474	31	0.7555
chr1	403488	403489	26	0.9146
chr1	403503	403504	23	0.6057
chr1	403545	403546	25	0.6368
chr1	403574	403575	27	0.9321
chr1	403604	403605	28	0.8133
chr1	403619	403620	30	0.7666
chr1	403637	403638	33	0.7129
chr1	403687	403688	23	0.805
chr1	403702	403703	42	0.9122
chr1	403718	403719	27	0.9239
chr1	403733	403734	23	0.7248
chr1	403783	403784	25	0.7119
chr1	403799	403800	38	0.6764
chr1	403849	403850	29	0.8464
chr1	403881	403882	32	0.6731
chr1	403912	403913	36	0.7721
chr1	403926	403927	31	0.6875
chr1	404011	404012	28	0.5507
chr1	404099	404100	26	0.7711
chr1	404183	404184	35	0.7993
chr1	404283	404284	31	0.8375
chr1	404375	404376	32	0.8097
chr1	404409	404410	18	0.627
chr1	404435	404436	28	0.7061
chr1	404440	404441	35	0.6684
chr1	404482	404483	32	0.5967
chr1	404522	404523	30	0.5467
chr1	404554	404555	33	0.5093
chr1	404590	404591	31	0.676
chr1	404623	404624	25	0.6424
chr1	404652	404653	29	0.5992
chr1	404702	404703	27	0.7424
chr1	404729	404730	34	0.6656
chr1	404768	404769	30	0.7172
chr1	404795	404796	35	0.6582
chr1	404845	404846	30	0.6969
chr1	404860	404861	27	0.6525
chr1	404910	404911	33	0.5819
chr1	404960	404961	24	0.6578
chr1	404985	404986	34	0.7053
chr1	405006	405007	30	0.6093
chr1	405023	405024	27	0.5878
chr1	405123	405124	25	0.5835
chr1	405182	405183	29	0.6214
chr1	405282	405283	25	0.6502
chr1	405382	405383	37	0.5876
chr1	405436	405437	29	0.72
chr1	405486	405487	28	0.585
chr1	405586	405587	26	0.5904
chr1	405662	405663	29	0.542
chr1	405822	405823	34	0.5602
chr1	405864	405865	27	0.5586
chr1	405922	405923	34	0.7181
chr1	405966	405967	35	0.7019
chr1	406084	406085	31	0.5477
chr1	406105	406106	28	0.541
chr1	406155	406156	32	0.7296
chr1	406171	406172	29	0.7352
chr1	406193	406194	20	0.673
chr1	406243	406244	34	0.6997
chr1	406260	406261	41	0.7842
chr1	406275	406276	26	0.8086
chr1	406325	406326	25	0.7668
chr1	406341	406342	38	0.7777
chr1	406384	406385	33	0.6873
chr1	406408	406409	31	0.6661
chr1	406423	406424	24	0.6194
chr1	406464	406465	29	0.548
chr1	406514	406515	28	0.6807
chr1	406544	406545	30	0.8277
chr1	406578	406579	25	0.7057
chr1	406657	406658	39	0.7811
chr1	406752	406753	25	0.68
chr1	406820	406821	29	0.735
chr1	406883	406884	22	0.7736
chr1	406972	406973	24	0.8642
chr1	407031	407032	29	0.8241
chr1	407049	407050	33	0.8276
chr1	407115	407116	41	0.7696
chr1	407158	407159	34	0.8226
chr1	407193	407194	35	0.8525
chr1	407233	407234	36	0.8547
chr1	407258	407259	23	0.844
chr1	407302	407303	31	0.7711
chr1	407317	407318	31	0.6848
chr1	407345	407346	26	0.7241
chr1	407384	407385	28	0.8994
chr1	407418	407419	36	0.6603
chr1	407433	407434	36	0.8516
chr1	407457	407458	27	0.7821
chr1	407480	407481	27	0.6655
chr1	407528	407529	27	0.8959
chr1	407573	407574	27	0.8427
chr1	407612	407613	28	0.721
chr1	407659	407660	37	0.6641
chr1	407759	407760	35	0.7032
chr1	407846	407847	32	0.8868
chr1	407946	407947	30	0.7874
chr1	408046	408047	33	0.642
chr1	408146	408147	29	0.6697
chr1	408174	408175	23	0.6048
chr1	408226	408227	28	0.7792
chr1	408267	408268	32	0.7091
chr1	408291	408292	30	1.0
chr1	408317	408318	29	0.9257
chr1	408335	408336	30	1.0
chr1	408360	408361	30	0.295
chr1	408387	408388	23	1.0
chr1	408416	408417	37	1.0
chr1	408453	408454	28	0.8551
chr1	408487	408488	23	0.7834
chr1	408512	408513	23	0.5221
chr1	408555	408556	28	0.8838
chr1	408570	408571	33	0.4958
chr1	408602	408603	37	0.6515
chr1	408620	408621	38	0.5643
chr1	408656	408657	27	0.9079
chr1	408673	408674	25	0.361
chr1	408702	408703	27	0.4656
chr1	408730	408731	37	0.9789
chr1	408748	408749	25	0.4403
chr1	408775	408776	15	1.0
chr1	408809	408810	24	0.448
chr1	408863	408864	33	0.472
chr1	408958	408959	32	1.0
chr1	409024	409025	32	0.3998
chr1	409124	409125	26	0.284
chr1	409224	409225	31	0.7654
chr1	409324	409325	26	1.0
chr1	409334	409335	37	0.9947
chr1	409340	409341	21	0.4403
chr1	409352	409353	33	0.6659
chr1	409373	409374	28	0.6812
chr1	409399	409400	29	0.9096
chr1	409449	409450	30	0.7239
chr1	409485	409486	38	0.7652
chr1	409504	409505	34	0.6795
chr1	409554	409555	36	0.6588
chr1	409579	409580	31	0.753
chr1	409615	409616	28	0.8418
chr1	409645	409646	29	0.8241
chr1	409685	409686	27	0.825
chr1	409721	409722	24	0.7714
chr1	409769	409770	28	0.7757
chr1	409819	409820	32	0.8872
chr1	409858	409859	31	0.9682
chr1	409927	409928	32	0.8931
chr1	410027	410028	33	0.9475
chr1	410127	410128	24	0.6811
chr1	410224	410225	26	0.6907
chr1	410324	410325	28	0.7551
chr1	410414	410415	26	0.9051
chr1	410421	410422	34	0.7464
chr1	410443	410444	27	0.5894
chr1	410489	410490	39	0.8546
chr1	410509	410510	29	0.7968
chr1	410540	410541	42	0.4995
chr1	410590	410591	30	0.675
chr1	410612	410613	30	0.7989
chr1	410650	410651	32	0.7907
chr1	410680	410681	32	0.5278
chr1	410726	410727	24	0.7225
chr1	410776	410777	39	0.7645
chr1	410808	410809	33	0.6949
chr1	410841	410842	24	0.5837
chr1	410856	410857	24	0.6624
chr1	410871	410872	17	0.6294
chr1	410888	410889	27	0.8409
chr1	410903	410904	28	0.7331
chr1	410928	410929	30	0.8297
chr1	410979	410980	31	0.7322
chr1	411079	411080	37	0.6122
chr1	411176	411177	39	0.5676
chr1	411276	411277	35	0.8057
chr1	411326	411327	24	0.5168
chr1	411426	411427	26	0.7089
chr1	411508	411509	28	0.6727
chr1	411540	411541	22	0.7182
chr1	411610	411611	20	0.7856
chr1	411818	411819	31	0.7419
chr1	411820	411821	42	0.6504
chr1	411848	411849	26	0.5933
chr1	411926	411927	29	0.6804
chr1	411957	411958	37	0.9726
chr1	411976	411977	26	0.6364
chr1	412022	412023	42	0.6236
chr1	412072	412073	31	0.8272
chr1	412115	412116	29	0.5301
chr1	412165	412166	22	0.6245
chr1	412215	412216	32	0.4199
chr1	412241	412242	29	0.5039
chr1	412261	412262	31	0.4413
chr1	412292	412293	28	0.8136
chr1	412309	412310	30	0.4948
chr1	412324	412325	32	0.5272
chr1	412349	412350	33	0.5406
chr1	412399	412400	32	0.7256
chr1	412426	412427	28	0.8802
chr1	412441	412442	33	0.7115
chr1	412491	412492	28	0.4868
chr1	412519	412520	29	0.3816
chr1	412529	412530	24	0.4411
chr1	412629	412630	26	0.9643
chr1	412705	412706	34	0.3616
chr1	412805	412806	25	0.8957
chr1	412905	412906	29	0.7477
chr1	413005	413006	40	0.5313
chr1	413180	413181	32	0.7879
chr1	413190	413191	30	0.8165
chr1	413237	413238	19	0.6387
chr1	413261	413262	27	0.6144
chr1	413306	413307	36	0.6903
chr1	413336	413337	24	0.5711
chr1	413381	413382	20	0.7716
chr1	413422	413423	28	0.7465
chr1	413465	413466	35	0.8
chr1	413514	413515	35	0.711
chr1	413551	413552	35	0.7536
chr1	413587	413588	28	0.789
chr1	413608	413609	27	0.7422
chr1	413628	413629	33	0.8723
chr1	413643	413644	25	0.772
chr1	413679	413680	27	0.6539
chr1	413756	413757	33	0.7686
chr1	413823	413824	30	0.728
chr1	413923	413924	24	0.7187
chr1	414016	414017	34	0.6503
chr1	414109	414110	28	0.7012
chr1	414181	414182	17	0.676
chr1	414185	414186	40	0.6682
chr1	414211	414212	29	0.6256
chr1	414253	414254	32	0.8254
chr1	414347	414348	31	0.7483
chr1	414407	414408	28	0.6323
chr1	414473	414474	35	0.8438
chr1	414495	414496	38	0.6953
chr1	414504	414505	30	0.8837
chr1	414537	414538	32	0.7006
chr1	414582	414583	27	0.6732
chr1	414616	414617	34	0.7795
chr1	414657	414658	39	0.634
chr1	414703	414704	34	0.7031
chr1	414733	414734	26	0.8115
chr1	414769	414770	30	0.8276
chr1	414800	414801	29	0.6077
chr1	414820	414821	35	0.7742
chr1	414861	414862	35	0.7838
chr1	414880	414881	27	0.847
chr1	414895	414896	27	0.7856
chr1	414932	414933	36	0.8366
chr1	414968	414969	33	0.7796
chr1	414985	414986	26	0.7818
chr1	415015	415016	36	0.8139
chr1	415115	415116	26	0.7837
chr1	415188	415189	27	0.6057
chr1	415273	415274	32	0.809
chr1	415360	415361	39	0.5792
chr1	415460	415461	28	0.6556
chr1	415496	415497	30	0.752
chr1	415510	415511	45	0.7487
chr1	415656	415657	28	0.6517
chr1	415800	415801	22	0.8633
chr1	415814	415815	33	0.7167
chr1	415832	415833	34	0.7448
chr1	415948	415949	34	0.7768
chr1	415953	415954	32	0.8946
chr1	415969	415970	29	0.9018
chr1	415997	415998	35	0.7956
chr1	416012	416013	23	0.9553
chr1	416053	416054	44	0.8671
chr1	416098	416099	28	0.7189
chr1	416117	416118	31	0.8828
chr1	416145	416146	26	0.8148
chr1	416172	416173	32	0.9244
chr1	416222	416223	34	0.9236
chr1	416272	416273	24	0.8617
chr1	416300	416301	30	0.9136
chr1	416350	416351	36	0.9586
chr1	416376	416377	27	0.7902
chr1	416395	416396	33	1.0
chr1	416423	416424	30	0.8156
chr1	416427	416428	34	0.8937
chr1	416527	416528	30	0.8037
chr1	416598	416599	23	0.8787
chr1	416698	416699	34	0.9108
chr1	416782	416783	25	1.0
chr1	416873	416874	31	1.0
chr1	416979	416980	26	0.7905
chr1	417013	417014	22	0.8246
chr1	417077	417078	34	0.8672
chr1	417081	417082	27	0.9472
chr1	417089	417090	29	0.8999
chr1	417119	417120	23	0.9123
chr1	417147	417148	28	0.8485
chr1	417283	417284	32	0.9709
chr1	417315	417316	34	0.8573
chr1	417331	417332	32	0.8204
chr1	417360	417361	35	0.757
chr1	417388	417389	23	0.5659
chr1	417438	417439	34	0.8379
chr1	417460	417461	24	0.6571
chr1	417481	417482	29	0.7309
chr1	417503	417504	25	0.6527
chr1	417553	417554	33	0.7333
chr1	417588	417589	23	0.7464
chr1	417606	417607	33	0.722
chr1	417637	417638	14	0.8344
chr1	417664	417665	33	0.6796
chr1	417714	417715	33	0.8004
chr1	417745	417746	24	0.7085
chr1	417795	417796	21	0.5684
chr1	417815	417816	35	0.6981
chr1	417864	417865	32	0.7199
chr1	417914	417915	35	0.7284
chr1	417993	417994	23	0.6751
chr1	418071	418072	29	0.6539
chr1	418171	418172	20	0.757
chr1	418271	418272	39	0.5179
chr1	418324	418325	35	0.6119
chr1	418394	418395	28	0.8796
chr1	418418	418419	27	0.777
chr1	418455	418456	28	0.8053
chr1	418476	418477	22	0.855
chr1	418491	418492	22	0.9144
chr1	418541	418542	29	0.8146
chr1	418559	418560	24	0.8649
chr1	418594	418595	32	0.8521
chr1	418619	418620	25	0.874
chr1	418654	418655	33	0.699
chr1	418670	418671	27	0.8602
chr1	418685	418686	26	0.8021
chr1	418709	418710	27	0.6417
chr1	418729	418730	21	0.8423
chr1	418764	418765	28	0.8493
chr1	418784	418785	30	0.9367
chr1	418831	418832	32	0.9093
chr1	418856	418857	31	0.9155
chr1	418903	418904	32	0.8662
chr1	418923	418924	33	0.8046
chr1	418947	418948	31	0.8765
chr1	418966	418967	35	0.899
chr1	418989	418990	32	0.7334
chr1	419013	419014	32	0.8921
chr1	419113	419114	28	0.7049
chr1	419213	419214	28	0.8007
chr1	419313	419314	33	0.6294
chr1	419413	419414	27	0.8281
chr1	419470	419471	35	0.8852
chr1	419552	419553	31	0.8627
chr1	419554	419555	39	0.6929
chr1	419574	419575	32	0.7735
chr1	419608	419609	33	0.8874
chr1	419631	419632	28	0.822
chr1	419672	419673	23	0.9676
chr1	419697	419698	31	0.9106
chr1	419747	419748	33	0.8567
chr1	419783	419784	30	0.7619
chr1	419819	419820	30	0.8896
chr1	419846	419847	23	0.8792
chr1	419866	419867	32	0.9727
chr1	419900	419901	27	0.8516
chr1	419940	419941	30	0.9566
chr1	419955	419956	31	0.7963
chr1	419986	419987	28	0.8748
chr1	420012	420013	36	0.8458
chr1	420027	420028	24	0.8792
chr1	420077	420078	23	0.8657
chr1	420093	420094	31	0.8967
chr1	420137	420138	29	0.9351
chr1	420187	420188	30	0.7878
chr1	420287	420288	28	0.8717
chr1	420384	420385	25	0.8093
chr1	420484	420485	29	0.8446
chr1	420584	420585	32	1.0
chr1	420642	420643	21	0.8464
chr1	420660	420661	24	0.8085
chr1	420668	420669	24	0.8066
chr1	420718	420719	31	0.8246
chr1	420745	420746	26	0.7299
chr1	420770	420771	39	0.9017
chr1	420808	420809	24	0.8141
chr1	420829	420830	34	0.8566
chr1	420857	420858	25	0.8625
chr1	420907	420908	34	0.6773
chr1	420957	420958	30	0.8221
chr1	420990	420991	29	0.7291
chr1	421026	421027	32	0.8078
chr1	421043	421044	21	0.7362
chr1	421060	421061	28	0.899
chr1	421101	421102	27	0.9859
chr1	421151	421152	27	0.8608
chr1	421179	421180	35	0.6354
chr1	421210	421211	29	0.9166
chr1	421249	421250	28	0.6174
chr1	421252	421253	35	0.9125
chr1	421352	421353	25	0.8195
chr1	421452	421453	28	0.7526
chr1	421502	421503	25	0.5863
chr1	421552	421553	28	0.6131
chr1	421632	421633	22	0.6532
chr1	421727	421728	38	0.7249
chr1	421827	421828	34	0.8371
chr1	421875	421876	30	0.8158
chr1	421893	421894	23	0.7886
chr1	421895	421896	27	0.6336
chr1	421951	421952	27	0.7038
chr1	421971	421972	31	0.6591
chr1	422067	422068	20	0.6873
chr1	422087	422088	32	0.6002
chr1	422089	422090	27	0.6277
chr1	422123	422124	20	0.6554
chr1	422283	422284	32	0.8857
chr1	422315	422316	29	0.0487
chr1	422330	422331	27	0.1082
chr1	422348	422349	31	0.2336
chr1	422388	422389	34	0.1374
chr1	422403	422404	34	0.2365
chr1	422420	422421	35	0.133
chr1	422452	422453	29	0.0738
chr1	422502	422503	22	0.09
chr1	422527	422528	33	0.1433
chr1	422567	422568	29	0.1545
chr1	422603	422604	33	0.1818
chr1	422625	422626	20	0.1718
chr1	422641	422642	29	0.2339
chr1	422656	422657	21	0.1765
chr1	422682	422683	31	0.043
chr1	422711	422712	34	0.2012
chr1	422735	422736	27	0.0746
chr1	422785	422786	36	0.0979
chr1	422804	422805	22	0.2077
chr1	422904	422905	30	0.0728
chr1	422960	422961	35	0.0507
chr1	423055	423056	27	0.2489
chr1	423145	423146	22	0.1759
chr1	423196	423197	30	0.0909
chr1	423286	423287	21	0.1997
chr1	423302	423303	27	0.1441
chr1	423378	423379	32	0.3385
chr1	423404	423405	28	0.6545
chr1	423439	423440	29	0.5607
chr1	423481	423482	29	0.6407
chr1	423496	423497	30	0.5514
chr1	423534	423535	17	0.5518
chr1	423549	423550	33	0.538
chr1	423586	423587	32	0.666
chr1	423636	423637	26	0.717
chr1	423676	423677	28	0.7908
chr1	423720	423721	28	0.7523
chr1	423746	423747	29	0.762
chr1	423782	423783	45	0.6724
chr1	423832	423833	31	0.7365
chr1	423853	423854	28	0.6276
chr1	423953	423954	30	0.7307
chr1	424051	424052	35	0.7135
chr1	424151	424152	30	0.5691
chr1	424202	424203	33	0.6323
chr1	424284	424285	24	0.7361
chr1	424332	424333	20	0.5889
chr1	424368	424369	16	0.8295
chr1	424391	424392	34	0.8035
chr1	424427	424428	30	1.0
chr1	424447	424448	23	0.8801
chr1	424472	424473	25	0.9084
chr1	424497	424498	32	0.8322
chr1	424522	424523	32	0.9404
chr1	424566	424567	30	0.8163
chr1	424608	424609	31	0.8077
chr1	424657	424658	25	0.9087
chr1	424700	424701	26	0.7367
chr1	424715	424716	28	0.9259
chr1	424759	424760	32	0.9372
chr1	424779	424780	24	0.8428
chr1	424794	424795	33	0.7935
chr1	424824	424825	31	0.8424
chr1	424848	424849	27	0.7855
chr1	424873	424874	33	0.8338
chr1	424919	424920	23	1.0
chr1	424986	424987	26	1.0
chr1	425086	425087	37	0.8566
chr1	425186	425187	33	0.9332
chr1	425286	425287	28	1.0
chr1	425352	425353	28	0.8613
chr1	425422	425423	36	0.7168
chr1	425480	425481	26	0.8494
chr1	425517	425518	32	0.2035
chr1	425543	425544	22	0.4235
chr1	425572	425573	26	0.4025
chr1	425601	425602	21	0.405
chr1	425626	425627	24	0.3656
chr1	425670	425671	33	0.3929
chr1	425685	425686	27	0.3596
chr1	425735	425736	23	0.4055
chr1	425775	425776	33	0.4118
chr1	425825	425826	25	0.3185
chr1	425847	425848	33	0.4281
chr1	425897	425898	30	0.3958
chr1	425930	425931	33	0.4473
chr1	425979	425980	21	0.2155
chr1	425996	425997	22	0.19
chr1	426076	426077	30	0.2236
chr1	426154	426155	24	0.3225
chr1	426254	426255	24	0.2883
chr1	426345	426346	31	0.3316
chr1	426395	426396	36	0.4835
chr1	426445	426446	29	0.2621
chr1	426465	426466	27	0.1895
chr1	426483	426484	24	0.407
chr1	426498	426499	32	1.0
chr1	426535	426536	21	0.456
chr1	426550	426551	41	0.381
chr1	426582	426583	25	0.8528
chr1	426606	426607	38	0.492
chr1	426632	426633	30	1.0
chr1	426657	426658	29	0.34
chr1	426677	426678	30	0.7295
chr1	426695	426696	22	1.0
chr1	426726	426727	27	0.445
chr1	426776	426777	32	0.503
chr1	426818	426819	27	1.0
chr1	426837	426838	39	0.8487
chr1	426887	426888	31	1.0
chr1	426936	426937	28	0.465
chr1	426940	426941	21	1.0
chr1	427032	427033	31	0.5689
chr1	427132	427133	33	0.47
chr1	427230	427231	32	0.367
chr1	427312	427313	29	1.0
chr1	427396	427397	29	0.5123
chr1	427409	427410	30	0.2051
chr1	427441	427442	32	0.1179
chr1	427459	427460	30	0.2117
chr1	427509	427510	32	0.2757
chr1	427543	427544	25	0.2604
chr1	427560	427561	32	0.1877
chr1	427610	427611	31	0.2286
chr1	427638	427639	27	0.2837
chr1	427688	427689	29	0.2571
chr1	427703	427704	33	0.1976
chr1	427722	427723	30	0.154
chr1	427754	427755	38	0.2279
chr1	427775	427776	32	0.2037
chr1	427825	427826	18	0.1847
chr1	427853	427854	30	0.2129
chr1	427872	427873	29	0.1227
chr1	427907	427908	25	0.2427
chr1	427923	427924	32	0.1884
chr1	427982	427983	27	0.1934
chr1	428082	428083	30	0.1122
chr1	428133	428134	24	0.1024
chr1	428222	428223	43	0.2409
chr1	428284	428285	34	0.2256
chr1	428334	428335	30	0.1025
chr1	428409	428410	34	0.1599
chr1	428445	428446	26	0.1757
chr1	428463	428464	22	0.6615
chr1	428499	428500	31	0.7615
chr1	428523	428524	27	0.8362
chr1	428553	428554	28	0.8142
chr1	428603	428604	28	0.6984
chr1	428629	428630	30	0.7655
chr1	428648	428649	28	0.8824
chr1	428695	428696	30	0.8041
chr1	428710	428711	28	0.8298
chr1	428760	428761	28	0.7904
chr1	428803	428804	23	0.8617
chr1	428853	428854	30	0.7683
chr1	428882	428883	33	0.7915
chr1	428918	428919	26	0.6566
chr1	428955	428956	27	0.8142
chr1	428970	428971	29	0.7037
chr1	428990	428991	30	0.776
chr1	429040	429041	28	0.8533
chr1	429140	429141	31	0.6838
chr1	429240	429241	27	0.5868
chr1	429340	429341	32	0.7643
chr1	429420	429421	34	0.6031
chr1	429422	429423	28	0.8069
chr1	429520	429521	29	0.781
chr1	429555	429556	32	0.851
chr1	429572	429573	26	0.9099
chr1	429603	429604	27	0.7094
chr1	429625	429626	27	0.7686
chr1	429666	429667	39	0.7362
chr1	429716	429717	30	0.6698
chr1	429748	429749	29	0.5959
chr1	429777	429778	29	0.7267
chr1	429825	429826	28	0.8897
chr1	429852	429853	30	0.5602
chr1	429878	429879	36	0.6998
chr1	429893	429894	36	0.8154
chr1	429938	429939	34	0.7646
chr1	429988	429989	32	0.6879
chr1	430006	430007	28	0.7562
chr1	430030	430031	23	0.6515
chr1	430042	430043	34	0.7644
chr1	430142	430143	19	0.6275
chr1	430242	430243	30	0.5557
chr1	430298	430299	21	0.8226
chr1	430384	430385	29	0.667
chr1	430445	430446	25	0.6062
chr1	430503	430504	33	0.606
chr1	430530	430531	25	0.7579
chr1	430572	430573	20	0.8179
chr1	430594	430595	33	0.8668
chr1	430628	430629	24	0.8087
chr1	430678	430679	32	0.8744
chr1	430714	430715	23	0.7032
chr1	430739	430740	31	0.732
chr1	430775	430776	33	0.9512
chr1	430806	430807	28	0.7942
chr1	430856	430857	26	0.8379
chr1	430885	430886	41	0.908
chr1	430907	430908	25	0.8381
chr1	430950	430951	29	0.876
chr1	430965	430966	25	0.9738
chr1	430993	430994	46	0.8598
chr1	431093	431094	38	0.9258
chr1	431193	431194	25	0.7732
chr1	431293	431294	23	0.8039
chr1	431393	431394	37	0.7757
chr1	431415	431416	27	0.7861
chr1	431425	431426	26	0.691
chr1	431431	431432	35	0.0
chr1	431448	431449	33	0.148
chr1	431498	431499	41	0.0
chr1	431513	431514	32	0.0345
chr1	431528	431529	37	0.1785
chr1	431549	431550	25	0.0
chr1	431593	431594	32	0.0
chr1	431610	431611	34	0.089
chr1	431635	431636	35	0.0912
chr1	431674	431675	29	0.0614
chr1	431705	431706	31	0.0
chr1	431725	431726	34	0.155
chr1	431740	431741	23	0.0533
chr1	431755	431756	23	0.0718
chr1	431787	431788	35	0.1209
chr1	431837	431838	37	0.0434
chr1	431853	431854	25	0.0156
chr1	431871	431872	30	0.0783
chr1	431888	431889	32	0.0667
chr1	431986	431987	24	0.0409
chr1	432052	432053	19	0.022
chr1	432103	432104	33	0.1218
chr1	432165	432166	25	0.0283
chr1	432248	432249	29	0.0354
chr1	432325	432326	34	0.0617
chr1	432409	432410	35	0.0615
chr1	432423	432424	21	0.1138
chr1	432515	432516	25	0.1199
chr1	432579	432580	27	0.1484
chr1	432747	432748	29	0.0576
chr1	432759	432760	23	0.1781
chr1	432772	432773	35	0.8028
chr1	432797	432798	26	0.8902
chr1	432814	432815	29	0.9804
chr1	432842	432843	29	0.9381
chr1	432907	432908	32	0.9203
chr1	432936	432937	30	0.9625
chr1	432960	432961	29	0.7217
chr1	432984	432985	33	0.825
chr1	433024	433025	36	0.9288
chr1	433053	433054	30	0.9165
chr1	433092	433093	27	0.8837
chr1	433107	433108	31	0.9305
chr1	433132	433133	29	0.8478
chr1	433178	433179	33	0.8479
chr1	433212	433213	32	0.9577
chr1	433248	433249	34	0.9325
chr1	433265	433266	33	0.9375
chr1	433292	433293	29	0.8889
chr1	433369	433370	28	0.8084
chr1	433419	433420	28	0.8701
chr1	433473	433474	23	0.8459
chr1	433531	433532	25	0.7239
chr1	433631	433632	32	0.9934
chr1	433731	433732	27	0.9171
chr1	433787	433788	28	0.7976
chr1	433837	433838	25	0.8467
chr1	433876	433877	22	0.8044
chr1	433896	433897	37	0.5772
chr1	433946	433947	26	0.5196
chr1	433996	433997	27	0.5301
chr1	434022	434023	29	0.7971
chr1	434045	434046	22	0.6533
chr1	434095	434096	31	0.6703
chr1	434131	434132	23	0.4883
chr1	434165	434166	27	0.6026
chr1	434192	434193	39	0.7532
chr1	434221	434222	23	0.5827
chr1	434236	434237	31	0.6187
chr1	434286	434287	18	0.646
chr1	434308	434309	23	0.7821
chr1	434403	434404	34	0.7474
chr1	434490	434491	41	0.7289
chr1	434550	434551	27	0.5993
chr1	434602	434603	18	0.5058
chr1	434702	434703	34	0.6896
chr1	434766	434767	31	0.4978
chr1	434772	434773	26	0.735
chr1	434791	434792	27	0.8506
chr1	434811	434812	30	0.7363
chr1	434832	434833	22	0.8812
chr1	434880	434881	23	0.9649
chr1	434896	434897	24	0.853
chr1	434946	434947	27	0.7121
chr1	434991	434992	32	0.8353
chr1	435041	435042	22	0.9288
chr1	435058	435059	33	0.9345
chr1	435090	435091	20	0.784
chr1	435105	435106	33	0.9966
chr1	435154	435155	26	0.9621
chr1	435204	435205	21	0.7222
chr1	435238	435239	31	0.8374
chr1	435239	435240	33	0.6676
chr1	435338	435339	39	0.9546
chr1	435407	435408	31	0.8657
chr1	435507	435508	34	0.8615
chr1	435607	435608	30	1.0
chr1	435673	435674	29	0.6964
chr1	435681	435682	24	0.6279
chr1	435783	435784	30	0.8047
chr1	435801	435802	30	0.9217
chr1	435803	435804	33	0.8939
chr1	435843	435844	29	0.6625
chr1	435951	435952	30	0.9313
chr1	435965	435966	29	0.8532
chr1	435991	435992	27	0.9538
chr1	436153	436154	26	0.8625
chr1	436160	436161	30	0.7872
chr1	436210	436211	20	0.5288
chr1	436225	436226	30	0.6527
chr1	436245	436246	25	0.5319
chr1	436295	436296	35	0.567
chr1	436322	436323	29	0.6378
chr1	436337	436338	25	0.6086
chr1	436356	436357	29	0.5028
chr1	436406	436407	38	0.478
chr1	436456	436457	26	0.5758
chr1	436506	436507	32	0.4931
chr1	436527	436528	30	0.735
chr1	436544	436545	32	0.6461
chr1	436608	436609	32	0.4898
chr1	436708	436709	29	0.561
chr1	436808	436809	24	0.4788
chr1	436908	436909	33	0.7436
chr1	437154	437155	16	0.5981
chr1	437210	437211	31	0.5552
chr1	437250	437251	40	0.4778
chr1	437274	437275	32	0.481
chr1	437322	437323	26	0.7162
chr1	437331	437332	19	0.1229
chr1	437355	437356	33	0.2704
chr1	437382	437383	29	0.2428
chr1	437432	437433	28	0.1377
chr1	437469	437470	29	0.0517
chr1	437519	437520	25	0.1667
chr1	437569	437570	33	0.0
chr1	437586	437587	37	0.0822
chr1	437608	437609	38	0.0556
chr1	437629	437630	28	0.185
chr1	437660	437661	22	0.1217
chr1	437682	437683	31	0.1849
chr1	437719	437720	33	0.0881
chr1	437742	437743	28	0.0284
chr1	437768	437769	31	0.0491
chr1	437789	437790	32	0.076
chr1	437820	437821	28	0.1747
chr1	437870	437871	26	0.0
chr1	437872	437873	41	0.1046
chr1	437929	437930	24	0.0703
chr1	438007	438008	26	0.1857
chr1	438076	438077	29	0.0866
chr1	438126	438127	30	0.0401
chr1	438226	438227	28	0.0
chr1	438276	438277	26	0.2016
chr1	438326	438327	37	0.0597
chr1	438334	438335	29	0.1775
chr1	438486	438487	14	0.0505
chr1	438540	438541	32	0.068
chr1	438604	438605	26	0.1277
chr1	438714	438715	30	0.1673
chr1	438748	438749	28	0.019
chr1	438782	438783	30	0.1014
chr1	438800	438801	33	0.8538
chr1	438850	438851	22	0.8576
chr1	438865	438866	30	0.7682
chr1	438880	438881	33	0.7774
chr1	438897	438898	28	0.6904
chr1	438932	438933	25	0.5929
chr1	439001	439002	20	0.7277
chr1	439051	439052	27	0.866
chr1	439081	439082	34	0.7154
chr1	439097	439098	31	0.8106
chr1	439147	439148	40	0.8607
chr1	439166	439167	30	0.8177
chr1	439216	439217	35	0.7889
chr1	439252	439253	28	0.6994
chr1	439280	439281	35	0.7524
chr1	439284	439285	30	0.7699
chr1	439384	439385	21	0.808
chr1	439436	439437	34	0.7478
chr1	439536	439537	29	0.8391
chr1	439636	439637	24	0.8508
chr1	439686	439687	30	0.7997
chr1	439738	439739	26	0.6312
chr1	439750	439751	30	0.6709
chr1	439756	439757	29	0.0
chr1	439797	439798	22	0.1763
chr1	439847	439848	35	0.2099
chr1	439892	439893	31	0.1568
chr1	439925	439926	31	0.1136
chr1	439971	439972	28	0.03
chr1	440021	440022	27	0.1404
chr1	440071	440072	36	0.13
chr1	440096	440097	26	0.1251
chr1	440116	440117	30	0.0753
chr1	440131	440132	33	0.3209
chr1	440167	440168	37	0.0809
chr1	440189	440190	21	0.1745
chr1	440214	440215	28	0.1347
chr1	440219	440220	31	0.1763
chr1	440269	440270	26	0.2059
chr1	440319	440320	29	0.0138
chr1	440394	440395	19	0.1866
chr1	440494	440495	36	0.1817
chr1	440594	440595	20	0.1326
chr1	440604	440605	30	0.231
chr1	440616	440617	31	0.1141
chr1	440630	440631	29	0.2249
chr1	440686	440687	28	0.2136
chr1	440768	440769	28	0.147
chr1	440998	440999	36	0.1911
chr1	441025	441026	29	0.6956
chr1	441075	441076	26	0.5921
chr1	441112	441113	26	0.6875
chr1	441127	441128	21	0.7747
chr1	441161	441162	43	0.8424
chr1	441210	441211	35	0.5483
chr1	441259	441260	27	0.6629
chr1	441274	441275	25	0.7043
chr1	441324	441325	28	0.6542
chr1	441340	441341	25	0.6458
chr1	441361	441362	29	0.4928
chr1	441384	441385	38	0.5158
chr1	441409	441410	27	0.6211
chr1	441458	441459	32	0.6445
chr1	441549	441550	30	0.8038
chr1	441630	441631	33	0.6482
chr1	441724	441725	25	0.679
chr1	441806	441807	33	0.6705
chr1	441822	441823	24	0.7535
chr1	441866	441867	24	0.6981
chr1	441874	441875	18	0.8709
chr1	441902	441903	40	0.7221
chr1	441946	441947	22	0.7416
chr1	441972	441973	34	0.8881
chr1	442004	442005	29	0.9178
chr1	442022	442023	32	0.7711
chr1	442060	442061	34	0.7933
chr1	442078	442079	23	0.731
chr1	442128	442129	32	0.9117
chr1	442154	442155	25	0.7444
chr1	442188	442189	44	0.966
chr1	442217	442218	28	0.7827
chr1	442243	442244	34	0.7825
chr1	442273	442274	34	0.7441
chr1	442288	442289	31	0.8615
chr1	442303	442304	38	0.7931
chr1	442353	442354	19	0.955
chr1	442429	442430	31	0.8473
chr1	442529	442530	21	0.7507
chr1	442629	442630	26	0.741
chr1	442729	442730	29	0.8782
chr1	442829	442830	27	0.9376
chr1	442929	442930	27	0.6911
chr1	443083	443084	31	0.8759
chr1	443133	443134	27	0.8788
chr1	443207	443208	42	0.8058
chr1	443271	443272	29	0.8413
chr1	443289	443290	26	0.7163
chr1	443319	443320	34	0.1907
chr1	443369	443370	37	0.2153
chr1	443417	443418	27	0.1233
chr1	443462	443463	30	0.1364
chr1	443499	443500	24	0.111
chr1	443549	443550	30	0.0449
chr1	443584	443585	30	0.0716
chr1	443610	443611	27	0.1048
chr1	443630	443631	28	0.0783
chr1	443680	443681	33	0.0191
chr1	443727	443728	20	0.0282
chr1	443756	443757	36	0.0994
chr1	443798	443799	24	0.1577
chr1	443813	443814	34	0.209
chr1	443828	443829	25	0.1349
chr1	443830	443831	34	0.1053
chr1	443888	443889	24	0.2016
chr1	443965	443966	36	0.1764
chr1	444044	444045	22	0.1769
chr1	444144	444145	34	0.037
chr1	444201	444202	23	0.2283
chr1	444271	444272	18	0.2038
chr1	444277	444278	28	0.0528
chr1	444329	444330	37	0.115
chr1	444339	444340	31	0.8837
chr1	444373	444374	27	0.828
chr1	444422	444423	33	0.8104
chr1	444437	444438	27	0.8498
chr1	444478	444479	33	0.7636
chr1	444528	444529	23	0.8064
chr1	444578	444579	33	1.0
chr1	444628	444629	38	0.9007
chr1	444664	444665	23	0.7947
chr1	444707	444708	33	0.9582
chr1	444757	444758	34	0.7584
chr1	444804	444805	22	0.8701
chr1	444830	444831	26	0.89
chr1	444930	444931	25	0.8524
chr1	445030	445031	43	0.8455
chr1	445092	445093	38	0.837
chr1	445192	445193	32	0.7638
chr1	445292	445293	35	0.9677
chr1	445310	445311	26	0.8867
chr1	445359	445360	21	0.7381
chr1	445374	445375	39	0.4037
chr1	445406	445407	20	0.7244
chr1	445445	445446	27	0.723
chr1	445463	445464	28	0.7725
chr1	445481	445482	27	0.7488
chr1	445531	445532	26	0.6855
chr1	445546	445547	27	0.5459
chr1	445585	445586	28	0.4275
chr1	445616	445617	23	0.5958
chr1	445636	445637	32	0.4831
chr1	445651	445652	27	0.7783
chr1	445685	445686	22	0.6963
chr1	445709	445710	32	0.6072
chr1	445733	445734	28	0.5663
chr1	445783	445784	26	0.5255
chr1	445802	445803	35	0.7633
chr1	445819	445820	28	0.5433
chr1	445849	445850	41	0.5314
chr1	445878	445879	34	0.5859
chr1	445893	445894	27	0.6766
chr1	445911	445912	31	0.6797
chr1	445913	445914	22	0.7143
chr1	445987	445988	26	0.7471
chr1	446087	446088	30	0.4473
chr1	446187	446188	26	0.7626
chr1	446287	446288	30	0.5366
chr1	446387	446388	32	0.7501
chr1	446439	446440	36	0.6838
chr1	446449	446450	30	0.7572
chr1	446476	446477	32	0.8665
chr1	446526	446527	28	0.8161
chr1	446549	446550	29	0.7577
chr1	446599	446600	30	0.7147
chr1	446649	446650	24	0.654
chr1	446691	446692	26	0.6905
chr1	446716	446717	23	0.7071
chr1	446737	446738	35	0.6758
chr1	446757	446758	36	0.6944
chr1	446799	446800	29	0.6864
chr1	446831	446832	25	0.7757
chr1	446863	446864	35	0.7766
chr1	446878	446879	31	0.743
chr1	446916	446917	31	0.739
chr1	447016	447017	28	0.7292
chr1	447109	447110	26	0.9158
chr1	447209	447210	33	0.6642
chr1	447261	447262	29	0.8013
chr1	447361	447362	28	0.7256
chr1	447373	447374	31	0.8641
chr1	447383	447384	21	0.7823
chr1	447407	447408	35	0.7367
chr1	447461	447462	31	0.7929
chr1	447593	447594	32	0.8278
chr1	447633	447634	25	0.8535
chr1	447739	447740	28	0.9034
chr1	447745	447746	34	0.683
chr1	447775	447776	22	0.7138
chr1	447861	447862	33	0.6051
chr1	447876	447877	40	0.0847
chr1	447901	447902	25	0.0097
chr1	447921	447922	25	0.0
chr1	447937	447938	29	0.0934
chr1	447966	447967	24	0.0
chr1	448006	448007	29	0.1046
chr1	448022	448023	27	0.0081
chr1	448047	448048	36	0.0
chr1	448084	448085	23	0.0234
chr1	448134	448135	32	0.1631
chr1	448184	448185	33	0.2594
chr1	448203	448204	32	0.0002
chr1	448223	448224	29	0.0706
chr1	448273	448274	33	0.0797
chr1	448296	448297	40	0.091
chr1	448342	448343	38	0.1515
chr1	448362	448363	38	0.1493
chr1	448380	448381	26	0.1103
chr1	448394	448395	39	0.0147
chr1	448444	448445	30	0.0
chr1	448544	448545	31	0.022
chr1	448606	448607	33	0.0732
chr1	448702	448703	35	0.1059
chr1	448802	448803	29	0.0437
chr1	448902	448903	30	0.044
chr1	448942	448943	29	0.1439
chr1	448968	448969	23	0.0476
chr1	448993	448994	36	0.9242
chr1	449012	449013	24	0.8967
chr1	449035	449036	24	1.0
chr1	449074	449075	27	0.8852
chr1	449103	449104	32	0.9132
chr1	449136	449137	35	0.9341
chr1	449159	449160	25	0.7555
chr1	449175	449176	22	0.8168
chr1	449225	449226	30	0.9157
chr1	449252	449253	27	0.9523
chr1	449277	449278	22	0.8233
chr1	449327	449328	24	0.9541
chr1	449342	449343	34	0.8391
chr1	449357	449358	32	0.8868
chr1	449393	449394	16	0.9841
chr1	449443	449444	31	0.9986
chr1	449469	449470	29	0.81
chr1	449488	449489	29	0.7299
chr1	449564	449565	30	0.9313
chr1	449664	449665	37	0.8133
chr1	449764	449765	24	0.8695
chr1	449860	449861	38	0.7823
chr1	449946	449947	27	0.9164
chr1	449956	449957	26	0.8599
chr1	449962	449963	36	0.7942
chr1	449980	449981	19	0.3022
chr1	450011	450012	26	0.2327
chr1	450051	450052	34	0.1064
chr1	450078	450079	33	0.1722
chr1	450105	450106	22	0.1686
chr1	450134	450135	30	0.2527
chr1	450149	450150	33	0.2288
chr1	450172	450173	23	0.2504
chr1	450205	450206	31	0.2629
chr1	450256	450257	26	0.1292
chr1	450282	450283	43	0.1716
chr1	450311	450312	31	0.284
chr1	450340	450341	29	0.2563
chr1	450369	450370	29	0.1179
chr1	450405	450406	29	0.1866
chr1	450423	450424	29	0.0856
chr1	450438	450439	32	0.1836
chr1	450468	450469	21	0.2708
chr1	450483	450484	31	0.2578
chr1	450517	450518	24	0.1786
chr1	450527	450528	32	0.1258
chr1	450577	450578	33	0.2553
chr1	450660	450661	33	0.1029
chr1	450760	450761	29	0.1854
chr1	450860	450861	35	0.1998
chr1	450933	450934	19	0.0823
chr1	451033	451034	33	0.1384
chr1	451045	451046	32	0.1693
chr1	451081	451082	27	0.3586
chr1	451088	451089	26	0.7048
chr1	451103	451104	37	0.5834
chr1	451153	451154	28	0.624
chr1	451184	451185	18	0.711
chr1	451206	451207	30	0.7316
chr1	451231	451232	27	0.6337
chr1	451255	451256	34	0.5754
chr1	451299	451300	29	0.6151
chr1	451333	451334	29	0.6127
chr1	451372	451373	31	0.652
chr1	451404	451405	27	0.7579
chr1	451421	451422	28	0.6264
chr1	451465	451466	33	0.6059
chr1	451486	451487	28	0.6982
chr1	451519	451520	37	0.7657
chr1	451569	451570	23	0.8365
chr1	451586	451587	29	0.7323
chr1	451686	451687	29	0.6923
chr1	451746	451747	27	0.7399
chr1	451840	451841	29	0.6185
chr1	451940	451941	27	0.727
chr1	452040	452041	29	0.7339
chr1	452098	452099	28	0.8024
chr1	452158	452159	33	0.4616
chr1	452220	452221	32	0.7223
chr1	452260	452261	24	0.6806
chr1	452332	452333	33	0.7912
chr1	452374	452375	29	0.8413
chr1	452414	452415	37	0.7885
chr1	452429	452430	29	0.8542
chr1	452479	452480	27	0.8626
chr1	452494	452495	28	0.731
chr1	452544	452545	28	0.8044
chr1	452563	452564	26	0.7326
chr1	452606	452607	33	0.762
chr1	452621	452622	36	0.933
chr1	452646	452647	26	0.8734
chr1	452663	452664	24	0.6135
chr1	452713	452714	32	0.8527
chr1	452738	452739	25	0.8602
chr1	452753	452754	21	0.9536
chr1	452776	452777	18	0.7214
chr1	452793	452794	28	0.7008
chr1	452843	452844	31	0.9919
chr1	452858	452859	33	0.814
chr1	452880	452881	38	0.7033
chr1	452897	452898	26	0.8535
chr1	452938	452939	24	0.8138
chr1	452993	452994	32	0.8227
chr1	453093	453094	35	0.8343
chr1	453193	453194	42	0.7887
chr1	453244	453245	23	0.7376
chr1	453294	453295	36	0.7657
chr1	453394	453395	37	0.6935
chr1	453460	453461	22	0.7251
chr1	453485	453486	28	0.8198
chr1	453518	453519	23	0.8524
chr1	453538	453539	32	0.7022
chr1	453574	453575	34	0.7401
chr1	453606	453607	22	0.7467
chr1	453637	453638	30	0.7592
chr1	453662	453663	18	0.5724
chr1	453709	453710	29	0.9356
chr1	453744	453745	32	0.7961
chr1	453767	453768	30	0.6984
chr1	453817	453818	29	0.6668
chr1	453854	453855	24	0.7657
chr1	453887	453888	38	0.6765
chr1	453937	453938	35	0.7129
chr1	453954	453955	26	0.7596
chr1	453989	453990	28	0.849
chr1	454009	454010	29	0.687
chr1	454010	454011	37	0.7669
chr1	454110	454111	24	0.592
chr1	454210	454211	37	0.7752
chr1	454281	454282	26	0.6259
chr1	454376	454377	30	0.718
chr1	454476	454477	29	0.7976
chr1	454564	454565	27	0.8351
chr1	454576	454577	33	0.2031
chr1	454591	454592	35	0.1398
chr1	454639	454640	30	0.251
chr1	454666	454667	26	0.1334
chr1	454716	454717	31	0.1685
chr1	454737	454738	23	0.0134
chr1	454760	454761	38	0.0757
chr1	454777	454778	26	0.0
chr1	454792	454793	21	0.009
chr1	454842	454843	32	0.2206
chr1	454887	454888	18	0.1679
chr1	454937	454938	31	0.0
chr1	454978	454979	29	0.1398
chr1	454993	454994	24	0.2208
chr1	455023	455024	36	0.0129
chr1	455042	455043	30	0.1008
chr1	455079	455080	23	0.0804
chr1	455098	455099	26	0.0193
chr1	455113	455114	38	0.1173
chr1	455157	455158	30	0.0312
chr1	455181	455182	32	0.0
chr1	455182	455183	24	0.1254
chr1	455282	455283	26	0.0961
chr1	455359	455360	34	0.229
chr1	455413	455414	37	0.0661
chr1	455505	455506	34	0.2175
chr1	455605	455606	25	0.2634
chr1	455705	455706	30	0.1164
chr1	455721	455722	24	0.2029
chr1	455730	455731	35	0.8932
chr1	455750	455751	27	0.8457
chr1	455800	455801	35	0.6991
chr1	455850	455851	19	0.8347
chr1	455870	455871	38	0.8509
chr1	455907	455908	27	0.7171
chr1	455923	455924	22	0.7097
chr1	455938	455939	28	0.715
chr1	455964	455965	31	0.7852
chr1	456002	456003	33	0.8651
chr1	456027	456028	36	0.8113
chr1	456077	456078	25	0.9026
chr1	456127	456128	22	0.7428
chr1	456152	456153	27	0.8387
chr1	456167	456168	36	0.7983
chr1	456217	456218	35	0.7476
chr1	456224	456225	33	0.9275
chr1	456275	456276	37	0.8929
chr1	456375	456376	41	0.7838
chr1	456438	456439	29	0.7172
chr1	456538	456539	35	0.6477
chr1	456637	456638	30	0.9219
chr1	456717	456718	28	0.7801
chr1	456745	456746	26	0.7244
chr1	456777	456778	38	0.8773
chr1	456837	456838	32	0.7018
chr1	456839	456840	35	0.7487
chr1	456989	456990	37	0.8844
chr1	457009	457010	31	0.021
chr1	457048	457049	33	0.1407
chr1	457068	457069	23	0.138
chr1	457118	457119	26	0.1425
chr1	457150	457151	29	0.3111
chr1	457179	457180	31	0.1275
chr1	457229	457230	33	0.1712
chr1	457275	457276	31	0.1754
chr1	457325	457326	35	0.2357
chr1	457359	457360	29	0.1376
chr1	457392	457393	22	0.2428
chr1	457433	457434	28	0.2461
chr1	457468	457469	33	0.1577
chr1	457477	457478	37	0.1808
chr1	457530	457531	27	0.2595
chr1	457587	457588	32	0.2193
chr1	457637	457638	27	0.1515
chr1	457737	457738	26	0.1063
chr1	457837	457838	26	0.3466
chr1	457937	457938	31	0.1394
chr1	458033	458034	30	0.11
chr1	458047	458048	29	0.7556
chr1	458062	458063	31	0.9727
chr1	458087	458088	34	0.7484
chr1	458104	458105	27	0.9112
chr1	458132	458133	27	0.9059
chr1	458149	458150	30	0.8589
chr1	458194	458195	29	0.6806
chr1	458225	458226	32	0.8601
chr1	458265	458266	33	0.7614
chr1	458289	458290	34	0.7428
chr1	458326	458327	20	0.8215
chr1	458364	458365	34	0.9093
chr1	458401	458402	35	0.8163
chr1	458429	458430	34	0.8725
chr1	458459	458460	35	0.6512
chr1	458474	458475	27	0.6702
chr1	458481	458482	34	0.8731
chr1	458581	458582	32	0.8095
chr1	458681	458682	24	0.8301
chr1	458781	458782	24	0.7694
chr1	458831	458832	24	0.7974
chr1	458923	458924	26	0.9149
chr1	458933	458934	29	0.6462
chr1	458958	458959	26	0.604
chr1	459001	459002	28	0.7847
chr1	459021	459022	26	0.583
chr1	459071	459072	35	0.9159
chr1	459109	459110	25	0.8922
chr1	459137	459138	25	0.7186
chr1	459154	459155	29	0.7417
chr1	459173	459174	33	0.747
chr1	459192	459193	28	0.8276
chr1	459211	459212	26	0.8066
chr1	459261	459262	29	0.6561
chr1	459285	459286	28	0.5728
chr1	459315	459316	24	0.8076
chr1	459343	459344	27	0.6251
chr1	459363	459364	30	0.8232
chr1	459413	459414	36	0.7733
chr1	459420	459421	31	0.7731
chr1	459520	459521	36	0.7785
chr1	459570	459571	35	0.7332
chr1	459661	459662	32	0.8274
chr1	459761	459762	31	0.9069
chr1	459811	459812	32	0.7262
chr1	459876	459877	27	0.6766
chr1	459890	459891	35	0.5959
chr1	459930	459931	28	0.5817
chr1	459936	459937	38	0.7258
chr1	459956	459957	38	0.4955
chr1	460050	460051	27	0.7092
chr1	460056	460057	30	0.6367
chr1	460118	460119	32	0.5471
chr1	460210	460211	21	0.6926
chr1	460223	460224	27	0.6935
chr1	460260	460261	34	0.7109
chr1	460310	460311	32	0.6697
chr1	460338	460339	27	0.7976
chr1	460370	460371	23	0.7287
chr1	460385	460386	22	0.772
chr1	460408	460409	28	0.6841
chr1	460423	460424	24	0.6117
chr1	460444	460445	35	0.6056
chr1	460485	460486	28	0.8094
chr1	460507	460508	28	0.7458
chr1	460531	460532	33	0.7043
chr1	460557	460558	31	0.7553
chr1	460607	460608	34	0.6604
chr1	460634	460635	25	0.6228
chr1	460652	460653	29	0.8277
chr1	460676	460677	35	0.6179
chr1	460776	460777	26	0.6475
chr1	460876	460877	16	0.7773
chr1	460976	460977	22	0.7968
chr1	461048	461049	40	0.6783
chr1	461148	461149	38	0.8687
chr1	461191	461192	33	0.8809
chr1	461213	461214	22	0.9052
chr1	461238	461239	32	0.9518
chr1	461259	461260	34	0.8739
chr1	461274	461275	31	0.9481
chr1	461289	461290	33	0.991
chr1	461315	461316	26	0.9545
chr1	461338	461339	30	0.7565
chr1	461363	461364	34	0.9924
chr1	461389	461390	35	0.7624
chr1	461419	461420	23	0.9688
chr1	461437	461438	33	0.979
chr1	461474	461475	39	0.9503
chr1	461500	461501	31	1.0
chr1	461550	461551	28	0.9868
chr1	461565	461566	31	0.9679
chr1	461593	461594	25	0.8422
chr1	461607	461608	27	0.8207
chr1	461673	461674	34	0.7954
chr1	461731	461732	33	0.8249
chr1	461805	461806	36	0.868
chr1	461905	461906	28	0.8584
chr1	462005	462006	30	0.9316
chr1	462017	462018	35	0.8777
chr1	462027	462028	25	0.84
chr1	462042	462043	25	0.9471
chr1	462067	462068	19	0.7816
chr1	462088	462089	33	0.9775
chr1	462107	462108	32	0.8677
chr1	462122	462123	29	0.7971
chr1	462138	462139	27	0.7126
chr1	462160	462161	34	0.9141
chr1	462177	462178	32	0.8417
chr1	462207	462208	36	0.9577
chr1	462244	462245	22	0.9407
chr1	462263	462264	24	0.9357
chr1	462298	462299	25	0.6475
chr1	462332	462333	25	0.8596
chr1	462351	462352	34	0.88
chr1	462393	462394	28	0.9584
chr1	462418	462419	29	0.8996
chr1	462453	462454	26	0.7827
chr1	462468	462469	39	0.9231
chr1	462568	462569	28	0.8682
chr1	462663	462664	25	0.8158
chr1	462713	462714	34	0.9659
chr1	462813	462814	24	0.8739
chr1	462865	462866	21	1.0
chr1	462903	462904	17	0.8629
chr1	462931	462932	28	0.9127
chr1	463039	463040	27	0.8264
chr1	463107	463108	32	0.8766
chr1	463131	463132	32	0.8399
chr1	463165	463166	22	0.8621
chr1	463195	463196	30	0.7874
chr1	463225	463226	23	0.7645
chr1	463327	463328	35	0.9546
chr1	463346	463347	24	0.0051
chr1	463363	463364	25	0.1562
chr1	463378	463379	33	0.1041
chr1	463410	463411	26	0.0977
chr1	463450	463451	32	0.1057
chr1	463500	463501	32	0.1827
chr1	463515	463516	28	0.2251
chr1	463565	463566	22	0.1096
chr1	463583	463584	26	0.1218
chr1	463633	463634	30	0.1383
chr1	463652	463653	31	0.0738
chr1	463677	463678	34	0.0973
chr1	463708	463709	32	0.1907
chr1	463738	463739	29	0.1243
chr1	463783	463784	26	0.2677
chr1	463801	463802	33	0.0
chr1	463837	463838	37	0.1667
chr1	463913	463914	29	0.1995
chr1	464001	464002	34	0.1896
chr1	464081	464082	22	0.0842
chr1	464181	464182	32	0.0475
chr1	464281	464282	31	0.0209
chr1	464307	464308	24	0.2056
chr1	464343	464344	26	0.1026
chr1	464353	464354	29	0.9249
chr1	464388	464389	32	0.7474
chr1	464411	464412	31	0.9162
chr1	464440	464441	37	0.8253
chr1	464455	464456	25	0.7529
chr1	464488	464489	33	0.9583
chr1	464518	464519	25	0.7163
chr1	464560	464561	40	0.9009
chr1	464586	464587	26	0.8833
chr1	464636	464637	23	0.7853
chr1	464672	464673	30	0.9326
chr1	464698	464699	37	0.8969
chr1	464730	464731	16	0.8424
chr1	464745	464746	33	0.8005
chr1	464777	464778	20	0.8496
chr1	464827	464828	36	0.789
chr1	464877	464878	29	0.6627
chr1	464884	464885	22	0.7453
chr1	464934	464935	32	0.8578
chr1	465034	465035	30	0.7828
chr1	465134	465135	24	0.9877
chr1	465234	465235	29	0.6976
chr1	465334	465335	34	0.8559
chr1	465426	465427	23	0.7844
chr1	465433	465434	23	0.7531
chr1	465483	465484	27	0.7884
chr1	465503	465504	31	0.8862
chr1	465518	465519	36	0.783
chr1	465538	465539	41	0.793
chr1	465563	465564	37	0.9382
chr1	465586	465587	32	0.8827
chr1	465608	465609	29	0.7722
chr1	465658	465659	24	0.8296
chr1	465691	465692	15	0.784
chr1	465706	465707	27	0.8393
chr1	465726	465727	35	0.882
chr1	465760	465761	27	0.9532
chr1	465807	465808	36	0.7111
chr1	465842	465843	34	0.755
chr1	465892	465893	23	0.8169
chr1	465915	465916	37	0.8246
chr1	465932	465933	27	0.8736
chr1	465955	465956	38	0.8238
chr1	465995	465996	36	0.807
chr1	466095	466096	23	0.937
chr1	466195	466196	26	0.7611
chr1	466247	466248	39	0.8145
chr1	466324	466325	31	0.878
chr1	466392	466393	42	0.8807
chr1	466492	466493	20	0.8456
chr1	466554	466555	40	0.7933
chr1	466600	466601	33	0.9437
chr1	466612	466613	27	0.8039
chr1	466674	466675	24	0.8972
chr1	466694	466695	38	0.8664
chr1	466726	466727	40	0.8072
chr1	466786	466787	36	0.7471
chr1	466950	466951	26	0.7994
chr1	466982	466983	26	0.876
chr1	466988	466989	28	0.8506
chr1	467038	467039	36	0.7824
chr1	467070	467071	35	0.6983
chr1	467089	467090	28	0.7516
chr1	467130	467131	27	0.7544
chr1	467149	467150	36	0.7294
chr1	467199	467200	27	0.6152
chr1	467234	467235	34	0.947
chr1	467258	467259	22	0.6378
chr1	467293	467294	31	0.8051
chr1	467343	467344	37	0.7652
chr1	467358	467359	36	0.605
chr1	467397	467398	23	0.8689
chr1	467447	467448	26	0.9627
chr1	467460	467461	36	0.8347
chr1	467560	467561	37	0.8113
chr1	467660	467661	35	0.9075
chr1	467760	467761	33	0.8422
chr1	467855	467856	35	0.8039
chr1	467873	467874	35	0.6917
chr1	467877	467878	28	0.7978
chr1	467915	467916	36	0.8294
chr1	468005	468006	28	0.764
chr1	468015	468016	28	0.7327
chr1	468061	468062	26	0.7666
chr1	468073	468074	31	0.7444
chr1	468083	468084	24	0.7734
chr1	468087	468088	33	0.8022
chr1	468229	468230	34	0.8414
chr1	468245	468246	30	0.8414
chr1	468260	468261	35	0.8293
chr1	468297	468298	23	0.9015
chr1	468321	468322	32	0.8691
chr1	468367	468368	29	0.8692
chr1	468390	468391	31	0.8528
chr1	468437	468438	23	0.8439
chr1	468469	468470	36	0.8494
chr1	468490	468491	24	0.8149
chr1	468520	468521	23	0.8401
chr1	468560	468561	29	0.6792
chr1	468606	468607	32	0.8217
chr1	468648	468649	39	0.9126
chr1	468663	468664	28	0.8034
chr1	468694	468695	29	0.6303
chr1	468739	468740	35	0.8586
chr1	468762	468763	31	0.8269
chr1	468862	468863	29	0.8967
chr1	468962	468963	25	0.8677
chr1	469048	469049	31	0.7375
chr1	469148	469149	30	0.845
chr1	469198	469199	27	0.8622
chr1	469262	469263	32	0.8287
chr1	469270	469271	26	0.8329
chr1	469288	469289	32	0.9412
chr1	469320	469321	33	0.9504
chr1	469361	469362	32	0.7751
chr1	469384	469385	24	0.8921
chr1	469421	469422	22	0.8579
chr1	469458	469459	27	1.0
chr1	469494	469495	33	0.9707
chr1	469520	469521	24	0.8692
chr1	469552	469553	33	0.8969
chr1	469602	469603	32	0.8783
chr1	469630	469631	20	0.963
chr1	469666	469667	34	0.9846
chr1	469691	469692	27	0.9978
chr1	469714	469715	29	0.9943
chr1	469742	469743	31	0.7676
chr1	469767	469768	30	0.7265
chr1	469853	469854	26	0.9401
chr1	469953	469954	24	0.9171
chr1	470003	470004	39	0.8137
chr1	470103	470104	26	0.9593
chr1	470153	470154	30	0.7454
chr1	470253	470254	37	0.9517
chr1	470285	470286	37	0.8363
chr1	470309	470310	23	0.8695
chr1	470349	470350	32	0.9733
chr1	470371	470372	26	0.8998
chr1	470467	470468	25	0.8648
chr1	470549	470550	27	0.7736
chr1	470553	470554	33	0.8807
chr1	470617	470618	35	0.7704
chr1	470659	470660	31	0.8216
chr1	470731	470732	31	0.7897
chr1	470755	470756	36	0.7905
chr1	470773	470774	22	0.7448
chr1	470799	470800	29	0.6578
chr1	470834	470835	26	0.8034
chr1	470865	470866	28	0.6817
chr1	470896	470897	25	0.749
chr1	470946	470947	33	0.6862
chr1	470991	470992	36	0.7477
chr1	471013	471014	37	0.8291
chr1	471041	471042	31	0.8553
chr1	471091	471092	19	0.9422
chr1	471128	471129	31	0.7486
chr1	471143	471144	27	0.8464
chr1	471193	471194	27	0.7996
chr1	471232	471233	26	0.8643
chr1	471263	471264	36	0.6944
chr1	471363	471364	36	0.9677
chr1	471415	471416	27	0.7105
chr1	471475	471476	27	0.7499
chr1	471525	471526	22	0.7677
chr1	471575	471576	27	0.6945
chr1	471675	471676	34	0.7298
chr1	471731	471732	28	0.829
chr1	471755	471756	29	0.9025
chr1	471781	471782	22	0.7313
chr1	471788	471789	27	0.1834
chr1	471804	471805	21	0.3267
chr1	471854	471855	32	0.1493
chr1	471904	471905	14	0.1591
chr1	471943	471944	28	0.1986
chr1	471976	471977	34	0.2955
chr1	472022	472023	32	0.0721
chr1	472043	472044	22	0.1063
chr1	472074	472075	35	0.1869
chr1	472093	472094	32	0.2386
chr1	472134	472135	31	0.1003
chr1	472150	472151	28	0.2055
chr1	472168	472169	25	0.1404
chr1	472218	472219	24	0.1289
chr1	472262	472263	37	0.3777
chr1	472278	472279	32	0.1732
chr1	472362	472363	32	0.2741
chr1	472444	472445	35	0.2241
chr1	472501	472502	31	0.0758
chr1	472601	472602	28	0.0649
chr1	472676	472677	28	0.1813
chr1	472708	472709	29	0.1367
chr1	472720	472721	33	0.1226
chr1	472790	472791	32	0.2061
chr1	472798	472799	31	0.1489
chr1	472800	472801	30	0.157
chr1	472812	472813	32	0.1764
chr1	472814	472815	18	0.2467
chr1	472864	472865	24	0.0609
chr1	473128	473129	25	0.0945
chr1	473134	473135	32	0.0706
chr1	473140	473141	23	0.8891
chr1	473178	473179	26	0.9625
chr1	473228	473229	35	0.7155
chr1	473278	473279	31	0.8608
chr1	473328	473329	26	0.8348
chr1	473378	473379	31	0.9149
chr1	473405	473406	27	0.905
chr1	473425	473426	27	0.9576
chr1	473475	473476	25	0.9094
chr1	473505	473506	27	0.9679
chr1	473524	473525	28	0.9114
chr1	473550	473551	29	0.8757
chr1	473565	473566	36	0.9119
chr1	473597	473598	34	0.8762
chr1	473612	473613	37	0.9
chr1	473630	473631	35	0.9393
chr1	473646	473647	30	0.8575
chr1	473661	473662	28	0.9108
chr1	473761	473762	35	0.8418
chr1	473861	473862	33	0.9696
chr1	473961	473962	34	0.7999
chr1	474061	474062	34	0.9361
chr1	474161	474162	29	0.8279
chr1	474303	474304	28	0.7969
chr1	474393	474394	28	0.8785
chr1	474487	474488	30	0.96
chr1	474509	474510	31	0.912
chr1	474529	474530	19	0.787
chr1	474537	474538	37	0.9117
chr1	474567	474568	32	0.7566
chr1	474579	474580	31	0.9605
chr1	474593	474594	22	0.9136
chr1	474621	474622	34	0.7882
chr1	474671	474672	31	0.842
chr1	474689	474690	29	0.8446
chr1	474739	474740	38	0.8068
chr1	474788	474789	27	0.6004
chr1	474816	474817	26	0.7877
chr1	474833	474834	28	0.776
chr1	474876	474877	12	0.8641
chr1	474919	474920	31	0.8549
chr1	474947	474948	27	0.8115
chr1	474978	474979	30	0.8961
chr1	474993	474994	29	0.8357
chr1	475022	475023	22	0.7955
chr1	475069	475070	30	0.7333
chr1	475098	475099	23	0.7964
chr1	475113	475114	31	0.7074
chr1	475127	475128	40	0.9418
chr1	475177	475178	31	0.9238
chr1	475277	475278	26	0.7552
chr1	475327	475328	27	0.6819
chr1	475414	475415	36	0.8037
chr1	475514	475515	25	0.8317
chr1	475595	475596	33	0.8185
chr1	475637	475638	29	0.8319
chr1	475689	475690	31	0.9019
chr1	475735	475736	33	0.99
chr1	475750	475751	25	1.0
chr1	475768	475769	30	0.9588
chr1	475818	475819	25	0.5704
chr1	475868	475869	25	0.29
chr1	475901	475902	38	0.9237
chr1	475916	475917	24	0.6942
chr1	475931	475932	36	1.0
chr1	475950	475951	31	0.6896
chr1	475990	475991	36	1.0
chr1	476014	476015	25	0.7826
chr1	476029	476030	35	0.7202
chr1	476053	476054	34	0.7232
chr1	476068	476069	28	0.6897
chr1	476105	476106	32	0.8826
chr1	476120	476121	27	0.8967
chr1	476144	476145	28	0.8301
chr1	476174	476175	24	1.0
chr1	476195	476196	29	0.213
chr1	476205	476206	31	1.0
chr1	476275	476276	40	1.0
chr1	476328	476329	32	0.705
chr1	476382	476383	24	0.6606
chr1	476445	476446	32	0.6721
chr1	476533	476534	32	0.325
chr1	476633	476634	16	0.595
chr1	476687	476688	17	1.0
chr1	476721	476722	26	0.5782
chr1	476754	476755	27	0.7738
chr1	476804	476805	28	0.8282
chr1	476830	476831	25	0.7062
chr1	476866	476867	24	0.8189
chr1	476888	476889	31	0.652
chr1	476911	476912	32	0.7658
chr1	476944	476945	42	0.5355
chr1	476982	476983	25	0.4965
chr1	477007	477008	34	0.5788
chr1	477057	477058	24	0.7731
chr1	477091	477092	25	0.6452
chr1	477109	477110	31	0.6143
chr1	477124	477125	25	0.671
chr1	477157	477158	29	0.6309
chr1	477172	477173	42	0.6882
chr1	477184	477185	18	0.6625
chr1	477265	477266	40	0.7405
chr1	477365	477366	32	0.8353
chr1	477465	477466	33	0.8111
chr1	477515	477516	32	0.7377
chr1	477608	477609	29	0.6339
chr1	477620	477621	41	0.6444
chr1	477660	477661	33	0.5252
chr1	477673	477674	29	0.358
chr1	477723	477724	37	0.326
chr1	477759	477760	33	1.0
chr1	477781	477782	26	1.0
chr1	477805	477806	26	0.3681
chr1	477844	477845	38	0.2709
chr1	477865	477866	28	0.298
chr1	477915	477916	31	0.337
chr1	477958	477959	29	1.0
chr1	477983	477984	24	0.4764
chr1	478020	478021	22	0.536
chr1	478040	478041	27	1.0
chr1	478061	478062	32	1.0
chr1	478111	478112	31	1.0
chr1	478141	478142	28	0.7915
chr1	478156	478157	26	0.4173
chr1	478172	478173	31	1.0
chr1	478195	478196	23	0.3007
chr1	478214	478215	21	0.99
chr1	478222	478223	25	1.0
chr1	478322	478323	27	1.0
chr1	478372	478373	36	0.6684
chr1	478472	478473	36	0.7885
chr1	478526	478527	30	0.503
chr1	478592	478593	29	1.0
chr1	478692	478693	33	0.367
chr1	478748	478749	31	0.486
chr1	478776	478777	23	0.6452
chr1	478794	478795	38	0.9277
chr1	478829	478830	31	0.8787
chr1	478879	478880	22	0.9491
chr1	478894	478895	36	0.9666
chr1	478926	478927	32	0.9026
chr1	478976	478977	28	0.957
chr1	479006	479007	15	0.8124
chr1	479023	479024	30	1.0
chr1	479073	479074	27	0.9656
chr1	479103	479104	32	0.9847
chr1	479153	479154	27	0.8582
chr1	479178	479179	29	0.8447
chr1	479208	479209	30	0.948
chr1	479234	479235	29	0.8166
chr1	479262	479263	24	0.882
chr1	479362	479363	32	0.8203
chr1	479462	479463	20	0.7045
chr1	479531	479532	32	0.7004
chr1	479631	479632	26	0.9588
chr1	479708	479709	36	0.9525
chr1	479744	479745	40	0.9256
chr1	479770	479771	31	0.7822
chr1	479798	479799	31	0.7227
chr1	479825	479826	39	0.6285
chr1	479872	479873	33	0.7258
chr1	479916	479917	32	0.4871
chr1	479963	479964	24	0.6926
chr1	479995	479996	33	0.6432
chr1	480016	480017	39	0.4469
chr1	480066	480067	36	0.5794
chr1	480091	480092	36	0.6912
chr1	480115	480116	37	0.585
chr1	480165	480166	29	0.6482
chr1	480190	480191	33	0.6786
chr1	480205	480206	36	0.6848
chr1	480233	480234	24	0.6159
chr1	480268	480269	25	0.6873
chr1	480346	480347	21	0.5798
chr1	480446	480447	31	0.7022
chr1	480546	480547	32	0.6107
chr1	480601	480602	42	0.5491
chr1	480701	480702	24	0.5839
chr1	480793	480794	32	0.6677
chr1	480801	480802	24	0.7875
chr1	480830	480831	32	0.8344
chr1	480865	480866	29	0.7651
chr1	480892	480893	26	0.5538
chr1	480942	480943	24	0.7864
chr1	480969	480970	35	0.6923
chr1	481000	481001	29	0.6958
chr1	481027	481028	28	0.5864
chr1	481042	481043	27	0.6422
chr1	481087	481088	32	0.6612
chr1	481121	481122	34	0.5918
chr1	481136	481137	34	0.6246
chr1	481180	481181	28	0.6371
chr1	481203	481204	26	0.7698
chr1	481241	481242	26	0.6712
chr1	481264	481265	21	0.6321
chr1	481277	481278	30	0.8414
chr1	481377	481378	31	0.7161
chr1	481477	481478	30	0.631
chr1	481548	481549	41	0.8108
chr1	481648	481649	36	0.6876
chr1	481735	481736	33	0.6957
chr1	482011	482012	28	0.5422
chr1	482013	482014	37	0.5385
chr1	482041	482042	28	0.7805
chr1	482069	482070	24	0.7301
chr1	482189	482190	31	0.7339
chr1	482200	482201	33	0.7621
chr1	482246	482247	26	0.9213
chr1	482265	482266	36	0.8732
chr1	482299	482300	27	0.903
chr1	482325	482326	30	1.0
chr1	482347	482348	26	0.9659
chr1	482370	482371	34	0.6921
chr1	482404	482405	32	0.9347
chr1	482423	482424	32	0.8652
chr1	482464	482465	24	0.8238
chr1	482481	482482	26	0.8286
chr1	482503	482504	39	0.7953
chr1	482547	482548	28	0.9329
chr1	482569	482570	36	0.8392
chr1	482642	482643	26	0.7598
chr1	482669	482670	35	0.8179
chr1	482690	482691	28	0.8193
chr1	482790	482791	37	0.7566
chr1	482890	482891	36	0.8573
chr1	482990	482991	30	0.8394
chr1	483090	483091	27	0.9156
chr1	483155	483156	26	0.8998
chr1	483203	483204	29	0.9017
chr1	483218	483219	36	0.6667
chr1	483234	483235	38	0.6334
chr1	483271	483272	28	0.6813
chr1	483308	483309	41	0.6802
chr1	483337	483338	30	0.7022
chr1	483369	483370	36	0.7246
chr1	483389	483390	31	0.735
chr1	483411	483412	29	0.5976
chr1	483432	483433	26	0.6565
chr1	483447	483448	32	0.5509
chr1	483492	483493	30	0.586
chr1	483538	483539	32	0.4454
chr1	483564	483565	34	0.6983
chr1	483593	483594	35	0.5039
chr1	483640	483641	36	0.4919
chr1	483690	483691	29	0.6215
chr1	483713	483714	27	0.6966
chr1	483813	483814	37	0.4983
chr1	483863	483864	26	0.5849
chr1	483913	483914	32	0.5698
chr1	484013	484014	31	0.5407
chr1	484063	484064	34	0.4793
chr1	484150	484151	23	0.6025
chr1	484203	484204	32	0.6761
chr1	484241	484242	26	0.5954
chr1	484251	484252	23	0.5812
chr1	484274	484275	37	0.1297
chr1	484298	484299	33	0.0601
chr1	484320	484321	32	0.2474
chr1	484335	484336	26	0.1423
chr1	484370	484371	31	0.0001
chr1	484400	484401	30	0.0484
chr1	484427	484428	23	0.0902
chr1	484472	484473	23	0.1967
chr1	484501	484502	25	0.0798
chr1	484551	484552	21	0.1495
chr1	484586	484587	27	0.2276
chr1	484610	484611	33	0.1626
chr1	484643	484644	35	0.0612
chr1	484693	484694	24	0.1327
chr1	484737	484738	35	0.0615
chr1	484787	484788	36	0.114
chr1	484809	484810	24	0.0801
chr1	484846	484847	32	0.0743
chr1	484946	484947	32	0.1939
chr1	485000	485001	29	0.0
chr1	485050	485051	28	0.2465
chr1	485142	485143	24	0.2152
chr1	485192	485193	24	0.0
chr1	485292	485293	36	0.0372
chr1	485392	485393	31	0.0
chr1	485470	485471	29	0.0464
chr1	485480	485481	30	0.0586
chr1	485500	485501	31	0.5593
chr1	485548	485549	27	0.6458
chr1	485598	485599	32	0.5654
chr1	485624	485625	29	0.5454
chr1	485641	485642	27	0.5444
chr1	485691	485692	31	0.6806
chr1	485712	485713	33	0.5212
chr1	485742	485743	30	0.6505
chr1	485757	485758	24	0.458
chr1	485786	485787	26	0.6387
chr1	485805	485806	26	0.664
chr1	485834	485835	24	0.6794
chr1	485884	485885	33	0.6297
chr1	485899	485900	32	0.7277
chr1	485918	485919	45	0.456
chr1	485943	485944	28	0.5673
chr1	485977	485978	28	0.8384
chr1	485984	485985	35	0.7804
chr1	486035	486036	20	0.4552
chr1	486135	486136	29	0.707
chr1	486235	486236	31	0.7452
chr1	486335	486336	35	0.4897
chr1	486435	486436	30	0.7081
chr1	486479	486480	43	0.608
chr1	486483	486484	36	0.596
chr1	486517	486518	31	0.8614
chr1	486567	486568	25	0.8034
chr1	486590	486591	28	0.743
chr1	486610	486611	24	0.6644
chr1	486657	486658	26	0.7084
chr1	486691	486692	33	0.6737
chr1	486720	486721	30	0.6556
chr1	486742	486743	23	0.7739
chr1	486770	486771	39	0.7365
chr1	486820	486821	32	0.6348
chr1	486850	486851	29	0.6123
chr1	486865	486866	18	0.7377
chr1	486883	486884	32	0.83
chr1	486912	486913	27	0.7612
chr1	486933	486934	31	0.7323
chr1	486963	486964	41	0.7065
chr1	486982	486983	22	0.593
chr1	487003	487004	30	0.6309
chr1	487035	487036	33	0.6787
chr1	487060	487061	35	0.7857
chr1	487099	487100	33	0.712
chr1	487123	487124	31	0.5909
chr1	487126	487127	28	0.7599
chr1	487226	487227	33	0.6577
chr1	487326	487327	32	0.6276
chr1	487426	487427	33	0.5544
chr1	487526	487527	30	0.6183
chr1	487625	487626	39	0.9074
chr1	487688	487689	23	0.5738
chr1	487704	487705	22	0.6582
chr1	487760	487761	34	0.7724
chr1	487789	487790	27	0.6539
chr1	487828	487829	21	0.4617
chr1	487878	487879	28	0.4972
chr1	487898	487899	28	0.5657
chr1	487916	487917	39	0.4025
chr1	487931	487932	32	0.6476
chr1	487976	487977	31	0.6106
chr1	487993	487994	20	0.6769
chr1	488014	488015	31	0.4202
chr1	488038	488039	26	0.4857
chr1	488053	488054	30	0.5894
chr1	488077	488078	35	0.4544
chr1	488127	488128	27	0.6483
chr1	488143	488144	31	0.5898
chr1	488183	488184	35	0.5986
chr1	488212	488213	29	0.6237
chr1	488228	488229	36	0.5106
chr1	488256	488257	28	0.4942
chr1	488293	488294	40	0.532
chr1	488341	488342	22	0.4681
chr1	488434	488435	30	0.4794
chr1	488484	488485	28	0.5912
chr1	488584	488585	37	0.486
chr1	488684	488685	18	0.4319
chr1	488784	488785	27	0.5883
chr1	488884	488885	22	0.5029
chr1	488920	488921	31	0.5635
chr1	488925	488926	26	0.8354
chr1	488947	488948	38	0.6903
chr1	488968	488969	32	0.7094
chr1	488986	488987	31	0.7505
chr1	489020	489021	34	0.9031
chr1	489064	489065	35	0.8857
chr1	489114	489115	25	0.7165
chr1	489143	489144	35	0.87
chr1	489170	489171	35	0.6984
chr1	489192	489193	33	0.9039
chr1	489233	489234	41	0.5925
chr1	489248	489249	29	0.7674
chr1	489279	489280	34	0.6852
chr1	489318	489319	30	0.852
chr1	489337	489338	34	0.8646
chr1	489374	489375	30	0.8821
chr1	489414	489415	34	0.7678
chr1	489464	489465	29	0.8018
chr1	489465	489466	34	0.8076
chr1	489565	489566	28	0.7445
chr1	489664	489665	24	0.7877
chr1	489761	489762	23	0.8607
chr1	489861	489862	27	0.8776
chr1	489936	489937	31	0.7539
chr1	490074	490075	33	0.7915
chr1	490112	490113	35	0.6353
chr1	490204	490205	29	0.7244
chr1	490208	490209	37	0.7246
chr1	490248	490249	28	0.9121
chr1	490264	490265	31	0.6049
chr1	490278	490279	26	0.8305
chr1	490336	490337	22	0.8189
chr1	490388	490389	30	0.8403
chr1	490394	490395	40	0.8851
chr1	490400	490401	32	0.9478
chr1	490450	490451	31	0.8025
chr1	490466	490467	34	0.9026
chr1	490502	490503	29	0.694
chr1	490525	490526	25	0.9117
chr1	490544	490545	33	0.8363
chr1	490563	490564	33	0.8758
chr1	490588	490589	26	0.7336
chr1	490638	490639	34	0.7162
chr1	490658	490659	37	0.8397
chr1	490673	490674	25	0.763
chr1	490700	490701	25	0.8098
chr1	490745	490746	30	0.7487
chr1	490795	490796	36	0.8078
chr1	490798	490799	21	0.8802
chr1	490871	490872	31	0.7444
chr1	490921	490922	22	0.7011
chr1	491021	491022	21	0.8178
chr1	491121	491122	28	0.7213
chr1	491159	491160	30	0.7887
chr1	491217	491218	28	0.7429
chr1	491403	491404	33	0.9207
chr1	491457	491458	32	0.8706
chr1	491489	491490	28	0.814
chr1	491563	491564	30	0.8566
chr1	491569	491570	27	0.775
chr1	491619	491620	25	0.8305
chr1	491652	491653	18	0.7972
chr1	491675	491676	28	0.8136
chr1	491701	491702	33	0.9137
chr1	491736	491737	25	0.8245
chr1	491786	491787	36	0.783
chr1	491826	491827	36	0.7946
chr1	491855	491856	27	0.6592
chr1	491891	491892	27	0.6216
chr1	491928	491929	25	0.7482
chr1	491975	491976	32	0.8743
chr1	492011	492012	26	0.7909
chr1	492038	492039	29	0.7872
chr1	492070	492071	32	0.6746
chr1	492163	492164	26	0.7398
chr1	492213	492214	28	0.7116
chr1	492286	492287	31	0.7256
chr1	492350	492351	24	0.7016
chr1	492450	492451	25	0.564
chr1	492500	492501	29	0.7402
chr1	492708	492709	16	0.7178
chr1	492746	492747	34	0.748
chr1	492788	492789	26	0.8674
chr1	492804	492805	31	0.7808
chr1	492884	492885	24	0.7088
chr1	492986	492987	29	0.8143
chr1	492996	492997	35	0.8538
chr1	493042	493043	35	0.2112
chr1	493092	493093	31	0.1557
chr1	493107	493108	28	0.1214
chr1	493157	493158	25	0.0766
chr1	493194	493195	27	0.0
chr1	493244	493245	28	0.3441
chr1	493267	493268	31	0.0522
chr1	493317	493318	35	0.1355
chr1	493359	493360	24	0.1576
chr1	493380	493381	29	0.1479
chr1	493430	493431	31	0.0829
chr1	493471	493472	27	0.2943
chr1	493490	493491	34	0.0808
chr1	493515	493516	36	0.2041
chr1	493528	493529	31	0.1159
chr1	493588	493589	19	0.0552
chr1	493638	493639	29	0.1274
chr1	493688	493689	33	0.2033
chr1	493783	493784	30	0.2254
chr1	493833	493834	29	0.0288
chr1	493933	493934	27	0.3191
chr1	493985	493986	30	0.2064
chr1	494013	494014	32	0.0454
chr1	494021	494022	31	0.7195
chr1	494036	494037	24	0.6005
chr1	494057	494058	32	0.6419
chr1	494107	494108	25	0.6732
chr1	494125	494126	33	0.698
chr1	494145	494146	35	0.7471
chr1	494160	494161	23	0.5662
chr1	494196	494197	40	0.5808
chr1	494227	494228	20	0.7407
chr1	494251	494252	27	0.604
chr1	494295	494296	30	0.7055
chr1	494310	494311	27	0.7195
chr1	494342	494343	33	0.7878
chr1	494385	494386	26	0.6514
chr1	494406	494407	31	0.7156
chr1	494436	494437	29	0.6592
chr1	494472	494473	35	0.6954
chr1	494511	494512	29	0.6986
chr1	494523	494524	25	0.468
chr1	494623	494624	29	0.5618
chr1	494706	494707	37	0.6414
chr1	494756	494757	30	0.6822
chr1	494856	494857	31	0.7079
chr1	494941	494942	37	0.7734
chr1	495045	495046	35	0.6749
chr1	495049	495050	33	0.6681
chr1	495107	495108	22	0.7576
chr1	495109	495110	34	0.6537
chr1	495141	495142	24	0.7914
chr1	495323	495324	24	0.7104
chr1	495351	495352	25	0.7261
chr1	495388	495389	21	0.8812
chr1	495438	495439	31	0.7813
chr1	495471	495472	19	0.6956
chr1	495508	495509	34	0.697
chr1	495545	495546	34	0.7331
chr1	495575	495576	32	0.6107
chr1	495602	495603	42	0.7025
chr1	495634	495635	30	0.7284
chr1	495662	495663	25	0.7772
chr1	495680	495681	30	0.8015
chr1	495718	495719	31	0.7699
chr1	495766	495767	33	0.8257
chr1	495816	495817	36	0.8066
chr1	495866	495867	25	0.7943
chr1	495897	495898	32	0.7089
chr1	495997	495998	26	0.8255
chr1	496097	496098	32	0.7129
chr1	496147	496148	24	0.8682
chr1	496247	496248	33	0.7205
chr1	496303	496304	35	0.7292
chr1	496374	496375	29	0.7321
chr1	496384	496385	28	0.8614
chr1	496419	496420	28	0.9705
chr1	496469	496470	24	0.7797
chr1	496497	496498	23	0.8446
chr1	496542	496543	38	0.5868
chr1	496577	496578	28	0.827
chr1	496627	496628	32	0.8131
chr1	496660	496661	24	0.7699
chr1	496682	496683	34	0.6485
chr1	496711	496712	21	0.6559
chr1	496761	496762	27	0.7254
chr1	496781	496782	34	0.9522
chr1	496831	496832	23	0.6971
chr1	496862	496863	19	0.7615
chr1	496962	496963	33	0.87
chr1	497034	497035	32	0.7947
chr1	497134	497135	32	0.7599
chr1	497211	497212	35	0.8651
chr1	497291	497292	25	0.738
chr1	497343	497344	25	0.8008
chr1	497363	497364	37	0.7493
chr1	497406	497407	27	0.7465
chr1	497421	497422	23	0.6966
chr1	497468	497469	29	0.6621
chr1	497493	497494	35	0.6579
chr1	497543	497544	36	0.7021
chr1	497588	497589	25	0.6915
chr1	497633	497634	33	0.6505
chr1	497662	497663	30	0.6807
chr1	497688	497689	28	0.6311
chr1	497717	497718	31	0.6484
chr1	497767	497768	20	0.5916
chr1	497815	497816	24	0.6381
chr1	497865	497866	31	0.7211
chr1	497894	497895	27	0.698
chr1	497902	497903	22	0.7877
chr1	497979	497980	36	0.638
chr1	498079	498080	32	0.6562
chr1	498174	498175	32	0.8068
chr1	498274	498275	30	0.6961
chr1	498324	498325	34	0.8248
chr1	498330	498331	31	0.5998
chr1	498416	498417	27	0.7264
chr1	498451	498452	31	0.118
chr1	498501	498502	37	0.2846
chr1	498551	498552	40	0.2805
chr1	498582	498583	15	0.1008
chr1	498632	498633	20	0.1687
chr1	498682	498683	27	0.2809
chr1	498732	498733	26	0.1735
chr1	498769	498770	21	0.1394
chr1	498819	498820	27	0.2985
chr1	498861	498862	30	0.1167
chr1	498883	498884	22	0.147
chr1	498925	498926	35	0.1392
chr1	498948	498949	25	0.2471
chr1	499043	499044	33	0.0549
chr1	499143	499144	27	0.1384
chr1	499243	499244	36	0.1149
chr1	499342	499343	28	0.0605
chr1	499442	499443	32	0.1831
chr1	499480	499481	39	0.1547
chr1	499492	499493	41	0.4411
chr1	499539	499540	27	0.7975
chr1	499577	499578	26	0.7952
chr1	499606	499607	30	0.7685
chr1	499637	499638	34	0.8285
chr1	499687	499688	27	0.7982
chr1	499710	499711	26	0.805
chr1	499760	499761	28	1.0
chr1	499782	499783	22	0.8904
chr1	499797	499798	34	0.7919
chr1	499828	499829	24	0.8428
chr1	499861	499862	26	0.9179
chr1	499902	499903	32	0.8917
chr1	499917	499918	33	0.8841
chr1	499967	499968	30	0.8809
chr1	500000	500001	26	1.0
chr1	500032	500033	28	0.8692
chr1	500037	500038	24	0.7744
chr1	500137	500138	27	0.8325
chr1	500203	500204	31	0.7238
chr1	500301	500302	33	0.8601
chr1	500351	500352	29	0.939
chr1	500438	500439	29	0.8209
chr1	500498	500499	31	0.9292
chr1	500514	500515	29	0.8633
chr1	500598	500599	29	0.8124
chr1	500636	500637	35	0.8189
chr1	500686	500687	22	0.712
chr1	500736	500737	28	0.8226
chr1	500759	500760	33	0.8584
chr1	500774	500775	38	0.9466
chr1	500800	500801	33	0.9191
chr1	500840	500841	26	0.7748
chr1	500863	500864	34	0.6825
chr1	500892	500893	27	0.8278
chr1	500942	500943	27	0.8915
chr1	500991	500992	35	0.9482
chr1	501014	501015	29	0.898
chr1	501016	501017	28	0.8798
chr1	501116	501117	29	1.0
chr1	501180	501181	33	0.9087
chr1	501280	501281	18	0.7762
chr1	501380	501381	33	0.8796
chr1	501394	501395	34	1.0
chr1	501416	501417	33	0.1287
chr1	501453	501454	27	0.2655
chr1	501468	501469	35	0.0
chr1	501483	501484	24	0.2113
chr1	501533	501534	23	0.2091
chr1	501575	501576	35	0.1657
chr1	501606	501607	24	0.1547
chr1	501656	501657	24	0.0496
chr1	501673	501674	26	0.0941
chr1	501706	501707	39	0.1344
chr1	501732	501733	27	0.18
chr1	501755	501756	32	0.0833
chr1	501805	501806	22	0.0854
chr1	501841	501842	28	0.2267
chr1	501885	501886	29	0.2891
chr1	501908	501909	22	0.1732
chr1	501931	501932	43	0.1281
chr1	501989	501990	32	0.138
chr1	502089	502090	33	0.1988
chr1	502145	502146	28	0.0622
chr1	502245	502246	22	0.2671
chr1	502329	502330	29	0.1756
chr1	502429	502430	32	0.2855
chr1	502465	502466	29	0.1295
chr1	502501	502502	31	0.7111
chr1	502540	502541	23	0.5916
chr1	502590	502591	24	0.4713
chr1	502626	502627	22	0.4942
chr1	502657	502658	32	0.5868
chr1	502696	502697	23	0.4369
chr1	502746	502747	24	0.661
chr1	502772	502773	26	0.5611
chr1	502822	502823	30	0.7003
chr1	502838	502839	25	0.674
chr1	502864	502865	14	0.7801
chr1	502880	502881	31	0.6457
chr1	502915	502916	27	0.716
chr1	502958	502959	38	0.6163
chr1	502976	502977	24	0.5139
chr1	503076	503077	32	0.6987
chr1	503176	503177	28	0.6588
chr1	503276	503277	27	0.5655
chr1	503335	503336	30	0.6991
chr1	503435	503436	24	0.5774
chr1	503441	503442	34	0.5382
chr1	503483	503484	31	0.0223
chr1	503532	503533	26	0.0682
chr1	503547	503548	32	0.0842
chr1	503597	503598	34	0.1382
chr1	503619	503620	24	0.0868
chr1	503657	503658	26	0.1261
chr1	503679	503680	29	0.1129
chr1	503694	503695	29	0.0495
chr1	503744	503745	35	0.0148
chr1	503773	503774	25	0.0
chr1	503794	503795	35	0.0
chr1	503818	503819	33	0.129
chr1	503837	503838	35	0.0
chr1	503858	503859	20	0.1056
chr1	503880	503881	26	0.0625
chr1	503895	503896	31	0.0
chr1	503910	503911	25	0.1033
chr1	503931	503932	30	0.078
chr1	503962	503963	25	0.201
chr1	504062	504063	27	0.0391
chr1	504162	504163	25	0.0829
chr1	504212	504213	29	0.2464
chr1	504283	504284	36	0.2568
chr1	504370	504371	36	0.0881
chr1	504380	504381	23	0.0615
chr1	504387	504388	25	0.7418
chr1	504402	504403	20	0.717
chr1	504426	504427	30	0.5518
chr1	504442	504443	25	0.6246
chr1	504463	504464	23	0.7341
chr1	504512	504513	25	0.6096
chr1	504533	504534	20	0.7587
chr1	504557	504558	26	0.642
chr1	504579	504580	31	0.75
chr1	504627	504628	23	0.7041
chr1	504654	504655	45	0.8072
chr1	504679	504680	37	0.7976
chr1	504705	504706	25	0.7846
chr1	504721	504722	25	0.7964
chr1	504755	504756	28	0.844
chr1	504787	504788	33	0.6742
chr1	504812	504813	33	0.7312
chr1	504829	504830	36	0.9153
chr1	504846	504847	23	0.5384
chr1	504865	504866	41	0.7721
chr1	504898	504899	26	0.7949
chr1	504931	504932	15	0.6262
chr1	505031	505032	31	0.8525
chr1	505093	505094	25	0.8622
chr1	505143	505144	26	0.8957
chr1	505227	505228	24	0.9028
chr1	505277	505278	32	0.6836
chr1	505377	505378	23	0.7942
chr1	505407	505408	30	0.7515
chr1	505451	505452	25	0.6242
chr1	505517	505518	45	0.8204
chr1	505617	505618	33	0.8214
chr1	505627	505628	33	0.6943
chr1	505685	505686	30	0.8242
chr1	505703	505704	25	0.8025
chr1	505849	505850	27	0.7977
chr1	505874	505875	25	0.265
chr1	505898	505899	26	0.3172
chr1	505931	505932	35	0.3357
chr1	505952	505953	30	0.1336
chr1	505969	505970	34	0.1694
chr1	506001	506002	24	0.4005
chr1	506019	506020	35	0.2542
chr1	506038	506039	36	0.3526
chr1	506071	506072	30	0.1158
chr1	506092	506093	27	0.309
chr1	506134	506135	27	0.4508
chr1	506184	506185	31	0.1762
chr1	506210	506211	33	0.4606
chr1	506251	506252	34	0.2625
chr1	506287	506288	20	0.2307
chr1	506311	506312	29	0.1256
chr1	506329	506330	39	0.2086
chr1	506356	506357	29	0.2586
chr1	506383	506384	21	0.1566
chr1	506407	506408	26	0.2496
chr1	506430	506431	33	0.2275
chr1	506458	506459	34	0.2717
chr1	506558	506559	30	0.2103
chr1	506615	506616	24	0.1531
chr1	506715	506716	28	0.2137
chr1	506784	506785	33	0.3568
chr1	506857	506858	34	0.3086
chr1	506907	506908	30	0.2167
chr1	506991	506992	33	0.1177
chr1	507049	507050	32	0.2791
chr1	507082	507083	34	0.7391
chr1	507115	507116	42	0.6566
chr1	507132	507133	31	0.6196
chr1	507174	507175	25	0.694
chr1	507197	507198	22	0.8408
chr1	507229	507230	36	0.8823
chr1	507279	507280	30	0.6838
chr1	507322	507323	34	0.7133
chr1	507363	507364	30	0.6611
chr1	507385	507386	24	0.8
chr1	507410	507411	28	0.6756
chr1	507440	507441	33	0.8487
chr1	507490	507491	35	0.7308
chr1	507540	507541	32	0.6171
chr1	507590	507591	27	0.7784
chr1	507606	507607	44	0.7427
chr1	507706	507707	25	0.7433
chr1	507806	507807	34	0.5535
chr1	507856	507857	24	0.6605
chr1	507956	507957	32	0.7109
chr1	508056	508057	36	0.7062
chr1	508096	508097	25	0.7332
chr1	508154	508155	25	0.6898
chr1	508161	508162	29	0.7727
chr1	508211	508212	38	0.7434
chr1	508236	508237	27	0.6612
chr1	508278	508279	28	0.6864
chr1	508327	508328	35	0.7241
chr1	508367	508368	35	0.8905
chr1	508403	508404	25	0.6042
chr1	508436	508437	28	0.6883
chr1	508451	508452	30	0.749
chr1	508471	508472	32	0.7119
chr1	508487	508488	32	0.6838
chr1	508504	508505	39	0.691
chr1	508523	508524	24	0.7358
chr1	508573	508574	26	0.8247
chr1	508593	508594	33	0.7117
chr1	508623	508624	27	0.8225
chr1	508659	508660	29	0.68
chr1	508675	508676	41	0.7751
chr1	508773	508774	26	0.813
chr1	508833	508834	20	0.8683
chr1	508883	508884	23	0.6248
chr1	508960	508961	35	0.6724
chr1	509037	509038	26	0.7085
chr1	509137	509138	28	0.7239
chr1	509339	509340	28	0.6027
chr1	509353	509354	30	0.6539
chr1	509447	509448	29	0.7681
chr1	509455	509456	41	0.7427
chr1	509485	509486	32	0.5894
chr1	509501	509502	24	0.7316
chr1	510619	510620	26	0.744
chr1	510641	510642	35	0.7155
chr1	510667	510668	31	0.7283
chr1	510694	510695	31	0.7767
chr1	510741	510742	29	0.7576
chr1	510757	510758	22	0.6772
chr1	510772	510773	35	0.7796
chr1	510807	510808	34	0.7507
chr1	510831	510832	24	0.6578
chr1	510846	510847	34	0.6966
chr1	510868	510869	22	0.6112
chr1	510898	510899	34	0.6372
chr1	510918	510919	23	0.5995
chr1	510954	510955	30	0.6037
chr1	510969	510970	24	0.6708
chr1	511010	511011	25	0.8713
chr1	511060	511061	28	0.7296
chr1	511090	511091	31	0.7086
chr1	511105	511106	39	0.5865
chr1	511120	511121	21	0.6355
chr1	511136	511137	36	0.6076
chr1	511140	511141	33	0.648
chr1	511214	511215	29	0.7985
chr1	511297	511298	40	0.786
chr1	511397	511398	31	0.7572
chr1	511473	511474	28	0.8338
chr1	511539	511540	35	0.7712
chr1	511639	511640	19	0.7966
chr1	511659	511660	31	0.8111
chr1	511725	511726	32	0.728
chr1	511735	511736	31	0.14
chr1	511776	511777	32	0.0055
chr1	511814	511815	34	0.0194
chr1	511852	511853	28	0.1444
chr1	511897	511898	28	0.3124
chr1	511924	511925	33	0.1324
chr1	511974	511975	23	0.1697
chr1	512016	512017	32	0.0282
chr1	512031	512032	16	0.1461
chr1	512076	512077	27	0.0931
chr1	512097	512098	32	0.193
chr1	512140	512141	24	0.0
chr1	512155	512156	39	0.1745
chr1	512182	512183	40	0.1089
chr1	512197	512198	26	0.0912
chr1	512202	512203	31	0.0895
chr1	512302	512303	25	0.1747
chr1	512402	512403	33	0.2483
chr1	512502	512503	27	0.0324
chr1	512564	512565	25	0.0996
chr1	512664	512665	29	0.1676
chr1	512748	512749	24	0.1877
chr1	512776	512777	26	0.213
chr1	512854	512855	22	0.1758
chr1	512862	512863	16	0.2454
chr1	512976	512977	24	0.2446
chr1	513074	513075	28	0.0631
chr1	513078	513079	21	0.234
chr1	513108	513109	28	0.0462
chr1	513134	513135	20	0.0955
chr1	513141	513142	32	0.645
chr1	513191	513192	27	0.58
chr1	513224	513225	32	0.5952
chr1	513253	513254	33	0.8158
chr1	513271	513272	33	0.6696
chr1	513294	513295	33	0.6528
chr1	513329	513330	30	0.5901
chr1	513379	513380	34	0.6166
chr1	513394	513395	31	0.6948
chr1	513431	513432	29	0.5114
chr1	513456	513457	30	0.6627
chr1	513482	513483	35	0.5321
chr1	513504	513505	24	0.6575
chr1	513535	513536	35	0.7074
chr1	513585	513586	29	0.6081
chr1	513635	513636	23	0.5559
chr1	513636	513637	24	0.6196
chr1	513697	513698	31	0.5405
chr1	513797	513798	33	0.5896
chr1	513847	513848	34	0.7151
chr1	513919	513920	34	0.6989
chr1	514019	514020	37	0.7225
chr1	514119	514120	37	0.6337
chr1	514229	514230	30	0.6295
chr1	514401	514402	27	0.6888
chr1	514451	514452	38	0.6579
chr1	514455	514456	28	0.7291
chr1	514495	514496	26	0.78
chr1	514573	514574	43	0.6873
chr1	514579	514580	33	0.1062
chr1	514601	514602	30	0.0
chr1	514636	514637	28	0.0169
chr1	514676	514677	20	0.2787
chr1	514726	514727	31	0.0795
chr1	514741	514742	28	0.1403
chr1	514758	514759	32	0.0628
chr1	514805	514806	26	0.1018
chr1	514824	514825	29	0.0241
chr1	514874	514875	30	0.2844
chr1	514904	514905	35	0.1777
chr1	514931	514932	28	0.18
chr1	514965	514966	34	0.0849
chr1	515008	515009	27	0.0
chr1	515009	515010	22	0.2816
chr1	515069	515070	29	0.1243
chr1	515169	515170	29	0.0324
chr1	515247	515248	31	0.2124
chr1	515347	515348	24	0.0
chr1	515363	515364	26	0.1726
chr1	515393	515394	23	0.1685
chr1	515405	515406	23	0.0049
chr1	515463	515464	32	0.1449
chr1	515487	515488	38	0.1354
chr1	515505	515506	27	0.2413
chr1	515527	515528	26	0.1204
chr1	515595	515596	31	0.1318
chr1	515623	515624	38	0.1863
chr1	515809	515810	30	0.1603
chr1	515832	515833	33	0.9301
chr1	515848	515849	27	0.4716
chr1	515898	515899	32	0.6685
chr1	515913	515914	28	0.6095
chr1	515945	515946	28	0.4029
chr1	515975	515976	18	0.8194
chr1	516004	516005	24	0.8399
chr1	516051	516052	30	0.8875
chr1	516101	516102	25	0.5546
chr1	516151	516152	28	0.9613
chr1	516173	516174	30	0.9146
chr1	516190	516191	32	0.5191
chr1	516208	516209	28	0.381
chr1	516237	516238	25	0.8927
chr1	516272	516273	41	0.6038
chr1	516322	516323	26	0.4186
chr1	516341	516342	29	0.5638
chr1	516356	516357	31	0.7744
chr1	516373	516374	25	0.9266
chr1	516414	516415	31	0.7576
chr1	516514	516515	30	0.5372
chr1	516595	516596	33	0.6893
chr1	516695	516696	31	0.647
chr1	516795	516796	31	0.4056
chr1	516853	516854	28	0.6364
chr1	516953	516954	35	0.9081
chr1	517068	517069	28	0.8806
chr1	517075	517076	27	0.9107
chr1	517115	517116	32	1.0
chr1	517154	517155	26	0.7107
chr1	517173	517174	30	0.8618
chr1	517215	517216	33	0.9153
chr1	517233	517234	40	0.7802
chr1	517255	517256	29	0.7736
chr1	517304	517305	32	0.8896
chr1	517319	517320	21	0.829
chr1	517355	517356	34	0.8214
chr1	517379	517380	29	0.7187
chr1	517429	517430	29	0.9443
chr1	517444	517445	33	0.7407
chr1	517463	517464	30	0.7383
chr1	517487	517488	33	0.7037
chr1	517537	517538	37	0.8279
chr1	517559	517560	29	0.7451
chr1	517659	517660	37	0.8127
chr1	517759	517760	34	0.8342
chr1	517859	517860	42	0.9462
chr1	517959	517960	25	0.8926
chr1	518037	518038	29	0.7259
chr1	518041	518042	34	0.8319
chr1	518287	518288	34	0.8299
chr1	518293	518294	33	0.7532
chr1	518367	518368	26	0.7573
chr1	518374	518375	24	0.1569
chr1	518391	518392	36	0.1555
chr1	518406	518407	33	0.0707
chr1	518456	518457	24	0.0156
chr1	518472	518473	32	0.0723
chr1	518491	518492	32	0.0719
chr1	518538	518539	30	0.131
chr1	518553	518554	43	0.1317
chr1	518603	518604	20	0.0811
chr1	518628	518629	24	0.1047
chr1	518664	518665	24	0.0229
chr1	518698	518699	29	0.0
chr1	518740	518741	38	0.1157
chr1	518762	518763	23	0.0
chr1	518805	518806	29	0.0596
chr1	518826	518827	27	0.0
chr1	518857	518858	32	0.1024
chr1	518858	518859	23	0.0
chr1	518908	518909	28	0.1114
chr1	518986	518987	31	0.1197
chr1	519086	519087	35	0.0
chr1	519186	519187	27	0.0971
chr1	519286	519287	34	0.1422
chr1	519344	519345	28	0.1245
chr1	519366	519367	33	0.1036
chr1	519450	519451	32	0.0826
chr1	519546	519547	26	0.1501
chr1	519570	519571	31	0.0482
chr1	519622	519623	31	0.0437
chr1	519658	519659	37	0.1221
chr1	519708	519709	28	0.0616
chr1	519715	519716	29	0.1039
chr1	519765	519766	29	0.0409
chr1	519782	519783	26	0.0456
chr1	519797	519798	20	0.1154
chr1	519844	519845	28	0.0998
chr1	519894	519895	34	0.0399
chr1	519914	519915	26	0.0813
chr1	519929	519930	30	0.0166
chr1	519979	519980	26	0.1245
chr1	520011	520012	22	0.0636
chr1	520034	520035	29	0.1459
chr1	520084	520085	27	0.0478
chr1	520099	520100	20	0.155
chr1	520114	520115	32	0.2462
chr1	520131	520132	29	0.0666
chr1	520179	520180	26	0.0701
chr1	520195	520196	29	0.0022
chr1	520245	520246	27	0.1407
chr1	520323	520324	32	0.2372
chr1	520423	520424	31	0.0478
chr1	520523	520524	29	0.0411
chr1	520573	520574	34	0.0
chr1	520673	520674	32	0.1608
chr1	520677	520678	36	0.0885
chr1	520731	520732	36	0.1038
chr1	520807	520808	25	0.0968
chr1	520837	520838	22	0.1088
chr1	520905	520906	32	0.1402
chr1	520941	520942	24	0.1701
chr1	520945	520946	24	0.1996
chr1	521047	521048	27	0.0897
chr1	521107	521108	31	0.0207
chr1	521143	521144	30	0.1219
chr1	521189	521190	21	0.935
chr1	521215	521216	25	0.8348
chr1	521251	521252	20	0.6129
chr1	521274	521275	23	0.5966
chr1	521300	521301	20	0.5638
chr1	521318	521319	30	0.8651
chr1	521341	521342	27	0.8969
chr1	521369	521370	23	0.7454
chr1	521390	521391	31	1.0
chr1	521414	521415	25	0.774
chr1	521446	521447	28	0.7515
chr1	521473	521474	31	0.7537
chr1	521501	521502	25	0.9687
chr1	521537	521538	31	0.7742
chr1	521568	521569	23	0.7953
chr1	521597	521598	31	0.8536
chr1	521614	521615	34	0.8473
chr1	521641	521642	20	0.9206
chr1	521643	521644	26	1.0
chr1	521743	521744	19	0.7201
chr1	521827	521828	26	0.841
chr1	521927	521928	32	0.9396
chr1	522027	522028	25	0.9012
chr1	522147	522148	28	0.6926
chr1	522157	522158	22	0.1207
chr1	522186	522187	35	0.151
chr1	522201	522202	36	0.1177
chr1	522222	522223	35	0.1123
chr1	522239	522240	27	0.0901
chr1	522273	522274	38	0.2102
chr1	522288	522289	34	0.0364
chr1	522337	522338	31	0.1071
chr1	522355	522356	28	0.2984
chr1	522388	522389	28	0.1897
chr1	522438	522439	39	0.1731
chr1	522476	522477	27	0.0422
chr1	522521	522522	25	0.1648
chr1	522544	522545	26	0.1548
chr1	522561	522562	31	0.1111
chr1	522590	522591	32	0.0
chr1	522690	522691	27	0.2507
chr1	522759	522760	27	0.1846
chr1	522859	522860	30	0.3562
chr1	522959	522960	29	0.0667
chr1	522965	522966	34	0.142
chr1	523007	523008	20	0.1718
chr1	523119	523120	39	0.2159
chr1	523255	523256	36	0.1064
chr1	523297	523298	31	0.0487
chr1	523311	523312	30	0.1224
chr1	523421	523422	41	0.1676
chr1	523443	523444	26	0.1677
chr1	523460	523461	23	0.1456
chr1	523484	523485	32	0.1938
chr1	523499	523500	34	0.2799
chr1	523537	523538	33	0.1044
chr1	523552	523553	29	0.1503
chr1	523602	523603	26	0.0817
chr1	523643	523644	30	0.0867
chr1	523669	523670	38	0.1266
chr1	523690	523691	33	0.0
chr1	523716	523717	34	0.2181
chr1	523766	523767	32	0.0555
chr1	523812	523813	23	0.1138
chr1	523862	523863	32	0.0931
chr1	523904	523905	34	0.1144
chr1	523926	523927	30	0.2527
chr1	523949	523950	28	0.0468
chr1	523963	523964	29	0.2256
chr1	524063	524064	31	0.1793
chr1	524163	524164	33	0.1012
chr1	524263	524264	31	0.1804
chr1	524363	524364	22	0.0481
chr1	524463	524464	28	0.237
chr1	524469	524470	37	0.2418
chr1	524487	524488	35	0.8062
chr1	524518	524519	30	0.9325
chr1	524552	524553	30	0.8946
chr1	524571	524572	32	0.8623
chr1	524621	524622	33	0.8339
chr1	524652	524653	27	0.8781
chr1	524667	524668	37	0.7821
chr1	524717	524718	29	0.8923
chr1	524748	524749	26	0.885
chr1	524779	524780	22	0.7515
chr1	524803	524804	28	0.8681
chr1	524847	524848	34	0.8085
chr1	524896	524897	28	0.9234
chr1	524911	524912	33	0.7921
chr1	524941	524942	29	0.7838
chr1	524965	524966	30	0.7571
chr1	525005	525006	27	0.8247
chr1	525105	525106	22	0.6237
chr1	525205	525206	19	0.8587
chr1	525295	525296	30	0.8234
chr1	525345	525346	32	0.8432
chr1	525441	525442	35	0.6502
chr1	525495	525496	29	0.8541
chr1	525499	525500	21	0.9559
chr1	525509	525510	28	0.7007
chr1	525526	525527	43	0.6608
chr1	525574	525575	32	0.6991
chr1	525615	525616	29	0.5974
chr1	525631	525632	23	0.7013
chr1	525681	525682	33	0.7192
chr1	525696	525697	41	0.8864
chr1	525716	525717	32	0.7353
chr1	525762	525763	26	0.6609
chr1	525802	525803	21	0.7436
chr1	525841	525842	29	0.6425
chr1	525857	525858	24	0.6117
chr1	525877	525878	35	0.718
chr1	525902	525903	29	0.6396
chr1	525936	525937	35	0.5993
chr1	525953	525954	31	0.7426
chr1	526053	526054	25	0.7673
chr1	526153	526154	30	0.7749
chr1	526203	526204	27	0.6487
chr1	526302	526303	20	0.5986
chr1	526393	526394	33	0.5782
chr1	526409	526410	21	0.6368
chr1	526531	526532	22	0.8277
chr1	526535	526536	27	0.7361
chr1	526557	526558	32	0.684
chr1	526587	526588	30	0.7167
chr1	526611	526612	28	0.8
chr1	526705	526706	27	0.6903
chr1	526725	526726	28	0.7386
chr1	526767	526768	31	0.6718
chr1	526785	526786	28	0.7248
chr1	526835	526836	36	0.8424
chr1	526885	526886	26	0.8353
chr1	526910	526911	26	0.9736
chr1	526948	526949	32	1.0
chr1	526972	526973	30	0.6953
chr1	526987	526988	21	0.8252
chr1	527018	527019	33	0.6833
chr1	527052	527053	25	0.8101
chr1	527082	527083	26	0.8803
chr1	527102	527103	30	0.8478
chr1	527129	527130	20	0.9526
chr1	527176	527177	29	1.0
chr1	527215	527216	33	0.7668
chr1	527265	527266	25	0.6848
chr1	527306	527307	29	0.7404
chr1	527356	527357	28	0.7285
chr1	527390	527391	31	0.9455
chr1	527420	527421	26	0.817
chr1	527470	527471	34	0.8091
chr1	527532	527533	17	0.9186
chr1	527632	527633	27	0.7836
chr1	527682	527683	33	0.9602
chr1	527779	527780	31	0.8741
chr1	527870	527871	36	0.8445
chr1	527956	527957	38	0.9366
chr1	527992	527993	38	0.7871
chr1	528050	528051	32	0.8608
chr1	528086	528087	33	0.0723
chr1	528118	528119	32	0.1745
chr1	528140	528141	28	0.0936
chr1	528159	528160	32	0.0788
chr1	528209	528210	24	0.1014
chr1	528243	528244	35	0.0672
chr1	528282	528283	21	0.021
chr1	528304	528305	38	0.0554
chr1	528333	528334	35	0.0158
chr1	528368	528369	33	0.0758
chr1	528418	528419	32	0.1291
chr1	528447	528448	30	0.0596
chr1	528462	528463	27	0.062
chr1	528498	528499	28	0.0516
chr1	528535	528536	33	0.1301
chr1	528546	528547	23	0.2057
chr1	528596	528597	27	0.1347
chr1	528658	528659	29	0.0428
chr1	528758	528759	25	0.0966
chr1	528858	528859	33	0.185
chr1	528922	528923	31	0.1362
chr1	528992	528993	31	0.0773
chr1	529016	529017	22	0.1466
chr1	529026	529027	24	0.78
chr1	529045	529046	30	0.7257
chr1	529060	529061	29	0.6051
chr1	529088	529089	36	0.7689
chr1	529109	529110	20	0.8423
chr1	529159	529160	23	0.8699
chr1	529180	529181	30	0.8579
chr1	529204	529205	34	0.9949
chr1	529236	529237	28	0.6924
chr1	529259	529260	37	0.9588
chr1	529274	529275	30	0.8427
chr1	529289	529290	34	0.7515
chr1	529316	529317	28	0.7866
chr1	529345	529346	20	0.8654
chr1	529360	529361	35	0.8566
chr1	529375	529376	29	0.8353
chr1	529396	529397	32	0.8681
chr1	529422	529423	28	0.8083
chr1	529472	529473	17	0.7523
chr1	529501	529502	28	0.7987
chr1	529551	529552	31	0.9569
chr1	529574	529575	34	0.8451
chr1	529599	529600	26	0.7768
chr1	529699	529700	35	0.8629
chr1	529799	529800	26	0.8657
chr1	529899	529900	30	0.8444
chr1	529999	530000	23	0.8189
chr1	530099	530100	32	0.8971
chr1	530441	530442	24	0.8227
chr1	530443	530444	34	0.847
chr1	530509	530510	29	0.7715
chr1	530513	530514	30	0.8373
chr1	530561	530562	30	0.8767
chr1	530578	530579	34	0.7056
chr1	530595	530596	34	0.9844
chr1	530634	530635	24	0.6672
chr1	530668	530669	32	0.8384
chr1	530700	530701	31	0.6808
chr1	530720	530721	20	0.8198
chr1	530744	530745	26	0.8644
chr1	530769	530770	23	0.5963
chr1	530795	530796	25	0.6376
chr1	530810	530811	30	0.6275
chr1	530828	530829	36	0.7658
chr1	530846	530847	38	0.7806
chr1	530896	530897	29	0.6355
chr1	530927	530928	27	0.7438
chr1	530977	530978	24	0.7524
chr1	531027	531028	28	0.7457
chr1	531042	531043	30	0.7629
chr1	531075	531076	34	0.7529
chr1	531094	531095	25	0.8153
chr1	531109	531110	36	0.7814
chr1	531159	531160	32	0.8124
chr1	531172	531173	37	0.683
chr1	531272	531273	28	0.7077
chr1	531372	531373	29	0.6605
chr1	531460	531461	34	0.6491
chr1	531560	531561	32	0.6745
chr1	531624	531625	33	0.6599
chr1	531674	531675	32	0.6294
chr1	531676	531677	28	0.6239
chr1	531692	531693	23	0.8794
chr1	531698	531699	28	0.7623
chr1	531713	531714	29	0.9048
chr1	531762	531763	23	0.8881
chr1	531812	531813	24	0.8547
chr1	531840	531841	21	0.7996
chr1	531889	531890	37	0.814
chr1	531920	531921	34	0.9778
chr1	531970	531971	24	0.9605
chr1	531993	531994	23	1.0
chr1	532008	532009	27	0.9062
chr1	532049	532050	36	0.8906
chr1	532086	532087	26	0.8752
chr1	532101	532102	38	0.8085
chr1	532125	532126	25	0.8505
chr1	532160	532161	27	0.8163
chr1	532212	532213	25	0.8105
chr1	532312	532313	21	0.8768
chr1	532362	532363	35	0.9979
chr1	532462	532463	27	0.8139
chr1	532562	532563	23	0.895
chr1	532748	532749	32	0.827
chr1	532758	532759	34	0.8159
chr1	532838	532839	20	0.8963
chr1	532920	532921	33	0.784
chr1	532928	532929	28	0.9177
chr1	532954	532955	33	0.8918
chr1	532962	532963	35	0.8183
chr1	532970	532971	27	0.6891
chr1	533010	533011	32	0.7604
chr1	533050	533051	26	0.8363
chr1	533061	533062	33	0.1588
chr1	533082	533083	26	0.1122
chr1	533107	533108	39	0.2574
chr1	533140	533141	28	0.1911
chr1	533156	533157	23	0.1004
chr1	533180	533181	25	0.2353
chr1	533205	533206	31	0.3455
chr1	533238	533239	22	0.3377
chr1	533280	533281	24	0.267
chr1	533312	533313	35	0.2915
chr1	533362	533363	22	0.1598
chr1	533401	533402	22	0.0799
chr1	533428	533429	36	0.1241
chr1	533447	533448	35	0.4243
chr1	533481	533482	26	0.1251
chr1	533529	533530	33	0.0935
chr1	533562	533563	33	0.1543
chr1	533623	533624	30	0.2621
chr1	533723	533724	32	0.4075
chr1	533773	533774	23	0.3405
chr1	533835	533836	36	0.3154
chr1	533885	533886	31	0.3155
chr1	533935	533936	35	0.2597
chr1	534035	534036	29	0.1555
chr1	534099	534100	29	0.4152
chr1	534133	534134	29	0.7996
chr1	534149	534150	33	0.8746
chr1	534199	534200	37	0.8013
chr1	534242	534243	27	0.9144
chr1	534279	534280	37	0.8773
chr1	534298	534299	34	0.8628
chr1	534340	534341	36	0.9187
chr1	534360	534361	23	0.8618
chr1	534383	534384	31	0.7698
chr1	534423	534424	27	0.7055
chr1	534443	534444	33	0.7101
chr1	534466	534467	33	0.8668
chr1	534492	534493	32	0.7575
chr1	534518	534519	36	0.8048
chr1	534551	534552	26	0.8999
chr1	534564	534565	28	0.929
chr1	534630	534631	24	0.8554
chr1	534730	534731	25	0.726
chr1	534830	534831	24	1.0
chr1	534930	534931	34	0.7816
chr1	534934	534935	23	0.7584
chr1	535022	535023	29	0.7917
chr1	535027	535028	26	0.8855
chr1	535058	535059	34	0.6194
chr1	535076	535077	29	0.5874
chr1	535097	535098	33	0.5963
chr1	535129	535130	25	0.7168
chr1	535144	535145	32	0.7751
chr1	535177	535178	28	0.6483
chr1	535198	535199	26	0.5921
chr1	535219	535220	27	0.719
chr1	535269	535270	28	0.5618
chr1	535290	535291	25	0.7692
chr1	535333	535334	31	0.6513
chr1	535383	535384	27	0.6261
chr1	535398	535399	27	0.588
chr1	535419	535420	30	0.8225
chr1	535454	535455	31	0.7644
chr1	535482	535483	28	0.7092
chr1	535522	535523	27	0.7917
chr1	535555	535556	23	0.6315
chr1	535578	535579	28	0.6951
chr1	535631	535632	34	0.7577
chr1	535731	535732	27	0.7488
chr1	535781	535782	31	0.8642
chr1	535881	535882	32	0.7761
chr1	535981	535982	37	0.497
chr1	536081	536082	34	0.6005
chr1	536091	536092	26	0.6976
chr1	536133	536134	29	0.7709
chr1	536163	536164	24	0.8369
chr1	536371	536372	34	0.6416
chr1	536413	536414	28	0.6256
chr1	536515	536516	22	0.7827
chr1	536520	536521	35	0.8224
chr1	536556	536557	23	0.618
chr1	536606	536607	30	0.6772
chr1	536636	536637	27	0.4416
chr1	536660	536661	32	0.7548
chr1	536710	536711	26	0.7406
chr1	536727	536728	30	0.6154
chr1	536752	536753	20	0.6091
chr1	536781	536782	23	0.4022
chr1	536821	536822	39	0.7416
chr1	536871	536872	33	0.7691
chr1	536889	536890	33	0.5856
chr1	536914	536915	32	0.5683
chr1	536942	536943	28	0.6825
chr1	536961	536962	31	0.6261
chr1	536993	536994	28	0.6305
chr1	537014	537015	26	0.5339
chr1	537114	537115	28	0.5897
chr1	537214	537215	37	0.6985
chr1	537300	537301	30	0.701
chr1	537368	537369	24	0.7696
chr1	537468	537469	30	0.634
chr1	537478	537479	26	0.6078
chr1	537554	537555	23	0.7399
chr1	537624	537625	26	0.7206
chr1	537658	537659	28	0.7702
chr1	537668	537669	25	0.735
chr1	537674	537675	28	0.7847
chr1	538801	538802	26	0.3238
chr1	538850	538851	34	0.6731
chr1	538883	538884	19	0.5214
chr1	538908	538909	37	0.4855
chr1	538951	538952	28	0.4153
chr1	539001	539002	28	0.5582
chr1	539024	539025	28	0.3819
chr1	539046	539047	22	0.3907
chr1	539096	539097	36	0.469
chr1	539118	539119	24	0.6512
chr1	539168	539169	29	0.4578
chr1	539218	539219	29	0.4477
chr1	539255	539256	22	0.4639
chr1	539301	539302	35	0.5226
chr1	539316	539317	24	0.5189
chr1	539319	539320	35	0.6124
chr1	539386	539387	29	0.4818
chr1	539460	539461	31	0.543
chr1	539532	539533	27	0.5182
chr1	539632	539633	33	0.6169
chr1	539715	539716	35	0.563
chr1	539772	539773	33	0.7204
chr1	539784	539785	32	0.5914
chr1	539803	539804	33	0.8754
chr1	539820	539821	31	0.5703
chr1	539841	539842	24	0.695
chr1	539864	539865	19	0.8201
chr1	539888	539889	31	0.6597
chr1	539911	539912	31	0.8283
chr1	539942	539943	28	0.7936
chr1	539957	539958	35	0.797
chr1	539991	539992	28	0.6583
chr1	540016	540017	36	0.7305
chr1	540035	540036	28	0.674
chr1	540076	540077	27	0.5257
chr1	540105	540106	33	0.6805
chr1	540153	540154	23	0.738
chr1	540185	540186	33	0.6921
chr1	540209	540210	35	0.7644
chr1	540259	540260	30	0.7136
chr1	540290	540291	35	0.5295
chr1	540320	540321	28	0.7078
chr1	540322	540323	31	0.62
chr1	540419	540420	26	0.8394
chr1	540489	540490	25	0.6773
chr1	540589	540590	27	0.6317
chr1	540689	540690	20	0.8065
chr1	540789	540790	32	0.6306
chr1	540829	540830	22	0.4529
chr1	540875	540876	27	0.4768
chr1	540883	540884	26	0.792
chr1	540933	540934	33	0.7156
chr1	540953	540954	29	0.9895
chr1	540994	540995	32	0.7672
chr1	541022	541023	29	1.0
chr1	541062	541063	21	0.7894
chr1	541112	541113	14	0.8016
chr1	541147	541148	32	0.8344
chr1	541187	541188	27	0.8866
chr1	541202	541203	27	0.9063
chr1	541244	541245	30	0.9132
chr1	541294	541295	30	0.8516
chr1	541344	541345	38	0.951
chr1	541366	541367	34	0.9743
chr1	541416	541417	38	0.9975
chr1	541422	541423	28	0.7565
chr1	541522	541523	26	0.9058
chr1	541593	541594	29	0.885
chr1	541669	541670	26	0.7905
chr1	541769	541770	29	0.7513
chr1	541869	541870	37	0.7533
chr1	541873	541874	33	0.7459
chr1	541901	541902	32	0.8457
chr1	541905	541906	29	0.868
chr1	541909	541910	36	0.8639
chr1	541965	541966	37	0.8511
chr1	542049	542050	34	0.8092
chr1	542063	542064	25	0.8896
chr1	542087	542088	28	0.8538
chr1	542115	542116	32	0.9116
chr1	542141	542142	24	0.89
chr1	542157	542158	27	1.0
chr1	542180	542181	28	0.9613
chr1	542230	542231	30	0.9673
chr1	542247	542248	33	0.8967
chr1	542270	542271	29	0.9211
chr1	542320	542321	27	1.0
chr1	542362	542363	29	0.8201
chr1	542379	542380	28	0.9449
chr1	542426	542427	29	0.8454
chr1	542474	542475	37	0.86
chr1	542512	542513	28	0.9145
chr1	542555	542556	23	0.9177
chr1	542571	542572	29	0.9248
chr1	542621	542622	25	0.8578
chr1	542647	542648	34	0.9354
chr1	542687	542688	25	0.8536
chr1	542696	542697	20	1.0
chr1	542750	542751	35	0.9507
chr1	542850	542851	26	0.9838
chr1	542950	542951	36	0.8686
chr1	543050	543051	31	0.9033
chr1	543125	543126	23	0.997
chr1	543175	543176	32	0.9249
chr1	543207	543208	33	0.9113
chr1	543227	543228	29	0.776
chr1	543277	543278	21	0.7232
chr1	543296	543297	33	0.8397
chr1	543328	543329	26	0.6332
chr1	543345	543346	27	0.7033
chr1	543374	543375	31	0.8335
chr1	543401	543402	33	0.9282
chr1	543451	543452	26	0.7047
chr1	543467	543468	31	0.6159
chr1	543493	543494	35	0.7624
chr1	543508	543509	44	0.7405
chr1	543558	543559	24	0.8631
chr1	543589	543590	35	0.8996
chr1	543624	543625	37	0.7589
chr1	543657	543658	27	0.8792
chr1	543681	543682	33	0.6972
chr1	543720	543721	18	0.8655
chr1	543721	543722	30	0.6795
chr1	543821	543822	36	0.782
chr1	543871	543872	39	0.8674
chr1	543940	543941	18	0.8003
chr1	544040	544041	31	0.8817
chr1	544140	544141	17	0.8761
chr1	544142	544143	28	0.7628
chr1	544149	544150	24	0.7773
chr1	544199	544200	30	0.8569
chr1	544249	544250	27	0.7844
chr1	544272	544273	30	0.9689
chr1	544322	544323	31	0.7754
chr1	544357	544358	27	0.8457
chr1	544380	544381	28	0.8615
chr1	544418	544419	30	0.834
chr1	544435	544436	28	0.8324
chr1	544471	544472	36	0.7116
chr1	544492	544493	33	0.7831
chr1	544542	544543	35	0.8161
chr1	544559	544560	36	0.7766
chr1	544579	544580	32	0.7759
chr1	544599	544600	37	0.7818
chr1	544631	544632	27	0.7885
chr1	544655	544656	35	0.7539
chr1	544675	544676	30	1.0
chr1	544744	544745	32	0.8154
chr1	544844	544845	23	0.8739
chr1	544894	544895	43	0.8479
chr1	544948	544949	34	0.948
chr1	544998	544999	31	0.8263
chr1	545098	545099	27	0.853
chr1	545148	545149	30	0.8343
chr1	545358	545359	38	0.7915
chr1	545364	545365	30	0.9482
chr1	545424	545425	43	0.8541
chr1	545528	545529	33	0.8201
chr1	545540	545541	32	0.9505
chr1	545576	545577	40	0.1603
chr1	545591	545592	29	0.0397
chr1	545627	545628	32	0.1376
chr1	545664	545665	24	0.0
chr1	545709	545710	32	0.0696
chr1	545754	545755	23	0.1075
chr1	545769	545770	31	0.2616
chr1	545793	545794	36	0.121
chr1	545818	545819	24	0.2185
chr1	545838	545839	28	0.0089
chr1	545883	545884	25	0.0774
chr1	545920	545921	22	0.1705
chr1	545940	545941	31	0.1119
chr1	545959	545960	37	0.0904
chr1	546004	546005	44	0.2244
chr1	546036	546037	33	0.0682
chr1	546051	546052	31	0.0673
chr1	546092	546093	22	0.1687
chr1	546107	546108	39	0.1859
chr1	546120	546121	16	0.2394
chr1	546192	546193	37	0.031
chr1	546242	546243	34	0.1542
chr1	546342	546343	36	0.1878
chr1	546442	546443	27	0.0943
chr1	546492	546493	29	0.1562
chr1	546586	546587	27	0.0
chr1	546636	546637	26	0.1421
chr1	546670	546671	25	0.0559
chr1	546679	546680	24	0.8625
chr1	546706	546707	30	1.0
chr1	546746	546747	33	0.9045
chr1	546790	546791	28	0.973
chr1	546824	546825	28	1.0
chr1	546846	546847	22	0.9221
chr1	546881	546882	34	0.9834
chr1	546918	546919	34	0.9894
chr1	546965	546966	31	0.9174
chr1	547006	547007	27	0.9401
chr1	547042	547043	34	0.9691
chr1	547077	547078	28	1.0
chr1	547099	547100	26	1.0
chr1	547122	547123	41	1.0
chr1	547149	547150	30	0.9859
chr1	547164	547165	31	0.9821
chr1	547186	547187	31	0.9828
chr1	547211	547212	32	0.8959
chr1	547243	547244	31	0.8133
chr1	547314	547315	39	0.9021
chr1	547366	547367	33	0.9289
chr1	547466	547467	30	0.9912
chr1	547566	547567	38	0.9146
chr1	547665	547666	35	1.0
chr1	547728	547729	21	0.9589
chr1	547801	547802	23	0.8744
chr1	547813	547814	29	0.929
chr1	547905	547906	33	0.9091
chr1	547931	547932	29	0.8608
chr1	547991	547992	37	0.7594
chr1	548061	548062	34	0.8041
chr1	548095	548096	32	0.8789
chr1	548123	548124	33	0.8825
chr1	548163	548164	30	0.8933
chr1	548227	548228	28	0.9232
chr1	548234	548235	28	0.5926
chr1	548284	548285	28	0.5828
chr1	548334	548335	29	0.6272
chr1	548384	548385	27	0.7532
chr1	548410	548411	35	0.7237
chr1	548425	548426	24	0.6121
chr1	548475	548476	35	0.7378
chr1	548503	548504	25	0.4868
chr1	548553	548554	30	0.584
chr1	548597	548598	33	0.5828
chr1	548628	548629	29	0.4079
chr1	548678	548679	25	0.6136
chr1	548714	548715	24	0.7438
chr1	548760	548761	29	0.6001
chr1	548860	548861	24	0.6513
chr1	548960	548961	32	0.6449
chr1	549060	549061	35	0.6428
chr1	549160	549161	27	0.6426
chr1	549260	549261	22	0.5551
chr1	549274	549275	33	0.7211
chr1	549354	549355	29	0.5735
chr1	549422	549423	25	0.5726
chr1	549466	549467	39	0.472
chr1	549504	549505	28	0.6023
chr1	549666	549667	27	0.5925
chr1	549714	549715	30	0.688
chr1	549716	549717	36	0.7546
chr1	549722	549723	31	0.7599
chr1	549737	549738	32	0.7836
chr1	549787	549788	34	0.7917
chr1	549837	549838	31	0.8868
chr1	549870	549871	37	0.7409
chr1	549894	549895	38	0.9435
chr1	549918	549919	35	0.8363
chr1	549951	549952	36	0.8645
chr1	549980	549981	32	0.9196
chr1	550026	550027	26	0.8965
chr1	550067	550068	29	0.9498
chr1	550111	550112	26	0.8616
chr1	550154	550155	33	0.7711
chr1	550187	550188	38	1.0
chr1	550206	550207	32	0.8952
chr1	550227	550228	27	0.8643
chr1	550261	550262	28	0.687
chr1	550315	550316	30	0.7939
chr1	550415	550416	27	0.7965
chr1	550503	550504	24	0.7481
chr1	550603	550604	30	0.9791
chr1	550674	550675	28	0.8007
chr1	550770	550771	23	0.8886
chr1	550844	550845	40	0.8144
chr1	550890	550891	22	0.6191
chr1	550966	550967	35	0.8364
chr1	551008	551009	25	0.9127
chr1	551090	551091	26	0.8991
chr1	551118	551119	40	0.7881
chr1	551190	551191	24	0.7213
chr1	551216	551217	37	0.102
chr1	551261	551262	24	0.1763
chr1	551307	551308	33	0.0441
chr1	551346	551347	30	0.1236
chr1	551382	551383	20	0.1295
chr1	551432	551433	28	0.0584
chr1	551448	551449	31	0.0803
chr1	551478	551479	25	0.0742
chr1	551528	551529	30	0.0
chr1	551571	551572	26	0.0251
chr1	551620	551621	22	0.1004
chr1	551664	551665	30	0.11
chr1	551712	551713	28	0.1639
chr1	551762	551763	29	0.0232
chr1	551812	551813	37	0.168
chr1	551827	551828	29	0.0979
chr1	551927	551928	26	0.0652
chr1	552027	552028	28	0.3197
chr1	552127	552128	21	0.0377
chr1	552227	552228	27	0.147
chr1	552327	552328	33	0.0
chr1	552380	552381	30	0.1022
chr1	552394	552395	35	0.1412
chr1	552401	552402	31	0.7754
chr1	552447	552448	34	0.6503
chr1	552469	552470	28	0.7788
chr1	552484	552485	36	0.6459
chr1	552506	552507	21	0.5451
chr1	552556	552557	35	0.807
chr1	552588	552589	30	0.7781
chr1	552611	552612	35	0.7102
chr1	552661	552662	32	0.8371
chr1	552679	552680	34	0.8144
chr1	552706	552707	30	0.6414
chr1	552721	552722	15	0.7569
chr1	552741	552742	33	0.691
chr1	552764	552765	39	0.7442
chr1	552796	552797	26	0.5876
chr1	552824	552825	29	0.6382
chr1	552854	552855	34	0.7638
chr1	552890	552891	29	0.7614
chr1	552923	552924	32	0.853
chr1	552946	552947	32	0.662
chr1	553046	553047	22	0.6516
chr1	553146	553147	30	0.6992
chr1	553246	553247	28	0.8771
chr1	553346	553347	24	0.8963
chr1	553446	553447	32	0.6963
chr1	553450	553451	31	0.7913
chr1	553604	553605	30	0.596
chr1	553684	553685	30	0.7535
chr1	553814	553815	20	0.6311
chr1	553822	553823	31	0.5685
chr1	553888	553889	30	0.5446
chr1	553893	553894	25	0.6144
chr1	553917	553918	29	0.9754
chr1	553967	553968	34	0.7687
chr1	553988	553989	23	0.8063
chr1	554016	554017	23	0.6558
chr1	554049	554050	35	0.6611
chr1	554099	554100	23	0.7125
chr1	554135	554136	27	0.7688
chr1	554176	554177	21	0.7421
chr1	554205	554206	34	0.8209
chr1	554239	554240	39	0.6564
chr1	554289	554290	22	0.7475
chr1	554339	554340	32	0.7471
chr1	554378	554379	31	0.7657
chr1	554428	554429	34	0.6699
chr1	554528	554529	36	0.6883
chr1	554628	554629	34	0.7886
chr1	554725	554726	35	0.8252
chr1	554825	554826	32	0.778
chr1	555073	555074	28	0.8818
chr1	555193	555194	26	0.822
chr1	555211	555212	32	0.8273
chr1	555227	555228	20	0.7222
chr1	555295	555296	28	0.692
chr1	555305	555306	30	0.8028
chr1	555340	555341	27	0.8316
chr1	555360	555361	32	0.9386
chr1	555387	555388	41	0.7598
chr1	555432	555433	30	0.7687
chr1	555450	555451	34	0.702
chr1	555475	555476	25	0.9189
chr1	555520	555521	20	0.8072
chr1	555553	555554	32	0.6875
chr1	555580	555581	34	0.7884
chr1	555596	555597	32	0.8684
chr1	555618	555619	26	0.6641
chr1	555641	555642	30	0.8313
chr1	555672	555673	32	0.8811
chr1	555689	555690	33	1.0
chr1	555727	555728	28	0.7872
chr1	555745	555746	33	0.7431
chr1	555845	555846	24	0.808
chr1	555917	555918	29	0.9189
chr1	555967	555968	31	0.8579
chr1	556067	556068	36	0.7488
chr1	556167	556168	27	0.8796
chr1	556241	556242	33	0.9622
chr1	556259	556260	25	0.8122
chr1	556293	556294	25	0.7698
chr1	556405	556406	30	0.7271
chr1	556419	556420	31	0.7142
chr1	556547	556548	33	0.7334
chr1	556613	556614	32	0.8736
chr1	556615	556616	33	0.9357
chr1	556659	556660	37	0.797
chr1	556686	556687	26	0.9866
chr1	556736	556737	28	0.8084
chr1	556787	556788	33	0.7582
chr1	556813	556814	30	0.7506
chr1	556844	556845	24	0.8126
chr1	556859	556860	33	0.8948
chr1	556896	556897	28	0.8112
chr1	556919	556920	43	0.8047
chr1	556945	556946	29	0.8059
chr1	556995	556996	35	0.7906
chr1	557019	557020	25	0.8899
chr1	557066	557067	28	0.794
chr1	557081	557082	30	0.7119
chr1	557096	557097	29	0.901
chr1	557146	557147	22	0.7388
chr1	557196	557197	19	0.8568
chr1	557222	557223	27	0.716
chr1	557322	557323	25	0.7775
chr1	557415	557416	42	0.8447
chr1	557475	557476	36	1.0
chr1	557575	557576	32	1.0
chr1	557651	557652	35	0.7575
chr1	557736	557737	31	0.7033
chr1	557750	557751	31	0.814
chr1	557765	557766	37	0.8149
chr1	557815	557816	25	0.9317
chr1	557834	557835	35	0.8496
chr1	557875	557876	25	0.7345
chr1	557899	557900	30	0.8992
chr1	557949	557950	31	0.9105
chr1	557986	557987	24	0.9347
chr1	558007	558008	25	0.7938
chr1	558022	558023	22	0.9286
chr1	558072	558073	23	0.87
chr1	558091	558092	28	0.6834
chr1	558113	558114	31	0.8416
chr1	558131	558132	37	0.834
chr1	558181	558182	31	0.7967
chr1	558209	558210	24	0.886
chr1	558234	558235	32	0.7508
chr1	558318	558319	33	0.8139
chr1	558418	558419	40	0.7591
chr1	558500	558501	31	0.9529
chr1	558550	558551	28	0.8913
chr1	558608	558609	44	0.6442
chr1	558675	558676	30	0.7619
chr1	558751	558752	37	0.779
chr1	558763	558764	27	0.8602
chr1	558783	558784	29	0.1393
chr1	558819	558820	36	0.0
chr1	558869	558870	27	0.2018
chr1	558909	558910	22	0.0573
chr1	558930	558931	37	0.1459
chr1	558958	558959	28	0.1662
chr1	558988	558989	33	0.0683
chr1	559013	559014	27	0.0805
chr1	559063	559064	25	0.262
chr1	559092	559093	36	0.1813
chr1	559123	559124	28	0.0828
chr1	559158	559159	29	0.0
chr1	559179	559180	39	0.2864
chr1	559229	559230	35	0.206
chr1	559271	559272	31	0.1818
chr1	559299	559300	27	0.0409
chr1	559320	559321	31	0.0391
chr1	559338	559339	31	0.2564
chr1	559353	559354	32	0.1304
chr1	559357	559358	23	0.1163
chr1	559417	559418	21	0.1242
chr1	559467	559468	27	0.0681
chr1	559567	559568	33	0.1359
chr1	559632	559633	25	0.1904
chr1	559732	559733	35	0.197
chr1	559832	559833	32	0.2331
chr1	559900	559901	20	0.1663
chr1	559918	559919	29	0.2571
chr1	559936	559937	26	1.0
chr1	559963	559964	29	0.8511
chr1	559996	559997	28	0.8717
chr1	560015	560016	24	0.8152
chr1	560060	560061	27	0.9326
chr1	560096	560097	27	0.8283
chr1	560139	560140	28	0.8686
chr1	560189	560190	29	0.8538
chr1	560207	560208	19	0.7483
chr1	560250	560251	29	0.8171
chr1	560298	560299	30	0.926
chr1	560348	560349	27	0.8901
chr1	560398	560399	32	0.8769
chr1	560446	560447	26	0.8478
chr1	560506	560507	24	0.7272
chr1	560606	560607	38	0.7371
chr1	560706	560707	22	0.9068
chr1	560756	560757	35	0.8364
chr1	560817	560818	22	0.7796
chr1	560917	560918	31	0.8498
chr1	561015	561016	28	0.6823
chr1	561026	561027	25	0.8358
chr1	561063	561064	28	0.763
chr1	561094	561095	33	0.7607
chr1	561144	561145	29	0.7003
chr1	561187	561188	23	0.7291
chr1	561225	561226	21	0.8342
chr1	561254	561255	29	0.8367
chr1	561274	561275	23	0.8563
chr1	561306	561307	30	0.8037
chr1	561327	561328	27	0.7533
chr1	561359	561360	27	0.852
chr1	561374	561375	30	0.7995
chr1	561396	561397	22	0.8531
chr1	561439	561440	24	0.9089
chr1	561489	561490	26	0.8744
chr1	561518	561519	26	0.6339
chr1	561552	561553	36	0.7945
chr1	561556	561557	30	0.9241
chr1	561632	561633	34	0.7506
chr1	561732	561733	30	0.737
chr1	561787	561788	43	0.78
chr1	561887	561888	30	0.8508
chr1	561987	561988	30	0.6822
chr1	562052	562053	17	0.6843
chr1	562100	562101	23	0.7896
chr1	562152	562153	34	0.7405
chr1	562194	562195	39	0.7076
chr1	562229	562230	30	0.808
chr1	562277	562278	29	0.5567
chr1	562327	562328	30	0.4879
chr1	562369	562370	36	0.7429
chr1	562397	562398	23	0.874
chr1	562437	562438	36	0.3858
chr1	562482	562483	29	0.3967
chr1	562505	562506	32	0.5291
chr1	562555	562556	27	0.8067
chr1	562587	562588	24	0.6761
chr1	562613	562614	28	0.4955
chr1	562636	562637	33	0.7491
chr1	562672	562673	26	0.6889
chr1	562693	562694	29	0.7387
chr1	562708	562709	37	0.3681
chr1	562758	562759	31	0.2671
chr1	562782	562783	34	0.5163
chr1	562882	562883	38	0.648
chr1	562982	562983	29	0.7808
chr1	563052	563053	39	0.7003
chr1	563152	563153	36	0.4646
chr1	563227	563228	25	0.4496
chr1	563327	563328	24	0.5134
chr1	563379	563380	24	0.8008
chr1	563387	563388	29	0.6944
chr1	563411	563412	30	0.9224
chr1	563441	563442	29	0.7986
chr1	563472	563473	32	0.965
chr1	563504	563505	32	0.9041
chr1	563523	563524	33	0.975
chr1	563544	563545	37	0.9004
chr1	563566	563567	36	0.7684
chr1	563608	563609	36	0.7906
chr1	563636	563637	37	0.8181
chr1	563664	563665	30	0.8187
chr1	563714	563715	26	0.9806
chr1	563745	563746	34	0.889
chr1	563778	563779	29	0.8804
chr1	563802	563803	33	0.8761
chr1	563818	563819	28	0.6852
chr1	563848	563849	37	0.815
chr1	563881	563882	31	0.8688
chr1	563981	563982	31	0.727
chr1	564063	564064	26	0.7029
chr1	564142	564143	38	0.9214
chr1	564242	564243	34	0.7633
chr1	564330	564331	26	0.7275
chr1	564410	564411	34	0.8655
chr1	564426	564427	31	0.9369
chr1	564471	564472	32	0.8928
chr1	564521	564522	24	0.7542
chr1	564571	564572	27	0.8072
chr1	564595	564596	26	0.9103
chr1	564621	564622	28	0.6987
chr1	564671	564672	26	0.823
chr1	564700	564701	29	0.9591
chr1	564728	564729	28	0.7976
chr1	564746	564747	34	0.89
chr1	564780	564781	36	0.7838
chr1	564795	564796	30	0.7493
chr1	564834	564835	32	0.771
chr1	564884	564885	28	0.8077
chr1	564899	564900	25	0.8903
chr1	564938	564939	31	0.8769
chr1	564970	564971	20	1.0
chr1	564973	564974	38	0.7888
chr1	565073	565074	28	0.8534
chr1	565173	565174	26	0.868
chr1	565237	565238	26	0.8664
chr1	565291	565292	19	0.8409
chr1	565341	565342	38	0.7951
chr1	565429	565430	26	0.7174
chr1	565433	565434	28	0.8864
chr1	565470	565471	29	0.5714
chr1	565516	565517	31	0.5924
chr1	565558	565559	33	0.6709
chr1	565579	565580	25	0.4672
chr1	565609	565610	37	0.5319
chr1	565659	565660	27	0.6972
chr1	565681	565682	44	0.5566
chr1	565711	565712	23	0.4724
chr1	565761	565762	27	0.5706
chr1	565811	565812	29	0.4349
chr1	565850	565851	29	0.3917
chr1	565885	565886	26	0.5323
chr1	565935	565936	26	0.6104
chr1	565983	565984	35	0.5352
chr1	566006	566007	28	0.5745
chr1	566056	566057	33	0.7917
chr1	566156	566157	38	0.5379
chr1	566256	566257	17	0.5739
chr1	566356	566357	26	0.5528
chr1	566445	566446	33	0.4859
chr1	566511	566512	32	0.5774
chr1	566515	566516	32	0.3996
chr1	566555	566556	29	0.9415
chr1	566605	566606	25	0.9283
chr1	566632	566633	31	0.7573
chr1	566682	566683	33	0.8962
chr1	566709	566710	30	0.7089
chr1	566728	566729	25	0.7789
chr1	566765	566766	32	0.8976
chr1	566806	566807	37	0.8509
chr1	566856	566857	33	0.8847
chr1	566876	566877	30	0.8311
chr1	566896	566897	31	0.787
chr1	566924	566925	34	0.8426
chr1	566951	566952	34	0.7609
chr1	566998	566999	28	0.9226
chr1	567048	567049	31	0.8725
chr1	567056	567057	27	1.0
chr1	567106	567107	28	0.9334
chr1	567206	567207	34	0.9796
chr1	567256	567257	25	0.9055
chr1	567306	567307	33	0.7719
chr1	567406	567407	30	0.8288
chr1	567506	567507	33	0.8229
chr1	567534	567535	27	0.9196
chr1	567566	567567	27	0.8019
chr1	567581	567582	29	0.7182
chr1	567602	567603	26	0.7616
chr1	567652	567653	27	0.7856
chr1	567698	567699	34	0.6106
chr1	567729	567730	28	0.7844
chr1	567779	567780	30	0.7128
chr1	567809	567810	27	0.7414
chr1	567859	567860	27	0.7664
chr1	567909	567910	28	0.8654
chr1	567947	567948	33	0.8023
chr1	567963	567964	34	0.8725
chr1	567991	567992	32	0.8852
chr1	568022	568023	27	0.7518
chr1	568044	568045	30	0.8842
chr1	568116	568117	29	0.8842
chr1	568198	568199	26	0.8476
chr1	568268	568269	36	0.8214
chr1	568368	568369	37	0.6202
chr1	568446	568447	38	0.6905
chr1	568512	568513	29	0.7775
chr1	568528	568529	28	0.8589
chr1	568549	568550	32	0.8115
chr1	568599	568600	28	0.7774
chr1	568619	568620	40	0.8584
chr1	568642	568643	34	0.8462
chr1	568665	568666	27	0.8515
chr1	568696	568697	36	0.9539
chr1	568728	568729	31	0.9685
chr1	568778	568779	25	1.0
chr1	568807	568808	35	0.7903
chr1	568822	568823	28	1.0
chr1	568854	568855	36	0.7693
chr1	568886	568887	36	0.7029
chr1	568908	568909	29	0.9572
chr1	568926	568927	29	0.7762
chr1	568947	568948	29	0.9232
chr1	568951	568952	43	0.7819
chr1	569041	569042	38	0.8695
chr1	569141	569142	35	0.747
chr1	569241	569242	20	0.8018
chr1	569341	569342	35	0.8209
chr1	569411	569412	14	0.8476
chr1	569417	569418	22	0.6872
chr1	569423	569424	28	0.7642
chr1	569438	569439	34	0.8699
chr1	569458	569459	30	0.8149
chr1	569476	569477	26	0.9621
chr1	569510	569511	29	0.9745
chr1	569533	569534	25	0.8015
chr1	569570	569571	27	0.9004
chr1	569593	569594	31	0.8374
chr1	569616	569617	30	0.9054
chr1	569650	569651	29	0.756
chr1	569684	569685	32	1.0
chr1	569709	569710	28	0.8162
chr1	569728	569729	30	0.8181
chr1	569743	569744	39	0.8266
chr1	569793	569794	32	0.8019
chr1	569823	569824	25	0.9208
chr1	569850	569851	29	0.8223
chr1	569869	569870	31	0.7534
chr1	569884	569885	32	0.7287
chr1	569923	569924	31	1.0
chr1	569943	569944	32	0.9684
chr1	569971	569972	31	0.7916
chr1	570007	570008	29	0.961
chr1	570011	570012	30	0.7866
chr1	570094	570095	27	0.8158
chr1	570194	570195	34	0.852
chr1	570258	570259	38	0.9831
chr1	570349	570350	38	0.8854
chr1	570449	570450	25	0.8531
chr1	570499	570500	21	0.901
chr1	570549	570550	26	0.7667
chr1	570677	570678	37	0.9651
chr1	570809	570810	33	0.8062
chr1	570835	570836	28	0.8988
chr1	570849	570850	26	0.9248
chr1	570869	570870	30	0.8258
chr1	570875	570876	32	0.8291
chr1	570947	570948	26	0.9279
chr1	570955	570956	44	0.7964
chr1	570971	570972	25	0.9179
chr1	570999	571000	29	1.0
chr1	571021	571022	28	0.8233
chr1	571051	571052	27	0.7314
chr1	571091	571092	36	0.8178
chr1	571121	571122	29	0.9326
chr1	571136	571137	33	0.5994
chr1	571151	571152	36	0.7997
chr1	571185	571186	36	0.7059
chr1	571226	571227	24	0.6476
chr1	571249	571250	27	0.7499
chr1	571275	571276	27	0.6547
chr1	571325	571326	33	0.6704
chr1	571357	571358	22	0.6244
chr1	571391	571392	27	0.7203
chr1	571406	571407	23	0.9054
chr1	571456	571457	27	0.7039
chr1	571491	571492	25	0.7211
chr1	571517	571518	28	0.7021
chr1	571617	571618	28	0.7515
chr1	571667	571668	31	0.8368
chr1	571717	571718	33	0.8365
chr1	571776	571777	26	0.6922
chr1	571826	571827	27	0.774
chr1	571904	571905	29	0.8183
chr1	572004	572005	33	0.8237
chr1	572054	572055	23	0.8256
chr1	572075	572076	28	0.114
chr1	572125	572126	21	0.0
chr1	572153	572154	34	0.1418
chr1	572179	572180	26	0.1305
chr1	572211	572212	32	0.1752
chr1	572234	572235	24	0.1596
chr1	572249	572250	38	0.1531
chr1	572279	572280	25	0.0006
chr1	572300	572301	33	0.0649
chr1	572315	572316	32	0.1108
chr1	572342	572343	29	0.1102
chr1	572392	572393	32	0.0
chr1	572410	572411	28	0.2112
chr1	572458	572459	24	0.1138
chr1	572473	572474	27	0.0728
chr1	572505	572506	33	0.0592
chr1	572529	572530	34	0.067
chr1	572589	572590	25	0.1063
chr1	572642	572643	32	0.1219
chr1	572695	572696	26	0.0
chr1	572763	572764	28	0.1228
chr1	572842	572843	30	0.0216
chr1	572924	572925	28	0.0797
chr1	572974	572975	38	0.1007
chr1	572988	572989	30	0.1013
chr1	573010	573011	33	0.0748
chr1	573020	573021	26	0.057
chr1	573061	573062	27	0.138
chr1	573084	573085	36	0.0
chr1	573111	573112	27	0.0149
chr1	573152	573153	32	0.0736
chr1	573174	573175	35	0.0324
chr1	573210	573211	25	0.1614
chr1	573239	573240	32	0.0
chr1	573289	573290	31	0.12
chr1	573335	573336	31	0.1106
chr1	573385	573386	41	0.0457
chr1	573400	573401	23	0.1204
chr1	573435	573436	25	0.0841
chr1	573485	573486	30	0.0
chr1	573509	573510	31	0.1507
chr1	573557	573558	29	0.134
chr1	573560	573561	29	0.0719
chr1	573634	573635	31	0.0054
chr1	573696	573697	23	0.1458
chr1	573793	573794	33	0.1879
chr1	573893	573894	28	0.0072
chr1	573943	573944	27	0.0625
chr1	574043	574044	25	0.0766
chr1	574065	574066	41	0.1032
chr1	574171	574172	32	0.0732
chr1	574293	574294	38	0.0815
chr1	574319	574320	29	0.1031
chr1	574373	574374	23	0.2105
chr1	574405	574406	27	0.1914
chr1	574463	574464	31	0.0516
chr1	574482	574483	34	0.4954
chr1	574500	574501	31	0.5766
chr1	574549	574550	23	0.6275
chr1	574565	574566	41	0.5856
chr1	574591	574592	21	0.521
chr1	574613	574614	33	0.5385
chr1	574639	574640	29	0.6475
chr1	574689	574690	31	0.4985
chr1	574710	574711	20	0.8211
chr1	574755	574756	35	0.5593
chr1	574805	574806	33	0.5458
chr1	574855	574856	35	0.7032
chr1	574905	574906	38	0.7255
chr1	574946	574947	30	0.5253
chr1	574979	574980	27	0.6995
chr1	575000	575001	34	0.7232
chr1	575076	575077	25	0.6557
chr1	575176	575177	36	0.552
chr1	575276	575277	37	0.5789
chr1	575334	575335	26	0.6181
chr1	575416	575417	19	0.6538
chr1	575466	575467	34	0.7191
chr1	575542	575543	26	0.6352
chr1	575548	575549	31	0.821
chr1	575563	575564	33	0.7964
chr1	575610	575611	33	0.9237
chr1	575632	575633	31	0.7292
chr1	575647	575648	25	0.6717
chr1	575672	575673	35	0.6691
chr1	575722	575723	28	0.7527
chr1	575764	575765	25	0.6535
chr1	575806	575807	28	0.7138
chr1	575821	575822	34	0.8119
chr1	575840	575841	27	0.7326
chr1	575855	575856	34	0.8538
chr1	575885	575886	21	0.8956
chr1	575926	575927	32	0.878
chr1	575949	575950	18	0.9032
chr1	575989	575990	40	0.7354
chr1	576007	576008	26	0.7053
chr1	576107	576108	30	0.8096
chr1	576207	576208	26	0.9338
chr1	576306	576307	32	0.7129
chr1	576406	576407	29	0.8498
chr1	576442	576443	23	0.8912
chr1	576460	576461	35	0.9548
chr1	576504	576505	26	0.7577
chr1	576746	576747	30	0.6979
chr1	576778	576779	14	0.8678
chr1	576783	576784	23	0.7707
chr1	576832	576833	33	1.0
chr1	576870	576871	30	0.6822
chr1	576920	576921	27	0.8577
chr1	576935	576936	35	0.9757
chr1	576957	576958	35	0.7996
chr1	577007	577008	21	0.7923
chr1	577054	577055	27	0.8125
chr1	577083	577084	32	0.9202
chr1	577109	577110	22	0.914
chr1	577145	577146	31	0.977
chr1	577167	577168	14	0.7869
chr1	577217	577218	31	0.8587
chr1	577261	577262	34	0.94
chr1	577277	577278	21	0.9697
chr1	577327	577328	32	0.8145
chr1	577377	577378	24	0.6194
chr1	577451	577452	35	0.9238
chr1	577551	577552	23	0.9334
chr1	577651	577652	41	0.919
chr1	577714	577715	28	0.8021
chr1	577734	577735	31	0.8337
chr1	577796	577797	38	0.9572
chr1	577996	577997	34	0.9289
chr1	578028	578029	23	0.9156
chr1	578054	578055	27	0.8751
chr1	578106	578107	25	0.8869
chr1	578134	578135	31	0.8598
chr1	578214	578215	30	0.7337
chr1	578249	578250	34	0.6564
chr1	578269	578270	36	0.7531
chr1	578289	578290	33	0.7779
chr1	578333	578334	30	0.8919
chr1	578372	578373	34	0.8335
chr1	578406	578407	29	0.711
chr1	578456	578457	22	0.7745
chr1	578482	578483	33	0.8714
chr1	578527	578528	26	0.5751
chr1	578577	578578	26	0.6368
chr1	578616	578617	32	0.8732
chr1	578630	578631	30	0.7381
chr1	578713	578714	23	0.7787
chr1	578813	578814	34	0.687
chr1	578913	578914	29	0.671
chr1	578961	578962	26	0.7168
chr1	579005	579006	27	0.8642
chr1	579022	579023	24	0.8912
chr1	579048	579049	26	0.946
chr1	579068	579069	34	0.7809
chr1	579097	579098	25	0.8053
chr1	579139	579140	26	0.966
chr1	579158	579159	30	0.7246
chr1	579184	579185	28	0.8821
chr1	579202	579203	35	1.0
chr1	579218	579219	29	0.9417
chr1	579258	579259	41	0.8921
chr1	579283	579284	26	0.8679
chr1	579333	579334	33	0.8672
chr1	579377	579378	24	0.893
chr1	579410	579411	34	0.8764
chr1	579433	579434	29	0.8522
chr1	579483	579484	25	0.8702
chr1	579508	579509	31	1.0
chr1	579545	579546	43	0.9494
chr1	579560	579561	30	0.8611
chr1	579660	579661	28	0.9236
chr1	579760	579761	38	0.9048
chr1	579860	579861	34	0.9344
chr1	579923	579924	32	0.9095
chr1	580023	580024	35	0.9445
chr1	580045	580046	29	1.0
chr1	580073	580074	38	0.8811
chr1	580113	580114	38	0.1813
chr1	580148	580149	34	0.0
chr1	580170	580171	33	0.0507
chr1	580220	580221	34	0.1248
chr1	580235	580236	34	0.0746
chr1	580285	580286	26	0.0678
chr1	580302	580303	37	0.001
chr1	580352	580353	31	0.0355
chr1	580385	580386	32	0.0867
chr1	580435	580436	27	0.0
chr1	580450	580451	36	0.1824
chr1	580486	580487	28	0.0116
chr1	580501	580502	29	0.0038
chr1	580551	580552	27	0.1025
chr1	580578	580579	21	0.0713
chr1	580620	580621	38	0.1292
chr1	580699	580700	28	0.022
chr1	580778	580779	31	0.0795
chr1	580870	580871	31	0.1702
chr1	580970	580971	31	0.2385
chr1	581070	581071	26	0.0659
chr1	581164	581165	26	0.1532
chr1	581174	581175	26	0.7007
chr1	581202	581203	30	0.688
chr1	581248	581249	29	0.5096
chr1	581264	581265	43	0.6204
chr1	581293	581294	28	0.6776
chr1	581329	581330	26	0.6995
chr1	581350	581351	32	0.5935
chr1	581372	581373	19	0.7238
chr1	581402	581403	26	0.8365
chr1	581437	581438	31	0.696
chr1	581470	581471	33	0.5063
chr1	581520	581521	30	0.4508
chr1	581564	581565	30	0.6852
chr1	581614	581615	29	0.6028
chr1	581633	581634	31	0.5099
chr1	581654	581655	30	0.6853
chr1	581678	581679	30	0.6872
chr1	581707	581708	44	0.5639
chr1	581717	581718	29	0.6223
chr1	581779	581780	27	0.6154
chr1	581879	581880	28	0.6673
chr1	581979	581980	35	0.5631
chr1	582079	582080	27	0.6581
chr1	582136	582137	28	0.5876
chr1	582186	582187	24	0.7274
chr1	582224	582225	30	0.5562
chr1	582284	582285	37	0.7016
chr1	582390	582391	32	0.6825
chr1	582402	582403	25	0.7095
chr1	582448	582449	28	0.5661
chr1	582538	582539	34	0.8055
chr1	582546	582547	21	0.548
chr1	582566	582567	45	0.7147
chr1	582588	582589	33	0.5676
chr1	582628	582629	30	0.5403
chr1	582667	582668	26	1.0
chr1	582688	582689	25	1.0
chr1	582732	582733	25	1.0
chr1	582747	582748	32	0.8338
chr1	582767	582768	32	0.909
chr1	582794	582795	32	0.8695
chr1	582844	582845	31	0.9651
chr1	582859	582860	29	0.9124
chr1	582874	582875	30	0.8452
chr1	582924	582925	30	0.9219
chr1	582959	582960	35	0.7547
chr1	582984	582985	32	0.8316
chr1	583004	583005	30	0.9038
chr1	583054	583055	32	0.9789
chr1	583104	583105	28	0.7978
chr1	583146	583147	33	0.9819
chr1	583161	583162	28	0.862
chr1	583191	583192	34	0.9118
chr1	583281	583282	31	0.9919
chr1	583375	583376	32	0.8342
chr1	583475	583476	39	1.0
chr1	583573	583574	30	0.9845
chr1	583673	583674	34	0.7926
chr1	583723	583724	35	0.9043
chr1	583743	583744	26	0.8945
chr1	583779	583780	24	0.8192
chr1	583797	583798	34	0.9164
chr1	583829	583830	21	0.9482
chr1	583850	583851	31	0.8326
chr1	583865	583866	28	0.9278
chr1	583883	583884	31	0.8979
chr1	583908	583909	31	0.9909
chr1	583950	583951	20	0.947
chr1	584000	584001	32	0.9145
chr1	584048	584049	36	0.8835
chr1	584092	584093	31	0.8937
chr1	584126	584127	34	0.9106
chr1	584156	584157	24	0.7419
chr1	584202	584203	21	0.8559
chr1	584216	584217	20	0.9964
chr1	584316	584317	31	0.9708
chr1	584401	584402	31	0.9214
chr1	584501	584502	22	0.8296
chr1	584601	584602	31	0.7454
chr1	584651	584652	25	0.908
chr1	584653	584654	29	0.8548
chr1	584741	584742	22	0.8721
chr1	584762	584763	39	0.1214
chr1	584777	584778	36	0.2198
chr1	584816	584817	29	0.0472
chr1	584840	584841	35	0.1636
chr1	584890	584891	35	0.1342
chr1	584906	584907	34	0.1943
chr1	584956	584957	21	0.2227
chr1	584985	584986	38	0.091
chr1	585035	585036	39	0.0608
chr1	585059	585060	24	0.157
chr1	585106	585107	37	0.0422
chr1	585156	585157	29	0.1102
chr1	585187	585188	25	0.2538
chr1	585206	585207	30	0.2907
chr1	585246	585247	25	0.1979
chr1	585265	585266	26	0.1418
chr1	585287	585288	27	0.2223
chr1	585387	585388	28	0.0185
chr1	585487	585488	35	0.0902
chr1	585585	585586	34	0.0648
chr1	585639	585640	32	0.0098
chr1	585701	585702	32	0.0025
chr1	585801	585802	29	0.2254
chr1	585837	585838	31	0.2321
chr1	585861	585862	38	0.0801
chr1	585893	585894	29	0.0369
chr1	585912	585913	21	0.0
chr1	585955	585956	30	0.0624
chr1	585992	585993	33	0.0
chr1	586024	586025	28	0.1709
chr1	586058	586059	23	0.1593
chr1	586108	586109	35	0.1459
chr1	586146	586147	25	0.1177
chr1	586161	586162	36	0.249
chr1	586193	586194	40	0.1072
chr1	586215	586216	26	0.0
chr1	586245	586246	25	0.0583
chr1	586275	586276	35	0.0488
chr1	586321	586322	34	0.1836
chr1	586371	586372	27	0.1901
chr1	586403	586404	21	0.0781
chr1	586424	586425	24	0.2635
chr1	586443	586444	37	0.2957
chr1	586452	586453	28	0.2202
chr1	586552	586553	24	0.1013
chr1	586616	586617	31	0.0641
chr1	586716	586717	33	0.0561
chr1	586773	586774	36	0.2218
chr1	586873	586874	37	0.11
chr1	586923	586924	31	0.1112
chr1	587021	587022	31	0.1036
chr1	587029	587030	28	0.6212
chr1	587048	587049	36	0.7056
chr1	587098	587099	37	0.7803
chr1	587113	587114	32	0.8458
chr1	587145	587146	24	0.6346
chr1	587165	587166	30	0.803
chr1	587213	587214	26	0.9211
chr1	587228	587229	29	0.637
chr1	587250	587251	30	0.7869
chr1	587269	587270	32	0.7661
chr1	587303	587304	29	0.7616
chr1	587353	587354	28	0.8761
chr1	587388	587389	29	0.7554
chr1	587414	587415	26	0.7946
chr1	587444	587445	35	0.7703
chr1	587485	587486	24	0.9272
chr1	587517	587518	22	0.8598
chr1	587548	587549	24	0.6814
chr1	587648	587649	34	0.8421
chr1	587741	587742	30	0.9536
chr1	587841	587842	33	0.9439
chr1	587894	587895	29	0.892
chr1	587972	587973	25	0.6505
chr1	588038	588039	27	0.666
chr1	588050	588051	25	0.6291
chr1	588142	588143	18	0.8725
chr1	588164	588165	30	0.8191
chr1	588230	588231	24	0.9209
chr1	588254	588255	28	0.8799
chr1	588288	588289	22	0.9222
chr1	588376	588377	26	0.786
chr1	588450	588451	23	0.684
chr1	588457	588458	39	0.2497
chr1	588484	588485	27	0.0107
chr1	588533	588534	33	0.0
chr1	588567	588568	27	0.0237
chr1	588603	588604	20	0.0732
chr1	588638	588639	36	0.1225
chr1	588669	588670	26	0.077
chr1	588704	588705	20	0.0502
chr1	588719	588720	32	0.0648
chr1	588763	588764	28	0.038
chr1	588813	588814	27	0.1519
chr1	588822	588823	34	0.1029
chr1	588874	588875	25	0.2278
chr1	588926	588927	32	0.0
chr1	589026	589027	36	0.0894
chr1	589124	589125	30	0.0771
chr1	589204	589205	37	0.0542
chr1	589304	589305	33	0.1261
chr1	589368	589369	34	0.1381
chr1	589406	589407	25	0.1893
chr1	589430	589431	34	0.0944
chr1	589442	589443	32	0.0223
chr1	589512	589513	28	0.0852
chr1	589522	589523	27	0.1011
chr1	589540	589541	27	0.0502
chr1	589550	589551	31	0.7416
chr1	589600	589601	24	0.6703
chr1	589633	589634	23	0.8411
chr1	589654	589655	28	0.8871
chr1	589676	589677	25	0.6458
chr1	589723	589724	28	0.8262
chr1	589763	589764	27	0.8636
chr1	589796	589797	24	0.8133
chr1	589824	589825	21	0.696
chr1	589874	589875	29	0.6126
chr1	589899	589900	29	0.7706
chr1	589940	589941	32	0.792
chr1	589968	589969	31	0.6319
chr1	589996	589997	28	0.6786
chr1	590011	590012	21	0.8758
chr1	590031	590032	24	0.7578
chr1	590131	590132	28	0.8452
chr1	590181	590182	23	0.7635
chr1	590252	590253	29	0.5801
chr1	590302	590303	33	0.8018
chr1	590402	590403	27	0.6779
chr1	590500	590501	33	0.6309
chr1	590546	590547	33	0.7524
chr1	590692	590693	28	0.5765
chr1	590804	590805	33	0.6416
chr1	590836	590837	28	0.7398
chr1	590938	590939	30	0.7982
chr1	590998	590999	38	0.6068
chr1	591014	591015	24	0.8543
chr1	591036	591037	40	0.8738
chr1	591057	591058	31	0.7205
chr1	591099	591100	24	0.8816
chr1	591116	591117	25	0.8772
chr1	591158	591159	39	0.9351
chr1	591183	591184	33	0.8065
chr1	591204	591205	31	0.9823
chr1	591254	591255	25	0.7868
chr1	591277	591278	37	0.9403
chr1	591327	591328	24	0.8913
chr1	591353	591354	33	0.8181
chr1	591379	591380	32	0.8255
chr1	591410	591411	35	0.7953
chr1	591429	591430	30	0.9481
chr1	591468	591469	30	0.9438
chr1	591483	591484	32	0.7418
chr1	591504	591505	29	0.7535
chr1	591529	591530	33	0.7111
chr1	591539	591540	25	0.684
chr1	591589	591590	36	0.884
chr1	591689	591690	25	0.945
chr1	591789	591790	25	0.7908
chr1	591889	591890	31	0.6723
chr1	591989	591990	29	0.7028
chr1	592055	592056	41	0.8306
chr1	592063	592064	29	0.6397
chr1	592094	592095	28	0.701
chr1	592120	592121	22	0.7056
chr1	592149	592150	30	0.6915
chr1	592175	592176	34	0.6162
chr1	592198	592199	30	0.6868
chr1	592248	592249	29	0.5513
chr1	592280	592281	26	0.5788
chr1	592321	592322	17	0.6425
chr1	592349	592350	28	0.7157
chr1	592387	592388	41	0.5168
chr1	592402	592403	34	0.6457
chr1	592425	592426	34	0.6237
chr1	592457	592458	25	0.5142
chr1	592507	592508	36	0.5414
chr1	592557	592558	35	0.7137
chr1	592596	592597	34	0.6701
chr1	592603	592604	31	0.6877
chr1	592703	592704	33	0.5804
chr1	592803	592804	33	0.5826
chr1	592903	592904	27	0.661
chr1	593003	593004	35	0.6182
chr1	593088	593089	23	0.5417
chr1	593148	593149	30	0.5779
chr1	593170	593171	34	0.6497
chr1	593260	593261	29	0.6276
chr1	593298	593299	32	0.624
chr1	593374	593375	34	0.6803
chr1	593378	593379	21	0.6915
chr1	593468	593469	36	0.596
chr1	593470	593471	25	0.6986
chr1	593516	593517	34	0.5465
chr1	593542	593543	29	0.4738
chr1	593584	593585	38	0.656
chr1	593601	593602	27	0.8255
chr1	593645	593646	36	0.8854
chr1	593668	593669	30	0.8752
chr1	593693	593694	35	0.91
chr1	593722	593723	39	0.8434
chr1	593754	593755	26	0.7902
chr1	593783	593784	35	0.8194
chr1	593800	593801	22	0.7437
chr1	593850	593851	27	0.9933
chr1	593870	593871	33	0.9921
chr1	593895	593896	33	0.709
chr1	593945	593946	29	0.7497
chr1	593962	593963	34	0.9045
chr1	593979	593980	23	0.779
chr1	594010	594011	31	0.9053
chr1	594060	594061	30	0.8443
chr1	594078	594079	34	0.756
chr1	594095	594096	27	0.8433
chr1	594145	594146	34	0.8215
chr1	594245	594246	29	0.9849
chr1	594345	594346	34	0.8867
chr1	594395	594396	32	0.9016
chr1	594450	594451	29	0.7512
chr1	594550	594551	35	0.9522
chr1	594552	594553	37	0.9589
chr1	594624	594625	30	0.9029
chr1	594662	594663	40	0.8322
chr1	594685	594686	24	0.7368
chr1	594704	594705	28	0.6594
chr1	594739	594740	24	0.9191
chr1	594776	594777	28	0.6135
chr1	594796	594797	35	0.6853
chr1	594820	594821	24	0.7204
chr1	594862	594863	27	0.713
chr1	594909	594910	37	0.7784
chr1	594950	594951	22	0.7611
chr1	594980	594981	23	0.7806
chr1	595009	595010	30	0.6665
chr1	595024	595025	37	0.8148
chr1	595052	595053	33	0.7353
chr1	595079	595080	29	0.7151
chr1	595119	595120	30	0.8285
chr1	595219	595220	24	0.7556
chr1	595269	595270	41	0.8586
chr1	595369	595370	30	0.8014
chr1	595419	595420	30	0.9487
chr1	595519	595520	33	0.7079
chr1	595569	595570	18	0.9303
chr1	595601	595602	25	0.8217
chr1	595624	595625	27	0.9437
chr1	595645	595646	29	0.8947
chr1	595671	595672	36	0.7898
chr1	595687	595688	29	0.9882
chr1	595718	595719	22	0.9344
chr1	595749	595750	32	0.8399
chr1	595764	595765	29	0.9944
chr1	595787	595788	29	0.9291
chr1	595837	595838	22	0.8092
chr1	595887	595888	27	0.8876
chr1	595937	595938	28	0.9337
chr1	595975	595976	25	0.9752
chr1	596001	596002	25	1.0
chr1	596024	596025	26	0.8454
chr1	596068	596069	28	0.9404
chr1	596103	596104	23	0.9715
chr1	596145	596146	18	0.893
chr1	596245	596246	33	0.9092
chr1	596313	596314	23	0.8675
chr1	596384	596385	35	0.9096
chr1	596484	596485	31	0.9677
chr1	596534	596535	38	0.9418
chr1	596625	596626	32	0.9163
chr1	596665	596666	34	0.7975
chr1	596707	596708	33	0.8342
chr1	596712	596713	22	0.9491
chr1	596739	596740	23	0.9162
chr1	596777	596778	29	0.9532
chr1	596806	596807	28	1.0
chr1	596827	596828	25	1.0
chr1	596877	596878	22	0.987
chr1	596918	596919	37	0.9515
chr1	596953	596954	31	0.8686
chr1	597003	597004	33	0.8655
chr1	597018	597019	28	0.8175
chr1	597057	597058	23	0.945
chr1	597087	597088	31	1.0
chr1	597102	597103	26	0.9441
chr1	597131	597132	24	1.0
chr1	597168	597169	25	0.9146
chr1	597268	597269	31	1.0
chr1	597318	597319	30	0.8019
chr1	597409	597410	26	0.9961
chr1	597462	597463	24	0.9035
chr1	597543	597544	21	1.0
chr1	597604	597605	26	0.9407
chr1	597662	597663	39	0.902
chr1	597680	597681	34	0.8608
chr1	597684	597685	22	0.8816
chr1	597932	597933	27	0.8725
chr1	597998	597999	30	0.8371
chr1	598032	598033	25	0.9114
chr1	598092	598093	37	0.8867
chr1	598106	598107	20	0.0
chr1	598141	598142	32	0.0886
chr1	598173	598174	29	0.0
chr1	598202	598203	30	0.0868
chr1	598221	598222	33	0.1275
chr1	598236	598237	23	0.0076
chr1	598286	598287	28	0.0722
chr1	598312	598313	16	0.0
chr1	598329	598330	37	0.1938
chr1	598365	598366	28	0.0695
chr1	598415	598416	29	0.0731
chr1	598445	598446	30	0.0539
chr1	598474	598475	20	0.015
chr1	598504	598505	36	0.0011
chr1	598518	598519	25	0.0064
chr1	598618	598619	26	0.0549
chr1	598685	598686	36	0.1121
chr1	598755	598756	33	0.0997
chr1	598828	598829	34	0.0
chr1	598928	598929	35	0.0
chr1	598980	598981	40	0.1199
chr1	599029	599030	31	0.8897
chr1	599079	599080	33	0.8284
chr1	599121	599122	24	0.9019
chr1	599142	599143	22	0.6373
chr1	599190	599191	35	0.6606
chr1	599232	599233	27	0.6131
chr1	599263	599264	34	0.7242
chr1	599279	599280	22	0.64
chr1	599300	599301	23	0.708
chr1	599329	599330	35	0.7735
chr1	599351	599352	26	0.8937
chr1	599377	599378	34	0.8722
chr1	599421	599422	25	0.8056
chr1	599462	599463	27	0.8922
chr1	599498	599499	27	0.7429
chr1	599504	599505	30	0.7176
chr1	599604	599605	26	0.8834
chr1	599657	599658	27	0.7345
chr1	599757	599758	38	0.8816
chr1	599815	599816	29	0.8785
chr1	599884	599885	30	0.8983
chr1	599946	599947	24	0.6378
chr1	599979	599980	36	0.9333
chr1	600006	600007	37	1.0
chr1	600038	600039	21	0.9434
chr1	600054	600055	31	0.9383
chr1	600070	600071	36	0.945
chr1	600093	600094	33	0.9368
chr1	600116	600117	34	0.867
chr1	600143	600144	36	0.8213
chr1	600186	600187	27	0.9034
chr1	600215	600216	39	0.9698
chr1	600232	600233	36	0.9353
chr1	600282	600283	26	0.874
chr1	600332	600333	30	0.9921
chr1	600347	600348	27	1.0
chr1	600397	600398	28	0.9364
chr1	600442	600443	35	0.8259
chr1	600492	600493	28	1.0
chr1	600520	600521	35	0.9644
chr1	600549	600550	31	0.9893
chr1	600551	600552	30	1.0
chr1	600601	600602	22	0.8637
chr1	600695	600696	29	0.9524
chr1	600745	600746	24	0.8755
chr1	600845	600846	32	0.9423
chr1	600945	600946	21	0.9783
chr1	601045	601046	31	0.9402
chr1	601129	601130	24	0.9479
chr1	601145	601146	30	0.8956
chr1	601165	601166	29	0.5299
chr1	601192	601193	27	1.0
chr1	601242	601243	30	0.621
chr1	601290	601291	20	0.9626
chr1	601305	601306	20	0.7099
chr1	601330	601331	30	1.0
chr1	601359	601360	22	0.5998
chr1	601409	601410	30	0.8896
chr1	601452	601453	26	0.326
chr1	601502	601503	24	0.7022
chr1	601517	601518	23	0.1623
chr1	601557	601558	34	0.283
chr1	601579	601580	32	0.4456
chr1	601594	601595	33	1.0
chr1	601629	601630	33	0.7285
chr1	601654	601655	22	0.8357
chr1	601671	601672	35	1.0
chr1	601676	601677	23	0.269
chr1	601754	601755	32	0.2312
chr1	601804	601805	29	0.5548
chr1	601904	601905	25	1.0
chr1	602004	602005	28	0.3185
chr1	602057	602058	18	0.392
chr1	602157	602158	27	0.5036
chr1	602177	602178	34	0.9401
chr1	602204	602205	36	0.552
chr1	602221	602222	30	0.628
chr1	602238	602239	27	0.6615
chr1	602288	602289	23	0.6122
chr1	602331	602332	30	0.6619
chr1	602365	602366	20	0.8546
chr1	602380	602381	22	0.8439
chr1	602422	602423	26	0.6992
chr1	602457	602458	35	0.7549
chr1	602486	602487	36	0.6542
chr1	602524	602525	32	0.8481
chr1	602550	602551	31	0.6821
chr1	602578	602579	29	0.7153
chr1	602618	602619	23	0.8238
chr1	602668	602669	36	0.7729
chr1	602700	602701	32	0.725
chr1	602763	602764	25	0.6734
chr1	602863	602864	27	0.6768
chr1	602913	602914	32	0.5658
chr1	602979	602980	31	0.6286
chr1	603079	603080	19	0.6622
chr1	603129	603130	25	0.6203
chr1	603179	603180	30	0.6238
chr1	603189	603190	25	0.6817
chr1	603238	603239	30	0.6632
chr1	603288	603289	18	0.7535
chr1	603322	603323	31	0.7982
chr1	603363	603364	38	0.708
chr1	603395	603396	26	0.8002
chr1	603412	603413	28	0.6845
chr1	603443	603444	29	0.761
chr1	603480	603481	31	0.7673
chr1	603516	603517	34	0.7154
chr1	603543	603544	47	0.6798
chr1	603558	603559	30	0.6506
chr1	603577	603578	34	0.7211
chr1	603605	603606	34	0.8883
chr1	603620	603621	26	0.6582
chr1	603647	603648	21	0.707
chr1	603697	603698	33	0.5727
chr1	603747	603748	37	0.673
chr1	603755	603756	23	0.6956
chr1	603805	603806	37	0.768
chr1	603855	603856	30	0.7347
chr1	603955	603956	29	0.7227
chr1	604055	604056	39	0.8421
chr1	604109	604110	23	0.8454
chr1	604159	604160	29	0.7571
chr1	604259	604260	28	0.5225
chr1	604281	604282	27	0.9104
chr1	604288	604289	38	0.4839
chr1	604314	604315	23	0.6809
chr1	604340	604341	35	0.8055
chr1	604371	604372	29	0.6964
chr1	604407	604408	25	0.6982
chr1	604422	604423	27	0.5728
chr1	604440	604441	28	0.6725
chr1	604471	604472	28	0.6434
chr1	604501	604502	27	0.6901
chr1	604540	604541	23	0.7567
chr1	604558	604559	29	0.8924
chr1	604581	604582	30	0.7303
chr1	604620	604621	34	0.6736
chr1	604656	604657	30	0.6873
chr1	604687	604688	23	0.7897
chr1	604737	604738	29	0.6838
chr1	604786	604787	27	0.7843
chr1	604801	604802	28	0.7207
chr1	604831	604832	33	0.7849
chr1	604931	604932	27	0.7435
chr1	605031	605032	36	0.6481
chr1	605131	605132	28	0.8022
chr1	605231	605232	31	0.7495
chr1	605331	605332	36	0.7026
chr1	605515	605516	28	0.7298
chr1	605581	605582	32	0.7477
chr1	605671	605672	25	0.6886
chr1	605691	605692	32	0.7413
chr1	605787	605788	32	0.6517
chr1	605824	605825	29	0.4709
chr1	605874	605875	25	0.5348
chr1	605897	605898	26	0.4877
chr1	605923	605924	39	0.3985
chr1	605952	605953	33	0.5122
chr1	605971	605972	30	0.5032
chr1	606000	606001	31	0.4656
chr1	606070	606071	25	0.3482
chr1	606099	606100	31	0.3143
chr1	606132	606133	29	0.8554
chr1	606147	606148	29	0.4413
chr1	606162	606163	27	0.3939
chr1	606212	606213	35	0.4914
chr1	606248	606249	25	0.6111
chr1	606267	606268	20	0.5185
chr1	606287	606288	30	0.3271
chr1	606318	606319	28	0.5486
chr1	606340	606341	31	0.5482
chr1	606357	606358	28	0.6557
chr1	606415	606416	39	0.3236
chr1	606515	606516	29	0.5162
chr1	606615	606616	26	0.6046
chr1	606698	606699	34	0.3488
chr1	606763	606764	28	0.347
chr1	606863	606864	29	0.2621
chr1	606896	606897	38	0.7069
chr1	606905	606906	32	0.7515
chr1	606925	606926	22	0.7564
chr1	606968	606969	39	0.7069
chr1	607017	607018	16	0.8255
chr1	607067	607068	38	0.7926
chr1	607082	607083	24	0.6134
chr1	607106	607107	26	0.6246
chr1	607126	607127	31	0.7299
chr1	607176	607177	26	0.8363
chr1	607205	607206	22	0.7301
chr1	607235	607236	41	0.7147
chr1	607260	607261	37	0.8012
chr1	607310	607311	40	0.6131
chr1	607330	607331	22	0.692
chr1	607359	607360	44	0.6161
chr1	607387	607388	29	0.6035
chr1	607402	607403	18	0.8138
chr1	607425	607426	34	0.776
chr1	607481	607482	24	0.6651
chr1	607581	607582	25	0.7674
chr1	607681	607682	34	0.7584
chr1	607781	607782	42	0.7912
chr1	607881	607882	26	0.7884
chr1	607931	607932	35	0.7455
chr1	607967	607968	19	0.587
chr1	607987	607988	40	0.8336
chr1	608011	608012	26	0.7074
chr1	608059	608060	36	0.8383
chr1	608105	608106	33	0.9586
chr1	608151	608152	25	0.7186
chr1	608223	608224	23	0.7487
chr1	608305	608306	24	0.6262
chr1	608328	608329	28	0.6069
chr1	608378	608379	35	0.3614
chr1	608397	608398	32	0.5127
chr1	608412	608413	32	0.586
chr1	608429	608430	31	0.6031
chr1	608479	608480	26	0.5411
chr1	608529	608530	24	0.6193
chr1	608557	608558	18	0.4683
chr1	608583	608584	30	0.5447
chr1	608626	608627	32	0.4687
chr1	608645	608646	26	0.4805
chr1	608695	608696	23	0.7471
chr1	608714	608715	36	0.4631
chr1	608764	608765	26	0.6723
chr1	608777	608778	31	0.5799
chr1	608877	608878	21	0.5512
chr1	608961	608962	32	0.4675
chr1	609061	609062	27	0.3739
chr1	609161	609162	32	0.6037
chr1	609215	609216	34	0.5286
chr1	609257	609258	34	0.3636
chr1	609271	609272	23	0.6972
chr1	609300	609301	20	0.7406
chr1	609348	609349	34	0.8992
chr1	609378	609379	22	0.7518
chr1	609396	609397	26	0.9789
chr1	609428	609429	31	0.8778
chr1	609459	609460	39	0.8919
chr1	609478	609479	27	0.8308
chr1	609494	609495	22	0.6837
chr1	609512	609513	27	0.9226
chr1	609538	609539	30	0.8186
chr1	609565	609566	37	0.8665
chr1	609593	609594	29	0.928
chr1	609643	609644	26	1.0
chr1	609671	609672	38	0.8708
chr1	609712	609713	23	0.8697
chr1	609758	609759	22	0.7634
chr1	609773	609774	22	0.9701
chr1	609814	609815	18	0.7726
chr1	609914	609915	37	0.7513
chr1	609964	609965	38	0.8579
chr1	610014	610015	28	0.6873
chr1	610114	610115	39	0.7955
chr1	610164	610165	31	0.8457
chr1	610214	610215	23	0.9841
chr1	610314	610315	29	0.9
chr1	610412	610413	27	0.8433
chr1	610456	610457	36	0.8461
chr1	610479	610480	33	0.9294
chr1	610502	610503	44	0.939
chr1	610532	610533	29	0.9041
chr1	610556	610557	20	0.8777
chr1	610588	610589	30	0.94
chr1	610616	610617	31	1.0
chr1	610651	610652	30	0.8078
chr1	610670	610671	28	0.8556
chr1	610693	610694	36	0.8144
chr1	610720	610721	36	0.8317
chr1	610752	610753	32	0.947
chr1	610787	610788	30	0.8036
chr1	610809	610810	30	1.0
chr1	610839	610840	30	0.8705
chr1	610889	610890	28	0.9124
chr1	610925	610926	22	0.8624
chr1	610934	610935	33	0.9038
chr1	611003	611004	27	0.9913
chr1	611103	611104	36	0.9928
chr1	611203	611204	30	0.9503
chr1	611303	611304	29	0.9375
chr1	611371	611372	13	0.9283
chr1	611417	611418	36	0.9408
chr1	611421	611422	27	0.8927
chr1	611470	611471	33	0.7119
chr1	611515	611516	27	0.8512
chr1	611543	611544	31	0.7848
chr1	611563	611564	24	0.6604
chr1	611613	611614	31	0.6084
chr1	611663	611664	26	0.7582
chr1	611713	611714	24	0.7668
chr1	611747	611748	23	0.8551
chr1	611773	611774	26	0.9135
chr1	611794	611795	24	0.6475
chr1	611825	611826	19	0.6762
chr1	611845	611846	28	0.7001
chr1	611895	611896	36	0.7359
chr1	611930	611931	23	0.7249
chr1	611961	611962	33	0.5762
chr1	611988	611989	34	0.6368
chr1	612007	612008	15	0.6823
chr1	612034	612035	33	0.7236
chr1	612134	612135	27	0.738
chr1	612234	612235	30	0.6023
chr1	612329	612330	27	0.812
chr1	612429	612430	27	0.8113
chr1	612529	612530	29	0.8201
chr1	612567	612568	28	0.8218
chr1	612619	612620	34	0.8293
chr1	612657	612658	29	0.764
chr1	612687	612688	31	0.7573
chr1	612730	612731	37	0.7892
chr1	612769	612770	32	0.671
chr1	612819	612820	29	0.826
chr1	612869	612870	16	0.6683
chr1	612897	612898	37	0.9006
chr1	612938	612939	25	0.6236
chr1	612958	612959	41	0.7067
chr1	612981	612982	22	0.8717
chr1	613002	613003	30	0.6638
chr1	613035	613036	26	0.747
chr1	613074	613075	34	0.7738
chr1	613103	613104	33	0.8394
chr1	613123	613124	32	0.7002
chr1	613158	613159	33	0.6333
chr1	613168	613169	27	0.6918
chr1	613242	613243	32	0.6582
chr1	613302	613303	25	0.8552
chr1	613402	613403	30	0.7378
chr1	613494	613495	32	0.7547
chr1	613594	613595	31	0.7882
chr1	613646	613647	30	0.792
chr1	613672	613673	34	0.888
chr1	613684	613685	30	0.8586
chr1	613724	613725	36	0.7138
chr1	613741	613742	28	0.7373
chr1	613791	613792	29	0.9145
chr1	613806	613807	23	0.7674
chr1	613846	613847	23	0.7991
chr1	613884	613885	38	0.903
chr1	613911	613912	30	0.8435
chr1	613940	613941	31	0.7133
chr1	613960	613961	37	0.6711
chr1	613975	613976	39	0.7972
chr1	614023	614024	27	0.9106
chr1	614066	614067	29	0.894
chr1	614109	614110	28	0.9151
chr1	614134	614135	20	0.8112
chr1	614195	614196	31	0.6724
chr1	614295	614296	32	0.653
chr1	614395	614396	35	0.8589
chr1	614495	614496	40	0.8247
chr1	614564	614565	32	0.8836
chr1	614576	614577	26	0.7518
chr1	614611	614612	35	0.7929
chr1	614626	614627	30	0.8778
chr1	614674	614675	30	0.7481
chr1	614721	614722	28	0.9946
chr1	614741	614742	32	0.97
chr1	614783	614784	22	0.9963
chr1	614798	614799	32	0.6256
chr1	614821	614822	26	0.7759
chr1	614862	614863	30	0.9416
chr1	614894	614895	29	0.9076
chr1	614927	614928	22	0.8153
chr1	614943	614944	30	0.8741
chr1	614964	614965	26	0.9465
chr1	614981	614982	35	1.0
chr1	615012	615013	35	0.8873
chr1	615062	615063	38	0.8675
chr1	615079	615080	37	0.922
chr1	615179	615180	36	0.8422
chr1	615279	615280	27	0.7247
chr1	615375	615376	34	0.7786
chr1	615475	615476	26	0.8228
chr1	615503	615504	28	0.888
chr1	615510	615511	24	0.1712
chr1	615530	615531	27	0.3085
chr1	615552	615553	24	0.1841
chr1	615574	615575	26	0.0601
chr1	615593	615594	30	0.0705
chr1	615622	615623	30	0.1931
chr1	615660	615661	21	0.132
chr1	615675	615676	34	0.184
chr1	615721	615722	33	0.0519
chr1	615757	615758	32	0.2508
chr1	615801	615802	33	0.0388
chr1	615838	615839	32	0.2012
chr1	615886	615887	17	0.0646
chr1	615928	615929	29	0.0407
chr1	615939	615940	26	0.197
chr1	616039	616040	37	0.0904
chr1	616139	616140	34	0.0103
chr1	616206	616207	22	0.2416
chr1	616264	616265	23	0.1345
chr1	616364	616365	24	0.149
chr1	616428	616429	30	0.0611
chr1	616438	616439	36	0.1662
chr1	616562	616563	29	0.2492
chr1	616572	616573	38	0.1725
chr1	616640	616641	25	0.25
chr1	616692	616693	23	0.2645
chr1	616852	616853	26	0.0633
chr1	616867	616868	26	0.3515
chr1	616885	616886	30	0.1794
chr1	616919	616920	24	0.1383
chr1	616969	616970	30	0.1413
chr1	617005	617006	33	0.2889
chr1	617029	617030	27	0.2421
chr1	617048	617049	26	0.3293
chr1	617098	617099	34	0.3556
chr1	617130	617131	32	0.1443
chr1	617155	617156	25	0.118
chr1	617205	617206	26	0.0
chr1	617241	617242	35	0.2547
chr1	617262	617263	27	0.1938
chr1	617277	617278	32	0.2408
chr1	617278	617279	32	0.2038
chr1	617328	617329	30	0.2182
chr1	617428	617429	25	0.1755
chr1	617528	617529	28	0.0633
chr1	617628	617629	34	0.1816
chr1	617648	617649	32	0.2184
chr1	617726	617727	26	0.253
chr1	617733	617734	25	0.8015
chr1	617753	617754	26	0.7464
chr1	617772	617773	28	0.7406
chr1	617804	617805	20	0.5954
chr1	617823	617824	30	0.8677
chr1	617845	617846	31	0.6204
chr1	617873	617874	34	0.7903
chr1	617904	617905	24	0.6376
chr1	617931	617932	26	0.7371
chr1	617966	617967	20	0.7005
chr1	618011	618012	37	0.8792
chr1	618038	618039	30	0.895
chr1	618076	618077	25	0.838
chr1	618126	618127	28	0.7317
chr1	618141	618142	30	0.6895
chr1	618191	618192	31	0.6714
chr1	618208	618209	26	0.85
chr1	618226	618227	25	0.795
chr1	618326	618327	34	0.6849
chr1	618426	618427	40	0.7858
chr1	618510	618511	30	0.825
chr1	618576	618577	30	0.755
chr1	618676	618677	24	0.8063
chr1	618742	618743	31	0.7536
chr1	618854	618855	38	0.8414
chr1	618888	618889	29	0.8269
chr1	618956	618957	24	0.6974
chr1	619048	619049	22	0.6547
chr1	619074	619075	19	0.7298
chr1	619076	619077	29	0.8153
chr1	619084	619085	27	0.4793
chr1	619099	619100	35	0.4204
chr1	619149	619150	31	0.4872
chr1	619199	619200	25	0.5096
chr1	619240	619241	25	0.5296
chr1	619255	619256	35	0.4638
chr1	619270	619271	32	0.6426
chr1	619320	619321	33	0.4044
chr1	619370	619371	24	0.5356
chr1	619412	619413	21	0.4237
chr1	619433	619434	35	0.4501
chr1	619458	619459	29	0.4403
chr1	619494	619495	17	0.2641
chr1	619525	619526	33	0.5355
chr1	619575	619576	24	0.4971
chr1	619598	619599	33	0.308
chr1	619698	619699	30	0.3263
chr1	619761	619762	40	0.5348
chr1	619861	619862	25	0.5206
chr1	619933	619934	37	0.4627
chr1	620033	620034	26	0.4632
chr1	620096	620097	30	0.3616
chr1	620130	620131	30	0.4731
chr1	620132	620133	25	0.4173
chr1	620200	620201	34	0.482
chr1	620232	620233	32	0.6332
chr1	620246	620247	26	0.3742
chr1	620260	620261	39	0.3497
chr1	620352	620353	39	0.6087
chr1	620404	620405	31	0.3929
chr1	620568	620569	26	0.5146
chr1	620582	620583	32	0.9709
chr1	620611	620612	32	0.9668
chr1	620626	620627	33	0.7369
chr1	620676	620677	18	0.9434
chr1	620716	620717	35	0.9545
chr1	620756	620757	36	0.8336
chr1	620780	620781	30	0.806
chr1	620803	620804	28	0.7941
chr1	620853	620854	36	0.8502
chr1	620891	620892	22	0.9127
chr1	620941	620942	36	0.8945
chr1	620976	620977	23	0.9941
chr1	621012	621013	36	0.784
chr1	621050	621051	26	0.9787
chr1	621091	621092	21	0.9057
chr1	621137	621138	29	0.9916
chr1	621176	621177	28	0.8183
chr1	621194	621195	20	0.8867
chr1	621289	621290	30	0.9114
chr1	621389	621390	24	0.9187
chr1	621473	621474	24	0.9033
chr1	621527	621528	21	0.7603
chr1	621577	621578	28	0.7787
chr1	621677	621678	32	0.9835
chr1	621777	621778	26	0.9702
chr1	621849	621850	26	0.933
chr1	621889	621890	32	0.9371
chr1	621916	621917	25	0.6202
chr1	621943	621944	25	0.7057
chr1	621971	621972	38	0.8281
chr1	622000	622001	24	0.8172
chr1	622024	622025	32	0.7114
chr1	622074	622075	25	0.7759
chr1	622104	622105	29	0.8023
chr1	622151	622152	44	0.6597
chr1	622170	622171	25	0.6577
chr1	622187	622188	27	1.0
chr1	622215	622216	29	0.8023
chr1	622230	622231	30	0.8899
chr1	622262	622263	35	0.8993
chr1	622308	622309	29	0.8704
chr1	622313	622314	41	0.7979
chr1	622401	622402	28	0.8143
chr1	622451	622452	31	0.9663
chr1	622527	622528	29	0.7743
chr1	622597	622598	23	0.7205
chr1	622697	622698	21	0.7172
chr1	622723	622724	18	0.8342
chr1	622795	622796	37	0.7822
chr1	622803	622804	28	0.7407
chr1	622832	622833	20	0.7478
chr1	622862	622863	33	0.784
chr1	622877	622878	27	0.8246
chr1	622898	622899	27	0.7068
chr1	622948	622949	29	0.7967
chr1	622964	622965	37	0.7895
chr1	622991	622992	26	0.902
chr1	623017	623018	30	0.8532
chr1	623067	623068	27	0.9141
chr1	623107	623108	28	0.8428
chr1	623154	623155	38	0.7892
chr1	623204	623205	29	0.8245
chr1	623224	623225	32	0.8605
chr1	623239	623240	33	0.6149
chr1	623255	623256	32	0.8198
chr1	623275	623276	36	0.8373
chr1	623311	623312	29	0.7684
chr1	623361	623362	24	0.7968
chr1	623461	623462	36	0.7993
chr1	623561	623562	26	0.8837
chr1	623611	623612	33	0.8479
chr1	623711	623712	27	0.8167
chr1	623811	623812	36	0.8278
chr1	624013	624014	29	0.8355
chr1	624063	624064	29	0.6155
chr1	624109	624110	27	0.8841
chr1	624129	624130	32	0.9332
chr1	624219	624220	20	0.7144
chr1	624269	624270	32	0.8895
chr1	624308	624309	28	0.9923
chr1	624337	624338	14	0.976
chr1	624359	624360	32	0.8273
chr1	624409	624410	28	0.9452
chr1	624459	624460	26	0.7048
chr1	624487	624488	31	0.8816
chr1	624502	624503	31	0.905
chr1	624552	624553	27	0.9611
chr1	624584	624585	29	0.971
chr1	624625	624626	28	1.0
chr1	624649	624650	28	0.9816
chr1	624664	624665	31	0.8936
chr1	624694	624695	30	1.0
chr1	624717	624718	36	0.8522
chr1	624744	624745	23	0.7217
chr1	624774	624775	23	0.8972
chr1	624793	624794	35	0.952
chr1	624831	624832	27	0.9753
chr1	624879	624880	36	0.9322
chr1	624894	624895	27	0.9503
chr1	624944	624945	24	0.8902
chr1	625039	625040	20	0.8471
chr1	625139	625140	29	0.9724
chr1	625239	625240	35	1.0
chr1	625294	625295	33	0.8684
chr1	625394	625395	33	0.9654
chr1	625400	625401	20	0.7956
chr1	625448	625449	34	0.8274
chr1	625464	625465	33	0.8057
chr1	625482	625483	27	0.7868
chr1	625532	625533	28	0.7992
chr1	625567	625568	36	0.7746
chr1	625602	625603	36	0.6935
chr1	625641	625642	28	0.7389
chr1	625690	625691	35	0.6622
chr1	625719	625720	26	0.6762
chr1	625746	625747	27	0.7689
chr1	625796	625797	29	0.8351
chr1	625813	625814	38	0.7041
chr1	625844	625845	30	0.6857
chr1	625863	625864	24	0.5768
chr1	625886	625887	32	0.5587
chr1	625918	625919	30	0.684
chr1	625933	625934	24	0.6999
chr1	625965	625966	30	0.8235
chr1	625984	625985	29	0.7477
chr1	626034	626035	27	0.8096
chr1	626134	626135	22	0.6421
chr1	626195	626196	34	0.635
chr1	626283	626284	26	0.7807
chr1	626383	626384	23	0.8347
chr1	626433	626434	37	0.7093
chr1	626488	626489	24	0.6569
chr1	626570	626571	37	0.7331
chr1	626592	626593	31	0.6581
chr1	626615	626616	36	0.4967
chr1	626665	626666	24	0.6327
chr1	626680	626681	31	0.5095
chr1	626723	626724	26	0.4571
chr1	626738	626739	31	0.68
chr1	626768	626769	24	0.6711
chr1	626800	626801	31	0.5466
chr1	626850	626851	28	0.4022
chr1	626874	626875	26	0.4672
chr1	626890	626891	32	0.5169
chr1	626916	626917	27	0.6303
chr1	626933	626934	34	0.5021
chr1	626949	626950	24	0.6273
chr1	626977	626978	36	0.6238
chr1	627027	627028	39	0.5352
chr1	627127	627128	24	0.7542
chr1	627198	627199	26	0.571
chr1	627298	627299	31	0.5743
chr1	627380	627381	21	0.832
chr1	627410	627411	23	0.7764
chr1	627426	627427	34	0.734
chr1	627464	627465	32	0.6021
chr1	627502	627503	31	0.9469
chr1	627542	627543	33	0.8463
chr1	627560	627561	32	0.7289
chr1	627610	627611	26	0.663
chr1	627637	627638	36	0.7368
chr1	627667	627668	26	0.7997
chr1	627703	627704	40	0.8087
chr1	627748	627749	30	0.7919
chr1	627787	627788	25	0.8264
chr1	627827	627828	32	0.7622
chr1	627848	627849	30	0.6878
chr1	627891	627892	37	0.8686
chr1	627917	627918	29	0.741
chr1	627934	627935	30	0.7586
chr1	628032	628033	39	0.8134
chr1	628109	628110	19	0.7273
chr1	628209	628210	29	0.7099
chr1	628309	628310	31	0.8118
chr1	628388	628389	21	0.8144
chr1	628438	628439	23	0.8025
chr1	628534	628535	24	0.8689
chr1	628571	628572	39	0.6277
chr1	628594	628595	31	0.8668
chr1	628644	628645	31	0.8639
chr1	628692	628693	27	0.7092
chr1	628724	628725	20	0.7128
chr1	628740	628741	32	0.6466
chr1	628781	628782	24	0.7332
chr1	628802	628803	32	0.8167
chr1	628825	628826	30	0.841
chr1	628860	628861	26	0.8588
chr1	628875	628876	37	0.8238
chr1	628925	628926	30	0.7455
chr1	628963	628964	33	0.8934
chr1	629008	629009	39	0.7803
chr1	629035	629036	25	0.8419
chr1	629063	629064	32	0.8279
chr1	629130	629131	32	0.7455
chr1	629230	629231	26	0.8474
chr1	629294	629295	32	0.8305
chr1	629394	629395	35	0.6838
chr1	629444	629445	40	0.9067
chr1	629544	629545	28	0.7259
chr1	629632	629633	35	0.6771
chr1	629658	629659	28	0.8394
chr1	629680	629681	27	0.855
chr1	629730	629731	32	0.6983
chr1	629762	629763	32	0.8623
chr1	629812	629813	41	0.8769
chr1	629842	629843	35	0.8623
chr1	629892	629893	28	0.807
chr1	629942	629943	28	0.9257
chr1	629957	629958	32	0.8863
chr1	629978	629979	35	0.7366
chr1	630005	630006	24	0.8261
chr1	630020	630021	35	0.9366
chr1	630048	630049	33	0.8825
chr1	630087	630088	33	0.7959
chr1	630137	630138	32	0.7686
chr1	630144	630145	27	0.8541
chr1	630207	630208	28	0.8811
chr1	630285	630286	30	0.8545
chr1	630335	630336	24	0.9017
chr1	630435	630436	29	0.6259
chr1	630493	630494	27	0.815
chr1	630593	630594	38	0.998
chr1	630613	630614	33	0.7217
chr1	630659	630660	30	0.7832
chr1	630667	630668	26	0.1454
chr1	630683	630684	29	0.0532
chr1	630715	630716	28	0.0082
chr1	630744	630745	30	0.0624
chr1	630768	630769	28	0.0293
chr1	630792	630793	23	0.1644
chr1	630817	630818	32	0.1174
chr1	630867	630868	37	0.0
chr1	630906	630907	31	0.0314
chr1	630928	630929	27	0.0229
chr1	630969	630970	30	0.0604
chr1	631004	631005	25	0.0717
chr1	631019	631020	31	0.1754
chr1	631048	631049	37	0.0817
chr1	631063	631064	30	0.1453
chr1	631078	631079	33	0.1209
chr1	631109	631110	23	0.0181
chr1	631125	631126	34	0.0246
chr1	631175	631176	29	0.0445
chr1	631191	631192	23	0.2263
chr1	631207	631208	24	0.0
chr1	631212	631213	33	0.1043
chr1	631312	631313	31	0.0
chr1	631399	631400	25	0.04
chr1	631468	631469	38	0.0071
chr1	631568	631569	19	0.1158
chr1	631639	631640	25	0.0979
chr1	631739	631740	24	0.0225
chr1	631841	631842	27	0.0695
chr1	631963	631964	36	0.0358
chr1	632001	632002	28	0.2425
chr1	632051	632052	25	0.1211
chr1	632139	632140	32	0.1101
chr1	632239	632240	25	0.0439
chr1	632278	632279	26	0.6064
chr1	632310	632311	30	0.7686
chr1	632334	632335	30	0.6609
chr1	632349	632350	23	0.7886
chr1	632371	632372	33	0.7048
chr1	632399	632400	35	0.9316
chr1	632418	632419	27	0.6724
chr1	632445	632446	34	0.8716
chr1	632494	632495	32	0.7251
chr1	632531	632532	29	0.7613
chr1	632549	632550	35	0.7317
chr1	632589	632590	32	0.7271
chr1	632633	632634	35	0.6193
chr1	632683	632684	21	0.6022
chr1	632700	632701	27	0.7003
chr1	632717	632718	30	0.6694
chr1	632734	632735	26	0.723
chr1	632834	632835	28	0.7194
chr1	632934	632935	32	0.7657
chr1	633000	633001	36	0.6145
chr1	633100	633101	25	0.725
chr1	633172	633173	35	0.6447
chr1	633214	633215	21	0.7978
chr1	633247	633248	35	0.3808
chr1	633283	633284	33	1.0
chr1	633310	633311	39	1.0
chr1	633341	633342	35	1.0
chr1	633369	633370	23	0.46
chr1	633419	633420	30	1.0
chr1	633453	633454	35	1.0
chr1	633468	633469	26	0.9589
chr1	633490	633491	26	0.8494
chr1	633524	633525	19	1.0
chr1	633547	633548	36	0.268
chr1	633575	633576	25	0.8241
chr1	633603	633604	33	1.0
chr1	633620	633621	40	1.0
chr1	633649	633650	32	0.7691
chr1	633675	633676	31	0.5386
chr1	633696	633697	23	1.0
chr1	633776	633777	25	0.454
chr1	633876	633877	26	0.442
chr1	633935	633936	31	0.471
chr1	634035	634036	28	0.8598
chr1	634085	634086	28	1.0
chr1	634151	634152	16	0.5278
chr1	634200	634201	34	0.7855
chr1	634235	634236	26	0.7951
chr1	634261	634262	28	0.8029
chr1	634290	634291	22	0.7136
chr1	634305	634306	37	0.5925
chr1	634355	634356	25	0.7907
chr1	634378	634379	32	0.6884
chr1	634413	634414	27	0.6884
chr1	634439	634440	30	0.7199
chr1	634489	634490	32	0.6304
chr1	634510	634511	36	0.7704
chr1	634548	634549	27	0.7057
chr1	634577	634578	27	0.5319
chr1	634608	634609	26	0.8663
chr1	634649	634650	29	0.6256
chr1	634700	634701	25	0.704
chr1	634797	634798	29	0.6501
chr1	634862	634863	27	0.6561
chr1	634912	634913	22	0.7892
chr1	635012	635013	33	0.6818
chr1	635096	635097	29	0.6926
chr1	635132	635133	38	0.706
chr1	635138	635139	34	0.8181
chr1	636123	636124	19	0.74
chr1	636173	636174	30	0.7852
chr1	636188	636189	23	0.7102
chr1	636203	636204	25	0.6742
chr1	636224	636225	26	0.6315
chr1	636274	636275	29	0.7329
chr1	636308	636309	32	0.7472
chr1	636343	636344	33	0.8631
chr1	636358	636359	24	0.8231
chr1	636385	636386	25	0.7325
chr1	636415	636416	32	0.8309
chr1	636437	636438	34	0.5539
chr1	636461	636462	30	0.7454
chr1	636482	636483	24	0.8411
chr1	636532	636533	23	0.8032
chr1	636582	636583	33	0.8446
chr1	636601	636602	25	0.5716
chr1	636616	636617	27	0.6986
chr1	636641	636642	33	0.8013
chr1	636674	636675	24	0.8812
chr1	636678	636679	29	0.9491
chr1	636766	636767	33	0.7855
chr1	636831	636832	26	0.6675
chr1	636929	636930	32	0.8924
chr1	636987	636988	34	0.8291
chr1	637037	637038	33	0.8473
chr1	637137	637138	22	0.8219
chr1	637211	637212	30	0.8853
chr1	637309	637310	23	0.7498
chr1	638298	638299	28	0.8022
chr1	638325	638326	27	0.9028
chr1	638358	638359	24	1.0
chr1	638406	638407	28	0.8619
chr1	638456	638457	44	0.8036
chr1	638489	638490	36	0.7947
chr1	638539	638540	37	0.9026
chr1	638560	638561	32	0.8701
chr1	638601	638602	27	0.7181
chr1	638651	638652	28	0.9118
chr1	638674	638675	30	0.8729
chr1	638715	638716	30	0.9321
chr1	638752	638753	34	0.7745
chr1	638767	638768	33	0.8157
chr1	638782	638783	20	0.7815
chr1	638808	638809	26	0.9664
chr1	638822	638823	38	0.8787
chr1	638922	638923	23	0.7444
chr1	639016	639017	30	0.8333
chr1	639116	639117	23	0.8999
chr1	639189	639190	38	0.9764
chr1	639289	639290	38	0.7037
chr1	639355	639356	30	0.6581
chr1	639382	639383	29	0.784
chr1	639405	639406	31	0.7885
chr1	639427	639428	27	0.7206
chr1	639466	639467	25	0.7766
chr1	639516	639517	24	0.7998
chr1	639543	639544	31	0.8936
chr1	639576	639577	27	0.7036
chr1	639600	639601	26	0.8571
chr1	639650	639651	29	0.6878
chr1	639676	639677	28	0.5963
chr1	639726	639727	32	0.8989
chr1	639743	639744	36	0.7413
chr1	639763	639764	32	0.8603
chr1	639813	639814	27	0.9045
chr1	639838	639839	25	0.7056
chr1	639880	639881	26	0.7683
chr1	639899	639900	29	0.7026
chr1	639999	640000	33	0.7126
chr1	640099	640100	24	0.8141
chr1	640161	640162	25	0.9179
chr1	640261	640262	33	0.8064
chr1	640361	640362	27	0.5995
chr1	640421	640422	20	0.6373
chr1	640455	640456	32	0.6835
chr1	640493	640494	31	0.6934
chr1	640523	640524	36	0.5953
chr1	640538	640539	46	0.6034
chr1	640562	640563	31	0.6112
chr1	640605	640606	26	0.756
chr1	640650	640651	19	0.5802
chr1	640700	640701	19	0.6222
chr1	640718	640719	25	0.5161
chr1	640740	640741	27	0.5509
chr1	640771	640772	43	0.4993
chr1	640789	640790	23	0.7522
chr1	640810	640811	31	0.6766
chr1	640855	640856	27	0.5731
chr1	640884	640885	26	0.7325
chr1	640906	640907	22	0.6221
chr1	640956	640957	33	0.6538
chr1	640987	640988	25	0.7718
chr1	641087	641088	41	0.5991
chr1	641166	641167	33	0.5123
chr1	641216	641217	35	0.5031
chr1	641266	641267	22	0.6784
chr1	641366	641367	32	0.5396
chr1	641424	641425	31	0.5324
chr1	641476	641477	32	0.7194
chr1	641520	641521	32	0.6975
chr1	641530	641531	27	0.866
chr1	641575	641576	38	0.9656
chr1	641600	641601	26	1.0
chr1	641650	641651	34	0.8246
chr1	641668	641669	28	0.8609
chr1	641718	641719	34	0.698
chr1	641751	641752	27	0.9373
chr1	641775	641776	28	0.7293
chr1	641804	641805	20	0.8526
chr1	641851	641852	33	0.8445
chr1	641866	641867	24	0.9397
chr1	641916	641917	37	0.7482
chr1	641966	641967	28	0.8126
chr1	642014	642015	29	0.7174
chr1	642016	642017	34	0.8024
chr1	642116	642117	32	0.6964
chr1	642205	642206	38	0.9576
chr1	642265	642266	28	0.8015
chr1	642365	642366	32	0.8867
chr1	642435	642436	30	0.7629
chr1	642486	642487	31	0.8755
chr1	642580	642581	29	0.8086
chr1	642582	642583	32	0.8373
chr1	642624	642625	29	0.7471
chr1	642660	642661	30	0.9138
chr1	642676	642677	21	0.8795
chr1	642786	642787	30	0.9147
chr1	642836	642837	31	0.8969
chr1	642876	642877	31	0.8299
chr1	642924	642925	33	0.8123
chr1	642934	642935	26	0.6946
chr1	642963	642964	24	0.6544
chr1	643013	643014	38	0.7836
chr1	643061	643062	28	0.6768
chr1	643085	643086	20	0.7387
chr1	643113	643114	27	0.5556
chr1	643148	643149	21	0.6654
chr1	643166	643167	30	0.8002
chr1	643215	643216	34	0.8514
chr1	643257	643258	33	0.7147
chr1	643276	643277	34	0.628
chr1	643310	643311	28	0.8672
chr1	643342	643343	24	0.6953
chr1	643392	643393	27	0.7528
chr1	643407	643408	31	0.7998
chr1	643436	643437	27	0.6839
chr1	643449	643450	29	0.7499
chr1	643528	643529	24	0.6332
chr1	643628	643629	30	0.776
chr1	643728	643729	28	0.8423
chr1	643791	643792	35	0.9218
chr1	643841	643842	31	0.6211
chr1	643941	643942	30	0.8143
chr1	643979	643980	27	0.8257
chr1	643987	643988	35	0.8571
chr1	644023	644024	27	0.5036
chr1	644069	644070	27	0.6076
chr1	644095	644096	42	0.565
chr1	644120	644121	30	0.6688
chr1	644152	644153	30	0.746
chr1	644195	644196	27	0.5814
chr1	644229	644230	33	0.7341
chr1	644244	644245	23	0.8497
chr1	644259	644260	34	0.798
chr1	644309	644310	26	0.7792
chr1	644336	644337	34	0.5608
chr1	644366	644367	24	0.6251
chr1	644466	644467	24	0.8621
chr1	644534	644535	25	0.6572
chr1	644603	644604	30	0.6527
chr1	644703	644704	38	0.7452
chr1	644725	644726	32	0.7498
chr1	644795	644796	29	0.6797
chr1	644811	644812	34	0.6372
chr1	644893	644894	33	0.8142
chr1	644905	644906	33	0.7377
chr1	644943	644944	31	0.6548
chr1	644973	644974	23	0.7043
chr1	645003	645004	34	0.6708
chr1	645029	645030	34	0.8249
chr1	645060	645061	37	0.7282
chr1	645075	645076	31	0.5208
chr1	645102	645103	21	0.5564
chr1	645128	645129	28	0.6697
chr1	645148	645149	33	0.7236
chr1	645182	645183	33	0.6891
chr1	645232	645233	34	0.5969
chr1	645247	645248	29	0.6927
chr1	645297	645298	19	0.5582
chr1	645314	645315	17	0.6433
chr1	645358	645359	26	0.5012
chr1	645378	645379	29	0.5087
chr1	645408	645409	24	0.6705
chr1	645426	645427	29	0.7362
chr1	645455	645456	21	0.7433
chr1	645478	645479	35	0.5374
chr1	645505	645506	28	0.6392
chr1	645520	645521	39	0.7217
chr1	645549	645550	28	0.4254
chr1	645588	645589	32	0.554
chr1	645633	645634	25	0.5431
chr1	645733	645734	22	0.5264
chr1	645833	645834	21	0.5135
chr1	645933	645934	27	0.7715
chr1	646033	646034	24	0.487
chr1	646083	646084	33	0.6063
chr1	646133	646134	29	0.6098
chr1	646188	646189	38	0.5996
chr1	646240	646241	31	0.7372
chr1	646264	646265	34	0.8649
chr1	646283	646284	30	0.8254
chr1	646333	646334	37	0.5847
chr1	646348	646349	33	0.401
chr1	646378	646379	34	0.9473
chr1	646405	646406	27	0.6952
chr1	646434	646435	32	0.8421
chr1	646452	646453	34	0.4909
chr1	646486	646487	25	0.6895
chr1	646515	646516	27	0.591
chr1	646535	646536	24	0.8739
chr1	646576	646577	32	0.6958
chr1	646614	646615	31	0.6302
chr1	646629	646630	35	0.9336
chr1	646653	646654	36	0.5026
chr1	646669	646670	35	0.5785
chr1	646704	646705	30	0.9117
chr1	646727	646728	25	0.878
chr1	646777	646778	40	0.7232
chr1	646788	646789	26	0.533
chr1	646888	646889	34	0.5676
chr1	646960	646961	26	0.6234
chr1	647060	647061	23	0.6566
chr1	647160	647161	30	0.8192
chr1	647260	647261	29	0.4562
chr1	647321	647322	31	0.85
chr1	647328	647329	33	0.0802
chr1	647348	647349	25	0.2109
chr1	647398	647399	26	0.1971
chr1	647417	647418	36	0.0963
chr1	647443	647444	27	0.3342
chr1	647481	647482	33	0.1583
chr1	647531	647532	32	0.1127
chr1	647552	647553	39	0.2598
chr1	647594	647595	28	0.1633
chr1	647634	647635	30	0.0599
chr1	647670	647671	39	0.3144
chr1	647706	647707	35	0.2455
chr1	647746	647747	26	0.1258
chr1	647771	647772	24	0.139
chr1	647789	647790	32	0.3162
chr1	647807	647808	34	0.2517
chr1	647840	647841	31	0.3293
chr1	647890	647891	25	0.3276
chr1	647901	647902	30	0.3993
chr1	647954	647955	41	0.3301
chr1	648011	648012	31	0.2095
chr1	648111	648112	30	0.2215
chr1	648161	648162	25	0.3256
chr1	648223	648224	35	0.1836
chr1	648323	648324	34	0.2147
chr1	648390	648391	27	0.4109
chr1	648454	648455	36	0.144
chr1	648494	648495	29	0.2702
chr1	648532	648533	30	0.1825
chr1	648630	648631	30	0.2866
chr1	648640	648641	24	0.2602
chr1	648648	648649	29	0.2371
chr1	648728	648729	28	0.2482
chr1	648748	648749	31	0.1527
chr1	648804	648805	30	0.3139
chr1	648938	648939	30	0.2717
chr1	648946	648947	31	0.7997
chr1	648996	648997	40	0.799
chr1	649046	649047	34	0.7985
chr1	649096	649097	31	0.8373
chr1	649155	649156	29	0.8704
chr1	649177	649178	36	0.8382
chr1	649213	649214	24	0.7257
chr1	649247	649248	35	0.6798
chr1	649271	649272	29	0.7279
chr1	649286	649287	30	0.8739
chr1	649310	649311	30	0.7394
chr1	649331	649332	37	0.7898
chr1	649352	649353	23	0.8955
chr1	649385	649386	18	0.8162
chr1	649421	649422	22	0.7472
chr1	649452	649453	31	0.7407
chr1	649458	649459	19	0.8529
chr1	649558	649559	38	0.8591
chr1	649658	649659	25	0.8757
chr1	649758	649759	28	0.5934
chr1	649817	649818	37	0.677
chr1	649867	649868	33	0.6502
chr1	649967	649968	27	0.7354
chr1	650111	650112	32	0.9793
chr1	650169	650170	34	0.7925
chr1	650195	650196	35	0.8111
chr1	650277	650278	39	0.7738
chr1	650421	650422	39	0.801
chr1	650431	650432	21	0.3713
chr1	650455	650456	34	0.4389
chr1	650484	650485	36	0.5213
chr1	650511	650512	22	0.4794
chr1	650555	650556	26	0.4854
chr1	650605	650606	20	0.3648
chr1	650644	650645	32	0.625
chr1	650682	650683	30	0.5398
chr1	650727	650728	31	0.4317
chr1	650774	650775	32	0.4605
chr1	650796	650797	22	0.4534
chr1	650828	650829	31	0.5276
chr1	650878	650879	29	0.478
chr1	650910	650911	32	0.5654
chr1	651010	651011	25	0.5415
chr1	651060	651061	30	0.4491
chr1	651144	651145	29	0.5514
chr1	651212	651213	26	0.4689
chr1	651269	651270	27	0.4807
chr1	651369	651370	28	0.4336
chr1	651407	651408	34	0.5259
chr1	651469	651470	43	0.2737
chr1	651477	651478	32	0.3091
chr1	651496	651497	36	0.1186
chr1	651525	651526	29	0.0243
chr1	651575	651576	27	0.1719
chr1	651610	651611	28	0.181
chr1	651643	651644	24	0.101
chr1	651686	651687	29	0.0202
chr1	651704	651705	21	0.0398
chr1	651738	651739	34	0.0584
chr1	651754	651755	24	0.0168
chr1	651777	651778	34	0.1786
chr1	651792	651793	35	0.0777
chr1	651810	651811	27	0.0
chr1	651860	651861	32	0.0587
chr1	651910	651911	29	0.1928
chr1	651926	651927	34	0.0
chr1	652021	652022	41	0.0916
chr1	652121	652122	30	0.07
chr1	652171	652172	31	0.1535
chr1	652271	652272	33	0.0699
chr1	652341	652342	37	0.0902
chr1	652433	652434	32	0.2515
chr1	652453	652454	33	0.1738
chr1	652683	652684	20	0.2956
chr1	652701	652702	26	0.0695
chr1	652837	652838	34	0.1164
chr1	652855	652856	27	0.9636
chr1	652874	652875	32	0.7822
chr1	652924	652925	36	1.0
chr1	652946	652947	29	0.9046
chr1	652968	652969	29	0.7941
chr1	653008	653009	26	0.8746
chr1	653046	653047	30	0.9284
chr1	653076	653077	29	0.8077
chr1	653120	653121	23	0.7988
chr1	653140	653141	32	0.8907
chr1	653156	653157	35	0.9399
chr1	653191	653192	34	0.8864
chr1	653206	653207	36	0.8504
chr1	653228	653229	32	0.9074
chr1	653255	653256	33	0.9164
chr1	653281	653282	34	0.8424
chr1	653283	653284	24	0.8331
chr1	653383	653384	29	0.9009
chr1	653471	653472	27	0.9504
chr1	653531	653532	15	0.9565
chr1	653631	653632	25	0.9738
chr1	653693	653694	35	0.9254
chr1	653707	653708	32	0.7867
chr1	653722	653723	31	0.8841
chr1	653739	653740	31	0.9255
chr1	653774	653775	29	1.0
chr1	653797	653798	32	0.9187
chr1	653827	653828	29	0.9023
chr1	653864	653865	30	0.9268
chr1	653905	653906	22	0.9299
chr1	653925	653926	37	0.8833
chr1	653943	653944	13	0.8348
chr1	653993	653994	28	0.7686
chr1	654022	654023	28	0.926
chr1	654037	654038	33	0.8396
chr1	654087	654088	29	0.7582
chr1	654137	654138	33	0.8557
chr1	654184	654185	32	0.783
chr1	654200	654201	29	0.8647
chr1	654259	654260	32	0.8176
chr1	654359	654360	31	0.8139
chr1	654433	654434	33	0.8312
chr1	654533	654534	30	0.8312
chr1	654633	654634	30	0.9978
chr1	654649	654650	38	0.6803
chr1	654657	654658	27	0.7311
chr1	655668	655669	30	0.614
chr1	655693	655694	31	0.7716
chr1	655743	655744	32	0.7636
chr1	655785	655786	34	0.6539
chr1	655810	655811	38	0.508
chr1	655860	655861	28	0.564
chr1	655884	655885	29	0.7147
chr1	655917	655918	27	0.8249
chr1	655954	655955	29	0.6009
chr1	655982	655983	26	0.7986
chr1	655997	655998	28	0.7373
chr1	656046	656047	21	0.756
chr1	656062	656063	32	0.6786
chr1	656112	656113	30	0.7493
chr1	656139	656140	26	0.5569
chr1	656154	656155	21	0.7132
chr1	656160	656161	34	0.7581
chr1	656260	656261	32	0.6347
chr1	656360	656361	38	0.846
chr1	656410	656411	29	0.652
chr1	656464	656465	39	0.765
chr1	656523	656524	35	0.8221
chr1	656623	656624	43	0.8257
chr1	656649	656650	22	0.6763
chr1	656699	656700	36	0.6669
chr1	656732	656733	20	0.5307
chr1	656761	656762	45	0.455
chr1	656811	656812	29	0.5749
chr1	656835	656836	28	0.6005
chr1	656868	656869	32	0.5855
chr1	656883	656884	31	0.5788
chr1	656908	656909	24	0.4473
chr1	656941	656942	33	0.7791
chr1	656984	656985	36	0.5894
chr1	657007	657008	29	0.382
chr1	657027	657028	25	0.7194
chr1	657076	657077	36	0.7196
chr1	657119	657120	41	0.5584
chr1	657137	657138	35	0.7215
chr1	657187	657188	35	0.6336
chr1	657211	657212	22	0.5186
chr1	657311	657312	33	0.4641
chr1	657366	657367	27	0.6096
chr1	657458	657459	35	0.7106
chr1	657532	657533	34	0.5983
chr1	657632	657633	22	0.5646
chr1	657662	657663	18	0.7064
chr1	657699	657700	34	0.6521
chr1	657749	657750	35	0.6656
chr1	657785	657786	32	0.4934
chr1	657804	657805	25	0.7188
chr1	657819	657820	23	0.7635
chr1	657869	657870	30	0.6801
chr1	657915	657916	16	0.6255
chr1	657930	657931	25	0.7405
chr1	657980	657981	30	0.7348
chr1	658005	658006	34	0.8105
chr1	658031	658032	23	0.6395
chr1	658054	658055	25	0.521
chr1	658083	658084	26	0.6134
chr1	658116	658117	33	0.6854
chr1	658146	658147	20	0.7759
chr1	658172	658173	34	0.8119
chr1	658214	658215	29	0.7105
chr1	658244	658245	28	0.6421
chr1	658277	658278	26	0.6168
chr1	658377	658378	28	0.6582
chr1	658457	658458	37	0.6744
chr1	658557	658558	33	0.8252
chr1	658657	658658	33	0.6347
chr1	658754	658755	37	0.6574
chr1	658852	658853	37	0.6555
chr1	658886	658887	28	0.7623
chr1	658899	658900	30	0.7285
chr1	658919	658920	37	0.6473
chr1	658969	658970	28	0.8345
chr1	658984	658985	24	0.71
chr1	659010	659011	30	0.7549
chr1	659038	659039	32	0.8498
chr1	659086	659087	35	0.8331
chr1	659102	659103	24	0.6636
chr1	659138	659139	30	0.7725
chr1	659165	659166	37	0.6792
chr1	659195	659196	30	0.8539
chr1	659244	659245	30	0.7325
chr1	659259	659260	24	0.7819
chr1	659296	659297	22	0.8716
chr1	659319	659320	29	0.7856
chr1	659345	659346	33	0.9132
chr1	659386	659387	19	0.6853
chr1	659402	659403	41	0.8164
chr1	659440	659441	27	0.6159
chr1	659457	659458	33	0.7031
chr1	659461	659462	38	0.8044
chr1	659561	659562	22	0.6367
chr1	659620	659621	31	0.8645
chr1	659677	659678	32	0.6638
chr1	659777	659778	36	0.9498
chr1	659877	659878	35	0.9185
chr1	659927	659928	25	0.6031
chr1	660014	660015	31	0.8892
chr1	660054	660055	33	0.6621
chr1	660110	660111	23	0.7256
chr1	661262	661263	29	0.9617
chr1	661287	661288	21	0.9597
chr1	661312	661313	27	0.8372
chr1	661333	661334	26	0.9215
chr1	661354	661355	31	1.0
chr1	661384	661385	31	0.8359
chr1	661417	661418	35	0.6042
chr1	661466	661467	24	0.8141
chr1	661516	661517	30	0.9251
chr1	661546	661547	34	0.8551
chr1	661579	661580	34	0.9
chr1	661599	661600	22	0.9078
chr1	661641	661642	33	0.8662
chr1	661673	661674	33	0.7134
chr1	661714	661715	33	0.6984
chr1	661730	661731	34	0.8835
chr1	661752	661753	30	0.9166
chr1	661820	661821	31	0.9016
chr1	661903	661904	23	0.7852
chr1	661981	661982	30	0.8156
chr1	662071	662072	24	0.7539
chr1	662128	662129	32	0.8825
chr1	662228	662229	34	0.7835
chr1	662370	662371	32	0.7551
chr1	662410	662411	42	0.8062
chr1	662478	662479	30	0.8775
chr1	662562	662563	33	0.7539
chr1	662598	662599	28	0.9397
chr1	662618	662619	33	0.8309
chr1	662646	662647	21	0.9606
chr1	662718	662719	19	0.7904
chr1	662765	662766	28	0.5538
chr1	662782	662783	37	0.5037
chr1	662803	662804	27	0.7551
chr1	662831	662832	36	0.6124
chr1	662853	662854	34	0.5733
chr1	662903	662904	29	0.4366
chr1	662950	662951	29	0.4324
chr1	663000	663001	29	0.5649
chr1	663050	663051	25	0.5388
chr1	663074	663075	31	0.6614
chr1	663093	663094	31	0.6466
chr1	663143	663144	38	0.5503
chr1	663166	663167	23	0.4248
chr1	663195	663196	27	0.4644
chr1	663240	663241	29	0.5123
chr1	663340	663341	41	0.5897
chr1	663390	663391	37	0.5909
chr1	663490	663491	25	0.5984
chr1	663548	663549	37	0.6362
chr1	663648	663649	30	0.5513
chr1	663680	663681	35	0.6709
chr1	663711	663712	36	0.589
chr1	663734	663735	26	0.7098
chr1	663762	663763	29	0.7486
chr1	663780	663781	33	0.633
chr1	663799	663800	27	0.647
chr1	663832	663833	30	0.7038
chr1	663861	663862	38	0.6608
chr1	663892	663893	29	0.5497
chr1	663907	663908	40	0.7926
chr1	663935	663936	25	0.7012
chr1	663955	663956	34	0.7379
chr1	663984	663985	33	0.7692
chr1	664006	664007	33	0.7006
chr1	664028	664029	37	0.6824
chr1	664066	664067	18	0.7714
chr1	664092	664093	36	0.5789
chr1	664108	664109	27	0.7638
chr1	664146	664147	30	0.7289
chr1	664188	664189	28	0.7297
chr1	664288	664289	19	0.7083
chr1	664373	664374	29	0.7003
chr1	664473	664474	31	0.7459
chr1	664543	664544	30	0.8182
chr1	664593	664594	23	0.689
chr1	664659	664660	32	0.6317
chr1	664665	664666	37	0.1129
chr1	664705	664706	35	0.0524
chr1	664739	664740	39	0.2196
chr1	664783	664784	33	0.127
chr1	664811	664812	33	0.0517
chr1	664861	664862	33	0.1563
chr1	664911	664912	28	0.0317
chr1	664935	664936	26	0.0211
chr1	664950	664951	28	0.1856
chr1	664978	664979	27	0.2962
chr1	665023	665024	26	0.1002
chr1	665073	665074	29	0.1968
chr1	665093	665094	32	0.1021
chr1	665117	665118	30	0.1804
chr1	665217	665218	23	0.0
chr1	665294	665295	26	0.0343
chr1	665390	665391	27	0.065
chr1	665461	665462	33	0.3224
chr1	665511	665512	31	0.183
chr1	665562	665563	24	0.0977
chr1	665632	665633	27	0.1683
chr1	665646	665647	27	0.1599
chr1	665650	665651	31	0.2387
chr1	665804	665805	30	0.1883
chr1	665886	665887	30	0.0795
chr1	665888	665889	23	0.0732
chr1	665898	665899	27	0.0976
chr1	665912	665913	29	0.2229
chr1	665996	665997	27	0.1753
chr1	667140	667141	38	0.8515
chr1	667178	667179	30	0.7455
chr1	667228	667229	27	0.6896
chr1	667278	667279	27	0.6597
chr1	667328	667329	31	0.6036
chr1	667378	667379	30	0.5075
chr1	667413	667414	21	0.7472
chr1	667439	667440	36	0.7622
chr1	667489	667490	25	0.7029
chr1	667539	667540	33	0.8123
chr1	667577	667578	28	0.8622
chr1	667611	667612	21	0.7841
chr1	667637	667638	34	0.6494
chr1	667648	667649	28	0.8257
chr1	667729	667730	35	0.6794
chr1	667790	667791	32	0.4578
chr1	667890	667891	23	0.7093
chr1	667978	667979	24	0.6872
chr1	668078	668079	24	0.8496
chr1	668126	668127	29	0.7663
chr1	668166	668167	26	0.8826
chr1	668187	668188	22	0.9001
chr1	668219	668220	23	0.8906
chr1	668260	668261	31	0.6882
chr1	668287	668288	21	0.7494
chr1	668305	668306	38	0.9107
chr1	668323	668324	30	0.8854
chr1	668348	668349	33	0.796
chr1	668377	668378	27	0.8677
chr1	668411	668412	25	0.65
chr1	668442	668443	27	0.8749
chr1	668480	668481	32	0.8155
chr1	668516	668517	25	0.9608
chr1	668544	668545	27	0.9089
chr1	668572	668573	38	0.8852
chr1	668595	668596	30	0.9262
chr1	668645	668646	30	0.7362
chr1	668691	668692	32	0.8786
chr1	668702	668703	30	0.7343
chr1	668802	668803	33	0.8903
chr1	668886	668887	30	1.0
chr1	668986	668987	25	0.717
chr1	669055	669056	31	0.8497
chr1	669155	669156	20	0.7746
chr1	669161	669162	24	0.8505
chr1	669208	669209	28	0.0206
chr1	669251	669252	31	0.0893
chr1	669301	669302	33	0.0778
chr1	669351	669352	25	0.0186
chr1	669401	669402	21	0.0177
chr1	669430	669431	38	0.0606
chr1	669480	669481	35	0.1168
chr1	669517	669518	36	0.0533
chr1	669550	669551	25	0.1306
chr1	669600	669601	36	0.0262
chr1	669647	669648	25	0.0
chr1	669671	669672	25	0.1969
chr1	669696	669697	27	0.0
chr1	669714	669715	41	0.0229
chr1	669716	669717	26	0.1596
chr1	669816	669817	36	0.0322
chr1	669892	669893	34	0.0588
chr1	669992	669993	29	0.0563
chr1	670060	670061	37	0.0424
chr1	670160	670161	31	0.0201
chr1	670210	670211	29	0.1296
chr1	670260	670261	28	0.2033
chr1	670291	670292	27	0.0914
chr1	670321	670322	28	0.0214
chr1	670371	670372	28	0.149
chr1	670421	670422	30	0.0459
chr1	670464	670465	32	0.0343
chr1	670514	670515	30	0.0643
chr1	670537	670538	29	0.0932
chr1	670565	670566	38	0.1487
chr1	670605	670606	18	0.137
chr1	670645	670646	31	0.1044
chr1	670676	670677	31	0.0593
chr1	670714	670715	29	0.021
chr1	670736	670737	25	0.0332
chr1	670758	670759	32	0.0856
chr1	670858	670859	38	0.0146
chr1	670908	670909	37	0.0896
chr1	671008	671009	22	0.0
chr1	671058	671059	37	0.1505
chr1	671115	671116	26	0.0167
chr1	671211	671212	40	0.1074
chr1	671307	671308	24	0.0627
chr1	671330	671331	31	0.7084
chr1	671351	671352	32	0.7688
chr1	671368	671369	33	0.7122
chr1	671390	671391	25	0.6018
chr1	671440	671441	28	0.7446
chr1	671490	671491	31	0.5702
chr1	671520	671521	30	0.6422
chr1	671540	671541	28	0.7861
chr1	671590	671591	26	0.7617
chr1	671605	671606	35	0.564
chr1	671655	671656	30	0.6902
chr1	671670	671671	18	0.7402
chr1	671704	671705	34	0.6621
chr1	671754	671755	26	0.7882
chr1	671804	671805	37	0.5839
chr1	671828	671829	23	0.7081
chr1	671878	671879	30	0.7864
chr1	671886	671887	33	0.7175
chr1	671986	671987	37	0.6166
chr1	672086	672087	36	0.767
chr1	672186	672187	31	0.5538
chr1	672286	672287	36	0.704
chr1	672386	672387	26	0.5981
chr1	672436	672437	26	0.6309
chr1	672448	672449	23	0.6297
chr1	672522	672523	34	0.6674
chr1	672551	672552	30	0.0568
chr1	672585	672586	28	0.1311
chr1	672620	672621	34	0.0428
chr1	672662	672663	35	0.082
chr1	672689	672690	30	0.1898
chr1	672739	672740	30	0.2096
chr1	672765	672766	24	0.1535
chr1	672800	672801	32	0.2314
chr1	672844	672845	39	0.2814
chr1	672873	672874	33	0.1391
chr1	672893	672894	36	0.2002
chr1	672943	672944	23	0.1343
chr1	672958	672959	33	0.1681
chr1	672989	672990	36	0.2146
chr1	673023	673024	36	0.0
chr1	673073	673074	30	0.1507
chr1	673105	673106	39	0.096
chr1	673137	673138	23	0.1174
chr1	673174	673175	36	0.1089
chr1	673176	673177	28	0.222
chr1	673248	673249	29	0.2341
chr1	673298	673299	35	0.1415
chr1	673398	673399	25	0.083
chr1	673498	673499	32	0.1147
chr1	673580	673581	32	0.1218
chr1	673680	673681	27	0.138
chr1	673733	673734	26	0.1701
chr1	673735	673736	19	0.1806
chr1	673777	673778	31	0.1523
chr1	673794	673795	37	0.3804
chr1	673818	673819	29	0.0922
chr1	673836	673837	28	0.2319
chr1	673856	673857	29	0.1373
chr1	673877	673878	29	0.1426
chr1	673927	673928	22	0.1735
chr1	673946	673947	26	0.2191
chr1	673964	673965	21	0.1575
chr1	674011	674012	34	0.2468
chr1	674026	674027	23	0.2588
chr1	674076	674077	26	0.2713
chr1	674106	674107	31	0.287
chr1	674142	674143	23	0.21
chr1	674159	674160	28	0.3257
chr1	674196	674197	31	0.3723
chr1	674218	674219	32	0.313
chr1	674236	674237	35	0.4186
chr1	674246	674247	30	0.3117
chr1	674302	674303	34	0.3234
chr1	674402	674403	27	0.3624
chr1	674484	674485	24	0.2046
chr1	674584	674585	31	0.2224
chr1	674684	674685	32	0.3243
chr1	674762	674763	24	0.1108
chr1	674772	674773	22	0.9337
chr1	674793	674794	27	0.9324
chr1	674824	674825	18	0.877
chr1	674848	674849	25	0.8859
chr1	674897	674898	39	0.9019
chr1	674914	674915	21	0.9006
chr1	674945	674946	33	0.9088
chr1	674995	674996	24	0.932
chr1	675020	675021	31	0.9571
chr1	675038	675039	20	0.9375
chr1	675072	675073	30	1.0
chr1	675122	675123	23	0.982
chr1	675160	675161	39	0.8883
chr1	675193	675194	31	0.8359
chr1	675230	675231	24	0.8339
chr1	675233	675234	31	0.9195
chr1	675333	675334	20	0.8435
chr1	675433	675434	29	0.8817
chr1	675533	675534	33	0.9291
chr1	675604	675605	24	1.0
chr1	675684	675685	31	0.9229
chr1	675706	675707	29	0.8842
chr1	675894	675895	30	0.9107
chr1	675930	675931	30	0.9322
chr1	675932	675933	33	0.9133
chr1	675962	675963	40	0.7808
chr1	676030	676031	25	0.8638
chr1	676106	676107	26	0.928
chr1	676142	676143	23	0.8878
chr1	676164	676165	37	0.8873
chr1	676169	676170	32	0.8925
chr1	676212	676213	40	0.8781
chr1	676238	676239	35	0.7642
chr1	676262	676263	28	0.8314
chr1	676277	676278	31	0.9325
chr1	676299	676300	27	1.0
chr1	676319	676320	31	0.8049
chr1	676334	676335	28	0.8496
chr1	676349	676350	30	0.7643
chr1	676395	676396	23	0.8464
chr1	676443	676444	30	0.8164
chr1	676470	676471	28	0.9098
chr1	676489	676490	21	0.7633
chr1	676518	676519	25	0.6386
chr1	676534	676535	31	0.8756
chr1	676550	676551	23	0.7893
chr1	676600	676601	32	0.9243
chr1	676640	676641	30	0.8845
chr1	676662	676663	29	0.8317
chr1	676674	676675	35	0.6879
chr1	676747	676748	21	0.7905
chr1	676847	676848	27	0.8223
chr1	676926	676927	33	0.747
chr1	677000	677001	29	0.7761
chr1	677050	677051	30	0.9957
chr1	677100	677101	28	0.8344
chr1	677128	677129	33	0.7479
chr1	677142	677143	29	0.7915
chr1	677204	677205	28	0.8611
chr1	677218	677219	27	0.8114
chr1	677220	677221	28	0.872
chr1	677598	677599	26	0.8658
chr1	677603	677604	28	0.718
chr1	677643	677644	30	0.8699
chr1	677689	677690	28	0.9611
chr1	677722	677723	31	0.9102
chr1	677738	677739	29	0.921
chr1	677753	677754	26	0.7653
chr1	677787	677788	35	0.9255
chr1	677819	677820	29	0.8337
chr1	677848	677849	20	0.9658
chr1	677869	677870	35	0.7702
chr1	677908	677909	25	0.7779
chr1	677958	677959	34	0.8465
chr1	678002	678003	23	0.8119
chr1	678050	678051	28	0.9491
chr1	678073	678074	33	0.8868
chr1	678123	678124	38	0.7936
chr1	678139	678140	33	0.7939
chr1	678148	678149	34	0.8294
chr1	678248	678249	25	0.8287
chr1	678348	678349	34	0.8786
chr1	678448	678449	22	0.7849
chr1	678548	678549	28	0.8736
chr1	678598	678599	32	0.8663
chr1	678666	678667	28	0.8632
chr1	678798	678799	22	0.9873
chr1	678848	678849	25	0.8124
chr1	678890	678891	33	0.7622
chr1	678990	678991	33	0.8992
chr1	679088	679089	36	0.7774
chr1	679100	679101	32	0.7849
chr1	679121	679122	31	0.6861
chr1	679165	679166	30	0.91
chr1	679209	679210	34	0.8067
chr1	679250	679251	33	0.7225
chr1	679278	679279	31	0.8132
chr1	679302	679303	33	0.8312
chr1	679317	679318	27	0.698
chr1	679341	679342	28	0.8065
chr1	679391	679392	34	0.8043
chr1	679434	679435	21	0.7868
chr1	679484	679485	24	0.8151
chr1	679510	679511	29	0.8238
chr1	679533	679534	31	0.8145
chr1	679566	679567	32	0.8387
chr1	679591	679592	24	0.7457
chr1	679595	679596	34	0.9209
chr1	679695	679696	30	0.6982
chr1	679795	679796	30	0.8363
chr1	679895	679896	25	0.8072
chr1	679995	679996	35	0.6969
chr1	680021	680022	32	0.7422
chr1	680073	680074	31	0.9462
chr1	680079	680080	39	0.6319
chr1	680111	680112	26	0.7032
chr1	680139	680140	33	0.7247
chr1	680154	680155	29	0.7833
chr1	680204	680205	28	0.6802
chr1	680223	680224	20	0.7457
chr1	680251	680252	32	0.758
chr1	680281	680282	24	0.6355
chr1	680310	680311	39	0.6605
chr1	680353	680354	29	0.6576
chr1	680384	680385	32	0.6955
chr1	680406	680407	23	0.754
chr1	680421	680422	29	0.8794
chr1	680463	680464	26	0.6746
chr1	680509	680510	26	0.7803
chr1	680526	680527	31	0.7667
chr1	680626	680627	28	0.6593
chr1	680705	680706	28	0.7486
chr1	680805	680806	28	0.741
chr1	680905	680906	42	0.6873
chr1	680933	680934	29	0.7253
chr1	681139	681140	31	0.6723
chr1	681219	681220	29	0.6968
chr1	681259	681260	33	0.7339
chr1	681273	681274	28	0.7552
chr1	681275	681276	32	0.6415
chr1	681285	681286	27	0.6983
chr1	681299	681300	25	0.8112
chr1	681315	681316	30	0.6087
chr1	681363	681364	25	0.7236
chr1	681368	681369	26	0.7667
chr1	681383	681384	27	0.8121
chr1	681409	681410	29	0.6789
chr1	681427	681428	27	0.7327
chr1	681448	681449	22	0.7982
chr1	681487	681488	24	0.78
chr1	681518	681519	36	0.8351
chr1	681543	681544	29	0.9324
chr1	681593	681594	31	0.8779
chr1	681611	681612	24	0.8561
chr1	681631	681632	34	0.7885
chr1	681658	681659	34	0.975
chr1	681675	681676	29	0.8448
chr1	681704	681705	23	0.811
chr1	681734	681735	34	0.955
chr1	681751	681752	23	0.6166
chr1	681774	681775	30	0.6533
chr1	681798	681799	30	0.5314
chr1	681815	681816	29	0.8791
chr1	681865	681866	26	0.8104
chr1	681884	681885	27	0.6963
chr1	681898	681899	28	0.8886
chr1	681962	681963	39	0.8599
chr1	682032	682033	34	0.7282
chr1	682105	682106	31	0.8391
chr1	682163	682164	42	0.8859
chr1	682218	682219	24	0.7533
chr1	682318	682319	29	0.8519
chr1	682418	682419	17	0.7512
chr1	682454	682455	31	0.8289
chr1	682510	682511	28	0.7718
chr1	682662	682663	31	0.86
chr1	682800	682801	27	0.9179
chr1	682802	682803	27	0.9512
chr1	682837	682838	29	0.8225
chr1	682873	682874	33	0.8184
chr1	682904	682905	31	0.8586
chr1	682921	682922	25	0.8383
chr1	682940	682941	28	0.8949
chr1	682983	682984	21	0.775
chr1	683003	683004	26	0.853
chr1	683053	683054	30	0.8437
chr1	683099	683100	27	0.7306
chr1	683117	683118	28	0.6622
chr1	683153	683154	25	0.6543
chr1	683202	683203	30	0.7636
chr1	683229	683230	31	0.8483
chr1	683244	683245	33	0.824
chr1	683268	683269	34	0.6257
chr1	683285	683286	37	0.7614
chr1	683303	683304	32	0.6874
chr1	683314	683315	40	0.8053
chr1	683414	683415	24	0.78
chr1	683466	683467	33	0.6062
chr1	683566	683567	29	0.8077
chr1	683666	683667	29	0.7916
chr1	683763	683764	32	0.7591
chr1	683843	683844	26	0.6991
chr1	683847	683848	21	0.8192
chr1	683855	683856	26	0.832
chr1	683878	683879	28	0.9162
chr1	683902	683903	31	0.7702
chr1	683917	683918	34	0.9181
chr1	683955	683956	27	0.7708
chr1	683981	683982	32	0.7485
chr1	684024	684025	34	0.7861
chr1	684044	684045	27	0.6833
chr1	684083	684084	35	0.9196
chr1	684111	684112	21	0.963
chr1	684133	684134	32	0.8438
chr1	684153	684154	23	0.8866
chr1	684179	684180	31	0.7891
chr1	684221	684222	35	0.7884
chr1	684246	684247	33	0.863
chr1	684296	684297	16	0.8148
chr1	684313	684314	26	0.8617
chr1	684327	684328	30	0.823
chr1	684427	684428	33	0.8491
chr1	684487	684488	33	0.9793
chr1	684587	684588	38	0.7577
chr1	684674	684675	28	0.8056
chr1	684774	684775	32	0.6915
chr1	684842	684843	30	0.8702
chr1	684852	684853	26	0.9205
chr1	685124	685125	30	0.8213
chr1	685132	685133	29	0.8661
chr1	685242	685243	37	0.8764
chr1	685277	685278	34	0.0957
chr1	685301	685302	23	0.0924
chr1	685351	685352	39	0.0776
chr1	685376	685377	27	0.0495
chr1	685412	685413	29	0.0
chr1	685428	685429	30	0.0656
chr1	685478	685479	35	0.0018
chr1	685513	685514	30	0.1558
chr1	685563	685564	31	0.2271
chr1	685580	685581	39	0.0454
chr1	685599	685600	27	0.0457
chr1	685618	685619	23	0.0506
chr1	685633	685634	27	0.0948
chr1	685648	685649	29	0.1337
chr1	685665	685666	27	0.0
chr1	685687	685688	35	0.1134
chr1	685712	685713	28	0.0593
chr1	685756	685757	28	0.0065
chr1	685773	685774	32	0.2892
chr1	685873	685874	28	0.1503
chr1	685973	685974	30	0.2874
chr1	686057	686058	25	0.087
chr1	686157	686158	36	0.0874
chr1	686257	686258	31	0.0243
chr1	686335	686336	24	0.1589
chr1	686345	686346	25	0.1382
chr1	686360	686361	21	0.9771
chr1	686382	686383	25	0.655
chr1	686403	686404	31	0.9886
chr1	686442	686443	30	0.8142
chr1	686459	686460	27	0.8385
chr1	686483	686484	30	0.9898
chr1	686520	686521	30	0.9444
chr1	686535	686536	27	0.9869
chr1	686557	686558	34	0.9052
chr1	686607	686608	33	0.859
chr1	686624	686625	30	0.8871
chr1	686655	686656	35	0.8707
chr1	686703	686704	28	0.9737
chr1	686718	686719	34	0.8878
chr1	686751	686752	29	0.8571
chr1	686800	686801	27	0.8852
chr1	686831	686832	38	0.6547
chr1	686928	686929	26	0.9996
chr1	687028	687029	26	0.9156
chr1	687106	687107	34	0.9349
chr1	687156	687157	31	1.0
chr1	687256	687257	28	0.873
chr1	687290	687291	26	0.8551
chr1	687318	687319	30	0.8903
chr1	687343	687344	26	0.9304
chr1	687364	687365	28	0.9216
chr1	687402	687403	23	1.0
chr1	687429	687430	36	0.9704
chr1	687464	687465	25	0.9127
chr1	687505	687506	21	0.9355
chr1	687554	687555	28	0.9279
chr1	687569	687570	29	0.7548
chr1	687615	687616	30	0.9835
chr1	687651	687652	35	1.0
chr1	687684	687685	24	0.9235
chr1	687703	687704	26	0.9101
chr1	687726	687727	25	0.9342
chr1	687747	687748	26	0.9622
chr1	687847	687848	34	0.9811
chr1	687899	687900	30	0.8733
chr1	687985	687986	37	0.9348
chr1	688054	688055	25	0.9359
chr1	688111	688112	31	0.9133
chr1	688207	688208	22	0.8185
chr1	688217	688218	24	0.7161
chr1	688234	688235	37	0.8415
chr1	688257	688258	31	0.9162
chr1	688307	688308	32	0.9335
chr1	688331	688332	25	0.8747
chr1	688362	688363	18	0.9057
chr1	688408	688409	46	0.882
chr1	688434	688435	29	0.8084
chr1	688461	688462	24	0.8082
chr1	688490	688491	24	0.683
chr1	688509	688510	29	0.6386
chr1	688553	688554	33	0.6648
chr1	688581	688582	30	0.7818
chr1	688604	688605	28	0.8431
chr1	688638	688639	31	0.7086
chr1	688658	688659	33	0.7958
chr1	688673	688674	23	0.7764
chr1	688684	688685	24	0.6301
chr1	688784	688785	22	0.795
chr1	688884	688885	29	0.9454
chr1	688984	688985	29	0.952
chr1	689049	689050	29	0.8267
chr1	689099	689100	27	0.7098
chr1	689155	689156	38	0.7985
chr1	689201	689202	38	0.9068
chr1	689225	689226	33	0.8889
chr1	689287	689288	33	0.61
chr1	689369	689370	26	0.6109
chr1	689386	689387	30	0.0743
chr1	689419	689420	24	0.3121
chr1	689438	689439	28	0.3235
chr1	689460	689461	30	0.3077
chr1	689483	689484	22	0.2699
chr1	689525	689526	33	0.3493
chr1	689565	689566	33	0.203
chr1	689585	689586	26	0.3281
chr1	689600	689601	27	0.3246
chr1	689615	689616	29	0.1447
chr1	689633	689634	30	0.2233
chr1	689660	689661	26	0.095
chr1	689679	689680	36	0.483
chr1	689722	689723	23	0.3766
chr1	689748	689749	26	0.152
chr1	689779	689780	31	0.2409
chr1	689811	689812	30	0.427
chr1	689834	689835	21	0.2765
chr1	689881	689882	27	0.3445
chr1	689900	689901	36	0.2315
chr1	689950	689951	33	0.341
chr1	689951	689952	20	0.326
chr1	690051	690052	30	0.4492
chr1	690151	690152	31	0.3734
chr1	690201	690202	26	0.2593
chr1	690301	690302	32	0.2793
chr1	690401	690402	19	0.4343
chr1	690501	690502	37	0.1783
chr1	690505	690506	32	0.3896
chr1	690539	690540	31	0.8742
chr1	690589	690590	24	0.7769
chr1	690604	690605	26	0.8586
chr1	690638	690639	30	0.7695
chr1	690671	690672	31	0.7166
chr1	690686	690687	34	0.8226
chr1	690722	690723	25	0.7534
chr1	690738	690739	38	0.7493
chr1	690764	690765	37	0.8443
chr1	690791	690792	25	0.8599
chr1	690825	690826	28	0.829
chr1	690843	690844	35	0.8375
chr1	690872	690873	22	0.8527
chr1	690909	690910	28	0.7256
chr1	690933	690934	26	0.7595
chr1	690948	690949	22	0.7498
chr1	690952	690953	29	0.8184
chr1	691052	691053	31	0.6641
chr1	691152	691153	17	0.7794
chr1	691202	691203	31	0.7592
chr1	691263	691264	20	0.8029
chr1	691330	691331	31	0.7754
chr1	691348	691349	35	0.6501
chr1	691388	691389	25	0.8966
chr1	691398	691399	31	0.7518
chr1	691448	691449	22	0.7638
chr1	691465	691466	37	0.8631
chr1	691484	691485	31	0.8111
chr1	691510	691511	28	0.756
chr1	691560	691561	26	0.8535
chr1	691610	691611	30	0.8721
chr1	691646	691647	38	0.9091
chr1	691696	691697	39	0.776
chr1	691727	691728	42	0.7824
chr1	691752	691753	42	0.9224
chr1	691768	691769	26	0.8871
chr1	691818	691819	30	0.843
chr1	691860	691861	37	0.8521
chr1	691881	691882	31	0.83
chr1	691931	691932	29	0.8604
chr1	692031	692032	35	0.6538
chr1	692131	692132	24	0.8087
chr1	692181	692182	37	0.7437
chr1	692281	692282	30	0.8251
chr1	692385	692386	32	0.7166
chr1	692439	692440	29	0.8528
chr1	692525	692526	25	0.8941
chr1	692555	692556	32	0.8142
chr1	692605	692606	47	0.8425
chr1	692695	692696	28	0.8724
chr1	692773	692774	28	0.7063
chr1	692819	692820	19	0.1537
chr1	692847	692848	30	0.2657
chr1	692896	692897	25	0.0427
chr1	692946	692947	33	0.2548
chr1	692969	692970	30	0.0004
chr1	692984	692985	29	0.0657
chr1	693008	693009	22	0.1008
chr1	693029	693030	24	0.0
chr1	693068	693069	26	0.0
chr1	693118	693119	26	0.3113
chr1	693168	693169	25	0.0
chr1	693183	693184	28	0.1162
chr1	693201	693202	34	0.3181
chr1	693218	693219	29	0.1605
chr1	693258	693259	34	0.0485
chr1	693289	693290	30	0.1516
chr1	693347	693348	33	0.1281
chr1	693447	693448	32	0.239
chr1	693547	693548	30	0.1769
chr1	693647	693648	33	0.1803
chr1	693703	693704	27	0.183
chr1	693717	693718	27	0.1619
chr1	693737	693738	35	0.1257
chr1	693751	693752	23	0.8908
chr1	693774	693775	34	0.7013
chr1	693794	693795	40	0.8308
chr1	693820	693821	43	0.8547
chr1	693848	693849	34	0.8756
chr1	693881	693882	30	0.9581
chr1	693931	693932	24	0.6291
chr1	693968	693969	31	0.8941
chr1	694018	694019	29	0.7048
chr1	694068	694069	19	0.7737
chr1	694087	694088	31	0.837
chr1	694118	694119	37	0.9321
chr1	694146	694147	29	0.7228
chr1	694184	694185	29	0.8158
chr1	694234	694235	21	0.7173
chr1	694253	694254	30	0.8764
chr1	694353	694354	27	0.8874
chr1	694453	694454	22	0.7727
chr1	694535	694536	23	0.9656
chr1	694610	694611	31	0.9133
chr1	694710	694711	23	0.8827
chr1	694720	694721	30	0.773
chr1	694739	694740	32	0.8476
chr1	694759	694760	30	0.8668
chr1	694791	694792	32	0.7097
chr1	694810	694811	35	0.8134
chr1	694860	694861	29	0.7616
chr1	694905	694906	24	0.8109
chr1	694943	694944	30	0.772
chr1	694976	694977	21	0.6972
chr1	694996	694997	31	0.97
chr1	695018	695019	36	0.7784
chr1	695051	695052	26	0.9412
chr1	695071	695072	30	0.8171
chr1	695095	695096	30	0.7261
chr1	695119	695120	29	0.9597
chr1	695148	695149	21	0.9342
chr1	695159	695160	28	0.6971
chr1	695259	695260	27	0.9237
chr1	695313	695314	32	0.7614
chr1	695413	695414	34	0.7422
chr1	695513	695514	32	0.7599
chr1	695611	695612	35	0.8313
chr1	695626	695627	25	0.0882
chr1	695654	695655	29	0.0944
chr1	695670	695671	16	0.0466
chr1	695705	695706	27	0.0743
chr1	695735	695736	37	0.1845
chr1	695757	695758	22	0.1735
chr1	695788	695789	31	0.1584
chr1	695827	695828	30	0.2959
chr1	695845	695846	31	0.1287
chr1	695867	695868	30	0.2049
chr1	695912	695913	25	0.1611
chr1	695962	695963	30	0.0365
chr1	695990	695991	27	0.0
chr1	696039	696040	25	0.0023
chr1	696065	696066	28	0.1983
chr1	696070	696071	28	0.1023
chr1	696170	696171	31	0.1659
chr1	696235	696236	25	0.1627
chr1	696293	696294	27	0.2281
chr1	696393	696394	28	0.149
chr1	696443	696444	24	0.3193
chr1	696445	696446	26	0.1147
chr1	696461	696462	26	0.6477
chr1	696488	696489	33	0.904
chr1	696507	696508	38	0.8767
chr1	696530	696531	32	0.8788
chr1	696580	696581	39	0.7057
chr1	696625	696626	34	0.8164
chr1	696642	696643	30	0.8947
chr1	696658	696659	31	0.8074
chr1	696680	696681	36	0.7041
chr1	696715	696716	34	0.9177
chr1	696765	696766	37	0.7454
chr1	696790	696791	30	0.7895
chr1	696818	696819	25	0.875
chr1	696856	696857	29	0.8627
chr1	696877	696878	24	0.7392
chr1	696924	696925	32	0.7818
chr1	696941	696942	22	0.8193
chr1	697041	697042	34	0.6558
chr1	697141	697142	32	0.6846
chr1	697241	697242	27	0.6957
chr1	697341	697342	26	0.9078
chr1	697391	697392	20	0.8483
chr1	697435	697436	31	0.7883
chr1	697453	697454	38	0.8192
chr1	697484	697485	23	0.7659
chr1	697522	697523	29	0.7564
chr1	697557	697558	34	0.8137
chr1	697582	697583	30	0.6322
chr1	697607	697608	34	0.7197
chr1	697626	697627	26	0.6081
chr1	697650	697651	27	0.7952
chr1	697665	697666	26	0.6643
chr1	697688	697689	30	0.7482
chr1	697727	697728	31	0.7097
chr1	697756	697757	32	0.7109
chr1	697795	697796	39	0.7563
chr1	697845	697846	31	0.8151
chr1	697895	697896	34	0.8021
chr1	697945	697946	27	0.784
chr1	697966	697967	27	0.7802
chr1	698066	698067	34	0.7448
chr1	698166	698167	32	0.6531
chr1	698238	698239	28	0.7871
chr1	698338	698339	28	0.6227
chr1	698428	698429	33	0.8845
chr1	698458	698459	35	0.6776
chr1	698469	698470	32	0.8853
chr1	698484	698485	24	0.6788
chr1	698503	698504	35	0.8429
chr1	698537	698538	33	0.8419
chr1	698587	698588	27	0.787
chr1	698623	698624	22	0.7655
chr1	698673	698674	40	0.7387
chr1	698692	698693	34	0.8556
chr1	698707	698708	23	0.7664
chr1	698731	698732	34	0.8898
chr1	698746	698747	25	0.8497
chr1	698773	698774	31	0.8957
chr1	698823	698824	30	0.935
chr1	698849	698850	34	0.7576
chr1	698873	698874	35	0.8608
chr1	698918	698919	28	0.7731
chr1	698943	698944	33	0.9528
chr1	698995	698996	35	0.9353
chr1	699095	699096	30	0.9519
chr1	699145	699146	26	0.7843
chr1	699245	699246	33	0.8445
chr1	699345	699346	37	0.6368
chr1	699377	699378	24	0.8945
chr1	699384	699385	33	0.8548
chr1	699406	699407	27	0.9587
chr1	699437	699438	27	0.8459
chr1	699476	699477	35	0.7135
chr1	699500	699501	19	0.8243
chr1	699521	699522	33	0.7624
chr1	699541	699542	26	0.8023
chr1	699584	699585	29	0.6945
chr1	699612	699613	24	0.9159
chr1	699640	699641	38	0.9469
chr1	699690	699691	37	0.8409
chr1	699730	699731	27	0.7629
chr1	699769	699770	38	0.8958
chr1	699797	699798	40	0.8534
chr1	699813	699814	26	0.8811
chr1	699870	699871	31	0.9506
chr1	699960	699961	24	0.8582
chr1	700060	700061	23	0.7555
chr1	700160	700161	25	0.8582
chr1	700210	700211	33	0.7428
chr1	700292	700293	28	0.8761
chr1	700356	700357	26	0.7311
chr1	700418	700419	24	0.792
chr1	700526	700527	32	0.8533
chr1	700584	700585	27	0.9254
chr1	700586	700587	26	0.835
chr1	700616	700617	34	0.7641
chr1	700690	700691	26	0.7613
chr1	700722	700723	38	0.0633
chr1	700772	700773	29	0.4607
chr1	700787	700788	31	0.2131
chr1	700831	700832	28	0.125
chr1	700851	700852	30	0.192
chr1	700873	700874	25	0.2407
chr1	700892	700893	23	0.0481
chr1	700934	700935	26	0.0493
chr1	700984	700985	29	0.0301
chr1	700999	701000	16	0.159
chr1	701046	701047	33	0.2012
chr1	701078	701079	30	0.275
chr1	701097	701098	41	0.1144
chr1	701145	701146	21	0.1027
chr1	701195	701196	36	0.1897
chr1	701211	701212	36	0.3862
chr1	701311	701312	29	0.3211
chr1	701411	701412	35	0.1983
chr1	701511	701512	35	0.1356
chr1	701572	701573	18	0.0367
chr1	701672	701673	28	0.0986
chr1	701708	701709	30	0.1498
chr1	701735	701736	26	0.6339
chr1	701750	701751	28	0.5287
chr1	701800	701801	32	0.677
chr1	701828	701829	30	0.7805
chr1	701864	701865	27	0.7492
chr1	701879	701880	41	0.6656
chr1	701899	701900	23	0.6213
chr1	701939	701940	30	0.7294
chr1	701959	701960	36	0.8089
chr1	701987	701988	30	0.6511
chr1	702037	702038	28	0.7726
chr1	702060	702061	34	0.746
chr1	702099	702100	25	0.7323
chr1	702118	702119	28	0.8088
chr1	702138	702139	34	0.6241
chr1	702160	702161	41	0.7541
chr1	702175	702176	23	0.6676
chr1	702208	702209	30	0.6722
chr1	702249	702250	32	0.7605
chr1	702275	702276	34	0.7064
chr1	702375	702376	31	0.7599
chr1	702456	702457	26	0.6484
chr1	702556	702557	36	0.6417
chr1	702656	702657	33	0.6811
chr1	702756	702757	27	0.6704
chr1	702792	702793	38	0.8598
chr1	702842	702843	29	0.6316
chr1	702881	702882	34	0.8564
chr1	702899	702900	32	0.8756
chr1	702940	702941	29	0.7481
chr1	702955	702956	36	0.8745
chr1	702992	702993	38	0.9454
chr1	703014	703015	23	0.7841
chr1	703029	703030	35	0.8038
chr1	703066	703067	26	0.7495
chr1	703089	703090	28	0.8727
chr1	703113	703114	35	0.8635
chr1	703145	703146	33	0.866
chr1	703176	703177	29	0.8408
chr1	703198	703199	28	0.9078
chr1	703224	703225	30	0.6914
chr1	703269	703270	30	0.7724
chr1	703319	703320	28	0.8221
chr1	703347	703348	22	0.8941
chr1	703373	703374	35	0.7896
chr1	703388	703389	34	0.7206
chr1	703470	703471	33	0.7582
chr1	703554	703555	24	0.7778
chr1	703654	703655	31	0.853
chr1	703754	703755	30	0.877
chr1	703854	703855	22	0.7207
chr1	703902	703903	28	0.7656
chr1	703917	703918	36	0.1539
chr1	703950	703951	16	0.0884
chr1	703984	703985	26	0.3668
chr1	704014	704015	22	0.1148
chr1	704055	704056	30	0.0878
chr1	704101	704102	29	0.2488
chr1	704151	704152	31	0.1408
chr1	704187	704188	29	0.2448
chr1	704202	704203	36	0.2255
chr1	704239	704240	24	0.0714
chr1	704289	704290	30	0.1825
chr1	704310	704311	28	0.1296
chr1	704353	704354	32	0.1483
chr1	704381	704382	39	0.2859
chr1	704481	704482	28	0.0755
chr1	704545	704546	32	0.2881
chr1	704595	704596	30	0.2207
chr1	704646	704647	31	0.2236
chr1	704746	704747	30	0.1651
chr1	704834	704835	30	0.1463
chr1	704841	704842	23	0.7107
chr1	704879	704880	36	0.7476
chr1	704915	704916	34	0.6313
chr1	704942	704943	22	0.8479
chr1	704992	704993	35	0.9479
chr1	705010	705011	30	0.7804
chr1	705060	705061	32	0.8021
chr1	705087	705088	25	0.8743
chr1	705137	705138	35	0.7601
chr1	705169	705170	38	0.7921
chr1	705197	705198	27	1.0
chr1	705212	705213	29	0.8579
chr1	705262	705263	24	0.9324
chr1	705312	705313	34	0.8728
chr1	705344	705345	32	0.8528
chr1	705346	705347	31	0.7431
chr1	705446	705447	22	0.8732
chr1	705496	705497	26	0.7587
chr1	705596	705597	28	0.7923
chr1	705696	705697	33	0.7415
chr1	705796	705797	28	0.8273
chr1	705800	705801	31	0.7903
chr1	705922	705923	32	0.8885
chr1	705932	705933	31	0.8359
chr1	705936	705937	32	0.8542
chr1	706070	706071	34	0.8304
chr1	706204	706205	29	0.6232
chr1	706210	706211	35	0.8693
chr1	706254	706255	37	0.74
chr1	706288	706289	29	0.7467
chr1	706335	706336	43	0.7981
chr1	706352	706353	24	0.6605
chr1	706375	706376	33	0.701
chr1	706421	706422	31	0.6941
chr1	706453	706454	36	0.7489
chr1	706483	706484	27	0.8961
chr1	706503	706504	37	0.7189
chr1	706547	706548	33	0.8539
chr1	706597	706598	35	0.9419
chr1	706612	706613	29	0.7252
chr1	706712	706713	28	0.7736
chr1	706796	706797	30	0.7565
chr1	706846	706847	38	0.8265
chr1	706917	706918	33	0.8066
chr1	707001	707002	32	0.7469
chr1	707003	707004	31	0.8258
chr1	707021	707022	33	0.7128
chr1	707125	707126	27	0.9631
chr1	707143	707144	32	0.8466
chr1	707299	707300	25	0.806
chr1	707305	707306	35	0.6779
chr1	707327	707328	35	0.7251
chr1	707331	707332	33	0.6563
chr1	707409	707410	35	0.7075
chr1	707491	707492	25	0.5774
chr1	707524	707525	27	0.6098
chr1	707600	707601	21	0.6416
chr1	707619	707620	25	0.7519
chr1	707669	707670	26	0.7679
chr1	707719	707720	33	0.5836
chr1	707760	707761	25	0.6843
chr1	707810	707811	20	0.7483
chr1	707852	707853	34	0.7521
chr1	707886	707887	21	0.7778
chr1	707936	707937	38	0.7664
chr1	707968	707969	31	0.808
chr1	707993	707994	33	0.7663
chr1	707999	708000	28	0.8666
chr1	708049	708050	32	0.6761
chr1	708125	708126	26	0.6294
chr1	708225	708226	33	0.6004
chr1	708325	708326	28	0.72
chr1	708375	708376	27	0.6844
chr1	708449	708450	35	0.6042
chr1	708475	708476	31	0.832
chr1	708518	708519	33	0.6797
chr1	708547	708548	36	0.7923
chr1	708592	708593	31	0.8447
chr1	708622	708623	27	0.7967
chr1	708650	708651	26	0.822
chr1	708700	708701	34	0.8944
chr1	708750	708751	32	0.9731
chr1	708800	708801	34	0.7334
chr1	708840	708841	35	0.809
chr1	708917	708918	28	0.8731
chr1	708939	708940	29	0.8886
chr1	708954	708955	31	0.8077
chr1	709004	709005	26	0.9753
chr1	709034	709035	26	0.8689
chr1	709035	709036	15	0.8853
chr1	709135	709136	32	0.8423
chr1	709235	709236	27	0.8813
chr1	709335	709336	32	0.8955
chr1	709426	709427	40	0.8934
chr1	709483	709484	32	0.7822
chr1	709583	709584	30	0.9198
chr1	709625	709626	33	0.7303
chr1	709681	709682	29	0.9857
chr1	709728	709729	24	0.657
chr1	709770	709771	34	0.4476
chr1	709793	709794	24	0.443
chr1	709808	709809	28	0.9908
chr1	709827	709828	19	0.7681
chr1	709877	709878	22	0.5621
chr1	709894	709895	34	0.8829
chr1	709911	709912	34	0.5773
chr1	709942	709943	30	0.301
chr1	709992	709993	24	0.7407
chr1	710042	710043	28	0.5604
chr1	710074	710075	31	1.0
chr1	710099	710100	27	0.4112
chr1	710120	710121	29	0.485
chr1	710146	710147	29	0.247
chr1	710162	710163	24	0.4723
chr1	710195	710196	37	0.4789
chr1	710213	710214	30	1.0
chr1	710313	710314	21	0.8817
chr1	710413	710414	33	0.626
chr1	710463	710464	32	0.8233
chr1	710563	710564	26	0.8852
chr1	710663	710664	26	0.6675
chr1	710679	710680	27	0.369
chr1	710708	710709	36	0.7725
chr1	710730	710731	29	0.9701
chr1	710750	710751	28	0.7488
chr1	710765	710766	30	0.7738
chr1	710815	710816	20	0.6915
chr1	710865	710866	34	0.8671
chr1	710909	710910	29	0.7516
chr1	710959	710960	29	0.7823
chr1	710978	710979	28	0.8041
chr1	711006	711007	26	0.7985
chr1	711045	711046	27	0.7331
chr1	711066	711067	36	0.8404
chr1	711081	711082	32	0.7854
chr1	711103	711104	15	0.6519
chr1	711141	711142	28	0.9294
chr1	711156	711157	27	0.9293
chr1	711172	711173	36	0.775
chr1	711196	711197	20	0.7567
chr1	711274	711275	28	0.8141
chr1	711324	711325	25	0.7951
chr1	711393	711394	35	0.8375
chr1	711493	711494	26	0.5274
chr1	711593	711594	38	0.8042
chr1	711645	711646	31	0.9463
chr1	711683	711684	31	0.8916
chr1	711717	711718	38	0.7623
chr1	711760	711761	37	0.7437
chr1	711810	711811	30	0.7313
chr1	711832	711833	28	0.8187
chr1	711882	711883	25	0.8344
chr1	711928	711929	26	0.745
chr1	711975	711976	33	0.8477
chr1	712018	712019	27	0.6041
chr1	712033	712034	30	0.6804
chr1	712053	712054	27	0.7116
chr1	712103	712104	22	0.8086
chr1	712118	712119	24	0.6828
chr1	712146	712147	34	0.8379
chr1	712246	712247	36	0.8193
chr1	712346	712347	23	0.9096
chr1	712446	712447	22	0.7726
chr1	712546	712547	36	0.715
chr1	712568	712569	17	0.7627
chr1	712576	712577	32	0.8425
chr1	712592	712593	26	0.6897
chr1	712622	712623	31	0.9238
chr1	712655	712656	24	0.7926
chr1	712672	712673	40	0.884
chr1	712690	712691	38	0.8988
chr1	712716	712717	26	0.8545
chr1	712748	712749	27	0.8301
chr1	712782	712783	27	0.7238
chr1	712828	712829	31	0.8723
chr1	712865	712866	28	0.7471
chr1	712880	712881	27	0.8627
chr1	712920	712921	24	0.9377
chr1	712944	712945	27	0.8426
chr1	712959	712960	25	0.7436
chr1	713009	713010	25	0.8618
chr1	713040	713041	28	0.9403
chr1	713060	713061	25	0.8934
chr1	713110	713111	28	0.9143
chr1	713160	713161	24	0.7142
chr1	713260	713261	37	0.8049
chr1	713329	713330	37	0.7369
chr1	713429	713430	35	0.784
chr1	713529	713530	28	0.852
chr1	713553	713554	21	0.9183
chr1	713559	713560	28	0.7178
chr1	713621	713622	25	0.8678
chr1	713671	713672	28	0.7052
chr1	713675	713676	31	0.8234
chr1	713721	713722	32	0.7444
chr1	713869	713870	34	0.8844
chr1	713937	713938	33	0.9248
chr1	713979	713980	42	0.7989
chr1	714893	714894	33	0.6197
chr1	714940	714941	27	0.5023
chr1	714977	714978	37	0.7008
chr1	715027	715028	31	0.5087
chr1	715069	715070	34	0.7675
chr1	715117	715118	38	0.6845
chr1	715150	715151	31	0.6275
chr1	715200	715201	27	0.6399
chr1	715236	715237	30	0.5777
chr1	715260	715261	29	0.6889
chr1	715285	715286	35	0.5203
chr1	715307	715308	24	0.5899
chr1	715328	715329	31	0.6567
chr1	715402	715403	31	0.5941
chr1	715455	715456	32	0.4992
chr1	715555	715556	21	0.6651
chr1	715630	715631	28	0.6502
chr1	715680	715681	22	0.6157
chr1	715728	715729	27	0.6117
chr1	715748	715749	25	0.6335
chr1	715784	715785	27	0.6145
chr1	715876	715877	34	0.7319
chr1	715886	715887	32	0.6627
chr1	716018	716019	25	0.6019
chr1	716042	716043	24	0.4955
chr1	716068	716069	34	0.5162
chr1	716118	716119	34	0.4861
chr1	716178	716179	34	0.5353
chr1	716210	716211	30	0.6374
chr1	716260	716261	28	0.666
chr1	716307	716308	30	0.6482
chr1	716337	716338	32	0.7978
chr1	716364	716365	25	0.562
chr1	716403	716404	30	0.7317
chr1	716438	716439	27	0.7679
chr1	716488	716489	25	0.5532
chr1	716524	716525	32	0.7653
chr1	716574	716575	29	0.8401
chr1	716607	716608	35	0.6781
chr1	716627	716628	23	0.8728
chr1	716652	716653	42	0.7219
chr1	716677	716678	37	0.7042
chr1	716727	716728	24	0.7529
chr1	716761	716762	27	0.73
chr1	716861	716862	24	0.8152
chr1	716946	716947	27	0.8714
chr1	717046	717047	25	0.7238
chr1	717096	717097	30	0.8938
chr1	717164	717165	29	0.6438
chr1	717235	717236	27	0.6936
chr1	717287	717288	36	0.6883
chr1	717365	717366	24	0.813
chr1	717392	717393	31	0.9605
chr1	717407	717408	33	0.9404
chr1	717422	717423	40	0.9239
chr1	717445	717446	28	0.9211
chr1	717495	717496	27	0.7027
chr1	717510	717511	24	0.9742
chr1	717525	717526	36	0.8062
chr1	717556	717557	26	0.8194
chr1	717571	717572	26	0.6176
chr1	717589	717590	32	0.9065
chr1	717631	717632	33	0.8284
chr1	717655	717656	33	0.6865
chr1	717682	717683	25	0.9305
chr1	717732	717733	27	0.8697
chr1	717750	717751	31	0.7062
chr1	717785	717786	33	0.9494
chr1	717820	717821	30	0.9313
chr1	717841	717842	32	0.8096
chr1	717862	717863	24	0.7857
chr1	717903	717904	32	0.8231
chr1	717915	717916	25	0.8289
chr1	717976	717977	27	0.8065
chr1	718061	718062	38	0.7507
chr1	718161	718162	33	0.8071
chr1	718261	718262	29	0.9195
chr1	718317	718318	37	0.7902
chr1	718417	718418	39	0.7986
chr1	718441	718442	24	0.9082
chr1	718471	718472	20	0.2925
chr1	718506	718507	24	0.1049
chr1	718530	718531	27	0.1105
chr1	718565	718566	33	0.1164
chr1	718586	718587	24	0.1983
chr1	718636	718637	27	0.2871
chr1	718668	718669	38	0.23
chr1	718683	718684	31	0.2842
chr1	718733	718734	24	0.2054
chr1	718770	718771	30	0.2541
chr1	718798	718799	32	0.2722
chr1	718822	718823	32	0.3553
chr1	718872	718873	19	0.1924
chr1	718922	718923	36	0.3068
chr1	718952	718953	36	0.213
chr1	718972	718973	24	0.2906
chr1	719000	719001	36	0.0614
chr1	719044	719045	21	0.2653
chr1	719053	719054	30	0.2898
chr1	719153	719154	28	0.209
chr1	719203	719204	32	0.2218
chr1	719253	719254	34	0.1778
chr1	719353	719354	32	0.1686
chr1	719426	719427	33	0.0803
chr1	719526	719527	30	0.3803
chr1	719626	719627	32	0.2461
chr1	719652	719653	33	0.233
chr1	719664	719665	31	0.2445
chr1	719675	719676	27	0.6961
chr1	719715	719716	26	0.9236
chr1	719730	719731	24	0.8733
chr1	719745	719746	31	0.9822
chr1	719795	719796	35	0.9801
chr1	719819	719820	27	0.6297
chr1	719865	719866	26	0.7316
chr1	719893	719894	31	0.792
chr1	719925	719926	33	0.8581
chr1	719975	719976	29	0.8147
chr1	720018	720019	23	0.9118
chr1	720053	720054	26	0.9177
chr1	720068	720069	39	0.9126
chr1	720095	720096	30	0.9636
chr1	720142	720143	32	0.9347
chr1	720192	720193	39	0.9574
chr1	720227	720228	37	0.6753
chr1	720327	720328	29	0.7485
chr1	720427	720428	32	0.8227
chr1	720527	720528	28	0.8201
chr1	720604	720605	29	0.6938
chr1	720700	720701	33	0.7328
chr1	720714	720715	33	0.8191
chr1	720768	720769	32	0.7006
chr1	720814	720815	40	0.6389
chr1	720859	720860	31	0.8258
chr1	720901	720902	25	0.9965
chr1	720940	720941	31	0.7197
chr1	720969	720970	27	0.7679
chr1	721019	721020	28	0.7424
chr1	721034	721035	34	0.8131
chr1	721062	721063	22	0.9882
chr1	721112	721113	25	0.8076
chr1	721139	721140	27	0.848
chr1	721162	721163	31	0.8575
chr1	721177	721178	32	0.8074
chr1	721209	721210	28	0.9215
chr1	721309	721310	31	1.0
chr1	721379	721380	33	0.9665
chr1	721479	721480	38	0.8761
chr1	721579	721580	32	0.7127
chr1	721601	721602	26	0.6921
chr1	721648	721649	31	0.5809
chr1	721688	721689	41	0.5814
chr1	721716	721717	35	0.5883
chr1	721761	721762	31	0.6935
chr1	721809	721810	25	0.7383
chr1	721830	721831	23	0.6326
chr1	721864	721865	19	0.6802
chr1	721912	721913	35	0.868
chr1	721938	721939	27	0.6831
chr1	721960	721961	35	0.7154
chr1	721986	721987	29	0.6386
chr1	722034	722035	29	0.5603
chr1	722059	722060	37	0.607
chr1	722089	722090	26	0.6481
chr1	722111	722112	29	0.6264
chr1	722126	722127	35	0.6377
chr1	722226	722227	41	0.6874
chr1	722296	722297	29	0.6962
chr1	722346	722347	20	0.7353
chr1	722413	722414	31	0.5655
chr1	722513	722514	27	0.6205
chr1	722569	722570	24	0.6447
chr1	722575	722576	37	0.6592
chr1	722611	722612	30	0.7642
chr1	722626	722627	19	0.7018
chr1	722659	722660	32	0.6804
chr1	722707	722708	32	0.7668
chr1	722734	722735	27	0.7245
chr1	722764	722765	31	0.7105
chr1	722799	722800	28	0.6662
chr1	722838	722839	30	0.6336
chr1	722860	722861	28	0.8195
chr1	722875	722876	24	0.5922
chr1	722890	722891	19	0.5969
chr1	722918	722919	24	0.6887
chr1	722950	722951	26	0.6073
chr1	723000	723001	28	0.7461
chr1	723019	723020	34	0.8247
chr1	723058	723059	20	0.8605
chr1	723080	723081	20	0.8768
chr1	723099	723100	37	0.5477
chr1	723199	723200	35	0.8139
chr1	723299	723300	34	0.8604
chr1	723399	723400	17	0.7773
chr1	723449	723450	35	0.5272
chr1	723536	723537	38	0.7308
chr1	723620	723621	27	0.8437
chr1	723642	723643	27	0.7316
chr1	723748	723749	25	0.6248
chr1	723810	723811	28	0.7179
chr1	723890	723891	27	0.6516
chr1	723928	723929	35	0.6542
chr1	724016	724017	34	0.8769
chr1	724034	724035	34	0.7119
chr1	724118	724119	37	0.6996
chr1	724140	724141	18	0.381
chr1	724165	724166	22	0.3142
chr1	724196	724197	33	0.2068
chr1	724239	724240	20	0.2965
chr1	724264	724265	33	0.3648
chr1	724286	724287	37	0.2684
chr1	724336	724337	26	0.2617
chr1	724358	724359	26	0.2287
chr1	724377	724378	33	0.3054
chr1	724412	724413	28	0.1749
chr1	724462	724463	25	0.1533
chr1	724494	724495	31	0.3292
chr1	724510	724511	31	0.2472
chr1	724557	724558	27	0.2404
chr1	724578	724579	23	0.2187
chr1	724616	724617	30	0.144
chr1	724631	724632	26	0.324
chr1	724655	724656	38	0.2118
chr1	724732	724733	22	0.1904
chr1	724824	724825	28	0.2869
chr1	724924	724925	36	0.2109
chr1	725024	725025	27	0.1485
chr1	725110	725111	19	0.158
chr1	725136	725137	32	0.1485
chr1	725162	725163	34	0.1907
chr1	725177	725178	24	0.1571
chr1	725201	725202	29	0.1634
chr1	725219	725220	27	0.0479
chr1	725239	725240	22	0.1786
chr1	725257	725258	32	0.0232
chr1	725281	725282	33	0.0903
chr1	725320	725321	32	0.045
chr1	725342	725343	29	0.1559
chr1	725392	725393	35	0.021
chr1	725414	725415	28	0.1071
chr1	725442	725443	25	0.0811
chr1	725457	725458	28	0.2148
chr1	725493	725494	30	0.0859
chr1	725538	725539	27	0.193
chr1	725568	725569	35	0.0715
chr1	725607	725608	23	0.1094
chr1	725646	725647	32	0.0563
chr1	725696	725697	31	0.1576
chr1	725779	725780	39	0.1785
chr1	725794	725795	27	0.2107
chr1	725809	725810	38	0.0121
chr1	725826	725827	39	0.268
chr1	725926	725927	25	0.0908
chr1	726007	726008	23	0.26
chr1	726107	726108	23	0.0994
chr1	726157	726158	28	0.0258
chr1	726257	726258	38	0.1191
chr1	726357	726358	39	0.121
chr1	726457	726458	30	0.0036
chr1	726555	726556	33	0.0659
chr1	726563	726564	31	0.0
chr1	726596	726597	25	0.0
chr1	726615	726616	33	0.0343
chr1	726659	726660	30	0.0948
chr1	726674	726675	29	0.0258
chr1	726701	726702	27	0.0
chr1	726751	726752	35	0.0
chr1	726785	726786	27	0.0
chr1	726806	726807	20	0.1226
chr1	726821	726822	36	0.0
chr1	726871	726872	31	0.1367
chr1	726921	726922	32	0.1024
chr1	726940	726941	24	0.0
chr1	726957	726958	23	0.0
chr1	727007	727008	27	0.0043
chr1	727022	727023	34	0.0
chr1	727037	727038	32	0.0726
chr1	727071	727072	34	0.0
chr1	727115	727116	17	0.0136
chr1	727193	727194	33	0.0582
chr1	727293	727294	27	0.0
chr1	727343	727344	30	0.0758
chr1	727443	727444	30	0.0
chr1	727543	727544	24	0.002
chr1	727643	727644	23	0.0303
chr1	727659	727660	29	0.0632
chr1	727777	727778	42	0.1265
chr1	727833	727834	30	0.1285
chr1	727851	727852	36	0.1622
chr1	727913	727914	26	0.0465
chr1	727925	727926	40	0.1153
chr1	727943	727944	29	0.1302
chr1	728039	728040	30	0.0432
chr1	728071	728072	26	0.0961
chr1	728107	728108	39	0.1864
chr1	728112	728113	32	0.7772
chr1	728159	728160	26	0.7196
chr1	728209	728210	30	0.7588
chr1	728259	728260	27	0.7198
chr1	728276	728277	33	0.7111
chr1	728298	728299	30	0.7932
chr1	728313	728314	28	0.7483
chr1	728335	728336	36	0.6851
chr1	728364	728365	33	0.8997
chr1	728379	728380	31	0.7998
chr1	728401	728402	29	0.7761
chr1	728451	728452	18	0.9718
chr1	728501	728502	33	0.8737
chr1	728532	728533	32	0.9163
chr1	728548	728549	35	0.7156
chr1	728598	728599	27	0.9011
chr1	728615	728616	24	0.9134
chr1	728708	728709	32	0.7739
chr1	728782	728783	28	0.7882
chr1	728882	728883	21	0.8953
chr1	728965	728966	35	0.8499
chr1	729065	729066	35	0.8343
chr1	729123	729124	35	0.8564
chr1	729195	729196	33	0.9368
chr1	729231	729232	27	0.8219
chr1	729265	729266	28	0.8261
chr1	729289	729290	27	0.8168
chr1	729433	729434	19	0.8941
chr1	729469	729470	30	0.9569
chr1	729507	729508	32	0.8624
chr1	729527	729528	31	0.6679
chr1	729535	729536	34	0.8639
chr1	729541	729542	24	0.9074
chr1	729562	729563	30	1.0
chr1	729599	729600	32	0.7886
chr1	729626	729627	28	1.0
chr1	729641	729642	28	0.9307
chr1	729675	729676	27	0.8703
chr1	729706	729707	27	0.893
chr1	729737	729738	24	0.7716
chr1	729753	729754	27	0.869
chr1	729779	729780	32	0.9809
chr1	729806	729807	29	0.796
chr1	729827	729828	27	0.9705
chr1	729867	729868	31	0.8493
chr1	729889	729890	25	0.9546
chr1	729939	729940	24	0.9145
chr1	729954	729955	28	0.8699
chr1	729974	729975	29	0.8631
chr1	730021	730022	25	0.9631
chr1	730024	730025	22	0.8943
chr1	730096	730097	30	0.9299
chr1	730196	730197	40	0.9862
chr1	730287	730288	34	0.847
chr1	730387	730388	44	0.8843
chr1	730443	730444	23	0.9315
chr1	730493	730494	25	0.8067
chr1	730567	730568	30	0.7147
chr1	730685	730686	24	0.925
chr1	730731	730732	29	0.9335
chr1	730867	730868	29	0.8863
chr1	730923	730924	15	0.7913
chr1	730957	730958	31	0.7964
chr1	730992	730993	27	0.8874
chr1	731042	731043	37	0.696
chr1	731092	731093	35	0.7834
chr1	731120	731121	33	0.7455
chr1	731144	731145	28	0.9197
chr1	731166	731167	30	0.6606
chr1	731181	731182	20	0.5938
chr1	731197	731198	28	0.6316
chr1	731232	731233	28	0.727
chr1	731268	731269	30	0.7652
chr1	731301	731302	25	0.8002
chr1	731319	731320	29	0.9383
chr1	731355	731356	38	0.6922
chr1	731405	731406	24	0.7275
chr1	731450	731451	33	0.8959
chr1	731490	731491	27	0.9298
chr1	731492	731493	24	0.7731
chr1	731586	731587	31	0.6967
chr1	731686	731687	37	0.665
chr1	731770	731771	33	0.7042
chr1	731870	731871	36	1.0
chr1	731970	731971	36	0.7197
chr1	731972	731973	34	0.805
chr1	732010	732011	21	0.8888
chr1	732018	732019	37	0.2264
chr1	732068	732069	18	0.2733
chr1	732085	732086	35	0.1659
chr1	732126	732127	26	0.1814
chr1	732164	732165	25	0.2042
chr1	732214	732215	29	0.1299
chr1	732234	732235	26	0.1463
chr1	732257	732258	34	0.0643
chr1	732307	732308	23	0.0855
chr1	732336	732337	27	0.1534
chr1	732371	732372	32	0.191
chr1	732386	732387	33	0.2268
chr1	732405	732406	22	0.0
chr1	732437	732438	35	0.1103
chr1	732470	732471	27	0.1809
chr1	732516	732517	31	0.143
chr1	732545	732546	26	0.027
chr1	732565	732566	24	0.0931
chr1	732654	732655	33	0.2227
chr1	732754	732755	23	0.1706
chr1	732854	732855	31	0.0395
chr1	732904	732905	36	0.114
chr1	733004	733005	35	0.0362
chr1	733089	733090	27	0.0755
chr1	733113	733114	33	0.0
chr1	733281	733282	39	0.2401
chr1	733325	733326	31	0.1917
chr1	733329	733330	30	0.226
chr1	733353	733354	17	0.2741
chr1	733363	733364	31	0.1916
chr1	733423	733424	31	0.1206
chr1	733425	733426	36	0.2386
chr1	733441	733442	27	0.1414
chr1	733509	733510	29	0.1415
chr1	733539	733540	31	0.632
chr1	733560	733561	33	0.6485
chr1	733610	733611	27	0.6931
chr1	733659	733660	34	0.6945
chr1	733702	733703	33	0.7071
chr1	733724	733725	30	0.7239
chr1	733739	733740	23	0.6176
chr1	733768	733769	33	0.7016
chr1	733784	733785	30	0.4868
chr1	733812	733813	33	0.6944
chr1	733862	733863	36	0.6979
chr1	733902	733903	33	0.7125
chr1	733925	733926	25	0.7685
chr1	733950	733951	26	0.7534
chr1	733975	733976	28	0.677
chr1	734025	734026	31	0.7188
chr1	734049	734050	33	0.6281
chr1	734149	734150	40	0.5587
chr1	734249	734250	31	0.7483
chr1	734303	734304	36	0.7049
chr1	734353	734354	24	0.7865
chr1	734403	734404	32	0.5194
chr1	734464	734465	35	0.5557
chr1	734542	734543	25	0.7634
chr1	734596	734597	29	0.7109
chr1	734638	734639	24	0.8182
chr1	734660	734661	31	0.7683
chr1	734702	734703	24	0.7972
chr1	734723	734724	35	0.6403
chr1	734763	734764	35	0.7692
chr1	734813	734814	23	0.7733
chr1	734853	734854	34	0.6793
chr1	734888	734889	32	0.5521
chr1	734911	734912	28	0.6279
chr1	734961	734962	38	0.7145
chr1	734988	734989	20	0.7942
chr1	735032	735033	18	0.8194
chr1	735082	735083	33	0.8426
chr1	735104	735105	34	0.8538
chr1	735145	735146	27	0.6117
chr1	735176	735177	28	0.6226
chr1	735276	735277	36	0.748
chr1	735355	735356	25	0.6608
chr1	735455	735456	24	0.6546
chr1	735555	735556	27	0.7578
chr1	735655	735656	33	0.8454
chr1	735679	735680	33	0.5722
chr1	735707	735708	21	0.552
chr1	735716	735717	28	0.7692
chr1	735732	735733	26	0.8094
chr1	735748	735749	25	0.5235
chr1	735789	735790	40	0.7139
chr1	735818	735819	28	0.6707
chr1	735848	735849	32	0.797
chr1	735884	735885	26	0.6907
chr1	735911	735912	34	0.5336
chr1	735936	735937	21	0.7696
chr1	735964	735965	38	0.8255
chr1	735979	735980	27	0.5967
chr1	736012	736013	24	0.6287
chr1	736062	736063	24	0.4445
chr1	736095	736096	36	0.7383
chr1	736131	736132	32	0.637
chr1	736178	736179	30	0.8155
chr1	736182	736183	33	0.636
chr1	736279	736280	35	0.7901
chr1	736379	736380	25	0.7095
chr1	736443	736444	30	0.7205
chr1	736543	736544	25	0.565
chr1	736643	736644	24	0.7285
chr1	736655	736656	29	0.8728
chr1	736667	736668	32	0.6355
chr1	736897	736898	31	0.6811
chr1	736997	736998	27	0.6204
chr1	737059	737060	26	0.682
chr1	737123	737124	37	0.7423
chr1	737138	737139	30	1.0
chr1	737188	737189	30	0.8099
chr1	737235	737236	25	0.8492
chr1	737262	737263	27	0.8307
chr1	737312	737313	28	0.9444
chr1	737343	737344	27	0.9037
chr1	737367	737368	24	0.9469
chr1	737387	737388	34	0.7837
chr1	737421	737422	24	0.8841
chr1	737444	737445	21	0.8147
chr1	737462	737463	25	0.8993
chr1	737486	737487	26	0.888
chr1	737521	737522	19	0.8494
chr1	737534	737535	35	0.9874
chr1	737628	737629	28	0.9049
chr1	737728	737729	29	0.7394
chr1	737828	737829	25	0.8291
chr1	737923	737924	33	0.8684
chr1	737995	737996	27	0.9006
chr1	738022	738023	21	0.8409
chr1	738061	738062	26	0.9594
chr1	738098	738099	32	0.8672
chr1	738126	738127	32	0.9261
chr1	738176	738177	27	0.9436
chr1	738203	738204	32	0.9423
chr1	738229	738230	26	0.921
chr1	738276	738277	27	0.9504
chr1	738319	738320	30	1.0
chr1	738350	738351	34	0.8618
chr1	738392	738393	35	0.7857
chr1	738408	738409	26	0.7482
chr1	738438	738439	29	0.8513
chr1	738457	738458	27	0.7585
chr1	738473	738474	25	1.0
chr1	738497	738498	36	0.9592
chr1	738536	738537	31	0.8869
chr1	738564	738565	31	0.9559
chr1	738579	738580	26	0.9292
chr1	738648	738649	22	0.9052
chr1	738748	738749	31	0.7614
chr1	738798	738799	28	0.9618
chr1	738871	738872	24	0.7954
chr1	738944	738945	34	0.967
chr1	739044	739045	36	0.9308
chr1	739076	739077	29	0.9015
chr1	739114	739115	22	0.1306
chr1	739139	739140	26	0.2028
chr1	739189	739190	30	0.1234
chr1	739227	739228	32	0.0891
chr1	739253	739254	36	0.0374
chr1	739303	739304	34	0.102
chr1	739353	739354	27	0.1368
chr1	739369	739370	33	0.0
chr1	739388	739389	26	0.0011
chr1	739425	739426	24	0.149
chr1	739452	739453	26	0.0965
chr1	739482	739483	36	0.2291
chr1	739505	739506	31	0.1532
chr1	739548	739549	28	0.1263
chr1	739568	739569	24	0.2383
chr1	739600	739601	24	0.0819
chr1	739620	739621	34	0.1914
chr1	739644	739645	21	0.0
chr1	739720	739721	35	0.0627
chr1	739820	739821	28	0.0781
chr1	739920	739921	29	0.1455
chr1	740020	740021	33	0.0
chr1	740070	740071	29	0.0714
chr1	740120	740121	28	0.1125
chr1	740200	740201	31	0.1705
chr1	740205	740206	32	0.3707
chr1	740255	740256	32	0.1109
chr1	740287	740288	29	0.2448
chr1	740309	740310	29	0.3406
chr1	740352	740353	38	0.2681
chr1	740401	740402	36	0.1416
chr1	740425	740426	35	0.2382
chr1	740440	740441	32	0.0927
chr1	740460	740461	28	0.107
chr1	740510	740511	20	0.1965
chr1	740532	740533	28	0.1846
chr1	740582	740583	35	0.201
chr1	740606	740607	29	0.2721
chr1	740625	740626	25	0.1253
chr1	740725	740726	32	0.0078
chr1	740780	740781	32	0.2744
chr1	740880	740881	26	0.2224
chr1	740930	740931	24	0.1942
chr1	740980	740981	29	0.0617
chr1	741030	741031	30	0.287
chr1	741174	741175	29	0.2699
chr1	741178	741179	25	0.2234
chr1	741192	741193	31	0.0841
chr1	741218	741219	27	0.1506
chr1	741286	741287	29	0.1944
chr1	741294	741295	23	0.1958
chr1	741310	741311	35	0.1952
chr1	741488	741489	44	0.2647
chr1	741510	741511	31	0.0608
chr1	741520	741521	28	0.2173
chr1	741546	741547	33	0.5462
chr1	741561	741562	22	0.6199
chr1	741596	741597	32	0.6678
chr1	741628	741629	30	0.7352
chr1	741658	741659	36	0.6205
chr1	741708	741709	29	0.635
chr1	741743	741744	32	0.6232
chr1	741770	741771	27	0.6943
chr1	741787	741788	22	0.7157
chr1	741837	741838	32	0.8713
chr1	741852	741853	31	0.6775
chr1	741902	741903	28	0.8418
chr1	741935	741936	27	0.7203
chr1	741954	741955	26	0.7754
chr1	741978	741979	26	0.6786
chr1	742000	742001	33	0.6623
chr1	742015	742016	31	0.7038
chr1	742107	742108	27	0.9393
chr1	742207	742208	24	0.8167
chr1	742293	742294	25	0.7282
chr1	742353	742354	26	0.6555
chr1	742422	742423	31	0.5983
chr1	742512	742513	22	0.8813
chr1	742519	742520	31	0.7838
chr1	742553	742554	25	0.7585
chr1	742568	742569	27	0.7782
chr1	742601	742602	25	0.9624
chr1	742639	742640	36	1.0
chr1	742667	742668	24	0.9279
chr1	742717	742718	30	0.9128
chr1	742767	742768	38	1.0
chr1	742786	742787	37	0.8934
chr1	742829	742830	23	0.803
chr1	742849	742850	24	0.9095
chr1	742864	742865	27	0.8398
chr1	742897	742898	30	0.8346
chr1	742912	742913	24	0.8003
chr1	742947	742948	29	1.0
chr1	742980	742981	36	1.0
chr1	742995	742996	31	0.9019
chr1	743045	743046	30	0.9388
chr1	743078	743079	35	0.9505
chr1	743128	743129	27	0.9301
chr1	743192	743193	29	0.8595
chr1	743292	743293	25	0.9519
chr1	743376	743377	33	1.0
chr1	743426	743427	21	0.745
chr1	743490	743491	23	0.9372
chr1	743580	743581	25	0.9328
chr1	743624	743625	28	0.9782
chr1	743676	743677	25	0.899
chr1	743796	743797	22	0.8751
chr1	743938	743939	33	0.9542
chr1	743966	743967	21	0.856
chr1	744016	744017	24	0.7783
chr1	744020	744021	31	0.8835
chr1	744029	744030	30	0.1629
chr1	744062	744063	33	0.206
chr1	744091	744092	24	0.3202
chr1	744131	744132	35	0.0
chr1	744147	744148	33	0.1734
chr1	744170	744171	29	0.16
chr1	744194	744195	30	0.2488
chr1	744225	744226	23	0.2038
chr1	744250	744251	27	0.2104
chr1	744300	744301	27	0.0955
chr1	744340	744341	32	0.1455
chr1	744371	744372	28	0.2442
chr1	744398	744399	31	0.2235
chr1	744445	744446	33	0.1564
chr1	744470	744471	19	0.1821
chr1	744491	744492	30	0.1181
chr1	744500	744501	33	0.0
chr1	744570	744571	32	0.3208
chr1	744621	744622	30	0.1495
chr1	744721	744722	33	0.3483
chr1	744816	744817	32	0.1917
chr1	744866	744867	14	0.1151
chr1	744928	744929	26	0.0699
chr1	744978	744979	37	0.1786
chr1	745112	745113	27	0.2627
chr1	745256	745257	39	0.1072
chr1	745328	745329	25	0.1639
chr1	745358	745359	35	0.161
chr1	745368	745369	39	0.2316
chr1	745373	745374	27	0.9791
chr1	745389	745390	33	0.7661
chr1	745404	745405	29	0.9061
chr1	745427	745428	29	0.9162
chr1	745477	745478	33	0.7794
chr1	745501	745502	22	0.944
chr1	745530	745531	33	0.7792
chr1	745547	745548	22	0.8136
chr1	745565	745566	19	0.856
chr1	745615	745616	22	0.8606
chr1	745635	745636	30	0.9586
chr1	745659	745660	30	0.8943
chr1	745709	745710	34	1.0
chr1	745724	745725	23	0.8093
chr1	745739	745740	30	0.8357
chr1	745775	745776	38	0.998
chr1	745790	745791	24	0.707
chr1	745805	745806	34	0.9869
chr1	745826	745827	30	0.8501
chr1	745857	745858	29	0.8719
chr1	745875	745876	25	0.9042
chr1	745925	745926	28	0.9377
chr1	746025	746026	35	0.8302
chr1	746125	746126	24	0.9299
chr1	746175	746176	30	0.9672
chr1	746275	746276	31	0.8756
chr1	746375	746376	39	0.8329
chr1	746565	746566	30	0.781
chr1	746583	746584	24	0.8532
chr1	746585	746586	26	0.8987
chr1	746699	746700	35	0.7993
chr1	746747	746748	24	0.8216
chr1	746781	746782	31	0.9298
chr1	746791	746792	37	0.9141
chr1	746833	746834	25	0.9368
chr1	746856	746857	36	0.972
chr1	746878	746879	28	0.915
chr1	746893	746894	32	0.8147
chr1	746911	746912	36	0.9183
chr1	746939	746940	21	0.9356
chr1	746954	746955	25	0.9356
chr1	746988	746989	32	0.7647
chr1	747038	747039	32	0.9052
chr1	747078	747079	21	0.8921
chr1	747108	747109	26	0.9144
chr1	747140	747141	35	0.857
chr1	747190	747191	30	1.0
chr1	747236	747237	23	0.9581
chr1	747241	747242	27	0.8475
chr1	747341	747342	30	0.8923
chr1	747393	747394	33	1.0
chr1	747465	747466	34	0.878
chr1	747565	747566	27	0.8391
chr1	747657	747658	33	0.8086
chr1	747745	747746	34	0.8462
chr1	747793	747794	25	0.1971
chr1	747843	747844	31	0.1291
chr1	747868	747869	24	0.1141
chr1	747918	747919	36	0.1341
chr1	747944	747945	31	0.1098
chr1	747985	747986	32	0.3195
chr1	748022	748023	29	0.4669
chr1	748041	748042	28	0.2808
chr1	748091	748092	32	0.1102
chr1	748106	748107	26	0.0941
chr1	748121	748122	29	0.1408
chr1	748144	748145	32	0.203
chr1	748185	748186	27	0.1754
chr1	748213	748214	43	0.1753
chr1	748255	748256	29	0.2227
chr1	748280	748281	39	0.3098
chr1	748314	748315	29	0.1424
chr1	748364	748365	31	0.2464
chr1	748395	748396	28	0.171
chr1	748495	748496	35	0.221
chr1	748575	748576	29	0.3142
chr1	748625	748626	29	0.2193
chr1	748725	748726	34	0.2524
chr1	748825	748826	35	0.1228
chr1	748885	748886	22	0.1388
chr1	748947	748948	25	0.2363
chr1	749029	749030	39	0.2086
chr1	749062	749063	22	0.7911
chr1	749087	749088	33	0.7763
chr1	749105	749106	28	0.8414
chr1	749142	749143	33	0.8649
chr1	749179	749180	31	0.7826
chr1	749194	749195	35	0.6854
chr1	749238	749239	29	0.7553
chr1	749254	749255	27	0.7362
chr1	749276	749277	20	0.7031
chr1	749313	749314	34	0.8195
chr1	749363	749364	31	0.7715
chr1	749405	749406	25	0.7175
chr1	749435	749436	26	0.8723
chr1	749485	749486	22	0.7382
chr1	749500	749501	28	0.8343
chr1	749534	749535	21	0.7435
chr1	749576	749577	25	0.7458
chr1	749577	749578	31	0.7979
chr1	749677	749678	29	0.7905
chr1	749733	749734	29	0.6785
chr1	749796	749797	28	0.9016
chr1	749896	749897	36	0.927
chr1	749946	749947	34	0.9104
chr1	749997	749998	37	0.7298
chr1	750047	750048	27	0.8117
chr1	750145	750146	30	0.8814
chr1	750156	750157	22	0.15
chr1	750174	750175	25	0.0948
chr1	750224	750225	35	0.5016
chr1	750265	750266	25	0.4944
chr1	750283	750284	25	0.0918
chr1	750306	750307	33	0.3269
chr1	750356	750357	34	0.0495
chr1	750397	750398	25	0.333
chr1	750422	750423	27	0.0759
chr1	750462	750463	30	0.0561
chr1	750485	750486	34	0.6489
chr1	750513	750514	36	0.415
chr1	750563	750564	34	0.4861
chr1	750586	750587	34	0.2682
chr1	750636	750637	32	0.3493
chr1	750655	750656	32	0.3154
chr1	750676	750677	44	0.2255
chr1	750689	750690	27	0.1747
chr1	750758	750759	30	0.2968
chr1	750858	750859	24	0.4235
chr1	750958	750959	31	0.3934
chr1	751058	751059	29	0.1986
chr1	751134	751135	31	0.1551
chr1	751197	751198	23	0.179
chr1	751246	751247	44	0.2966
chr1	751262	751263	30	0.0567
chr1	751277	751278	24	0.1316
chr1	751301	751302	26	0.0782
chr1	751351	751352	27	0.0381
chr1	751401	751402	26	0.0014
chr1	751443	751444	36	0.0417
chr1	751493	751494	24	0.0588
chr1	751532	751533	28	0.1032
chr1	751582	751583	31	0.2116
chr1	751626	751627	31	0.0025
chr1	751654	751655	30	0.0763
chr1	751688	751689	29	0.0157
chr1	751718	751719	35	0.0
chr1	751730	751731	22	0.0161
chr1	751785	751786	34	0.1561
chr1	751835	751836	32	0.0675
chr1	751920	751921	27	0.0527
chr1	752020	752021	32	0.0803
chr1	752089	752090	31	0.0
chr1	752145	752146	25	0.1753
chr1	752155	752156	35	0.1624
chr1	752183	752184	30	0.081
chr1	752223	752224	17	0.5902
chr1	752245	752246	28	0.6727
chr1	752261	752262	22	0.729
chr1	752283	752284	32	0.6789
chr1	752333	752334	23	0.8143
chr1	752370	752371	33	0.4799
chr1	752397	752398	23	0.7501
chr1	752426	752427	23	0.5945
chr1	752472	752473	25	0.6353
chr1	752522	752523	26	0.7973
chr1	752545	752546	43	0.7402
chr1	752579	752580	33	0.6066
chr1	752629	752630	27	0.7792
chr1	752652	752653	34	0.7668
chr1	752670	752671	28	0.7357
chr1	752700	752701	21	0.812
chr1	752800	752801	33	0.6175
chr1	752854	752855	25	0.6048
chr1	752954	752955	31	0.7595
chr1	753054	753055	40	0.8187
chr1	753222	753223	26	0.6656
chr1	753226	753227	32	0.7051
chr1	753254	753255	23	0.8722
chr1	753270	753271	33	0.7203
chr1	753317	753318	39	0.8904
chr1	753357	753358	29	0.7118
chr1	753373	753374	32	0.905
chr1	753389	753390	35	0.89
chr1	753424	753425	32	0.8501
chr1	753474	753475	32	0.7053
chr1	753504	753505	30	0.6941
chr1	753519	753520	34	0.8166
chr1	753569	753570	28	0.8057
chr1	753596	753597	33	0.8159
chr1	753616	753617	35	0.6867
chr1	753666	753667	33	0.8553
chr1	753716	753717	37	0.8035
chr1	753748	753749	35	0.9103
chr1	753765	753766	40	0.7535
chr1	753815	753816	23	0.6552
chr1	753915	753916	28	0.7032
chr1	754015	754016	29	0.6405
chr1	754070	754071	27	0.6753
chr1	754170	754171	31	0.6792
chr1	754245	754246	22	0.7022
chr1	754265	754266	26	0.7715
chr1	754275	754276	31	0.5564
chr1	754317	754318	28	0.6177
chr1	754364	754365	29	0.5758
chr1	754394	754395	35	0.6169
chr1	754411	754412	26	0.7605
chr1	754431	754432	35	0.6012
chr1	754464	754465	26	0.5003
chr1	754498	754499	30	0.6122
chr1	754542	754543	33	0.4129
chr1	754589	754590	39	0.6408
chr1	754639	754640	31	0.4869
chr1	754660	754661	31	0.5738
chr1	754685	754686	24	0.5396
chr1	754714	754715	25	0.4311
chr1	754729	754730	26	0.5454
chr1	754736	754737	28	0.4251
chr1	754836	754837	28	0.5312
chr1	754936	754937	40	0.4681
chr1	755036	755037	29	0.572
chr1	755136	755137	35	0.6342
chr1	755208	755209	37	0.6479
chr1	755214	755215	29	0.6436
chr1	755229	755230	30	0.8516
chr1	755256	755257	28	0.8223
chr1	755281	755282	32	0.8213
chr1	755331	755332	29	0.8506
chr1	755346	755347	33	0.7336
chr1	755361	755362	25	0.7865
chr1	755381	755382	35	0.7503
chr1	755423	755424	24	0.8812
chr1	755452	755453	19	0.8233
chr1	755502	755503	26	0.7291
chr1	755552	755553	23	0.8603
chr1	755602	755603	32	0.8401
chr1	755627	755628	18	0.9166
chr1	755672	755673	33	0.7012
chr1	755709	755710	31	0.6147
chr1	755780	755781	26	0.7336
chr1	755880	755881	20	0.6993
chr1	755952	755953	28	0.7048
chr1	756002	756003	30	0.8928
chr1	756102	756103	33	0.7675
chr1	756140	756141	29	0.8693
chr1	756172	756173	30	0.8116
chr1	756183	756184	29	0.2112
chr1	756207	756208	37	0.2224
chr1	756228	756229	26	0.2432
chr1	756260	756261	30	0.2444
chr1	756296	756297	24	0.1878
chr1	756328	756329	32	0.1343
chr1	756361	756362	22	0.2384
chr1	756397	756398	35	0.2674
chr1	756447	756448	35	0.2235
chr1	756469	756470	29	0.215
chr1	756519	756520	27	0.2841
chr1	756534	756535	33	0.0777
chr1	756584	756585	36	0.1573
chr1	756599	756600	36	0.0978
chr1	756649	756650	32	0.0909
chr1	756660	756661	26	0.1382
chr1	756726	756727	31	0.0663
chr1	756786	756787	33	0.1948
chr1	756836	756837	31	0.0831
chr1	756892	756893	29	0.1294
chr1	756991	756992	31	0.0552
chr1	757045	757046	19	0.1289
chr1	757095	757096	35	0.218
chr1	757133	757134	40	0.1918
chr1	757193	757194	31	0.0437
chr1	757220	757221	31	0.7908
chr1	757240	757241	29	0.7887
chr1	757272	757273	23	0.8234
chr1	757306	757307	29	0.7362
chr1	757331	757332	40	0.8611
chr1	757372	757373	25	0.6772
chr1	757392	757393	26	0.6561
chr1	757442	757443	32	0.5633
chr1	757492	757493	27	0.7242
chr1	757540	757541	31	0.6281
chr1	757588	757589	33	0.7899
chr1	757619	757620	26	0.7558
chr1	757645	757646	25	0.7169
chr1	757745	757746	30	0.6959
chr1	757845	757846	29	0.8324
chr1	757945	757946	37	0.754
chr1	757995	757996	34	0.6548
chr1	758045	758046	31	0.7208
chr1	758047	758048	29	0.6181
chr1	758053	758054	31	0.7145
chr1	758094	758095	29	0.7489
chr1	758144	758145	28	0.8633
chr1	758194	758195	30	0.7311
chr1	758209	758210	34	0.86
chr1	758251	758252	27	0.9364
chr1	758268	758269	27	0.8335
chr1	758287	758288	28	0.734
chr1	758310	758311	23	0.8401
chr1	758360	758361	33	0.6959
chr1	758405	758406	34	0.7724
chr1	758420	758421	29	0.7829
chr1	758450	758451	32	0.5457
chr1	758469	758470	34	0.7126
chr1	758492	758493	30	0.7247
chr1	758542	758543	31	0.7487
chr1	758560	758561	28	0.8546
chr1	758576	758577	31	0.9693
chr1	758591	758592	27	0.6889
chr1	758596	758597	29	0.7494
chr1	758646	758647	25	0.8528
chr1	758715	758716	30	0.8426
chr1	758765	758766	37	0.8299
chr1	758815	758816	25	0.9345
chr1	758915	758916	39	0.8606
chr1	758992	758993	33	0.8589
chr1	759092	759093	28	0.768
chr1	759118	759119	31	0.7893
chr1	759148	759149	36	0.7866
chr1	759150	759151	26	0.8817
chr1	759288	759289	30	0.8251
chr1	759336	759337	23	0.9363
chr1	759398	759399	29	0.7253
chr1	759454	759455	26	0.7672
chr1	759466	759467	19	1.0
chr1	759490	759491	25	0.7216
chr1	759526	759527	20	0.8527
chr1	759561	759562	24	0.7553
chr1	759589	759590	37	0.6474
chr1	759613	759614	32	0.6827
chr1	759634	759635	32	0.7519
chr1	759657	759658	32	0.81
chr1	759687	759688	29	0.7676
chr1	759723	759724	33	0.765
chr1	759738	759739	35	0.5965
chr1	759788	759789	30	0.8153
chr1	759809	759810	35	0.7505
chr1	759833	759834	27	0.7243
chr1	759861	759862	30	0.5361
chr1	759876	759877	28	0.6347
chr1	759916	759917	32	0.6665
chr1	759966	759967	37	0.6986
chr1	759983	759984	37	0.6977
chr1	760027	760028	35	0.8539
chr1	760077	760078	38	0.7278
chr1	760091	760092	29	0.865
chr1	760141	760142	37	0.7055
chr1	760241	760242	30	0.8389
chr1	760330	760331	20	0.8814
chr1	760427	760428	32	0.7642
chr1	760527	760528	25	0.8029
chr1	760575	760576	27	0.6535
chr1	760613	760614	20	0.6862
chr1	760660	760661	33	1.0
chr1	760710	760711	26	0.7828
chr1	760728	760729	33	0.5082
chr1	760760	760761	34	0.6167
chr1	760780	760781	30	0.9602
chr1	760800	760801	29	1.0
chr1	760850	760851	32	1.0
chr1	760893	760894	24	1.0
chr1	760908	760909	29	0.6525
chr1	760946	760947	25	1.0
chr1	760996	760997	32	0.542
chr1	761015	761016	25	1.0
chr1	761053	761054	25	0.8453
chr1	761103	761104	23	0.8857
chr1	761130	761131	19	0.524
chr1	761166	761167	31	0.5265
chr1	761208	761209	33	1.0
chr1	761223	761224	31	0.5155
chr1	761228	761229	29	0.474
chr1	761328	761329	28	0.5037
chr1	761415	761416	36	0.5818
chr1	761515	761516	32	0.593
chr1	761615	761616	34	1.0
chr1	761715	761716	39	1.0
chr1	761729	761730	26	1.0
chr1	761795	761796	21	0.6635
chr1	761839	761840	37	0.0
chr1	761856	761857	24	0.1393
chr1	761886	761887	23	0.1158
chr1	761929	761930	28	0.0651
chr1	761958	761959	21	0.0163
chr1	762008	762009	28	0.0
chr1	762041	762042	24	0.0692
chr1	762091	762092	25	0.2306
chr1	762106	762107	33	0.0327
chr1	762143	762144	29	0.0
chr1	762169	762170	31	0.1634
chr1	762211	762212	35	0.1277
chr1	762229	762230	33	0.0
chr1	762244	762245	29	0.0
chr1	762278	762279	31	0.0401
chr1	762311	762312	39	0.04
chr1	762380	762381	29	0.0246
chr1	762451	762452	29	0.0425
chr1	762501	762502	31	0.0
chr1	762568	762569	33	0.0
chr1	762662	762663	38	0.0
chr1	762733	762734	29	0.1473
chr1	762775	762776	35	0.0
chr1	762785	762786	35	0.1192
chr1	762820	762821	39	0.8437
chr1	762866	762867	38	0.8172
chr1	762888	762889	37	0.8241
chr1	762921	762922	25	0.7113
chr1	762971	762972	23	0.8609
chr1	763006	763007	32	0.7124
chr1	763030	763031	35	0.9089
chr1	763062	763063	24	0.8875
chr1	763103	763104	26	0.8088
chr1	763119	763120	43	0.8379
chr1	763148	763149	32	0.8882
chr1	763168	763169	28	0.932
chr1	763218	763219	28	0.8324
chr1	763245	763246	30	0.8964
chr1	763275	763276	24	0.8391
chr1	763290	763291	30	0.8507
chr1	763332	763333	29	0.9297
chr1	763373	763374	23	0.6637
chr1	763473	763474	31	0.8259
chr1	763573	763574	37	0.7922
chr1	763673	763674	28	0.851
chr1	763773	763774	33	0.8696
chr1	763873	763874	31	0.7887
chr1	763943	763944	25	0.9628
chr1	763992	763993	29	0.8556
chr1	764012	764013	29	0.8496
chr1	764027	764028	27	0.8531
chr1	764051	764052	30	0.9091
chr1	764082	764083	26	0.9089
chr1	764123	764124	25	0.9087
chr1	764138	764139	27	0.9499
chr1	764170	764171	19	0.7833
chr1	764185	764186	31	0.9923
chr1	764219	764220	28	0.8343
chr1	764249	764250	32	0.8753
chr1	764290	764291	34	0.7018
chr1	764334	764335	35	0.8884
chr1	764368	764369	31	0.9672
chr1	764418	764419	31	0.6671
chr1	764468	764469	31	0.7936
chr1	764475	764476	27	0.7516
chr1	764575	764576	22	0.7968
chr1	764675	764676	29	0.8824
chr1	764769	764770	35	0.794
chr1	764853	764854	33	0.7415
chr1	764920	764921	35	0.7867
chr1	764938	764939	34	0.7466
chr1	765010	765011	30	0.9581
chr1	765020	765021	30	0.6055
chr1	765065	765066	25	0.7152
chr1	765089	765090	29	0.7499
chr1	765129	765130	35	0.8862
chr1	765147	765148	25	0.671
chr1	765197	765198	33	0.6889
chr1	765245	765246	34	0.7073
chr1	765289	765290	36	0.7323
chr1	765313	765314	33	0.7774
chr1	765345	765346	34	0.7829
chr1	765395	765396	32	0.7625
chr1	765410	765411	39	0.5946
chr1	765430	765431	28	0.6699
chr1	765479	765480	32	0.7123
chr1	765529	765530	27	0.83
chr1	765551	765552	36	0.5371
chr1	765609	765610	20	0.6519
chr1	765659	765660	19	0.7423
chr1	765709	765710	32	0.5644
chr1	765795	765796	25	0.737
chr1	765864	765865	32	0.71
chr1	765958	765959	29	0.7611
chr1	766047	766048	32	0.7634
chr1	766059	766060	35	0.6989
chr1	766105	766106	28	0.8259
chr1	766141	766142	38	0.6673
chr1	766181	766182	24	0.9426
chr1	766229	766230	27	0.9689
chr1	766277	766278	33	0.9701
chr1	766323	766324	24	0.892
chr1	766373	766374	27	0.7902
chr1	766423	766424	39	0.8714
chr1	766473	766474	26	0.91
chr1	766514	766515	28	0.8798
chr1	766540	766541	32	0.7463
chr1	766556	766557	25	0.7419
chr1	766656	766657	32	0.8199
chr1	766737	766738	27	0.8969
chr1	766837	766838	30	0.8816
chr1	766937	766938	26	1.0
chr1	766987	766988	27	0.9319
chr1	767045	767046	26	0.8904
chr1	767061	767062	24	0.8593
chr1	767106	767107	27	0.5997
chr1	767143	767144	22	0.6364
chr1	767193	767194	28	0.6916
chr1	767216	767217	23	0.6207
chr1	767236	767237	35	0.6021
chr1	767272	767273	21	0.5931
chr1	767301	767302	25	0.7861
chr1	767351	767352	29	0.6921
chr1	767366	767367	27	0.5955
chr1	767381	767382	29	0.6983
chr1	767403	767404	31	0.7079
chr1	767453	767454	32	0.6076
chr1	767477	767478	25	0.6727
chr1	767499	767500	24	0.4966
chr1	767549	767550	23	0.714
chr1	767591	767592	20	0.6239
chr1	767614	767615	28	0.7838
chr1	767693	767694	27	0.5951
chr1	767758	767759	21	0.7497
chr1	767831	767832	36	0.6578
chr1	767931	767932	30	0.7202
chr1	768010	768011	25	0.6804
chr1	768110	768111	32	0.6835
chr1	768124	768125	22	0.8365
chr1	768184	768185	31	0.7084
chr1	768210	768211	25	1.0
chr1	768244	768245	26	1.0
chr1	768268	768269	27	0.8355
chr1	768308	768309	29	0.6839
chr1	768358	768359	27	1.0
chr1	768387	768388	29	0.7463
chr1	768426	768427	30	1.0
chr1	768463	768464	38	1.0
chr1	768513	768514	23	0.495
chr1	768563	768564	29	0.495
chr1	768581	768582	23	1.0
chr1	768631	768632	26	0.27
chr1	768681	768682	32	0.9502
chr1	768704	768705	31	0.6025
chr1	768726	768727	28	1.0
chr1	768747	768748	34	0.422
chr1	768764	768765	33	0.8452
chr1	768864	768865	26	0.435
chr1	768964	768965	25	1.0
chr1	769014	769015	23	0.9084
chr1	769093	769094	28	1.0
chr1	769193	769194	35	1.0
chr1	769293	769294	36	1.0
chr1	769305	769306	23	0.5274
chr1	769371	769372	35	0.482
chr1	769402	769403	28	0.8599
chr1	769432	769433	26	0.7591
chr1	769456	769457	34	0.6973
chr1	769487	769488	27	0.7974
chr1	769515	769516	26	0.8018
chr1	769553	769554	28	0.7621
chr1	769583	769584	28	0.7215
chr1	769607	769608	23	0.8954
chr1	769629	769630	28	0.7055
chr1	769662	769663	34	0.8975
chr1	769677	769678	37	0.9018
chr1	769727	769728	38	0.8396
chr1	769742	769743	34	0.6894
chr1	769759	769760	34	0.8209
chr1	769809	769810	35	0.7148
chr1	769848	769849	32	0.6355
chr1	769886	769887	33	0.7802
chr1	769903	769904	31	0.7534
chr1	769918	769919	38	0.8514
chr1	769933	769934	33	0.9666
chr1	769967	769968	31	0.9244
chr1	770041	770042	32	0.9093
chr1	770141	770142	21	0.8565
chr1	770241	770242	24	0.6721
chr1	770318	770319	25	0.9217
chr1	770410	770411	17	0.7676
chr1	770510	770511	32	0.7879
chr1	770512	770513	35	0.8805
chr1	770604	770605	25	0.6793
chr1	770614	770615	25	0.7729
chr1	770630	770631	32	0.6954
chr1	770661	770662	30	0.3586
chr1	770694	770695	35	0.5114
chr1	770720	770721	35	0.7169
chr1	770770	770771	27	0.6565
chr1	770811	770812	37	0.8022
chr1	770860	770861	28	0.3909
chr1	770881	770882	30	0.4177
chr1	770929	770930	30	0.3902
chr1	770961	770962	31	0.639
chr1	770998	770999	29	0.3765
chr1	771014	771015	38	0.3098
chr1	771030	771031	27	0.6583
chr1	771040	771041	30	0.2725
chr1	771132	771133	27	0.4999
chr1	771210	771211	29	0.3532
chr1	771310	771311	31	0.6375
chr1	771410	771411	28	0.8093
chr1	771460	771461	34	0.6669
chr1	771518	771519	27	0.8372
chr1	771525	771526	36	0.1288
chr1	771559	771560	40	0.1208
chr1	771589	771590	31	0.0536
chr1	771604	771605	27	0.1919
chr1	771640	771641	27	0.0433
chr1	771683	771684	31	0.2341
chr1	771712	771713	34	0.0
chr1	771752	771753	35	0.0456
chr1	771799	771800	29	0.0
chr1	771838	771839	28	0.0695
chr1	771864	771865	27	0.0619
chr1	771895	771896	28	0.0975
chr1	771922	771923	31	0.0511
chr1	771956	771957	33	0.041
chr1	772006	772007	35	0.0099
chr1	772042	772043	32	0.0157
chr1	772059	772060	32	0.0433
chr1	772078	772079	23	0.1013
chr1	772128	772129	28	0.0177
chr1	772203	772204	28	0.088
chr1	772253	772254	40	0.1706
chr1	772353	772354	23	0.0505
chr1	772453	772454	27	0.0
chr1	772550	772551	32	0.1538
chr1	772600	772601	38	0.115
chr1	772686	772687	26	0.0952
chr1	772710	772711	23	0.1675
chr1	772824	772825	32	0.1324
chr1	772840	772841	28	0.0845
chr1	772876	772877	23	0.0355
chr1	772920	772921	35	0.0434
chr1	772950	772951	28	0.0696
chr1	772991	772992	29	0.0
chr1	773010	773011	32	0.0338
chr1	773060	773061	24	0.0744
chr1	773090	773091	29	0.0575
chr1	773117	773118	38	0.0939
chr1	773167	773168	36	0.0865
chr1	773185	773186	34	0.1428
chr1	773235	773236	31	0.1375
chr1	773279	773280	23	0.2009
chr1	773300	773301	32	0.0992
chr1	773316	773317	30	0.1873
chr1	773355	773356	30	0.1964
chr1	773391	773392	33	0.1504
chr1	773407	773408	25	0.0435
chr1	773434	773435	39	0.0417
chr1	773464	773465	26	0.0472
chr1	773476	773477	34	0.0891
chr1	773551	773552	19	0.1139
chr1	773651	773652	32	0.0
chr1	773738	773739	28	0.1253
chr1	773838	773839	36	0.2425
chr1	773938	773939	40	0.0
chr1	774014	774015	31	0.0923
chr1	774023	774024	26	0.7976
chr1	774072	774073	27	0.6816
chr1	774112	774113	30	0.8879
chr1	774135	774136	31	0.9344
chr1	774174	774175	35	0.8455
chr1	774218	774219	32	0.9689
chr1	774239	774240	30	0.9299
chr1	774279	774280	29	0.8258
chr1	774315	774316	30	0.7182
chr1	774336	774337	32	0.734
chr1	774386	774387	23	0.7781
chr1	774417	774418	28	0.7039
chr1	774448	774449	28	0.7625
chr1	774489	774490	30	0.8894
chr1	774499	774500	21	0.9457
chr1	774599	774600	22	0.8298
chr1	774660	774661	32	0.7429
chr1	774724	774725	23	0.7564
chr1	774817	774818	27	0.8344
chr1	774917	774918	37	0.8643
chr1	775017	775018	23	0.8656
chr1	775109	775110	29	0.8174
chr1	775111	775112	25	0.8226
chr1	775125	775126	23	0.7986
chr1	775179	775180	28	1.0
chr1	775301	775302	32	0.8633
chr1	775349	775350	31	0.742
chr1	775389	775390	33	0.6973
chr1	775398	775399	29	0.5898
chr1	775414	775415	26	0.571
chr1	775439	775440	39	0.6666
chr1	775457	775458	28	0.6231
chr1	775502	775503	22	0.7104
chr1	775531	775532	26	0.6963
chr1	775555	775556	30	0.7133
chr1	775579	775580	17	0.6931
chr1	775594	775595	28	0.6391
chr1	775625	775626	33	0.6149
chr1	775651	775652	29	0.6096
chr1	775684	775685	40	0.5275
chr1	775716	775717	32	0.5905
chr1	775741	775742	23	0.4695
chr1	775772	775773	30	0.5716
chr1	775804	775805	27	0.5163
chr1	775830	775831	26	0.4754
chr1	775862	775863	40	0.5967
chr1	775889	775890	31	0.6809
chr1	775911	775912	32	0.5874
chr1	775931	775932	35	0.7831
chr1	775969	775970	37	0.6896
chr1	775984	775985	30	0.4057
chr1	776003	776004	34	0.4391
chr1	776075	776076	35	0.7244
chr1	776175	776176	28	0.7483
chr1	776252	776253	35	0.5744
chr1	776304	776305	29	0.7225
chr1	776370	776371	31	0.7228
chr1	776443	776444	22	0.5463
chr1	776504	776505	29	0.7592
chr1	776554	776555	37	0.4657
chr1	776650	776651	37	0.5523
chr1	776792	776793	29	0.5696
chr1	776860	776861	35	0.687
chr1	776990	776991	28	0.548
chr1	776992	776993	27	0.5729
chr1	777030	777031	34	0.5803
chr1	777059	777060	27	0.9442
chr1	777105	777106	25	0.6813
chr1	777134	777135	33	0.6073
chr1	777179	777180	30	0.8611
chr1	777207	777208	40	0.8625
chr1	777227	777228	30	0.5347
chr1	777277	777278	28	0.8379
chr1	777327	777328	29	0.6883
chr1	777352	777353	37	0.5105
chr1	777378	777379	31	0.5752
chr1	777397	777398	30	0.826
chr1	777430	777431	30	0.8223
chr1	777461	777462	23	0.7058
chr1	777488	777489	34	0.6086
chr1	777502	777503	33	0.5554
chr1	777579	777580	30	0.8916
chr1	777679	777680	29	0.748
chr1	777742	777743	26	0.7737
chr1	777842	777843	19	0.6492
chr1	777942	777943	28	0.7201
chr1	777982	777983	20	0.9222
chr1	778030	778031	27	0.7063
chr1	778042	778043	29	0.0274
chr1	778069	778070	24	0.0072
chr1	778106	778107	40	0.1426
chr1	778126	778127	27	0.0046
chr1	778176	778177	28	0.0
chr1	778206	778207	33	0.101
chr1	778256	778257	26	0.026
chr1	778291	778292	26	0.0326
chr1	778320	778321	26	0.0445
chr1	778340	778341	37	0.258
chr1	778371	778372	39	0.1532
chr1	778396	778397	32	0.0909
chr1	778420	778421	21	0.0064
chr1	778448	778449	25	0.0
chr1	778484	778485	20	0.0402
chr1	778584	778585	29	0.1096
chr1	778684	778685	24	0.0
chr1	778784	778785	23	0.0267
chr1	778834	778835	24	0.1483
chr1	778916	778917	32	0.1007
chr1	778932	778933	25	0.1405
chr1	778981	778982	30	0.721
chr1	779031	779032	41	0.7741
chr1	779081	779082	22	0.7241
chr1	779109	779110	28	0.6891
chr1	779143	779144	34	0.7697
chr1	779174	779175	34	0.7486
chr1	779214	779215	40	0.7874
chr1	779242	779243	19	0.8151
chr1	779287	779288	36	0.8343
chr1	779307	779308	30	0.8373
chr1	779328	779329	24	0.9296
chr1	779354	779355	38	0.5635
chr1	779375	779376	26	0.7877
chr1	779404	779405	27	0.6864
chr1	779454	779455	29	0.7072
chr1	779495	779496	32	0.7476
chr1	779572	779573	30	0.6787
chr1	779672	779673	33	0.7915
chr1	779723	779724	33	0.5884
chr1	779823	779824	26	0.687
chr1	779923	779924	38	0.9023
chr1	780005	780006	31	0.7981
chr1	780007	780008	26	0.7031
chr1	780012	780013	32	0.0
chr1	780027	780028	29	0.0965
chr1	780059	780060	29	0.0877
chr1	780090	780091	28	0.1167
chr1	780122	780123	33	0.1629
chr1	780137	780138	42	0.1252
chr1	780179	780180	33	0.0454
chr1	780202	780203	34	0.1951
chr1	780252	780253	21	0.0785
chr1	780280	780281	27	0.2558
chr1	780323	780324	28	0.06
chr1	780373	780374	31	0.1068
chr1	780388	780389	29	0.0459
chr1	780434	780435	39	0.0987
chr1	780470	780471	24	0.0549
chr1	780485	780486	36	0.1955
chr1	780516	780517	25	0.0013
chr1	780519	780520	14	0.1087
chr1	780619	780620	35	0.1413
chr1	780719	780720	33	0.0734
chr1	780819	780820	26	0.013
chr1	780919	780920	21	0.1904
chr1	780969	780970	30	0.1883
chr1	780979	780980	34	0.1842
chr1	781057	781058	32	0.1003
chr1	781079	781080	19	0.1254
chr1	781121	781122	24	0.0807
chr1	781179	781180	27	0.1394
chr1	781259	781260	28	0.0999
chr1	781291	781292	21	0.1114
chr1	781343	781344	37	0.138
chr1	781421	781422	33	0.1353
chr1	781431	781432	29	0.1572
chr1	781473	781474	18	0.1478
chr1	781504	781505	40	0.1375
chr1	781554	781555	31	0.2583
chr1	781604	781605	22	0.0793
chr1	781619	781620	37	0.1316
chr1	781653	781654	27	0.0561
chr1	781675	781676	27	0.187
chr1	781721	781722	27	0.0127
chr1	781771	781772	28	0.0847
chr1	781805	781806	22	0.1427
chr1	781839	781840	21	0.048
chr1	781875	781876	35	0.0099
chr1	781899	781900	31	0.2046
chr1	781933	781934	26	0.1008
chr1	781962	781963	23	0.0313
chr1	782012	782013	25	0.1453
chr1	782112	782113	34	0.2098
chr1	782174	782175	34	0.0
chr1	782224	782225	29	0.2165
chr1	782324	782325	36	0.0336
chr1	782424	782425	28	0.2611
chr1	782484	782485	34	0.043
chr1	782530	782531	34	0.8696
chr1	782564	782565	31	0.6873
chr1	782582	782583	33	0.8609
chr1	782610	782611	34	0.9264
chr1	782638	782639	29	0.6261
chr1	782688	782689	30	0.8056
chr1	782716	782717	27	0.8707
chr1	782766	782767	28	0.8046
chr1	782812	782813	35	0.7661
chr1	782832	782833	39	0.6772
chr1	782878	782879	36	0.726
chr1	782928	782929	30	0.8589
chr1	782942	782943	31	0.9072
chr1	783042	783043	29	1.0
chr1	783142	783143	19	0.7665
chr1	783242	783243	37	0.8579
chr1	783298	783299	30	0.7327
chr1	783348	783349	28	0.6171
chr1	783396	783397	21	0.7919
chr1	783431	783432	31	0.1967
chr1	783452	783453	37	0.2537
chr1	783500	783501	28	0.1038
chr1	783550	783551	26	0.3165
chr1	783574	783575	36	0.0
chr1	783599	783600	27	0.2002
chr1	783640	783641	32	0.1959
chr1	783662	783663	24	0.0504
chr1	783756	783757	28	0.2275
chr1	783792	783793	28	0.1839
chr1	783818	783819	27	0.2086
chr1	783851	783852	22	0.1799
chr1	783874	783875	33	0.2354
chr1	783889	783890	35	0.1998
chr1	783914	783915	30	0.2753
chr1	783934	783935	28	0.0833
chr1	783959	783960	22	0.1834
chr1	783974	783975	31	0.2095
chr1	783996	783997	29	0.2822
chr1	784012	784013	26	0.3295
chr1	784096	784097	39	0.1358
chr1	784146	784147	21	0.2057
chr1	784246	784247	27	0.1545
chr1	784329	784330	38	0.1199
chr1	784429	784430	31	0.1888
chr1	784479	784480	27	0.0639
chr1	784529	784530	28	0.2471
chr1	784559	784560	30	0.1358
chr1	784604	784605	27	0.6656
chr1	784634	784635	29	0.7681
chr1	784655	784656	24	0.8039
chr1	784705	784706	21	0.8061
chr1	784727	784728	23	0.7668
chr1	784747	784748	28	0.7436
chr1	784765	784766	34	0.6783
chr1	784801	784802	22	0.7661
chr1	784829	784830	24	0.9158
chr1	784856	784857	29	0.8237
chr1	784879	784880	31	0.6911
chr1	784896	784897	40	0.8935
chr1	784946	784947	25	0.7126
chr1	784981	784982	21	0.8568
chr1	785005	785006	37	0.6797
chr1	785021	785022	29	0.7351
chr1	785047	785048	25	0.6923
chr1	785088	785089	29	0.6951
chr1	785122	785123	23	0.8735
chr1	785222	785223	32	0.8187
chr1	785294	785295	31	0.824
chr1	785394	785395	40	0.7953
chr1	785494	785495	33	0.8001
chr1	785574	785575	32	0.7753
chr1	785666	785667	29	0.7839
chr1	785694	785695	34	0.2519
chr1	785744	785745	26	0.0
chr1	785767	785768	33	0.0132
chr1	785797	785798	31	0.1055
chr1	785847	785848	22	0.0501
chr1	785870	785871	25	0.1986
chr1	785900	785901	33	0.0
chr1	785915	785916	35	0.0492
chr1	785934	785935	28	0.1007
chr1	785984	785985	25	0.1887
chr1	786026	786027	36	0.0491
chr1	786076	786077	24	0.0
chr1	786126	786127	30	0.0035
chr1	786147	786148	33	0.0283
chr1	786172	786173	26	0.0285
chr1	786195	786196	30	0.0887
chr1	786213	786214	31	0.0497
chr1	786215	786216	21	0.0
chr1	786288	786289	29	0.1025
chr1	786344	786345	30	0.0209
chr1	786444	786445	29	0.0881
chr1	786544	786545	21	0.1508
chr1	786608	786609	30	0.0195
chr1	786676	786677	44	0.0823
chr1	786772	786773	28	0.0454
chr1	786796	786797	29	1.0
chr1	786812	786813	27	0.9543
chr1	786839	786840	27	0.9685
chr1	786861	786862	36	0.967
chr1	786882	786883	42	1.0
chr1	786932	786933	27	0.91
chr1	786971	786972	33	0.8853
chr1	787011	787012	32	0.8852
chr1	787042	787043	28	0.9128
chr1	787076	787077	25	1.0
chr1	787102	787103	38	1.0
chr1	787117	787118	36	0.8917
chr1	787146	787147	27	1.0
chr1	787171	787172	32	0.9183
chr1	787219	787220	26	1.0
chr1	787238	787239	31	0.9771
chr1	787279	787280	26	0.9515
chr1	787292	787293	28	0.899
chr1	787392	787393	26	0.9605
chr1	787460	787461	24	0.8238
chr1	787560	787561	27	0.97
chr1	787660	787661	25	0.9297
chr1	787710	787711	36	0.8663
chr1	787752	787753	24	0.8801
chr1	787770	787771	22	0.8964
chr1	787790	787791	33	0.361
chr1	787817	787818	29	0.2375
chr1	787867	787868	33	0.3048
chr1	787882	787883	37	0.2169
chr1	787913	787914	31	0.1459
chr1	787943	787944	34	0.2781
chr1	787993	787994	36	0.1168
chr1	788017	788018	34	0.1286
chr1	788052	788053	26	0.211
chr1	788070	788071	21	0.3666
chr1	788085	788086	33	0.2791
chr1	788122	788123	34	0.2137
chr1	788172	788173	30	0.2653
chr1	788218	788219	29	0.2722
chr1	788237	788238	36	0.122
chr1	788272	788273	20	0.206
chr1	788303	788304	26	0.2089
chr1	788311	788312	36	0.1813
chr1	788410	788411	20	0.3104
chr1	788462	788463	32	0.1193
chr1	788522	788523	39	0.2617
chr1	788585	788586	35	0.2718
chr1	788685	788686	26	0.2794
chr1	788785	788786	22	0.0366
chr1	788815	788816	29	0.2737
chr1	788827	788828	29	0.3377
chr1	788856	788857	34	0.2141
chr1	788906	788907	38	0.3471
chr1	788923	788924	34	0.2218
chr1	788958	788959	30	0.1597
chr1	788998	788999	26	0.4385
chr1	789013	789014	33	0.0
chr1	789063	789064	31	0.0853
chr1	789085	789086	32	0.0867
chr1	789126	789127	26	0.1197
chr1	789142	789143	35	0.244
chr1	789166	789167	25	0.2268
chr1	789181	789182	29	0.2464
chr1	789231	789232	34	0.2653
chr1	789253	789254	29	0.2491
chr1	789281	789282	29	0.4139
chr1	789302	789303	25	0.3221
chr1	789329	789330	40	0.1508
chr1	789369	789370	25	0.2792
chr1	789377	789378	23	0.1427
chr1	789477	789478	25	0.2378
chr1	789527	789528	20	0.231
chr1	789627	789628	33	0.2075
chr1	789703	789704	31	0.3572
chr1	789803	789804	26	0.1484
chr1	789845	789846	36	0.2495
chr1	789901	789902	31	0.2913
chr1	789912	789913	26	0.7749
chr1	789939	789940	28	0.6064
chr1	789959	789960	28	0.7228
chr1	789974	789975	30	0.9338
chr1	790002	790003	35	0.8157
chr1	790048	790049	33	0.7941
chr1	790073	790074	27	0.905
chr1	790099	790100	30	0.8572
chr1	790124	790125	26	0.7347
chr1	790143	790144	32	0.8075
chr1	790179	790180	34	0.8103
chr1	790229	790230	34	0.7707
chr1	790279	790280	23	0.754
chr1	790327	790328	50	0.8261
chr1	790353	790354	26	0.9884
chr1	790378	790379	28	0.8242
chr1	790399	790400	22	0.9973
chr1	790425	790426	33	0.7755
chr1	790499	790500	31	0.7488
chr1	790564	790565	32	0.7913
chr1	790664	790665	25	0.7601
chr1	790757	790758	22	0.9106
chr1	790848	790849	31	0.7389
chr1	790898	790899	29	0.8032
chr1	790908	790909	33	0.8754
chr1	790938	790939	33	0.484
chr1	790967	790968	30	0.5518
chr1	791009	791010	29	0.6878
chr1	791024	791025	34	0.7547
chr1	791045	791046	36	0.5338
chr1	791060	791061	29	0.6618
chr1	791083	791084	23	0.669
chr1	791099	791100	33	0.5446
chr1	791146	791147	27	0.6068
chr1	791161	791162	31	0.6476
chr1	791178	791179	25	0.3957
chr1	791227	791228	33	0.809
chr1	791256	791257	31	0.6419
chr1	791302	791303	33	0.6062
chr1	791329	791330	27	0.6201
chr1	791350	791351	25	0.706
chr1	791400	791401	31	0.5562
chr1	791421	791422	24	0.5538
chr1	791488	791489	25	0.5112
chr1	791588	791589	39	0.6794
chr1	791678	791679	31	0.6259
chr1	791739	791740	31	0.6842
chr1	791814	791815	36	0.7591
chr1	791893	791894	36	0.7396
chr1	791955	791956	36	0.6088
chr1	791959	791960	27	0.5222
chr1	791969	791970	25	0.4111
chr1	791993	791994	27	0.4146
chr1	792022	792023	32	0.5582
chr1	792037	792038	32	0.5819
chr1	792087	792088	30	0.7399
chr1	792110	792111	28	0.5966
chr1	792148	792149	37	0.5575
chr1	792198	792199	33	0.5643
chr1	792223	792224	38	0.6004
chr1	792251	792252	13	0.4923
chr1	792283	792284	27	0.5221
chr1	792303	792304	37	0.4721
chr1	792339	792340	35	0.5357
chr1	792354	792355	25	0.5179
chr1	792402	792403	28	0.5106
chr1	792420	792421	30	0.587
chr1	792451	792452	23	0.7032
chr1	792479	792480	25	0.7194
chr1	792481	792482	31	0.6708
chr1	792547	792548	30	0.6532
chr1	792645	792646	34	0.5218
chr1	792745	792746	36	0.5553
chr1	792795	792796	34	0.6018
chr1	792860	792861	24	0.6526
chr1	792942	792943	27	0.5338
chr1	792952	792953	29	0.4542
chr1	792986	792987	25	0.3971
chr1	792994	792995	28	0.5268
chr1	793106	793107	27	0.6541
chr1	793108	793109	20	0.4147
chr1	793212	793213	30	0.705
chr1	793224	793225	22	0.603
chr1	793370	793371	36	0.5318
chr1	793414	793415	30	0.7055
chr1	793451	793452	33	0.7673
chr1	793501	793502	31	0.9018
chr1	793551	793552	19	0.9526
chr1	793601	793602	33	0.9245
chr1	793616	793617	31	0.9464
chr1	793638	793639	30	0.8012
chr1	793688	793689	30	0.8527
chr1	793711	793712	30	0.9799
chr1	793761	793762	29	0.8774
chr1	793784	793785	33	0.8856
chr1	793834	793835	23	0.8123
chr1	793855	793856	32	0.839
chr1	793891	793892	39	0.8501
chr1	793899	793900	29	0.9555
chr1	793999	794000	26	0.8907
chr1	794099	794100	35	0.7805
chr1	794199	794200	24	0.8468
chr1	794276	794277	35	0.7417
chr1	794310	794311	26	0.728
chr1	794320	794321	40	0.8695
chr1	794368	794369	29	0.0973
chr1	794418	794419	39	0.1382
chr1	794449	794450	25	0.1306
chr1	794477	794478	22	0.2537
chr1	794498	794499	32	0.295
chr1	794515	794516	32	0.2487
chr1	794541	794542	27	0.1316
chr1	794563	794564	31	0.0019
chr1	794591	794592	30	0.2384
chr1	794637	794638	36	0.1656
chr1	794673	794674	29	0.0
chr1	794706	794707	20	0.1229
chr1	794750	794751	33	0.251
chr1	794779	794780	26	0.1203
chr1	794829	794830	31	0.0559
chr1	794854	794855	34	0.1148
chr1	794887	794888	34	0.1209
chr1	794888	794889	32	0.1407
chr1	794988	794989	33	0.217
chr1	795088	795089	35	0.2126
chr1	795188	795189	29	0.21
chr1	795253	795254	30	0.2209
chr1	795353	795354	22	0.1685
chr1	795403	795404	31	0.2898
chr1	795485	795486	24	0.2874
chr1	795489	795490	36	0.099
chr1	795494	795495	31	0.714
chr1	795519	795520	32	0.7694
chr1	795569	795570	19	0.8783
chr1	795586	795587	36	0.7894
chr1	795631	795632	20	0.706
chr1	795672	795673	38	0.6804
chr1	795714	795715	27	0.4838
chr1	795764	795765	31	0.763
chr1	795799	795800	26	0.7663
chr1	795833	795834	27	0.532
chr1	795872	795873	33	0.7075
chr1	795913	795914	28	0.6151
chr1	795943	795944	36	0.7034
chr1	795966	795967	27	0.7526
chr1	795998	795999	30	0.8908
chr1	796017	796018	32	0.6743
chr1	796065	796066	26	0.6809
chr1	796080	796081	26	0.5773
chr1	796180	796181	21	0.6652
chr1	796245	796246	24	0.5813
chr1	796319	796320	27	0.5849
chr1	796384	796385	28	0.4587
chr1	796575	796576	28	0.7258
chr1	796685	796686	36	0.5154
chr1	796745	796746	38	0.8202
chr1	796763	796764	33	0.7126
chr1	796785	796786	34	0.665
chr1	796883	796884	19	0.6864
chr1	796885	796886	26	0.7473
chr1	796983	796984	23	0.716
chr1	797029	797030	31	0.6573
chr1	797075	797076	22	0.9116
chr1	797090	797091	30	0.7811
chr1	797118	797119	34	0.8189
chr1	797138	797139	28	0.8394
chr1	797164	797165	31	0.707
chr1	797191	797192	29	0.8281
chr1	797223	797224	29	0.7864
chr1	797247	797248	24	0.8776
chr1	797275	797276	34	0.8528
chr1	797299	797300	31	0.7214
chr1	797340	797341	36	0.8481
chr1	797386	797387	27	0.7519
chr1	797402	797403	33	0.7839
chr1	797445	797446	33	0.7569
chr1	797464	797465	35	0.8684
chr1	797492	797493	36	0.8104
chr1	797521	797522	26	0.8046
chr1	797548	797549	34	0.7463
chr1	797582	797583	32	0.7982
chr1	797597	797598	23	0.9931
chr1	797697	797698	22	0.8215
chr1	797747	797748	35	0.9018
chr1	797847	797848	18	0.7798
chr1	797897	797898	29	0.7386
chr1	797951	797952	25	0.8088
chr1	798022	798023	31	0.7391
chr1	798076	798077	14	0.8364
chr1	798110	798111	36	0.7417
chr1	798126	798127	27	0.8247
chr1	798141	798142	29	0.8513
chr1	798167	798168	31	0.6623
chr1	798199	798200	29	0.8423
chr1	798228	798229	25	0.7287
chr1	798243	798244	21	0.7795
chr1	798286	798287	34	0.6767
chr1	798329	798330	23	1.0
chr1	798347	798348	32	0.557
chr1	798397	798398	35	0.4377
chr1	798447	798448	37	0.6654
chr1	798474	798475	37	0.8349
chr1	798503	798504	24	0.4714
chr1	798526	798527	39	0.6533
chr1	798541	798542	25	0.7598
chr1	798562	798563	29	1.0
chr1	798598	798599	28	0.885
chr1	798634	798635	34	0.6452
chr1	798734	798735	35	0.771
chr1	798834	798835	32	0.5483
chr1	798934	798935	27	0.5878
chr1	798996	798997	20	0.6896
chr1	799096	799097	29	0.5008
chr1	799192	799193	25	0.6122
chr1	799209	799210	37	0.7495
chr1	799259	799260	34	0.8408
chr1	799295	799296	31	0.861
chr1	799317	799318	27	0.8803
chr1	799342	799343	34	0.7979
chr1	799375	799376	33	0.7186
chr1	799404	799405	27	0.5581
chr1	799430	799431	30	0.7342
chr1	799480	799481	30	0.8774
chr1	799506	799507	30	0.8417
chr1	799521	799522	32	0.8225
chr1	799546	799547	23	0.7536
chr1	799573	799574	26	0.6942
chr1	799618	799619	33	0.7535
chr1	799633	799634	27	0.7335
chr1	799664	799665	32	0.8289
chr1	799764	799765	36	0.8835
chr1	799821	799822	22	0.8362
chr1	799921	799922	25	0.7475
chr1	799971	799972	26	0.9212
chr1	800071	800072	29	0.808
chr1	800095	800096	37	0.7822
chr1	800151	800152	36	0.6293
chr1	800159	800160	30	0.7888
chr1	800197	800198	28	0.5567
chr1	800219	800220	29	0.6229
chr1	800255	800256	31	0.821
chr1	800283	800284	26	0.5224
chr1	800323	800324	29	0.73
chr1	800341	800342	33	0.7738
chr1	800362	800363	37	0.5811
chr1	800395	800396	35	0.6468
chr1	800445	800446	27	0.6734
chr1	800460	800461	20	0.5774
chr1	800483	800484	28	0.5978
chr1	800510	800511	37	0.6784
chr1	800535	800536	33	0.5249
chr1	800557	800558	31	0.7731
chr1	800572	800573	26	0.6136
chr1	800610	800611	21	0.5378
chr1	800629	800630	36	0.5471
chr1	800689	800690	20	0.5573
chr1	800789	800790	36	0.5293
chr1	800889	800890	27	0.4962
chr1	800939	800940	31	0.6759
chr1	801039	801040	25	0.6637
chr1	801089	801090	34	0.5778
chr1	801113	801114	31	0.7314
chr1	801125	801126	30	0.7851
chr1	801159	801160	24	0.6004
chr1	801353	801354	28	0.5133
chr1	801421	801422	26	0.504
chr1	801423	801424	35	0.53
chr1	801477	801478	25	0.772
chr1	801487	801488	32	0.0557
chr1	801537	801538	37	0.0661
chr1	801572	801573	30	0.0
chr1	801619	801620	34	0.0
chr1	801638	801639	32	0.1149
chr1	801653	801654	31	0.0
chr1	801668	801669	24	0.0693
chr1	801686	801687	32	0.0
chr1	801726	801727	26	0.0365
chr1	801776	801777	21	0.0775
chr1	801826	801827	36	0.0517
chr1	801848	801849	23	0.1204
chr1	801885	801886	33	0.0765
chr1	801900	801901	37	0.0483
chr1	801950	801951	33	0.0267
chr1	801970	801971	38	0.093
chr1	802052	802053	28	0.0932
chr1	802152	802153	31	0.0002
chr1	802243	802244	29	0.0
chr1	802307	802308	36	0.0394
chr1	802357	802358	30	0.0
chr1	802440	802441	28	0.0
chr1	802442	802443	34	0.1415
chr1	802462	802463	32	0.151
chr1	802538	802539	25	0.1481
chr1	802640	802641	22	0.0862
chr1	802652	802653	20	0.208
chr1	802678	802679	21	0.2812
chr1	802882	802883	27	0.0926
chr1	802892	802893	32	0.1015
chr1	802934	802935	28	0.1
chr1	802940	802941	25	0.7904
chr1	802955	802956	27	0.8332
chr1	802992	802993	30	0.6769
chr1	803025	803026	25	0.8537
chr1	803040	803041	29	0.8624
chr1	803090	803091	24	0.8095
chr1	803128	803129	37	0.8901
chr1	803155	803156	28	0.7523
chr1	803198	803199	30	0.7631
chr1	803227	803228	28	0.7168
chr1	803242	803243	33	0.6872
chr1	803280	803281	32	0.6882
chr1	803318	803319	29	0.8411
chr1	803348	803349	34	0.8689
chr1	803383	803384	24	0.5935
chr1	803419	803420	23	0.9349
chr1	803434	803435	19	0.7369
chr1	803447	803448	31	0.7917
chr1	803530	803531	33	0.7114
chr1	803630	803631	25	0.7459
chr1	803680	803681	28	0.7348
chr1	803780	803781	28	0.8312
chr1	803880	803881	28	0.6972
chr1	803930	803931	39	0.7551
chr1	803994	803995	32	0.848
chr1	804058	804059	27	0.6972
chr1	804116	804117	36	0.8589
chr1	804130	804131	23	0.7593
chr1	804150	804151	30	0.8409
chr1	804166	804167	34	0.7093
chr1	804214	804215	26	0.8646
chr1	804328	804329	34	0.903
chr1	804360	804361	30	0.7391
chr1	804366	804367	28	0.9242
chr1	804381	804382	21	0.9124
chr1	804430	804431	39	0.927
chr1	804445	804446	31	0.8041
chr1	804495	804496	27	0.8937
chr1	804510	804511	33	1.0
chr1	804546	804547	33	1.0
chr1	804571	804572	29	0.8582
chr1	804621	804622	31	0.9054
chr1	804645	804646	29	0.9559
chr1	804672	804673	30	0.9874
chr1	804689	804690	23	0.9595
chr1	804714	804715	35	0.9056
chr1	804764	804765	26	0.9546
chr1	804802	804803	24	0.9383
chr1	804830	804831	31	0.9745
chr1	804930	804931	28	0.9448
chr1	805030	805031	31	1.0
chr1	805080	805081	22	0.7514
chr1	805180	805181	30	0.9864
chr1	805249	805250	39	0.8696
chr1	805251	805252	41	0.8765
chr1	805253	805254	28	0.8577
chr1	805289	805290	35	0.8692
chr1	805367	805368	27	0.7757
chr1	805695	805696	25	0.8557
chr1	805701	805702	36	0.8206
chr1	805741	805742	30	0.6921
chr1	805763	805764	39	0.8333
chr1	805778	805779	31	0.6264
chr1	805793	805794	32	0.6422
chr1	805809	805810	34	0.7838
chr1	805833	805834	35	0.8426
chr1	805848	805849	33	0.8419
chr1	805898	805899	32	0.8026
chr1	805913	805914	34	0.8253
chr1	805957	805958	37	0.7148
chr1	805983	805984	28	0.6845
chr1	806000	806001	35	0.9085
chr1	806018	806019	29	0.8617
chr1	806042	806043	35	0.826
chr1	806064	806065	34	0.8264
chr1	806090	806091	29	0.9138
chr1	806123	806124	30	0.8677
chr1	806223	806224	34	0.8379
chr1	806323	806324	29	0.7214
chr1	806423	806424	29	0.7342
chr1	806473	806474	22	0.8298
chr1	806483	806484	29	0.7862
chr1	806487	806488	29	0.7981
chr1	806527	806528	30	0.7433
chr1	806541	806542	21	0.6646
chr1	806595	806596	38	0.6938
chr1	806611	806612	37	0.5542
chr1	806629	806630	27	0.6141
chr1	806845	806846	30	0.8652
chr1	806899	806900	34	0.7777
chr1	806939	806940	26	0.6745
chr1	806963	806964	30	0.697
chr1	806995	806996	29	0.4996
chr1	807045	807046	31	0.6953
chr1	807065	807066	32	0.7399
chr1	807107	807108	32	0.6652
chr1	807143	807144	39	0.5387
chr1	807167	807168	27	0.6192
chr1	807192	807193	24	0.4826
chr1	807226	807227	39	0.6873
chr1	807248	807249	26	0.5821
chr1	807270	807271	28	0.6739
chr1	807289	807290	28	0.8021
chr1	807328	807329	31	0.5973
chr1	807350	807351	16	0.6695
chr1	807394	807395	32	0.7148
chr1	807423	807424	28	0.7211
chr1	807450	807451	39	0.6745
chr1	807473	807474	26	0.6074
chr1	807484	807485	28	0.6822
chr1	807535	807536	46	0.6946
chr1	807586	807587	28	0.7157
chr1	807636	807637	31	0.5729
chr1	807736	807737	36	0.6303
chr1	807786	807787	28	0.5768
chr1	807836	807837	27	0.6213
chr1	807893	807894	29	0.7161
chr1	807993	807994	25	0.5479
chr1	808021	808022	29	0.4959
chr1	808049	808050	29	0.6139
chr1	808077	808078	31	0.623
chr1	808102	808103	32	0.6642
chr1	808125	808126	27	0.7228
chr1	808140	808141	32	0.7245
chr1	808158	808159	33	0.7621
chr1	808173	808174	36	0.8119
chr1	808206	808207	29	0.8602
chr1	808232	808233	27	0.7386
chr1	808247	808248	31	0.7846
chr1	808262	808263	23	0.6569
chr1	808281	808282	29	0.8384
chr1	808309	808310	22	0.8268
chr1	808331	808332	28	0.7135
chr1	808367	808368	33	0.6367
chr1	808392	808393	34	0.6954
chr1	808408	808409	33	0.6173
chr1	808423	808424	25	0.7151
chr1	808452	808453	27	0.7125
chr1	808486	808487	32	0.8301
chr1	808505	808506	27	0.7916
chr1	808555	808556	16	0.7162
chr1	808559	808560	25	0.6255
chr1	808659	808660	23	0.7037
chr1	808759	808760	32	0.8032
chr1	808859	808860	34	0.8444
chr1	808909	808910	29	0.8187
chr1	808959	808960	37	0.7744
chr1	809033	809034	31	0.7433
chr1	809080	809081	31	0.6924
chr1	809102	809103	29	0.7805
chr1	809126	809127	27	0.7921
chr1	809157	809158	22	0.7208
chr1	809207	809208	29	0.7131
chr1	809227	809228	23	0.7847
chr1	809259	809260	35	0.7787
chr1	809309	809310	33	0.631
chr1	809356	809357	22	0.6992
chr1	809374	809375	26	0.7594
chr1	809399	809400	38	0.5919
chr1	809449	809450	25	0.6418
chr1	809482	809483	24	0.8194
chr1	809521	809522	25	0.5712
chr1	809571	809572	31	0.6293
chr1	809602	809603	32	0.8361
chr1	809620	809621	28	0.7865
chr1	809663	809664	31	0.6741
chr1	809708	809709	34	0.6634
chr1	809808	809809	27	0.5775
chr1	809908	809909	34	0.6642
chr1	810008	810009	26	0.7475
chr1	810108	810109	27	0.5213
chr1	810158	810159	27	0.7794
chr1	810258	810259	37	0.7543
chr1	810330	810331	27	0.7807
chr1	810424	810425	37	0.7964
chr1	810468	810469	34	0.6425
chr1	810501	810502	30	0.6377
chr1	810551	810552	28	0.8856
chr1	810566	810567	35	0.7888
chr1	810604	810605	34	0.8338
chr1	810654	810655	26	0.7374
chr1	810677	810678	23	0.7213
chr1	810727	810728	25	0.7118
chr1	810762	810763	30	0.8346
chr1	810787	810788	31	0.7558
chr1	810809	810810	36	0.8141
chr1	810841	810842	23	0.7919
chr1	810865	810866	36	0.7386
chr1	810900	810901	33	0.7773
chr1	810950	810951	30	0.8248
chr1	810960	810961	26	0.6781
chr1	811047	811048	36	0.7283
chr1	811147	811148	31	0.7471
chr1	811247	811248	37	0.7637
chr1	811347	811348	39	0.6579
chr1	811447	811448	27	0.82
chr1	811459	811460	34	0.7212
chr1	811476	811477	27	0.7519
chr1	811525	811526	26	0.8221
chr1	811564	811565	34	0.8301
chr1	811599	811600	26	0.5979
chr1	811636	811637	25	0.6168
chr1	811678	811679	27	0.7553
chr1	811703	811704	30	0.9617
chr1	811724	811725	25	0.7574
chr1	811759	811760	34	0.4382
chr1	811801	811802	35	0.58
chr1	811846	811847	37	0.7766
chr1	811891	811892	30	0.4937
chr1	811933	811934	32	0.8544
chr1	811977	811978	33	0.6945
chr1	812027	812028	27	0.598
chr1	812054	812055	33	0.3811
chr1	812091	812092	28	0.8656
chr1	812191	812192	25	0.8884
chr1	812266	812267	37	0.6483
chr1	812317	812318	25	0.606
chr1	812380	812381	29	0.4226
chr1	812480	812481	33	0.8709
chr1	812548	812549	28	0.6104
chr1	812598	812599	25	0.5043
chr1	812664	812665	31	0.8368
chr1	812780	812781	35	0.7133
chr1	812824	812825	32	0.2731
chr1	812874	812875	19	0.1653
chr1	812924	812925	33	0.18
chr1	812959	812960	27	0.0822
chr1	812976	812977	33	0.2432
chr1	813020	813021	24	0.076
chr1	813059	813060	32	0.1087
chr1	813082	813083	25	0.2034
chr1	813097	813098	25	0.0473
chr1	813147	813148	26	0.1431
chr1	813185	813186	23	0.173
chr1	813203	813204	32	0.1501
chr1	813253	813254	29	0.0658
chr1	813273	813274	25	0.0929
chr1	813311	813312	31	0.0226
chr1	813333	813334	24	0.1957
chr1	813369	813370	26	0.0685
chr1	813468	813469	31	0.0
chr1	813538	813539	17	0.0545
chr1	813612	813613	29	0.1094
chr1	813712	813713	22	0.1927
chr1	813812	813813	26	0.1889
chr1	813886	813887	27	0.1795
chr1	813924	813925	37	0.1315
chr1	813931	813932	28	0.8869
chr1	813960	813961	30	0.7943
chr1	814010	814011	26	0.7301
chr1	814055	814056	37	0.6514
chr1	814097	814098	26	0.8249
chr1	814147	814148	28	0.7175
chr1	814162	814163	22	0.8457
chr1	814212	814213	26	0.6731
chr1	814235	814236	31	0.8474
chr1	814259	814260	24	0.7994
chr1	814309	814310	25	0.8471
chr1	814319	814320	26	0.6941
chr1	814407	814408	27	0.9233
chr1	814468	814469	24	0.8312
chr1	814531	814532	25	0.919
chr1	814581	814582	31	0.7061
chr1	814643	814644	24	0.9167
chr1	814649	814650	31	0.7506
chr1	814695	814696	36	0.8253
chr1	814773	814774	23	0.7567
chr1	814815	814816	26	0.82
chr1	814833	814834	23	0.8113
chr1	814877	814878	34	0.8096
chr1	814896	814897	23	0.5811
chr1	814930	814931	26	0.6796
chr1	814949	814950	25	0.5404
chr1	814964	814965	30	0.769
chr1	815014	815015	34	0.4803
chr1	815030	815031	24	0.6327
chr1	815074	815075	27	0.5232
chr1	815099	815100	36	0.6651
chr1	815128	815129	26	0.5688
chr1	815178	815179	32	0.4657
chr1	815215	815216	29	0.6975
chr1	815264	815265	40	0.4341
chr1	815314	815315	30	0.5113
chr1	815329	815330	23	0.6818
chr1	815379	815380	41	0.5147
chr1	815409	815410	31	0.5548
chr1	815413	815414	23	0.4504
chr1	815468	815469	34	0.7416
chr1	815547	815548	23	0.5294
chr1	815647	815648	26	0.6001
chr1	815747	815748	38	0.7863
chr1	815847	815848	29	0.6301
chr1	815885	815886	38	0.5072
chr1	815945	815946	35	0.7223
chr1	815994	815995	29	0.7278
chr1	816009	816010	43	0.8355
chr1	816052	816053	35	0.8399
chr1	816069	816070	29	0.6691
chr1	816088	816089	34	0.7729
chr1	816135	816136	21	0.6926
chr1	816160	816161	25	0.7599
chr1	816190	816191	24	0.7011
chr1	816205	816206	32	0.6731
chr1	816236	816237	35	0.6127
chr1	816267	816268	33	0.7306
chr1	816317	816318	31	0.5989
chr1	816334	816335	38	0.6037
chr1	816380	816381	28	0.7558
chr1	816423	816424	32	0.6705
chr1	816452	816453	37	0.7052
chr1	816467	816468	33	0.7236
chr1	816506	816507	26	0.7418
chr1	816512	816513	29	0.8717
chr1	816612	816613	30	0.7735
chr1	816712	816713	42	0.6812
chr1	816777	816778	21	0.6168
chr1	816865	816866	25	0.7853
chr1	816915	816916	34	0.7376
chr1	817015	817016	29	0.6656
chr1	817023	817024	32	0.8009
chr1	817068	817069	33	0.863
chr1	817098	817099	28	0.9981
chr1	817144	817145	30	0.9029
chr1	817161	817162	21	0.8559
chr1	817176	817177	35	0.8142
chr1	817191	817192	23	0.856
chr1	817225	817226	31	0.9735
chr1	817275	817276	35	0.9312
chr1	817323	817324	35	0.9828
chr1	817349	817350	30	0.9031
chr1	817388	817389	25	0.8925
chr1	817432	817433	37	0.8959
chr1	817450	817451	28	0.958
chr1	817472	817473	38	0.901
chr1	817496	817497	26	0.8817
chr1	817546	817547	37	0.8179
chr1	817578	817579	27	0.7607
chr1	817678	817679	36	0.8618
chr1	817769	817770	32	0.9468
chr1	817825	817826	38	1.0
chr1	817925	817926	33	0.8696
chr1	817975	817976	36	1.0
chr1	818062	818063	31	1.0
chr1	818080	818081	35	0.9083
chr1	818094	818095	27	0.9806
chr1	818137	818138	27	0.2585
chr1	818180	818181	31	0.106
chr1	818230	818231	30	0.1822
chr1	818261	818262	33	0.2628
chr1	818286	818287	33	0.1636
chr1	818325	818326	35	0.1669
chr1	818340	818341	28	0.0084
chr1	818390	818391	39	0.2196
chr1	818421	818422	23	0.1941
chr1	818445	818446	28	0.1742
chr1	818476	818477	42	0.1238
chr1	818505	818506	30	0.229
chr1	818528	818529	24	0.1663
chr1	818544	818545	30	0.251
chr1	818560	818561	31	0.0795
chr1	818610	818611	32	0.3721
chr1	818632	818633	25	0.1487
chr1	818657	818658	32	0.1572
chr1	818673	818674	34	0.1996
chr1	818690	818691	26	0.2595
chr1	818716	818717	26	0.1973
chr1	818731	818732	30	0.1656
chr1	818829	818830	43	0.2585
chr1	818879	818880	19	0.185
chr1	818929	818930	33	0.2236
chr1	819020	819021	37	0.2102
chr1	819081	819082	28	0.1415
chr1	819181	819182	38	0.0357
chr1	819281	819282	29	0.1981
chr1	819375	819376	28	0.1011
chr1	819418	819419	30	0.8863
chr1	819451	819452	23	0.9609
chr1	819470	819471	33	0.755
chr1	819514	819515	44	0.8531
chr1	819536	819537	25	0.8389
chr1	819586	819587	32	0.7784
chr1	819625	819626	27	0.9016
chr1	819658	819659	34	0.8566
chr1	819696	819697	29	0.9307
chr1	819744	819745	32	0.8967
chr1	819763	819764	28	1.0
chr1	819790	819791	27	0.7357
chr1	819831	819832	29	0.9873
chr1	819861	819862	22	0.8332
chr1	819911	819912	27	0.8859
chr1	819917	819918	27	0.6522
chr1	820017	820018	21	0.8532
chr1	820117	820118	23	0.7907
chr1	820202	820203	28	0.7842
chr1	820302	820303	28	0.7829
chr1	820402	820403	27	0.9666
chr1	820418	820419	33	0.9261
chr1	820447	820448	41	0.9357
chr1	820478	820479	31	0.7986
chr1	820500	820501	31	0.9584
chr1	820516	820517	25	0.9269
chr1	820549	820550	26	0.9633
chr1	820599	820600	20	0.9766
chr1	820620	820621	34	0.8803
chr1	820664	820665	23	0.8661
chr1	820687	820688	27	0.9389
chr1	820717	820718	27	0.8487
chr1	820744	820745	25	0.9022
chr1	820794	820795	24	0.8243
chr1	820810	820811	26	0.8756
chr1	820838	820839	30	0.8207
chr1	820873	820874	20	0.8146
chr1	820892	820893	24	0.9024
chr1	820907	820908	35	0.7676
chr1	820957	820958	24	0.9719
chr1	821057	821058	36	0.8052
chr1	821157	821158	35	0.9488
chr1	821233	821234	29	1.0
chr1	821333	821334	29	0.8544
chr1	821361	821362	28	0.8216
chr1	821393	821394	32	0.8427
chr1	821443	821444	32	0.0796
chr1	821493	821494	26	0.1553
chr1	821517	821518	31	0.1973
chr1	821550	821551	28	0.1653
chr1	821571	821572	31	0.2658
chr1	821604	821605	34	0.2278
chr1	821619	821620	34	0.0554
chr1	821634	821635	26	0.1357
chr1	821684	821685	31	0.1623
chr1	821699	821700	35	0.1368
chr1	821743	821744	34	0.033
chr1	821758	821759	29	0.1369
chr1	821777	821778	33	0.1294
chr1	821813	821814	29	0.1242
chr1	821840	821841	31	0.1016
chr1	821858	821859	36	0.012
chr1	821888	821889	19	0.0986
chr1	821924	821925	28	0.1098
chr1	821964	821965	37	0.0725
chr1	821997	821998	26	0.2453
chr1	822012	822013	32	0.1237
chr1	822030	822031	16	0.1751
chr1	822130	822131	38	0.1982
chr1	822230	822231	28	0.1656
chr1	822330	822331	30	0.1224
chr1	822380	822381	38	0.1421
chr1	822448	822449	29	0.1282
chr1	822548	822549	22	0.2583
chr1	822608	822609	23	0.1822
chr1	822610	822611	28	0.2499
chr1	822614	822615	24	0.1835
chr1	822634	822635	31	0.034
chr1	822671	822672	30	0.0287
chr1	822698	822699	29	0.17
chr1	822722	822723	29	0.1711
chr1	822751	822752	35	0.1274
chr1	822780	822781	24	0.0607
chr1	822818	822819	35	0.1435
chr1	822833	822834	27	0.0643
chr1	822850	822851	24	0.1022
chr1	822877	822878	28	0.241
chr1	822897	822898	31	0.1879
chr1	822932	822933	33	0.1372
chr1	822982	822983	32	0.0288
chr1	823007	823008	18	0.2722
chr1	823024	823025	26	0.1548
chr1	823056	823057	37	0.0014
chr1	823156	823157	26	0.1404
chr1	823236	823237	28	0.1496
chr1	823336	823337	38	0.1186
chr1	823436	823437	42	0.0649
chr1	823466	823467	33	0.108
chr1	823497	823498	35	0.9717
chr1	823516	823517	27	0.982
chr1	823539	823540	25	0.994
chr1	823589	823590	26	0.7869
chr1	823637	823638	36	0.9853
chr1	823665	823666	29	0.6956
chr1	823691	823692	32	0.8228
chr1	823709	823710	33	0.9072
chr1	823725	823726	22	0.8135
chr1	823753	823754	27	0.8953
chr1	823774	823775	26	0.9425
chr1	823798	823799	30	0.9528
chr1	823835	823836	32	0.9276
chr1	823864	823865	15	0.7819
chr1	823897	823898	24	0.8285
chr1	823921	823922	38	0.9463
chr1	823952	823953	24	0.7771
chr1	823953	823954	27	0.8707
chr1	824015	824016	21	0.8629
chr1	824115	824116	23	0.847
chr1	824215	824216	29	0.7665
chr1	824310	824311	41	0.9379
chr1	824366	824367	30	0.8446
chr1	824424	824425	30	0.8201
chr1	824458	824459	32	0.6797
chr1	824481	824482	24	0.4638
chr1	824519	824520	23	0.6593
chr1	824534	824535	22	0.6757
chr1	824555	824556	25	0.5594
chr1	824580	824581	45	0.5231
chr1	824603	824604	34	0.597
chr1	824618	824619	30	0.6205
chr1	824637	824638	28	0.4883
chr1	824654	824655	27	0.4973
chr1	824688	824689	28	0.7085
chr1	824736	824737	27	0.7563
chr1	824753	824754	32	0.6416
chr1	824770	824771	39	0.6895
chr1	824795	824796	26	0.7547
chr1	824818	824819	24	0.6783
chr1	824850	824851	24	0.5131
chr1	824872	824873	28	0.8068
chr1	824902	824903	22	0.5658
chr1	825002	825003	39	0.5661
chr1	825102	825103	27	0.5716
chr1	825202	825203	31	0.6522
chr1	825302	825303	31	0.5341
chr1	825346	825347	32	0.642
chr1	825390	825391	34	0.7302
chr1	825395	825396	24	0.7856
chr1	825428	825429	27	0.7976
chr1	825451	825452	29	0.8365
chr1	825490	825491	29	0.8496
chr1	825540	825541	30	0.8656
chr1	825566	825567	30	0.8172
chr1	825608	825609	32	0.9629
chr1	825627	825628	26	0.8733
chr1	825663	825664	28	0.808
chr1	825678	825679	24	0.735
chr1	825704	825705	32	0.7894
chr1	825719	825720	27	0.8985
chr1	825744	825745	30	1.0
chr1	825777	825778	29	0.898
chr1	825815	825816	32	0.8634
chr1	825833	825834	27	0.8851
chr1	825846	825847	26	0.8819
chr1	825946	825947	33	0.7666
chr1	826017	826018	27	0.9242
chr1	826082	826083	32	0.8622
chr1	826178	826179	23	0.9009
chr1	826243	826244	29	0.8072
chr1	826247	826248	25	0.8931
chr1	826255	826256	31	0.7197
chr1	826377	826378	32	0.8947
chr1	826391	826392	29	0.7742
chr1	826465	826466	34	0.8506
chr1	826471	826472	29	0.8589
chr1	826573	826574	30	0.9341
chr1	826609	826610	33	0.7794
chr1	826650	826651	24	0.2196
chr1	826665	826666	31	0.114
chr1	826691	826692	21	0.1298
chr1	826706	826707	30	0.2248
chr1	826730	826731	26	0.1343
chr1	826749	826750	22	0.2414
chr1	826768	826769	39	0.1752
chr1	826788	826789	32	0.0622
chr1	826838	826839	23	0.0427
chr1	826878	826879	24	0.0483
chr1	826897	826898	31	0.1286
chr1	826947	826948	29	0.1512
chr1	826997	826998	38	0.1526
chr1	827012	827013	28	0.0196
chr1	827062	827063	26	0.2981
chr1	827077	827078	33	0.1597
chr1	827121	827122	33	0.0779
chr1	827136	827137	31	0.2736
chr1	827148	827149	30	0.1619
chr1	827248	827249	31	0.0
chr1	827309	827310	30	0.2492
chr1	827359	827360	22	0.3042
chr1	827428	827429	35	0.275
chr1	827485	827486	22	0.0518
chr1	827585	827586	26	0.2861
chr1	827601	827602	40	0.0978
chr1	827639	827640	29	0.1207
chr1	827654	827655	31	0.3608
chr1	827688	827689	31	0.231
chr1	827706	827707	32	0.3959
chr1	827746	827747	19	0.1951
chr1	827771	827772	35	0.3835
chr1	827789	827790	31	0.177
chr1	827809	827810	29	0.3101
chr1	827834	827835	31	0.3155
chr1	827849	827850	22	0.1642
chr1	827899	827900	28	0.15
chr1	827924	827925	30	0.2689
chr1	827939	827940	32	0.2313
chr1	827974	827975	32	0.2455
chr1	828001	828002	33	0.436
chr1	828023	828024	29	0.3197
chr1	828050	828051	27	0.2019
chr1	828099	828100	34	0.2609
chr1	828114	828115	31	0.2225
chr1	828142	828143	28	0.1141
chr1	828157	828158	37	0.239
chr1	828200	828201	26	0.2417
chr1	828232	828233	36	0.3738
chr1	828240	828241	29	0.2933
chr1	828340	828341	32	0.2303
chr1	828440	828441	26	0.4205
chr1	828540	828541	29	0.2766
chr1	828593	828594	23	0.1952
chr1	828643	828644	32	0.2914
chr1	828743	828744	27	0.3475
chr1	828799	828800	26	0.1654
chr1	828826	828827	21	0.866
chr1	828841	828842	20	0.6336
chr1	828887	828888	27	0.7415
chr1	828932	828933	25	0.5779
chr1	828973	828974	16	0.8977
chr1	829006	829007	24	0.6918
chr1	829041	829042	26	0.8062
chr1	829086	829087	44	0.84
chr1	829101	829102	29	0.8689
chr1	829124	829125	26	0.7055
chr1	829139	829140	29	0.6283
chr1	829163	829164	35	0.8902
chr1	829183	829184	26	0.8031
chr1	829212	829213	24	0.6281
chr1	829235	829236	34	0.678
chr1	829265	829266	28	0.6499
chr1	829310	829311	29	0.603
chr1	829410	829411	33	0.8057
chr1	829469	829470	35	0.7991
chr1	829542	829543	30	0.8214
chr1	829615	829616	24	0.8226
chr1	829665	829666	35	0.7372
chr1	829765	829766	39	0.6035
chr1	829839	829840	25	0.6047
chr1	829858	829859	22	0.69
chr1	829873	829874	22	0.8197
chr1	829900	829901	25	0.8063
chr1	829950	829951	28	0.9359
chr1	829973	829974	36	0.8463
chr1	830023	830024	33	0.7705
chr1	830069	830070	30	0.6546
chr1	830099	830100	25	0.7411
chr1	830149	830150	30	0.6593
chr1	830182	830183	23	0.7083
chr1	830223	830224	23	0.6521
chr1	830273	830274	32	0.9533
chr1	830300	830301	32	0.7804
chr1	830311	830312	30	0.6616
chr1	830411	830412	33	0.7808
chr1	830511	830512	27	0.8764
chr1	830611	830612	34	0.7717
chr1	830663	830664	29	0.7894
chr1	830760	830761	31	0.895
chr1	830794	830795	28	0.7551
chr1	830819	830820	39	0.947
chr1	830849	830850	22	0.691
chr1	830881	830882	18	0.7032
chr1	830916	830917	28	0.7346
chr1	830961	830962	23	0.6601
chr1	830995	830996	29	0.5808
chr1	831045	831046	27	0.6551
chr1	831093	831094	32	0.5821
chr1	831123	831124	30	0.6468
chr1	831140	831141	28	0.8765
chr1	831162	831163	27	0.7156
chr1	831187	831188	36	0.7563
chr1	831213	831214	23	0.7237
chr1	831232	831233	32	0.7146
chr1	831266	831267	25	0.5781
chr1	831316	831317	24	0.768
chr1	831334	831335	35	0.672
chr1	831352	831353	25	0.5613
chr1	831367	831368	25	0.7519
chr1	831398	831399	39	0.7249
chr1	831498	831499	32	0.5486
chr1	831598	831599	29	0.7317
chr1	831698	831699	27	0.6791
chr1	831748	831749	23	0.6375
chr1	831819	831820	18	0.6529
chr1	831908	831909	34	0.7288
chr1	831922	831923	28	0.6995
chr1	831927	831928	30	0.122
chr1	831946	831947	23	0.1679
chr1	831964	831965	21	0.003
chr1	831999	832000	33	0.1231
chr1	832032	832033	36	0.0189
chr1	832074	832075	26	0.1333
chr1	832114	832115	30	0.1456
chr1	832164	832165	36	0.1155
chr1	832206	832207	32	0.2272
chr1	832224	832225	24	0.0155
chr1	832246	832247	29	0.1156
chr1	832270	832271	31	0.0
chr1	832296	832297	35	0.1184
chr1	832327	832328	34	0.1025
chr1	832353	832354	32	0.0501
chr1	832384	832385	24	0.1319
chr1	832423	832424	22	0.022
chr1	832473	832474	26	0.1026
chr1	832481	832482	25	0.1854
chr1	832581	832582	31	0.1868
chr1	832669	832670	30	0.0676
chr1	832721	832722	33	0.1163
chr1	832781	832782	30	0.0
chr1	832853	832854	34	0.084
chr1	832953	832954	36	0.0877
chr1	833003	833004	23	0.2093
chr1	833047	833048	34	0.092
chr1	833181	833182	27	0.1351
chr1	833191	833192	28	0.1429
chr1	833197	833198	22	0.0792
chr1	833203	833204	29	0.1418
chr1	833271	833272	40	0.1866
chr1	833303	833304	27	0.1511
chr1	833321	833322	29	0.115
chr1	833329	833330	27	0.0872
chr1	833351	833352	34	0.088
chr1	833365	833366	36	0.614
chr1	833392	833393	34	0.7676
chr1	833407	833408	23	0.8926
chr1	833448	833449	32	0.7722
chr1	833465	833466	29	0.767
chr1	833515	833516	29	0.7181
chr1	833539	833540	25	0.8475
chr1	833562	833563	29	0.7667
chr1	833600	833601	33	0.7983
chr1	833634	833635	30	0.7041
chr1	833658	833659	35	0.6401
chr1	833708	833709	23	0.7965
chr1	833733	833734	30	0.6859
chr1	833759	833760	25	0.833
chr1	833809	833810	31	0.7552
chr1	833839	833840	33	0.6765
chr1	833939	833940	24	0.8587
chr1	834039	834040	32	0.661
chr1	834139	834140	33	0.7563
chr1	834239	834240	25	0.6647
chr1	834309	834310	32	0.5932
chr1	834341	834342	27	0.2459
chr1	834371	834372	33	0.1882
chr1	834399	834400	29	0.0864
chr1	834449	834450	28	0.2103
chr1	834494	834495	28	0.2628
chr1	834509	834510	32	0.0961
chr1	834528	834529	28	0.3462
chr1	834543	834544	32	0.0
chr1	834574	834575	28	0.2111
chr1	834589	834590	37	0.2051
chr1	834639	834640	30	0.1832
chr1	834688	834689	32	0.1322
chr1	834707	834708	32	0.1817
chr1	834740	834741	25	0.1391
chr1	834758	834759	34	0.116
chr1	834784	834785	33	0.2394
chr1	834834	834835	29	0.3451
chr1	834884	834885	30	0.0571
chr1	834905	834906	28	0.202
chr1	834930	834931	36	0.0838
chr1	835030	835031	30	0.219
chr1	835130	835131	31	0.1667
chr1	835180	835181	33	0.2856
chr1	835259	835260	29	0.3189
chr1	835359	835360	23	0.1928
chr1	835415	835416	27	0.2038
chr1	835515	835516	39	0.216
chr1	835531	835532	27	0.1023
chr1	835583	835584	35	0.1528
chr1	835625	835626	28	0.669
chr1	835663	835664	23	0.8865
chr1	835713	835714	30	0.8015
chr1	835732	835733	32	0.776
chr1	835747	835748	29	0.8401
chr1	835766	835767	29	0.6172
chr1	835799	835800	34	0.6749
chr1	835833	835834	31	0.8637
chr1	835856	835857	26	0.9046
chr1	835880	835881	21	0.7751
chr1	835924	835925	27	0.9864
chr1	835954	835955	34	0.7105
chr1	835981	835982	26	0.6788
chr1	836015	836016	30	0.7457
chr1	836033	836034	19	0.7683
chr1	836065	836066	38	0.7917
chr1	836081	836082	25	0.7446
chr1	836120	836121	31	0.6733
chr1	836142	836143	25	0.7485
chr1	836157	836158	25	0.7784
chr1	836159	836160	34	0.9043
chr1	836259	836260	26	0.8736
chr1	836325	836326	18	0.976
chr1	836425	836426	32	0.7451
chr1	836525	836526	24	0.7048
chr1	836582	836583	34	0.7819
chr1	836682	836683	31	0.7039
chr1	836698	836699	25	0.9223
chr1	836756	836757	28	0.7472
chr1	836788	836789	29	0.7105
chr1	836820	836821	29	0.7487
chr1	836846	836847	26	0.7016
chr1	836870	836871	33	0.7937
chr1	836920	836921	30	0.5744
chr1	836970	836971	31	0.729
chr1	837005	837006	17	0.5539
chr1	837029	837030	28	0.5885
chr1	837044	837045	28	0.6187
chr1	837083	837084	39	0.7803
chr1	837109	837110	34	0.778
chr1	837131	837132	25	0.7074
chr1	837150	837151	21	0.7529
chr1	837200	837201	30	0.6437
chr1	837228	837229	34	0.7819
chr1	837244	837245	23	0.5956
chr1	837267	837268	23	0.7603
chr1	837285	837286	30	0.6794
chr1	837297	837298	25	0.7909
chr1	837377	837378	21	0.8911
chr1	837477	837478	30	0.7768
chr1	837577	837578	30	0.7766
chr1	837677	837678	34	0.744
chr1	837752	837753	30	0.6253
chr1	837778	837779	29	0.5737
chr1	837785	837786	30	0.8228
chr1	837803	837804	31	0.9515
chr1	837853	837854	27	0.8736
chr1	837886	837887	27	0.7839
chr1	837901	837902	39	1.0
chr1	837951	837952	36	0.8755
chr1	837968	837969	35	0.9242
chr1	837987	837988	30	0.9069
chr1	838024	838025	32	0.9188
chr1	838058	838059	28	0.7471
chr1	838073	838074	21	0.8787
chr1	838088	838089	31	0.994
chr1	838108	838109	34	0.8387
chr1	838150	838151	22	0.7912
chr1	838185	838186	30	0.7938
chr1	838235	838236	25	0.9738
chr1	838243	838244	26	0.9339
chr1	838343	838344	25	0.8693
chr1	838443	838444	32	0.8688
chr1	838543	838544	29	0.8847
chr1	838632	838633	34	0.8138
chr1	838682	838683	26	0.9548
chr1	838730	838731	25	0.7784
chr1	838798	838799	25	0.8183
chr1	838900	838901	27	0.7037
chr1	838914	838915	30	0.8982
chr1	838972	838973	25	0.8096
chr1	839072	839073	25	0.8939
chr1	839100	839101	29	0.8203
chr1	839148	839149	26	0.8466
chr1	839157	839158	27	0.2667
chr1	839207	839208	34	0.1227
chr1	839222	839223	29	0.2148
chr1	839237	839238	37	0.1739
chr1	839258	839259	26	0.1932
chr1	839280	839281	31	0.1872
chr1	839309	839310	33	0.2987
chr1	839356	839357	36	0.2982
chr1	839386	839387	31	0.3158
chr1	839402	839403	36	0.2316
chr1	839445	839446	38	0.2606
chr1	839471	839472	20	0.3624
chr1	839498	839499	35	0.3858
chr1	839538	839539	27	0.3739
chr1	839553	839554	29	0.1307
chr1	839590	839591	31	0.0908
chr1	839621	839622	32	0.1949
chr1	839671	839672	34	0.2073
chr1	839690	839691	39	0.122
chr1	839749	839750	23	0.1746
chr1	839799	839800	24	0.1679
chr1	839899	839900	27	0.2483
chr1	839999	840000	22	0.2476
chr1	840086	840087	34	0.1646
chr1	840169	840170	26	0.066
chr1	840209	840210	28	0.2015
chr1	840229	840230	30	0.1717
chr1	840265	840266	31	0.322
chr1	840413	840414	37	0.1846
chr1	840421	840422	37	0.3223
chr1	840469	840470	29	0.2679
chr1	840499	840500	28	0.3277
chr1	840541	840542	30	0.3094
chr1	840557	840558	40	0.2033
chr1	840561	840562	27	0.1592
chr1	840600	840601	34	0.9227
chr1	840615	840616	24	0.8569
chr1	840630	840631	30	0.8783
chr1	840679	840680	23	0.9156
chr1	840706	840707	27	0.9227
chr1	840738	840739	38	0.9399
chr1	840764	840765	23	0.8751
chr1	840786	840787	33	0.8115
chr1	840801	840802	27	1.0
chr1	840822	840823	27	0.9695
chr1	840845	840846	31	0.8806
chr1	840915	840916	25	0.8735
chr1	840965	840966	36	0.9971
chr1	840998	840999	24	0.9493
chr1	841013	841014	36	0.9224
chr1	841030	841031	22	0.921
chr1	841060	841061	29	0.8871
chr1	841108	841109	25	0.9817
chr1	841116	841117	32	0.9652
chr1	841167	841168	33	0.9467
chr1	841267	841268	32	0.8821
chr1	841355	841356	35	0.903
chr1	841414	841415	39	0.8928
chr1	841478	841479	32	0.9172
chr1	841578	841579	23	0.9736
chr1	841586	841587	24	0.8311
chr1	841658	841659	23	0.8586
chr1	841688	841689	36	0.2071
chr1	841735	841736	23	0.3009
chr1	841751	841752	26	0.2081
chr1	841801	841802	31	0.161
chr1	841828	841829	31	0.0767
chr1	841857	841858	32	0.0
chr1	841891	841892	25	0.0834
chr1	841940	841941	28	0.0
chr1	841963	841964	22	0.3066
chr1	841992	841993	15	0.0718
chr1	842018	842019	30	0.277
chr1	842068	842069	34	0.2703
chr1	842096	842097	23	0.0617
chr1	842143	842144	35	0.0945
chr1	842228	842229	31	0.2181
chr1	842328	842329	43	0.1394
chr1	842428	842429	33	0.0953
chr1	842528	842529	21	0.1078
chr1	842628	842629	32	0.0773
chr1	842683	842684	28	0.1203
chr1	842748	842749	25	0.04
chr1	842804	842805	37	0.0874
chr1	842810	842811	36	0.1417
chr1	842819	842820	22	0.0901
chr1	842854	842855	35	0.0104
chr1	842878	842879	34	0.1342
chr1	842893	842894	26	0.1882
chr1	842908	842909	27	0.0974
chr1	842925	842926	28	0.1663
chr1	842954	842955	35	0.0903
chr1	842979	842980	31	0.0965
chr1	843008	843009	32	0.0868
chr1	843036	843037	16	0.1492
chr1	843072	843073	30	0.0591
chr1	843122	843123	27	0.0
chr1	843158	843159	39	0.0927
chr1	843187	843188	32	0.1359
chr1	843232	843233	30	0.0579
chr1	843249	843250	23	0.1469
chr1	843286	843287	31	0.0856
chr1	843317	843318	34	0.1231
chr1	843336	843337	29	0.1265
chr1	843353	843354	28	0.1375
chr1	843358	843359	39	0.0293
chr1	843413	843414	23	0.0727
chr1	843463	843464	24	0.0
chr1	843524	843525	30	0.0498
chr1	843624	843625	30	0.0708
chr1	843724	843725	29	0.0938
chr1	843824	843825	33	0.118
chr1	843842	843843	36	0.046
chr1	843854	843855	33	0.1174
chr1	843958	843959	23	0.1925
chr1	844024	844025	25	0.0932
chr1	844156	844157	27	0.1337
chr1	844246	844247	25	0.1248
chr1	844258	844259	23	0.1482
chr1	844270	844271	28	0.1652
chr1	844278	844279	33	0.1186
chr1	844298	844299	19	0.1065
chr1	844304	844305	30	0.702
chr1	844354	844355	20	0.918
chr1	844404	844405	29	0.8774
chr1	844427	844428	34	0.9029
chr1	844442	844443	18	0.905
chr1	844472	844473	31	0.9322
chr1	844509	844510	25	0.7683
chr1	844525	844526	34	0.8286
chr1	844575	844576	38	0.9907
chr1	844615	844616	29	0.8426
chr1	844659	844660	25	0.9203
chr1	844709	844710	17	0.7949
chr1	844738	844739	33	0.8387
chr1	844761	844762	40	0.8915
chr1	844811	844812	32	0.9409
chr1	844848	844849	26	0.7988
chr1	844898	844899	24	0.9321
chr1	844993	844994	31	1.0
chr1	845093	845094	30	0.9358
chr1	845147	845148	33	0.8807
chr1	845197	845198	28	0.9288
chr1	845297	845298	21	0.8641
chr1	845431	845432	31	0.8486
chr1	845445	845446	26	0.908
chr1	845491	845492	36	0.8819
chr1	845505	845506	38	0.9063
chr1	845571	845572	26	0.9175
chr1	845735	845736	39	0.9052
chr1	845746	845747	25	0.7843
chr1	845782	845783	38	0.747
chr1	845800	845801	32	0.7908
chr1	845850	845851	27	0.9112
chr1	845869	845870	28	0.8939
chr1	845908	845909	32	0.6884
chr1	845931	845932	16	0.5774
chr1	845956	845957	38	0.8145
chr1	846006	846007	30	0.7569
chr1	846033	846034	34	0.7931
chr1	846077	846078	27	0.7879
chr1	846109	846110	33	0.7582
chr1	846128	846129	19	0.666
chr1	846161	846162	33	0.8114
chr1	846188	846189	34	0.8437
chr1	846212	846213	24	0.8079
chr1	846234	846235	26	0.9408
chr1	846246	846247	32	0.8055
chr1	846346	846347	35	0.853
chr1	846446	846447	23	0.8828
chr1	846496	846497	23	0.7529
chr1	846551	846552	30	0.8389
chr1	846632	846633	19	0.6937
chr1	846682	846683	25	0.8795
chr1	846734	846735	28	0.6393
chr1	846742	846743	25	0.1344
chr1	846775	846776	27	0.1837
chr1	846800	846801	26	0.0943
chr1	846850	846851	35	0.0
chr1	846865	846866	34	0.1816
chr1	846890	846891	35	0.1198
chr1	846911	846912	20	0.1573
chr1	846949	846950	30	0.226
chr1	846964	846965	33	0.1003
chr1	847012	847013	25	0.0652
chr1	847042	847043	36	0.1334
chr1	847071	847072	37	0.1624
chr1	847093	847094	29	0.1539
chr1	847119	847120	37	0.102
chr1	847156	847157	31	0.1161
chr1	847203	847204	40	0.1224
chr1	847242	847243	26	0.1552
chr1	847256	847257	36	0.0737
chr1	847349	847350	35	0.1578
chr1	847449	847450	26	0.1107
chr1	847549	847550	33	0.1016
chr1	847622	847623	27	0.3205
chr1	847678	847679	34	0.1902
chr1	847706	847707	23	0.13
chr1	847818	847819	34	0.1403
chr1	847842	847843	20	0.1502
chr1	847910	847911	27	0.1961
chr1	847942	847943	31	0.0601
chr1	847980	847981	22	0.1575
chr1	847996	847997	30	0.1383
chr1	848086	848087	33	0.1802
chr1	848136	848137	28	0.1374
chr1	848150	848151	33	0.6832
chr1	848165	848166	27	0.8317
chr1	848199	848200	32	0.9451
chr1	848232	848233	29	0.8199
chr1	848258	848259	24	0.9563
chr1	848304	848305	35	0.6916
chr1	848332	848333	32	0.715
chr1	848350	848351	32	0.7372
chr1	848365	848366	29	0.7703
chr1	848393	848394	30	0.8728
chr1	848434	848435	32	0.9011
chr1	848484	848485	29	0.8602
chr1	848520	848521	20	0.6403
chr1	848541	848542	30	0.7006
chr1	848586	848587	31	0.7486
chr1	848603	848604	35	0.8613
chr1	848620	848621	27	0.6353
chr1	848637	848638	27	0.8031
chr1	848686	848687	33	0.7658
chr1	848712	848713	26	0.7313
chr1	848737	848738	31	0.607
chr1	848772	848773	28	0.7441
chr1	848801	848802	24	0.8832
chr1	848901	848902	30	0.8175
chr1	848971	848972	16	0.6247
chr1	849041	849042	30	0.7747
chr1	849111	849112	34	0.6337
chr1	849211	849212	29	0.8725
chr1	849261	849262	37	0.7413
chr1	849311	849312	19	0.6983
chr1	849411	849412	27	0.733
chr1	849421	849422	37	0.7622
chr1	849507	849508	30	0.78
chr1	849536	849537	26	0.2079
chr1	849575	849576	37	0.1924
chr1	849625	849626	30	0.0987
chr1	849645	849646	30	0.211
chr1	849663	849664	22	0.2391
chr1	849683	849684	24	0.0828
chr1	849703	849704	24	0.1361
chr1	849741	849742	32	0.11
chr1	849775	849776	35	0.1478
chr1	849799	849800	34	0.1802
chr1	849818	849819	27	0.3664
chr1	849868	849869	34	0.1397
chr1	849918	849919	26	0.2217
chr1	849968	849969	34	0.2606
chr1	849990	849991	35	0.2005
chr1	850007	850008	30	0.1564
chr1	850020	850021	28	0.1316
chr1	850087	850088	29	0.2523
chr1	850155	850156	31	0.2384
chr1	850215	850216	28	0.0696
chr1	850305	850306	28	0.1357
chr1	850405	850406	31	0.2935
chr1	850505	850506	26	0.1791
chr1	850512	850513	33	0.707
chr1	850532	850533	30	0.601
chr1	850547	850548	23	0.5946
chr1	850572	850573	30	0.8532
chr1	850589	850590	30	0.779
chr1	850608	850609	36	0.6411
chr1	850647	850648	32	0.7519
chr1	850686	850687	34	0.8305
chr1	850717	850718	31	0.6802
chr1	850734	850735	28	0.8385
chr1	850784	850785	32	0.7719
chr1	850814	850815	29	0.8166
chr1	850847	850848	25	0.7085
chr1	850884	850885	31	0.8433
chr1	850902	850903	33	0.7285
chr1	850937	850938	25	0.8765
chr1	850965	850966	33	0.7706
chr1	850998	850999	35	0.7353
chr1	851008	851009	30	0.6741
chr1	851108	851109	28	0.6962
chr1	851208	851209	39	0.7202
chr1	851261	851262	29	0.704
chr1	851327	851328	36	0.6943
chr1	851427	851428	31	0.9075
chr1	851484	851485	29	0.8054
chr1	851584	851585	32	0.7153
chr1	851586	851587	28	0.6592
chr1	851594	851595	26	0.8833
chr1	851604	851605	32	0.6835
chr1	851614	851615	28	0.8061
chr1	851646	851647	31	0.7379
chr1	851672	851673	31	0.6629
chr1	851808	851809	35	0.8617
chr1	851819	851820	22	0.9533
chr1	851846	851847	24	0.8992
chr1	851868	851869	18	0.8162
chr1	851902	851903	27	0.812
chr1	851952	851953	36	0.8365
chr1	851987	851988	35	0.8605
chr1	852037	852038	32	0.8453
chr1	852087	852088	24	0.8449
chr1	852137	852138	28	0.7066
chr1	852161	852162	43	0.8559
chr1	852178	852179	24	0.7692
chr1	852227	852228	23	0.9169
chr1	852267	852268	27	0.838
chr1	852309	852310	22	0.6681
chr1	852324	852325	27	0.7844
chr1	852374	852375	38	0.819
chr1	852405	852406	34	0.9223
chr1	852486	852487	37	0.8761
chr1	852586	852587	21	0.7181
chr1	852686	852687	26	0.9328
chr1	852786	852787	34	0.8632
chr1	852886	852887	34	0.8634
chr1	852936	852937	40	0.9075
chr1	852944	852945	37	0.677
chr1	853012	853013	26	0.6777
chr1	853048	853049	36	0.0613
chr1	853063	853064	24	0.0749
chr1	853082	853083	35	0.1827
chr1	853132	853133	28	0.3925
chr1	853182	853183	31	0.1775
chr1	853204	853205	27	0.1393
chr1	853243	853244	31	0.1446
chr1	853262	853263	31	0.3093
chr1	853284	853285	38	0.2405
chr1	853316	853317	38	0.2991
chr1	853344	853345	27	0.3289
chr1	853370	853371	34	0.314
chr1	853411	853412	35	0.322
chr1	853438	853439	29	0.1722
chr1	853459	853460	26	0.1595
chr1	853475	853476	29	0.0898
chr1	853492	853493	23	0.1822
chr1	853520	853521	32	0.2256
chr1	853551	853552	36	0.2036
chr1	853575	853576	30	0.1514
chr1	853593	853594	33	0.3941
chr1	853597	853598	38	0.0
chr1	853647	853648	37	0.217
chr1	853729	853730	32	0.1254
chr1	853813	853814	26	0.2359
chr1	853892	853893	33	0.2067
chr1	853992	853993	34	0.0772
chr1	854044	854045	35	0.2525
chr1	854124	854125	30	0.1163
chr1	854172	854173	33	0.1906
chr1	854217	854218	35	0.7845
chr1	854232	854233	32	0.8082
chr1	854255	854256	27	0.599
chr1	854305	854306	29	0.8272
chr1	854336	854337	30	0.7269
chr1	854375	854376	27	0.5583
chr1	854405	854406	34	0.8476
chr1	854455	854456	28	0.6875
chr1	854472	854473	22	0.8036
chr1	854508	854509	27	0.6338
chr1	854537	854538	35	0.7632
chr1	854559	854560	29	0.7206
chr1	854598	854599	34	0.5845
chr1	854630	854631	30	0.4658
chr1	854680	854681	29	0.6605
chr1	854712	854713	29	0.8321
chr1	854732	854733	33	0.6552
chr1	854832	854833	32	0.7944
chr1	854932	854933	33	0.8076
chr1	855032	855033	27	0.7906
chr1	855094	855095	22	0.58
chr1	855155	855156	35	0.7639
chr1	855259	855260	31	0.7843
chr1	855327	855328	36	0.7959
chr1	855337	855338	32	0.8976
chr1	855352	855353	29	0.7417
chr1	855383	855384	20	0.6967
chr1	855398	855399	29	0.856
chr1	855418	855419	25	0.5714
chr1	855468	855469	25	0.8563
chr1	855497	855498	28	0.8359
chr1	855541	855542	28	0.8086
chr1	855571	855572	34	0.6513
chr1	855595	855596	25	0.7267
chr1	855645	855646	23	0.5875
chr1	855684	855685	25	0.715
chr1	855719	855720	31	0.7518
chr1	855743	855744	25	0.6204
chr1	855758	855759	30	0.8072
chr1	855777	855778	31	0.8229
chr1	855808	855809	32	0.8236
chr1	855908	855909	35	0.7921
chr1	855958	855959	27	0.7295
chr1	856058	856059	41	0.8387
chr1	856117	856118	33	0.737
chr1	856217	856218	30	0.584
chr1	856267	856268	31	0.7967
chr1	856273	856274	30	0.7585
chr1	856315	856316	24	0.5778
chr1	856359	856360	33	0.6659
chr1	856369	856370	33	0.6482
chr1	856547	856548	31	0.6688
chr1	856563	856564	20	0.7841
chr1	856613	856614	29	0.6552
chr1	856625	856626	26	0.8386
chr1	856633	856634	32	0.5758
chr1	856650	856651	26	0.8475
chr1	856690	856691	30	0.5943
chr1	856731	856732	40	0.5913
chr1	856768	856769	32	0.7057
chr1	856783	856784	26	0.6234
chr1	856824	856825	30	0.7914
chr1	856874	856875	35	0.6922
chr1	856898	856899	28	0.5914
chr1	856948	856949	24	0.6577
chr1	856974	856975	33	0.781
chr1	857012	857013	34	0.7738
chr1	857031	857032	33	0.4848
chr1	857058	857059	29	0.5896
chr1	857085	857086	21	0.7416
chr1	857101	857102	31	0.6396
chr1	857116	857117	22	0.7067
chr1	857137	857138	30	0.7085
chr1	857152	857153	28	0.7019
chr1	857167	857168	31	0.745
chr1	857267	857268	36	0.6562
chr1	857358	857359	32	0.6478
chr1	857458	857459	29	0.6599
chr1	857558	857559	38	0.5409
chr1	857626	857627	23	0.72
chr1	857648	857649	30	0.6286
chr1	857674	857675	35	0.5884
chr1	857828	857829	38	0.6014
chr1	857850	857851	21	0.6635
chr1	857946	857947	38	0.6573
chr1	857972	857973	26	0.4811
chr1	858019	858020	33	0.6461
chr1	858066	858067	29	0.7873
chr1	858097	858098	28	0.8125
chr1	858146	858147	27	0.703
chr1	858181	858182	28	0.76
chr1	858221	858222	37	0.73
chr1	858271	858272	31	0.6804
chr1	858293	858294	34	0.5206
chr1	858343	858344	30	0.9015
chr1	858363	858364	23	0.7188
chr1	858388	858389	26	0.5503
chr1	858438	858439	29	0.7574
chr1	858467	858468	22	0.5458
chr1	858482	858483	19	0.6639
chr1	858497	858498	31	0.8535
chr1	858516	858517	27	0.6738
chr1	858537	858538	33	0.6632
chr1	858558	858559	33	0.6842
chr1	858658	858659	24	0.7425
chr1	858758	858759	36	0.5684
chr1	858858	858859	27	0.6667
chr1	858908	858909	23	0.7339
chr1	859000	859001	28	0.7213
chr1	859048	859049	28	0.6693
chr1	859056	859057	28	0.7428
chr1	859100	859101	30	0.6237
chr1	859140	859141	24	0.8687
chr1	859190	859191	33	0.8403
chr1	859213	859214	28	0.7037
chr1	859250	859251	32	0.7429
chr1	859282	859283	24	0.7105
chr1	859320	859321	34	0.5522
chr1	859349	859350	30	0.7501
chr1	859370	859371	30	0.7873
chr1	859385	859386	28	0.7572
chr1	859400	859401	31	0.8438
chr1	859450	859451	22	0.8441
chr1	859469	859470	31	0.6628
chr1	859500	859501	29	0.7328
chr1	859550	859551	21	0.737
chr1	859590	859591	35	0.694
chr1	859690	859691	23	0.7844
chr1	859751	859752	30	0.8418
chr1	859801	859802	34	0.7553
chr1	859878	859879	27	0.7029
chr1	859928	859929	26	0.7814
chr1	860028	860029	29	0.6906
chr1	860034	860035	29	0.8065
chr1	860068	860069	41	0.6864
chr1	860096	860097	29	0.7512
chr1	860139	860140	38	0.6266
chr1	860156	860157	28	0.8057
chr1	860206	860207	30	0.8065
chr1	860247	860248	27	0.8646
chr1	860262	860263	33	0.9024
chr1	860303	860304	35	0.6491
chr1	860353	860354	26	0.6756
chr1	860373	860374	27	0.7906
chr1	860407	860408	30	0.5979
chr1	860428	860429	24	0.8423
chr1	860457	860458	29	0.7736
chr1	860482	860483	24	0.7146
chr1	860510	860511	31	0.6635
chr1	860544	860545	28	0.6589
chr1	860580	860581	29	0.7422
chr1	860602	860603	34	0.7142
chr1	860634	860635	32	0.6241
chr1	860655	860656	28	0.6806
chr1	860755	860756	29	0.6777
chr1	860818	860819	27	0.7889
chr1	860905	860906	33	0.8164
chr1	861005	861006	39	0.9109
chr1	861105	861106	34	0.8984
chr1	861177	861178	29	0.6737
chr1	861205	861206	28	0.5705
chr1	861215	861216	27	0.5681
chr1	861247	861248	30	0.1504
chr1	861297	861298	32	0.1332
chr1	861335	861336	32	0.0919
chr1	861350	861351	38	0.0
chr1	861400	861401	19	0.0859
chr1	861428	861429	39	0.1022
chr1	861478	861479	24	0.0504
chr1	861497	861498	30	0.0
chr1	861547	861548	29	0.0446
chr1	861597	861598	32	0.1748
chr1	861640	861641	31	0.0638
chr1	861662	861663	38	0.044
chr1	861703	861704	18	0.1313
chr1	861718	861719	31	0.0578
chr1	861722	861723	31	0.1201
chr1	861772	861773	35	0.175
chr1	861872	861873	38	0.2051
chr1	861972	861973	24	0.1109
chr1	862072	862073	23	0.1113
chr1	862172	862173	32	0.2438
chr1	862238	862239	25	0.0458
chr1	862244	862245	25	0.0552
chr1	862254	862255	32	0.7481
chr1	862279	862280	16	0.8103
chr1	862294	862295	24	0.7573
chr1	862325	862326	32	0.8178
chr1	862374	862375	34	0.7803
chr1	862424	862425	28	0.6637
chr1	862447	862448	36	0.7398
chr1	862466	862467	18	0.7094
chr1	862499	862500	31	0.6572
chr1	862517	862518	31	0.7059
chr1	862538	862539	23	0.6081
chr1	862553	862554	33	0.8252
chr1	862583	862584	26	0.7185
chr1	862630	862631	33	0.6439
chr1	862658	862659	24	0.6121
chr1	862686	862687	23	0.6148
chr1	862709	862710	40	0.852
chr1	862747	862748	35	0.8189
chr1	862847	862848	28	0.6576
chr1	862947	862948	34	0.6626
chr1	863047	863048	19	0.7299
chr1	863103	863104	37	0.7161
chr1	863155	863156	32	0.7144
chr1	863222	863223	30	0.6587
chr1	863224	863225	18	0.6946
chr1	863368	863369	34	0.6134
chr1	863500	863501	37	0.6676
chr1	863564	863565	23	0.9434
chr1	863576	863577	26	0.7528
chr1	863698	863699	28	0.8116
chr1	863705	863706	38	0.724
chr1	863737	863738	29	0.7634
chr1	863768	863769	32	0.7376
chr1	863809	863810	29	0.5421
chr1	863854	863855	19	0.6638
chr1	863869	863870	29	0.6014
chr1	863904	863905	27	0.7333
chr1	863944	863945	29	0.8222
chr1	863994	863995	28	0.7611
chr1	864010	864011	31	0.7921
chr1	864031	864032	25	0.7374
chr1	864069	864070	30	0.7257
chr1	864119	864120	28	0.8178
chr1	864127	864128	31	0.7359
chr1	864227	864228	29	0.6961
chr1	864327	864328	37	0.6865
chr1	864400	864401	22	0.6305
chr1	864475	864476	32	0.7583
chr1	864537	864538	30	0.7952
chr1	864555	864556	42	0.639
chr1	864623	864624	26	0.6916
chr1	864629	864630	24	0.6908
chr1	864689	864690	27	0.6096
chr1	864825	864826	26	0.8504
chr1	864867	864868	33	0.1923
chr1	864914	864915	29	0.0111
chr1	864964	864965	31	0.0756
chr1	864982	864983	29	0.1091
chr1	865005	865006	40	0.1178
chr1	865044	865045	25	0.0728
chr1	865069	865070	37	0.1035
chr1	865088	865089	28	0.0747
chr1	865138	865139	30	0.0662
chr1	865188	865189	32	0.0769
chr1	865204	865205	25	0.0859
chr1	865229	865230	26	0.1042
chr1	865253	865254	31	0.2244
chr1	865268	865269	25	0.1331
chr1	865291	865292	32	0.0
chr1	865321	865322	31	0.1313
chr1	865350	865351	31	0.034
chr1	865395	865396	26	0.0338
chr1	865401	865402	32	0.1321
chr1	865490	865491	37	0.0329
chr1	865590	865591	22	0.0113
chr1	865644	865645	33	0.1067
chr1	865744	865745	25	0.1514
chr1	865841	865842	21	0.0989
chr1	865857	865858	35	0.0759
chr1	865899	865900	31	0.1884
chr1	865927	865928	31	0.062
chr1	865942	865943	30	0.1447
chr1	865969	865970	39	0.1981
chr1	865992	865993	32	0.0961
chr1	866019	866020	38	0.1658
chr1	866069	866070	24	0.0991
chr1	866119	866120	38	0.0963
chr1	866144	866145	34	0.0552
chr1	866164	866165	28	0.063
chr1	866192	866193	30	0.2426
chr1	866209	866210	30	0.2387
chr1	866240	866241	27	0.0
chr1	866264	866265	25	0.0988
chr1	866281	866282	38	0.095
chr1	866296	866297	28	0.0899
chr1	866325	866326	30	0.1157
chr1	866352	866353	31	0.0006
chr1	866402	866403	33	0.1811
chr1	866425	866426	23	0.0082
chr1	866525	866526	37	0.1817
chr1	866625	866626	26	0.1459
chr1	866725	866726	26	0.2302
chr1	866785	866786	34	0.0783
chr1	866853	866854	37	0.1203
chr1	866943	866944	27	0.1894
chr1	866970	866971	38	0.8045
chr1	866992	866993	21	0.9339
chr1	867042	867043	26	0.8636
chr1	867070	867071	30	0.6328
chr1	867098	867099	27	0.6815
chr1	867148	867149	29	0.7528
chr1	867169	867170	24	0.8065
chr1	867200	867201	20	0.9811
chr1	867230	867231	34	0.7768
chr1	867252	867253	20	0.7472
chr1	867302	867303	32	0.7201
chr1	867330	867331	34	0.7286
chr1	867358	867359	30	0.8251
chr1	867384	867385	33	0.8255
chr1	867434	867435	38	0.7197
chr1	867442	867443	28	0.9717
chr1	867538	867539	35	0.7119
chr1	867638	867639	30	0.9285
chr1	867738	867739	36	0.771
chr1	867834	867835	30	0.7658
chr1	867896	867897	24	0.9949
chr1	867907	867908	30	0.153
chr1	867938	867939	27	0.2721
chr1	867974	867975	38	0.2748
chr1	868003	868004	35	0.3201
chr1	868053	868054	24	0.1822
chr1	868083	868084	34	0.276
chr1	868103	868104	25	0.342
chr1	868147	868148	33	0.3016
chr1	868178	868179	25	0.054
chr1	868201	868202	28	0.2877
chr1	868222	868223	33	0.1682
chr1	868266	868267	31	0.1211
chr1	868304	868305	34	0.1798
chr1	868319	868320	34	0.173
chr1	868337	868338	32	0.2868
chr1	868342	868343	27	0.2322
chr1	868392	868393	29	0.224
chr1	868492	868493	29	0.1702
chr1	868543	868544	28	0.2314
chr1	868636	868637	27	0.3195
chr1	868686	868687	29	0.0456
chr1	868749	868750	31	0.1956
chr1	868795	868796	26	0.2277
chr1	868799	868800	22	0.216
chr1	868849	868850	32	0.3692
chr1	868899	868900	35	0.3845
chr1	868916	868917	27	0.2566
chr1	868943	868944	28	0.316
chr1	868966	868967	21	0.3195
chr1	868981	868982	31	0.1512
chr1	869031	869032	28	0.1371
chr1	869081	869082	36	0.266
chr1	869106	869107	29	0.3083
chr1	869141	869142	32	0.3134
chr1	869172	869173	26	0.3742
chr1	869214	869215	23	0.2802
chr1	869240	869241	29	0.3296
chr1	869287	869288	30	0.3387
chr1	869306	869307	32	0.2991
chr1	869312	869313	25	0.1677
chr1	869364	869365	25	0.2416
chr1	869464	869465	35	0.3916
chr1	869564	869565	26	0.3134
chr1	869614	869615	25	0.3445
chr1	869664	869665	25	0.3301
chr1	869764	869765	34	0.255
chr1	869790	869791	29	0.3459
chr1	869830	869831	31	0.1595
chr1	869880	869881	22	0.1661
chr1	869896	869897	35	0.0402
chr1	869916	869917	27	0.09
chr1	869966	869967	23	0.0953
chr1	869988	869989	26	0.2002
chr1	870020	870021	32	0.0477
chr1	870050	870051	31	0.186
chr1	870067	870068	27	0.0
chr1	870117	870118	24	0.0197
chr1	870139	870140	21	0.0166
chr1	870154	870155	26	0.1301
chr1	870179	870180	39	0.1122
chr1	870229	870230	37	0.1408
chr1	870278	870279	24	0.102
chr1	870307	870308	31	0.2008
chr1	870357	870358	27	0.0
chr1	870389	870390	37	0.0637
chr1	870482	870483	39	0.103
chr1	870582	870583	32	0.1027
chr1	870682	870683	34	0.1919
chr1	870767	870768	33	0.3132
chr1	870829	870830	27	0.2039
chr1	870929	870930	38	0.072
chr1	871011	871012	24	0.2548
chr1	871020	871021	24	0.6758
chr1	871070	871071	35	0.7242
chr1	871100	871101	33	0.7374
chr1	871128	871129	28	0.6596
chr1	871176	871177	33	0.6875
chr1	871226	871227	23	0.7676
chr1	871260	871261	29	0.6763
chr1	871304	871305	20	0.8163
chr1	871321	871322	33	0.7304
chr1	871362	871363	30	0.8827
chr1	871412	871413	36	0.6379
chr1	871445	871446	31	0.7994
chr1	871485	871486	28	0.7977
chr1	871508	871509	35	0.7114
chr1	871558	871559	35	0.824
chr1	871564	871565	20	0.6926
chr1	871664	871665	22	0.8039
chr1	871764	871765	32	0.813
chr1	871864	871865	25	0.8071
chr1	871930	871931	30	0.6569
chr1	872030	872031	35	0.9009
chr1	872052	872053	29	0.8619
chr1	872092	872093	24	0.6962
chr1	872188	872189	31	0.6052
chr1	872206	872207	29	0.709
chr1	872350	872351	38	0.676
chr1	872434	872435	31	0.6141
chr1	872488	872489	22	0.7985
chr1	872506	872507	31	0.6196
chr1	872526	872527	32	0.557
chr1	872576	872577	23	0.4106
chr1	872596	872597	23	0.4757
chr1	872619	872620	21	0.5901
chr1	872657	872658	33	0.4262
chr1	872672	872673	23	0.5347
chr1	872722	872723	30	0.5852
chr1	872747	872748	27	0.4676
chr1	872779	872780	30	0.5063
chr1	872812	872813	29	0.3028
chr1	872828	872829	26	0.4765
chr1	872878	872879	34	0.5284
chr1	872910	872911	23	0.2407
chr1	872940	872941	28	0.4408
chr1	872968	872969	32	0.4284
chr1	872987	872988	24	0.3708
chr1	873087	873088	34	0.2659
chr1	873187	873188	37	0.3114
chr1	873287	873288	30	0.3956
chr1	873387	873388	29	0.565
chr1	873393	873394	26	0.3425
chr1	873413	873414	29	0.5343
chr1	873421	873422	36	0.9238
chr1	873461	873462	36	0.9794
chr1	873476	873477	23	0.9116
chr1	873499	873500	30	0.793
chr1	873535	873536	43	0.7632
chr1	873585	873586	23	0.789
chr1	873635	873636	22	0.8258
chr1	873671	873672	36	0.9017
chr1	873721	873722	26	0.8378
chr1	873760	873761	25	0.9264
chr1	873804	873805	23	0.9099
chr1	873821	873822	30	0.9189
chr1	873841	873842	29	0.7112
chr1	873873	873874	30	1.0
chr1	873919	873920	19	0.827
chr1	873969	873970	34	0.7865
chr1	874069	874070	32	0.787
chr1	874169	874170	33	0.7312
chr1	874269	874270	27	0.9104
chr1	874369	874370	34	0.9091
chr1	874471	874472	33	0.8471
chr1	874543	874544	30	0.8917
chr1	874583	874584	23	0.9214
chr1	874733	874734	36	0.7457
chr1	874757	874758	34	0.7624
chr1	874799	874800	33	0.8303
chr1	874845	874846	24	0.8122
chr1	874884	874885	32	0.8199
chr1	874903	874904	31	0.8132
chr1	874918	874919	21	0.7798
chr1	874946	874947	31	0.8401
chr1	874979	874980	32	0.6992
chr1	875010	875011	25	0.8015
chr1	875035	875036	25	0.8648
chr1	875060	875061	21	0.8327
chr1	875075	875076	32	0.8174
chr1	875106	875107	28	0.7438
chr1	875136	875137	34	0.7827
chr1	875167	875168	38	0.803
chr1	875198	875199	29	0.8216
chr1	875213	875214	31	0.7751
chr1	875243	875244	36	0.8656
chr1	875273	875274	36	0.8763
chr1	875323	875324	26	0.9765
chr1	875330	875331	32	0.7498
chr1	875380	875381	28	0.8271
chr1	875474	875475	28	0.9324
chr1	875574	875575	29	0.8064
chr1	875627	875628	27	0.7786
chr1	875686	875687	31	0.7441
chr1	875786	875787	25	0.6808
chr1	875828	875829	20	0.8317
chr1	875836	875837	24	0.1556
chr1	875868	875869	29	0.2158
chr1	875895	875896	23	0.0597
chr1	875943	875944	34	0.0953
chr1	875960	875961	28	0.0859
chr1	875984	875985	25	0.1166
chr1	875999	876000	33	0.1063
chr1	876021	876022	28	0.2088
chr1	876062	876063	27	0.1408
chr1	876081	876082	25	0.053
chr1	876122	876123	22	0.0391
chr1	876165	876166	22	0.1304
chr1	876195	876196	29	0.0991
chr1	876218	876219	26	0.0
chr1	876238	876239	31	0.0933
chr1	876254	876255	28	0.0884
chr1	876280	876281	28	0.0515
chr1	876295	876296	27	0.088
chr1	876338	876339	33	0.1193
chr1	876353	876354	19	0.0834
chr1	876396	876397	40	0.0169
chr1	876496	876497	41	0.1051
chr1	876596	876597	37	0.0968
chr1	876680	876681	30	0.179
chr1	876730	876731	33	0.2253
chr1	876821	876822	32	0.1424
chr1	876921	876922	29	0.1452
chr1	876973	876974	31	0.056
chr1	876999	877000	33	0.082
chr1	877051	877052	32	0.0967
chr1	877073	877074	31	0.1413
chr1	877245	877246	26	0.1275
chr1	877353	877354	31	0.1887
chr1	877375	877376	25	0.0734
chr1	877399	877400	30	0.1057
chr1	877406	877407	33	0.8707
chr1	877456	877457	40	0.8879
chr1	877484	877485	33	0.8115
chr1	877515	877516	23	0.8596
chr1	877530	877531	28	0.8707
chr1	877545	877546	37	0.9449
chr1	877569	877570	30	1.0
chr1	877613	877614	28	0.8335
chr1	877641	877642	32	0.8021
chr1	877674	877675	26	0.8578
chr1	877698	877699	24	1.0
chr1	877730	877731	28	0.9287
chr1	877771	877772	27	0.9047
chr1	877793	877794	23	0.933
chr1	877821	877822	28	0.8654
chr1	877846	877847	25	1.0
chr1	877859	877860	26	0.8513
chr1	877959	877960	23	0.8107
chr1	878059	878060	36	0.8238
chr1	878116	878117	29	0.9969
chr1	878216	878217	24	0.9106
chr1	878378	878379	33	0.8384
chr1	878424	878425	35	0.9009
chr1	878500	878501	28	0.8298
chr1	878522	878523	31	0.9715
chr1	878636	878637	31	0.9148
chr1	878677	878678	26	0.5407
chr1	878701	878702	24	0.6785
chr1	878716	878717	32	0.8093
chr1	878748	878749	31	0.6849
chr1	878764	878765	27	0.6059
chr1	878788	878789	37	0.6824
chr1	878838	878839	20	0.708
chr1	878880	878881	27	0.5739
chr1	878919	878920	32	0.6738
chr1	878937	878938	28	0.6297
chr1	878969	878970	28	0.533
chr1	878989	878990	21	0.7099
chr1	879039	879040	31	0.5786
chr1	879089	879090	28	0.4263
chr1	879133	879134	29	0.602
chr1	879165	879166	26	0.6255
chr1	879191	879192	26	0.5511
chr1	879291	879292	32	0.6049
chr1	879391	879392	26	0.7819
chr1	879491	879492	32	0.7446
chr1	879541	879542	29	0.6042
chr1	879641	879642	27	0.7189
chr1	879695	879696	32	0.6968
chr1	879763	879764	31	0.7442
chr1	879765	879766	25	0.618
chr1	879772	879773	31	0.0633
chr1	879822	879823	32	0.028
chr1	879872	879873	20	0.0601
chr1	879903	879904	28	0.0153
chr1	879953	879954	34	0.0226
chr1	879975	879976	28	0.0838
chr1	879997	879998	30	0.0684
chr1	880043	880044	26	0.0
chr1	880093	880094	31	0.012
chr1	880119	880120	28	0.0722
chr1	880158	880159	36	0.0
chr1	880174	880175	38	0.09
chr1	880189	880190	26	0.0811
chr1	880206	880207	31	0.214
chr1	880233	880234	34	0.0908
chr1	880252	880253	38	0.0
chr1	880273	880274	36	0.2075
chr1	880344	880345	25	0.0
chr1	880444	880445	32	0.0
chr1	880494	880495	19	0.0402
chr1	880594	880595	25	0.1413
chr1	880694	880695	40	0.1024
chr1	880776	880777	37	0.0924
chr1	880870	880871	34	0.1155
chr1	880874	880875	25	0.2056
chr1	880880	880881	38	0.2127
chr1	880976	880977	27	0.0
chr1	881023	881024	26	0.8692
chr1	881046	881047	39	0.9191
chr1	881083	881084	24	0.7775
chr1	881098	881099	31	1.0
chr1	881113	881114	22	0.9688
chr1	881163	881164	22	0.9182
chr1	881202	881203	34	0.9197
chr1	881217	881218	25	0.8048
chr1	881256	881257	32	1.0
chr1	881283	881284	29	0.7816
chr1	881322	881323	33	0.8822
chr1	881343	881344	10	0.8602
chr1	881391	881392	25	0.7998
chr1	881429	881430	26	0.776
chr1	881465	881466	17	0.9197
chr1	881497	881498	37	0.794
chr1	881583	881584	26	0.92
chr1	881635	881636	30	0.8454
chr1	881735	881736	29	0.7563
chr1	881815	881816	29	0.919
chr1	881915	881916	30	0.9885
chr1	881941	881942	25	0.9148
chr1	881965	881966	29	0.6172
chr1	881989	881990	32	0.8863
chr1	882014	882015	16	0.6959
chr1	882064	882065	20	0.8309
chr1	882106	882107	29	0.8904
chr1	882137	882138	30	0.6782
chr1	882157	882158	32	0.6925
chr1	882178	882179	31	0.6324
chr1	882212	882213	39	0.731
chr1	882262	882263	35	0.7684
chr1	882281	882282	30	0.6616
chr1	882306	882307	33	0.8258
chr1	882350	882351	28	0.7926
chr1	882399	882400	23	0.7767
chr1	882414	882415	33	0.7749
chr1	882456	882457	18	0.8537
chr1	882480	882481	29	0.8248
chr1	882498	882499	28	0.7424
chr1	882514	882515	26	0.8016
chr1	882614	882615	32	0.8339
chr1	882704	882705	25	0.9484
chr1	882801	882802	25	0.9243
chr1	882901	882902	36	0.734
chr1	883001	883002	23	0.8339
chr1	883033	883034	33	0.8238
chr1	883069	883070	40	0.6354
chr1	883114	883115	20	0.8023
chr1	883152	883153	26	0.7582
chr1	883177	883178	26	0.6746
chr1	883227	883228	28	0.5529
chr1	883258	883259	15	0.76
chr1	883296	883297	30	0.6941
chr1	883341	883342	24	0.6793
chr1	883391	883392	20	0.7778
chr1	883430	883431	23	0.5433
chr1	883458	883459	25	0.6934
chr1	883502	883503	34	0.7194
chr1	883517	883518	27	0.609
chr1	883542	883543	29	0.5412
chr1	883586	883587	32	0.6835
chr1	883600	883601	34	0.5025
chr1	883700	883701	30	0.6157
chr1	883800	883801	22	0.6816
chr1	883900	883901	27	0.8202
chr1	883991	883992	27	0.6661
chr1	884041	884042	31	0.5406
chr1	884073	884074	32	0.4972
chr1	884123	884124	31	0.7074
chr1	884130	884131	27	0.9135
chr1	884170	884171	19	0.864
chr1	884220	884221	28	0.9097
chr1	884237	884238	37	0.8955
chr1	884266	884267	24	0.8944
chr1	884316	884317	26	0.9716
chr1	884359	884360	37	0.9789
chr1	884409	884410	35	0.8789
chr1	884456	884457	29	0.8518
chr1	884484	884485	23	0.9238
chr1	884499	884500	32	0.9031
chr1	884524	884525	33	0.9605
chr1	884540	884541	28	0.8803
chr1	884602	884603	35	0.813
chr1	884652	884653	23	0.8272
chr1	884752	884753	29	0.82
chr1	884848	884849	31	0.9459
chr1	884914	884915	28	0.8688
chr1	885030	885031	31	0.8428
chr1	885036	885037	26	0.9115
chr1	885096	885097	40	0.754
chr1	885138	885139	24	0.9181
chr1	885228	885229	35	0.7291
chr1	885288	885289	31	0.7524
chr1	885290	885291	32	0.8655
chr1	885390	885391	33	0.7629
chr1	885427	885428	32	0.9075
chr1	885473	885474	29	0.8351
chr1	885501	885502	14	0.8014
chr1	885545	885546	28	0.8648
chr1	885565	885566	28	0.7929
chr1	885607	885608	37	0.7311
chr1	885644	885645	31	0.7676
chr1	885669	885670	31	0.6314
chr1	885693	885694	30	0.8622
chr1	885723	885724	28	0.6734
chr1	885754	885755	23	0.776
chr1	885804	885805	43	0.8482
chr1	885825	885826	30	0.7962
chr1	885875	885876	29	0.8052
chr1	885911	885912	23	0.8614
chr1	885929	885930	18	0.7652
chr1	885952	885953	29	0.7925
chr1	886052	886053	32	0.7999
chr1	886152	886153	17	0.8065
chr1	886202	886203	26	0.8278
chr1	886252	886253	19	0.8375
chr1	886341	886342	31	0.6902
chr1	886391	886392	33	0.8005
chr1	886429	886430	33	0.9214
chr1	886439	886440	23	0.7329
chr1	886464	886465	31	0.6362
chr1	886514	886515	44	0.9664
chr1	886537	886538	35	0.9735
chr1	886587	886588	30	0.8582
chr1	886616	886617	27	0.8478
chr1	886651	886652	39	0.7334
chr1	886687	886688	33	0.6514
chr1	886737	886738	31	0.711
chr1	886782	886783	26	0.7053
chr1	886809	886810	24	0.9029
chr1	886824	886825	26	0.9832
chr1	886839	886840	28	0.8117
chr1	886880	886881	24	0.907
chr1	886930	886931	27	0.8191
chr1	886953	886954	38	0.9403
chr1	887052	887053	34	0.7653
chr1	887117	887118	29	0.9113
chr1	887217	887218	35	0.8314
chr1	887295	887296	32	0.8872
chr1	887395	887396	35	0.8935
chr1	887437	887438	34	0.8023
chr1	887445	887446	24	0.8786
chr1	887479	887480	35	0.8643
chr1	887515	887516	22	0.9055
chr1	887645	887646	30	0.8017
chr1	887661	887662	25	0.7305
chr1	887663	887664	23	0.7279
chr1	887721	887722	29	0.8169
chr1	887827	887828	29	0.7771
chr1	887838	887839	29	0.949
chr1	887853	887854	32	0.8227
chr1	887868	887869	30	0.8096
chr1	887890	887891	33	0.6825
chr1	887940	887941	18	0.7735
chr1	887959	887960	33	0.7408
chr1	887997	887998	24	0.7967
chr1	888039	888040	26	0.8081
chr1	888069	888070	40	0.725
chr1	888106	888107	24	0.8345
chr1	888156	888157	23	0.9871
chr1	888174	888175	33	0.577
chr1	888189	888190	21	0.8915
chr1	888209	888210	35	0.8139
chr1	888256	888257	28	0.7652
chr1	888306	888307	37	0.8034
chr1	888346	888347	34	0.7491
chr1	888348	888349	33	0.8257
chr1	888414	888415	28	0.8563
chr1	888514	888515	25	0.7748
chr1	888583	888584	36	0.7651
chr1	888633	888634	33	0.7705
chr1	888691	888692	30	0.797
chr1	888748	888749	20	0.731
chr1	888839	888840	31	0.7823
chr1	888851	888852	27	0.8363
chr1	888857	888858	30	0.804
chr1	888895	888896	30	0.9649
chr1	888927	888928	30	0.9025
chr1	888963	888964	23	0.8664
chr1	889013	889014	24	0.8883
chr1	889047	889048	26	0.9121
chr1	889076	889077	29	0.7768
chr1	889126	889127	32	0.8603
chr1	889176	889177	33	0.9542
chr1	889191	889192	37	0.9849
chr1	889236	889237	31	1.0
chr1	889286	889287	32	0.932
chr1	889304	889305	31	0.9143
chr1	889404	889405	31	0.9647
chr1	889504	889505	26	0.8482
chr1	889572	889573	32	0.856
chr1	889672	889673	32	0.7462
chr1	889728	889729	31	0.8164
chr1	889742	889743	30	0.9834
chr1	889756	889757	26	1.0
chr1	890048	890049	30	0.8722
chr1	890070	890071	30	0.9121
chr1	890104	890105	28	0.9436
chr1	890137	890138	20	0.9547
chr1	890175	890176	28	0.9059
chr1	890225	890226	32	0.8622
chr1	890275	890276	22	0.8843
chr1	890296	890297	33	1.0
chr1	890311	890312	31	0.9557
chr1	890361	890362	35	0.9877
chr1	890409	890410	29	1.0
chr1	890427	890428	32	0.8568
chr1	890453	890454	24	0.9345
chr1	890476	890477	33	0.9274
chr1	890503	890504	30	1.0
chr1	890550	890551	27	0.9467
chr1	890570	890571	29	0.9631
chr1	890607	890608	22	0.9892
chr1	890614	890615	33	0.9107
chr1	890664	890665	32	0.8846
chr1	890764	890765	35	0.9301
chr1	890842	890843	21	0.8889
chr1	890942	890943	26	0.7344
chr1	891012	891013	25	1.0
chr1	891062	891063	30	1.0
chr1	891094	891095	31	0.9391
chr1	891134	891135	30	0.8678
chr1	891161	891162	28	0.9984
chr1	891193	891194	31	0.9254
chr1	891212	891213	27	1.0
chr1	891251	891252	27	0.9046
chr1	891266	891267	40	0.8954
chr1	891316	891317	28	0.8483
chr1	891343	891344	28	0.9497
chr1	891370	891371	39	0.825
chr1	891390	891391	26	0.6843
chr1	891427	891428	31	0.965
chr1	891442	891443	30	0.6725
chr1	891460	891461	28	0.9802
chr1	891508	891509	33	0.9944
chr1	891558	891559	35	0.9254
chr1	891573	891574	33	0.8818
chr1	891617	891618	33	0.8454
chr1	891717	891718	34	0.7671
chr1	891817	891818	31	0.824
chr1	891895	891896	28	0.8815
chr1	891967	891968	25	0.9338
chr1	892067	892068	27	0.9409
chr1	892071	892072	27	0.8759
chr1	892095	892096	29	0.8041
chr1	892102	892103	31	0.8694
chr1	892117	892118	35	0.988
chr1	892158	892159	31	0.8188
chr1	892204	892205	31	0.9769
chr1	892243	892244	24	0.9379
chr1	892293	892294	33	0.8574
chr1	892327	892328	23	0.8646
chr1	892359	892360	29	0.8719
chr1	892389	892390	34	0.7959
chr1	892432	892433	27	0.9728
chr1	892459	892460	33	0.8983
chr1	892480	892481	27	0.8152
chr1	892500	892501	28	0.9214
chr1	892544	892545	27	0.735
chr1	892558	892559	36	1.0
chr1	892629	892630	24	0.8903
chr1	892694	892695	29	0.8871
chr1	892775	892776	34	0.8672
chr1	892857	892858	36	0.869
chr1	892957	892958	24	0.8718
chr1	892967	892968	32	0.9243
chr1	893101	893102	25	0.9068
chr1	893183	893184	30	0.7871
chr1	893205	893206	34	0.9419
chr1	893219	893220	33	0.8581
chr1	893277	893278	31	0.8176
chr1	893413	893414	30	0.7569
chr1	893426	893427	32	0.8687
chr1	893461	893462	32	0.8076
chr1	893511	893512	37	0.8782
chr1	893530	893531	25	0.9079
chr1	893559	893560	33	0.8701
chr1	893584	893585	25	0.8527
chr1	893612	893613	26	0.8421
chr1	893651	893652	29	0.7398
chr1	893685	893686	36	0.8637
chr1	893733	893734	30	0.9603
chr1	893762	893763	25	0.811
chr1	893789	893790	30	0.9079
chr1	893807	893808	33	0.6871
chr1	893838	893839	31	0.9432
chr1	893853	893854	40	1.0
chr1	893903	893904	30	0.8058
chr1	893928	893929	31	0.8082
chr1	893938	893939	35	0.8233
chr1	894038	894039	35	0.749
chr1	894138	894139	28	0.8883
chr1	894238	894239	36	0.8977
chr1	894338	894339	35	0.7953
chr1	894418	894419	29	0.9303
chr1	894448	894449	28	0.9312
chr1	894464	894465	30	0.8788
chr1	894474	894475	33	0.7987
chr1	894524	894525	38	0.7282
chr1	894556	894557	33	0.7909
chr1	894606	894607	33	0.762
chr1	894646	894647	37	0.6074
chr1	894690	894691	36	0.7658
chr1	894722	894723	30	0.8053
chr1	894765	894766	32	0.7392
chr1	894790	894791	25	0.5161
chr1	894819	894820	24	0.6735
chr1	894844	894845	29	0.7386
chr1	894873	894874	35	0.6515
chr1	894909	894910	31	0.7433
chr1	894936	894937	28	0.7868
chr1	894959	894960	31	0.8215
chr1	894983	894984	24	0.7749
chr1	895083	895084	20	0.7353
chr1	895183	895184	24	0.6628
chr1	895277	895278	29	0.7089
chr1	895377	895378	32	0.5304
chr1	895428	895429	28	0.6903
chr1	895564	895565	29	0.7705
chr1	895582	895583	29	0.5867
chr1	895620	895621	31	0.7319
chr1	895640	895641	38	0.6933
chr1	895688	895689	33	0.6668
chr1	895788	895789	34	0.639
chr1	895892	895893	35	0.6134
chr1	895901	895902	24	0.8233
chr1	895938	895939	30	0.8393
chr1	895964	895965	27	0.8594
chr1	895989	895990	30	0.8082
chr1	896039	896040	27	0.5782
chr1	896070	896071	30	0.659
chr1	896114	896115	27	0.7844
chr1	896129	896130	25	0.7308
chr1	896179	896180	28	0.7558
chr1	896196	896197	29	0.5962
chr1	896234	896235	19	0.773
chr1	896256	896257	35	0.7991
chr1	896278	896279	40	0.6911
chr1	896302	896303	35	0.7391
chr1	896332	896333	35	0.6447
chr1	896354	896355	29	0.6451
chr1	896404	896405	34	0.6514
chr1	896419	896420	22	0.6796
chr1	896469	896470	32	0.7516
chr1	896554	896555	30	0.8153
chr1	896654	896655	27	0.8327
chr1	896754	896755	32	0.7201
chr1	896804	896805	34	0.749
chr1	896904	896905	33	0.6774
chr1	896970	896971	30	0.6508
chr1	897006	897007	31	0.7703
chr1	897014	897015	26	0.7821
chr1	897156	897157	22	0.726
chr1	897180	897181	33	0.752
chr1	897192	897193	26	0.7905
chr1	897306	897307	26	0.7347
chr1	897322	897323	29	0.7908
chr1	897371	897372	26	0.8857
chr1	897405	897406	30	0.8469
chr1	897430	897431	25	0.8003
chr1	897452	897453	27	0.9848
chr1	897485	897486	29	0.9123
chr1	897535	897536	37	0.8667
chr1	897564	897565	35	0.9949
chr1	897583	897584	38	1.0
chr1	897633	897634	23	0.882
chr1	897649	897650	30	0.9644
chr1	897675	897676	23	0.9815
chr1	897690	897691	36	0.8978
chr1	897718	897719	30	0.8777
chr1	897768	897769	22	0.8697
chr1	897806	897807	35	0.8919
chr1	897854	897855	23	0.8968
chr1	897869	897870	30	0.9484
chr1	897888	897889	28	0.8862
chr1	897911	897912	31	1.0
chr1	898011	898012	27	0.944
chr1	898111	898112	33	0.7793
chr1	898185	898186	23	0.9187
chr1	898273	898274	30	1.0
chr1	898373	898374	36	0.9745
chr1	898385	898386	25	0.8951
chr1	898401	898402	40	0.889
chr1	898411	898412	31	0.8023
chr1	898442	898443	32	0.8703
chr1	898484	898485	30	0.8939
chr1	898516	898517	27	0.7167
chr1	898531	898532	27	0.7777
chr1	898571	898572	29	0.8871
chr1	898603	898604	32	0.9233
chr1	898619	898620	25	0.8005
chr1	898635	898636	35	0.7176
chr1	898654	898655	27	0.576
chr1	898673	898674	31	0.8764
chr1	898697	898698	33	0.8329
chr1	898712	898713	27	1.0
chr1	898727	898728	23	0.6898
chr1	898742	898743	30	0.7824
chr1	898792	898793	30	0.8987
chr1	898828	898829	36	0.8762
chr1	898893	898894	27	0.8551
chr1	898948	898949	38	0.8035
chr1	899048	899049	27	0.9249
chr1	899148	899149	33	0.8584
chr1	899182	899183	24	0.8524
chr1	899196	899197	35	0.7272
chr1	899220	899221	34	0.726
chr1	899263	899264	32	0.7884
chr1	899280	899281	25	0.7299
chr1	899326	899327	40	0.9016
chr1	899350	899351	31	0.7737
chr1	899367	899368	29	0.7886
chr1	899400	899401	29	0.9093
chr1	899422	899423	36	0.9464
chr1	899459	899460	27	0.7432
chr1	899486	899487	32	0.9136
chr1	899510	899511	32	0.876
chr1	899540	899541	19	0.8279
chr1	899590	899591	28	0.8834
chr1	899622	899623	39	0.67
chr1	899640	899641	33	0.8112
chr1	899665	899666	24	0.7741
chr1	899681	899682	34	1.0
chr1	899704	899705	21	0.7723
chr1	899712	899713	39	0.7298
chr1	899812	899813	26	0.8
chr1	899912	899913	31	0.7097
chr1	900012	900013	28	0.7473
chr1	900112	900113	32	0.8484
chr1	900212	900213	26	0.7757
chr1	900244	900245	34	0.6485
chr1	900258	900259	28	0.8429
chr1	900283	900284	41	0.8764
chr1	900317	900318	24	0.9614
chr1	900344	900345	29	0.9602
chr1	900359	900360	25	0.9361
chr1	900375	900376	21	0.8496
chr1	900425	900426	31	0.7533
chr1	900460	900461	29	0.7516
chr1	900481	900482	28	0.7859
chr1	900498	900499	24	0.9538
chr1	900540	900541	29	0.8928
chr1	900590	900591	18	0.8904
chr1	900640	900641	26	0.9883
chr1	900661	900662	36	0.8221
chr1	900682	900683	22	0.933
chr1	900709	900710	22	0.9797
chr1	900726	900727	30	0.898
chr1	900747	900748	28	0.7738
chr1	900769	900770	24	0.9348
chr1	900847	900848	27	0.8632
chr1	900947	900948	32	0.8432
chr1	901000	901001	33	0.8775
chr1	901100	901101	23	0.6749
chr1	901154	901155	29	0.9076
chr1	901254	901255	36	0.8316
chr1	901268	901269	34	0.8715
chr1	901294	901295	22	0.7535
chr1	901321	901322	29	0.7327
chr1	901344	901345	28	0.6873
chr1	901372	901373	33	0.7553
chr1	901387	901388	17	0.5765
chr1	901406	901407	29	0.597
chr1	901436	901437	26	0.8415
chr1	901452	901453	27	0.7646
chr1	901467	901468	37	0.6688
chr1	901492	901493	37	0.7423
chr1	901542	901543	26	0.6855
chr1	901559	901560	30	0.5489
chr1	901582	901583	30	0.6867
chr1	901632	901633	36	0.7631
chr1	901659	901660	27	0.7238
chr1	901703	901704	33	0.6562
chr1	901730	901731	28	0.6551
chr1	901780	901781	25	0.8069
chr1	901795	901796	34	0.681
chr1	901811	901812	25	0.6606
chr1	901829	901830	28	0.7193
chr1	901912	901913	34	0.699
chr1	901987	901988	19	0.6077
chr1	902077	902078	27	0.6327
chr1	902156	902157	33	0.7884
chr1	902256	902257	38	0.7903
chr1	902262	902263	28	0.6828
chr1	902328	902329	32	0.4953
chr1	902338	902339	28	0.166
chr1	902353	902354	32	0.1919
chr1	902373	902374	33	0.3287
chr1	902417	902418	32	0.1341
chr1	902443	902444	37	0.2107
chr1	902483	902484	26	0.0996
chr1	902498	902499	30	0.0689
chr1	902516	902517	26	0.2723
chr1	902552	902553	22	0.2308
chr1	902580	902581	28	0.254
chr1	902600	902601	28	0.0823
chr1	902643	902644	24	0.1276
chr1	902676	902677	37	0.2865
chr1	902710	902711	29	0.0349
chr1	902760	902761	23	0.2194
chr1	902785	902786	33	0.1203
chr1	902816	902817	27	0.323
chr1	902823	902824	31	0.2977
chr1	902891	902892	23	0.1201
chr1	902991	902992	33	0.3296
chr1	903076	903077	42	0.3122
chr1	903126	903127	31	0.1203
chr1	903210	903211	28	0.169
chr1	903269	903270	28	0.2866
chr1	903323	903324	26	0.1958
chr1	903331	903332	25	0.9009
chr1	903355	903356	23	0.8906
chr1	903405	903406	25	0.9482
chr1	903455	903456	26	0.7942
chr1	903471	903472	38	0.9062
chr1	903500	903501	21	0.7335
chr1	903527	903528	24	0.8682
chr1	903577	903578	29	0.9503
chr1	903606	903607	27	0.9434
chr1	903630	903631	31	0.9333
chr1	903652	903653	30	0.9297
chr1	903680	903681	25	0.9044
chr1	903726	903727	21	0.9782
chr1	903744	903745	22	0.814
chr1	903777	903778	30	0.8318
chr1	903817	903818	23	0.8598
chr1	903861	903862	31	0.8168
chr1	903877	903878	31	0.9751
chr1	903880	903881	37	1.0
chr1	903951	903952	24	0.8992
chr1	904005	904006	26	0.8783
chr1	904098	904099	28	0.8396
chr1	904192	904193	37	0.9747
chr1	904292	904293	32	0.8343
chr1	904392	904393	27	0.9593
chr1	904412	904413	28	0.8489
chr1	904522	904523	28	0.8275
chr1	904544	904545	30	0.871
chr1	904558	904559	30	0.9413
chr1	904588	904589	26	0.9581
chr1	904636	904637	25	0.8338
chr1	904742	904743	23	0.8912
chr1	904784	904785	36	0.8981
chr1	904886	904887	27	0.8307
chr1	904917	904918	28	0.6116
chr1	904942	904943	30	0.4418
chr1	904987	904988	31	0.4848
chr1	905006	905007	32	0.5423
chr1	905049	905050	29	0.4395
chr1	905077	905078	28	0.6722
chr1	905119	905120	29	0.6238
chr1	905141	905142	32	0.6656
chr1	905162	905163	33	0.4822
chr1	905183	905184	27	0.4604
chr1	905218	905219	23	0.5703
chr1	905248	905249	35	0.6076
chr1	905267	905268	32	0.6424
chr1	905293	905294	34	0.649
chr1	905325	905326	36	0.6899
chr1	905341	905342	23	0.6684
chr1	905388	905389	22	0.6462
chr1	905424	905425	26	0.6272
chr1	905453	905454	36	0.5906
chr1	905512	905513	26	0.6196
chr1	905568	905569	39	0.5781
chr1	905668	905669	33	0.4414
chr1	905768	905769	30	0.4971
chr1	905868	905869	30	0.5987
chr1	905968	905969	32	0.5839
chr1	906000	906001	31	0.4157
chr1	906007	906008	19	0.0889
chr1	906022	906023	30	0.0246
chr1	906047	906048	27	0.0089
chr1	906083	906084	33	0.1063
chr1	906108	906109	26	0.0
chr1	906128	906129	28	0.0589
chr1	906144	906145	23	0.0867
chr1	906170	906171	28	0.0
chr1	906207	906208	23	0.0727
chr1	906226	906227	31	0.0
chr1	906276	906277	20	0.0
chr1	906299	906300	33	0.0935
chr1	906320	906321	25	0.1958
chr1	906338	906339	28	0.0813
chr1	906353	906354	30	0.0908
chr1	906403	906404	29	0.0
chr1	906424	906425	31	0.1123
chr1	906451	906452	34	0.0583
chr1	906501	906502	32	0.0
chr1	906515	906516	29	0.0061
chr1	906608	906609	24	0.0578
chr1	906708	906709	25	0.0916
chr1	906798	906799	33	0.0346
chr1	906898	906899	31	0.1235
chr1	906986	906987	31	0.1272
chr1	907034	907035	27	0.083
chr1	907082	907083	29	0.1534
chr1	907124	907125	27	0.116
chr1	907180	907181	35	0.1752
chr1	907298	907299	25	0.0671
chr1	907356	907357	30	0.0385
chr1	907403	907404	28	0.2231
chr1	907440	907441	23	0.1227
chr1	907471	907472	27	0.1525
chr1	907502	907503	23	0.1224
chr1	907517	907518	29	0.1938
chr1	907532	907533	24	0.1238
chr1	907557	907558	27	0.1831
chr1	907572	907573	27	0.1168
chr1	907591	907592	24	0.1292
chr1	907641	907642	29	0.0362
chr1	907691	907692	26	0.2432
chr1	907730	907731	32	0.139
chr1	907763	907764	29	0.0834
chr1	907791	907792	32	0.23
chr1	907819	907820	30	0.0918
chr1	907843	907844	29	0.1837
chr1	907865	907866	29	0.1751
chr1	907965	907966	34	0.2072
chr1	908017	908018	28	0.1809
chr1	908105	908106	36	0.1737
chr1	908191	908192	21	0.1144
chr1	908291	908292	33	0.0823
chr1	908321	908322	28	0.2318
chr1	908336	908337	32	0.759
chr1	908376	908377	37	0.7814
chr1	908403	908404	22	0.8391
chr1	908453	908454	23	0.666
chr1	908468	908469	34	0.8247
chr1	908518	908519	28	0.7046
chr1	908549	908550	20	0.6275
chr1	908564	908565	36	0.7233
chr1	908600	908601	33	0.6262
chr1	908623	908624	22	0.7766
chr1	908641	908642	27	0.8799
chr1	908656	908657	26	0.6926
chr1	908702	908703	37	0.8387
chr1	908721	908722	40	0.7954
chr1	908771	908772	40	0.8217
chr1	908804	908805	30	0.7315
chr1	908827	908828	34	0.6839
chr1	908848	908849	37	0.8012
chr1	908874	908875	26	0.7991
chr1	908883	908884	25	0.7451
chr1	908953	908954	28	0.6819
chr1	909053	909054	36	0.6832
chr1	909145	909146	25	0.6865
chr1	909245	909246	23	0.8733
chr1	909308	909309	33	0.6696
chr1	909408	909409	37	0.7641
chr1	909478	909479	27	0.8078
chr1	909500	909501	27	0.6558
chr1	910535	910536	37	0.266
chr1	910550	910551	32	0.0103
chr1	910586	910587	30	0.121
chr1	910607	910608	23	0.0044
chr1	910624	910625	34	0.1213
chr1	910660	910661	21	0.0833
chr1	910704	910705	35	0.0484
chr1	910730	910731	43	0.1659
chr1	910780	910781	39	0.0318
chr1	910823	910824	35	0.069
chr1	910838	910839	32	0.0502
chr1	910858	910859	24	0.153
chr1	910903	910904	34	0.0
chr1	910923	910924	27	0.0039
chr1	910961	910962	27	0.1676
chr1	910990	910991	29	0.2913
chr1	911040	911041	28	0.1409
chr1	911054	911055	22	0.1488
chr1	911154	911155	24	0.083
chr1	911204	911205	34	0.0316
chr1	911304	911305	30	0.1395
chr1	911361	911362	25	0.023
chr1	911428	911429	18	0.0964
chr1	911520	911521	38	0.2422
chr1	911524	911525	43	0.0224
chr1	911544	911545	23	0.1573
chr1	911604	911605	22	0.1379
chr1	911672	911673	27	0.0582
chr1	911674	911675	32	0.0504
chr1	911794	911795	31	0.1207
chr1	911828	911829	31	0.0972
chr1	911924	911925	29	0.0071
chr1	912020	912021	33	0.1037
chr1	912028	912029	36	0.5944
chr1	912078	912079	30	0.8067
chr1	912097	912098	26	0.8039
chr1	912117	912118	29	0.7355
chr1	912154	912155	28	0.8046
chr1	912181	912182	23	0.6211
chr1	912208	912209	21	0.8954
chr1	912233	912234	18	0.6602
chr1	912259	912260	30	0.8394
chr1	912295	912296	33	0.646
chr1	912341	912342	37	0.6142
chr1	912365	912366	29	0.668
chr1	912415	912416	32	0.6762
chr1	912430	912431	40	0.8543
chr1	912459	912460	21	0.6403
chr1	912475	912476	29	0.8571
chr1	912525	912526	29	0.6569
chr1	912547	912548	22	0.8442
chr1	912553	912554	32	0.7046
chr1	912617	912618	29	0.761
chr1	912680	912681	25	0.7043
chr1	912766	912767	26	0.8105
chr1	912849	912850	31	0.7835
chr1	912902	912903	25	0.6602
chr1	912986	912987	29	0.6461
chr1	913036	913037	30	0.8712
chr1	913044	913045	31	0.7894
chr1	913054	913055	37	0.7022
chr1	913124	913125	27	0.6703
chr1	913160	913161	19	0.7413
chr1	913228	913229	27	0.6017
chr1	913252	913253	26	0.6505
chr1	913266	913267	26	0.6093
chr1	913348	913349	33	0.7263
chr1	913486	913487	32	0.721
chr1	913497	913498	26	0.8519
chr1	913527	913528	20	0.8238
chr1	913558	913559	21	1.0
chr1	913577	913578	32	0.9941
chr1	913618	913619	33	0.9938
chr1	913644	913645	33	0.89
chr1	913668	913669	34	0.8588
chr1	913683	913684	28	0.9742
chr1	913733	913734	32	0.8715
chr1	913761	913762	13	0.7255
chr1	913788	913789	33	0.7765
chr1	913816	913817	32	0.7869
chr1	913863	913864	30	0.8841
chr1	913898	913899	26	0.8679
chr1	913943	913944	34	0.7787
chr1	913970	913971	32	0.8845
chr1	914070	914071	32	0.8729
chr1	914170	914171	35	0.9115
chr1	914238	914239	33	0.9661
chr1	914338	914339	27	0.8421
chr1	914438	914439	19	0.9159
chr1	914478	914479	28	0.8797
chr1	914528	914529	36	0.7713
chr1	914578	914579	31	0.7998
chr1	914597	914598	30	0.8229
chr1	914623	914624	37	0.7564
chr1	914673	914674	29	0.4717
chr1	914709	914710	26	0.6252
chr1	914759	914760	23	0.6138
chr1	914809	914810	30	0.6117
chr1	914831	914832	25	0.7077
chr1	914868	914869	33	0.6473
chr1	914910	914911	32	0.5904
chr1	914956	914957	29	0.6466
chr1	914959	914960	32	0.6493
chr1	915059	915060	29	0.59
chr1	915159	915160	29	0.7222
chr1	915230	915231	33	0.7446
chr1	915330	915331	26	0.4825
chr1	915380	915381	35	0.6975
chr1	915408	915409	31	0.6605
chr1	915450	915451	30	0.6914
chr1	915460	915461	24	0.5553
chr1	915497	915498	26	0.5803
chr1	915521	915522	27	0.5221
chr1	915565	915566	36	0.8098
chr1	915586	915587	24	0.702
chr1	915609	915610	31	0.5501
chr1	915659	915660	24	0.6106
chr1	915690	915691	28	0.5631
chr1	915705	915706	29	0.6568
chr1	915720	915721	32	0.4613
chr1	915746	915747	32	0.586
chr1	915771	915772	30	0.5167
chr1	915800	915801	36	0.6934
chr1	915839	915840	27	0.5132
chr1	915858	915859	29	0.5435
chr1	915873	915874	30	0.5767
chr1	915923	915924	29	0.6079
chr1	915947	915948	28	0.7656
chr1	915987	915988	22	0.7057
chr1	916037	916038	25	0.652
chr1	916123	916124	32	0.4796
chr1	916223	916224	32	0.6442
chr1	916323	916324	43	0.745
chr1	916410	916411	24	0.6608
chr1	916510	916511	31	0.5981
chr1	916626	916627	32	0.6692
chr1	916658	916659	32	0.5979
chr1	916694	916695	33	0.6977
chr1	916730	916731	36	0.6185
chr1	916756	916757	40	0.7269
chr1	916788	916789	23	0.611
chr1	916944	916945	24	0.6659
chr1	916978	916979	27	0.4648
chr1	916988	916989	28	0.6227
chr1	917012	917013	39	0.7284
chr1	917062	917063	36	0.5894
chr1	917082	917083	26	0.5636
chr1	917104	917105	28	0.7254
chr1	917119	917120	29	0.7897
chr1	917165	917166	29	0.6681
chr1	917189	917190	31	0.7593
chr1	917206	917207	27	0.6935
chr1	917227	917228	31	0.6277
chr1	917255	917256	37	0.8396
chr1	917299	917300	28	0.6938
chr1	917327	917328	31	0.5922
chr1	917364	917365	35	0.7368
chr1	917381	917382	32	0.7396
chr1	917431	917432	22	0.811
chr1	917479	917480	26	0.6997
chr1	917524	917525	34	0.7241
chr1	917624	917625	29	0.5676
chr1	917724	917725	34	0.8694
chr1	917795	917796	24	0.6975
chr1	917895	917896	34	0.8002
chr1	917969	917970	30	0.6251
chr1	918019	918020	27	0.6459
chr1	918071	918072	32	0.6737
chr1	918085	918086	27	0.7386
chr1	918110	918111	25	0.8257
chr1	918143	918144	31	0.7994
chr1	918163	918164	25	0.8431
chr1	918195	918196	36	0.7444
chr1	918245	918246	21	0.5179
chr1	918260	918261	30	0.8676
chr1	918310	918311	31	0.8306
chr1	918360	918361	35	0.8334
chr1	918410	918411	19	0.7854
chr1	918425	918426	31	0.7563
chr1	918440	918441	26	0.7009
chr1	918455	918456	25	0.7434
chr1	918498	918499	31	0.8193
chr1	918548	918549	38	0.8004
chr1	918566	918567	42	0.7264
chr1	918585	918586	22	0.7044
chr1	918624	918625	28	0.7765
chr1	918670	918671	34	0.8192
chr1	918692	918693	25	0.6316
chr1	918712	918713	31	0.7493
chr1	918741	918742	32	0.8247
chr1	918841	918842	29	0.6577
chr1	918891	918892	33	0.7636
chr1	918991	918992	31	0.6049
chr1	919071	919072	28	0.7399
chr1	919171	919172	22	0.5688
chr1	919271	919272	29	0.761
chr1	919371	919372	35	0.6675
chr1	919409	919410	22	0.8034
chr1	919443	919444	34	0.6459
chr1	919493	919494	31	0.9505
chr1	919521	919522	33	0.8143
chr1	919545	919546	26	0.8631
chr1	919595	919596	31	0.8447
chr1	919622	919623	37	0.921
chr1	919668	919669	25	0.9801
chr1	919718	919719	30	0.9141
chr1	919767	919768	28	0.8627
chr1	919809	919810	24	1.0
chr1	919842	919843	26	0.9912
chr1	919874	919875	26	0.9751
chr1	919893	919894	32	0.8227
chr1	919910	919911	29	0.9531
chr1	919933	919934	28	0.9429
chr1	919983	919984	33	0.8706
chr1	920057	920058	27	0.8046
chr1	920109	920110	25	0.943
chr1	920209	920210	31	0.9737
chr1	920286	920287	32	0.9125
chr1	920336	920337	25	0.9323
chr1	920415	920416	38	0.9665
chr1	920451	920452	27	0.9009
chr1	920467	920468	33	0.8447
chr1	920516	920517	33	0.1233
chr1	920566	920567	28	0.4023
chr1	920596	920597	33	0.3593
chr1	920646	920647	27	0.0
chr1	920661	920662	29	0.0008
chr1	920684	920685	33	0.677
chr1	920699	920700	27	0.4046
chr1	920749	920750	29	0.534
chr1	920782	920783	22	0.0
chr1	920818	920819	36	0.526
chr1	920868	920869	32	0.0
chr1	920894	920895	42	0.3921
chr1	920918	920919	26	0.0
chr1	920961	920962	28	0.054
chr1	921061	921062	30	0.0
chr1	921133	921134	31	0.1501
chr1	921233	921234	29	0.0
chr1	921333	921334	26	0.0
chr1	921365	921366	27	0.527
chr1	921429	921430	38	0.587
chr1	921463	921464	38	0.9812
chr1	921513	921514	30	0.9664
chr1	921546	921547	27	0.735
chr1	921564	921565	28	0.8984
chr1	921614	921615	36	0.8246
chr1	921631	921632	27	1.0
chr1	921675	921676	36	0.7482
chr1	921718	921719	28	0.8146
chr1	921751	921752	23	0.9277
chr1	921775	921776	22	0.907
chr1	921815	921816	32	1.0
chr1	921842	921843	33	0.8004
chr1	921864	921865	26	0.9036
chr1	921914	921915	29	0.9029
chr1	921937	921938	40	0.9704
chr1	921954	921955	30	0.8455
chr1	922054	922055	31	0.785
chr1	922154	922155	26	0.7921
chr1	922240	922241	30	0.9365
chr1	922340	922341	29	0.9091
chr1	922440	922441	30	0.767
chr1	922464	922465	23	0.8635
chr1	922494	922495	35	0.2092
chr1	922510	922511	28	0.1097
chr1	922545	922546	28	0.1237
chr1	922563	922564	22	0.0281
chr1	922595	922596	28	0.0893
chr1	922641	922642	33	0.1895
chr1	922656	922657	36	0.0574
chr1	922695	922696	31	0.0788
chr1	922715	922716	26	0.0806
chr1	922760	922761	27	0.2977
chr1	922799	922800	37	0.1764
chr1	922814	922815	17	0.037
chr1	922829	922830	25	0.094
chr1	922844	922845	23	0.1089
chr1	922868	922869	30	0.095
chr1	922883	922884	23	0.2536
chr1	922926	922927	36	0.01
chr1	922976	922977	24	0.1061
chr1	922994	922995	27	0.1286
chr1	923043	923044	28	0.1531
chr1	923143	923144	31	0.1502
chr1	923243	923244	26	0.1191
chr1	923343	923344	30	0.0714
chr1	923393	923394	22	0.1756
chr1	923493	923494	36	0.1307
chr1	923561	923562	29	0.2297
chr1	923589	923590	28	0.1544
chr1	923594	923595	33	0.0858
chr1	923636	923637	33	0.2342
chr1	923676	923677	35	0.0143
chr1	923725	923726	23	0.2004
chr1	923755	923756	28	0.0
chr1	923805	923806	32	0.0381
chr1	923839	923840	29	0.1039
chr1	923889	923890	28	0.0504
chr1	923932	923933	34	0.1243
chr1	923970	923971	34	0.058
chr1	924019	924020	34	0.0881
chr1	924060	924061	37	0.0
chr1	924096	924097	30	0.0288
chr1	924103	924104	29	0.0662
chr1	924185	924186	35	0.1943
chr1	924285	924286	22	0.0682
chr1	924335	924336	27	0.0491
chr1	924435	924436	29	0.0702
chr1	924485	924486	36	0.0
chr1	924546	924547	36	0.0
chr1	924596	924597	31	0.1539
chr1	924650	924651	25	0.0516
chr1	924706	924707	38	0.1191
chr1	924748	924749	37	0.1106
chr1	924754	924755	31	0.1053
chr1	924780	924781	29	0.0631
chr1	925018	925019	33	0.1222
chr1	925028	925029	38	0.0998
chr1	925038	925039	29	0.2048
chr1	925084	925085	17	0.1788
chr1	925113	925114	35	0.2666
chr1	925128	925129	34	0.2807
chr1	925143	925144	26	0.3518
chr1	925177	925178	27	0.156
chr1	925215	925216	37	0.0293
chr1	925243	925244	34	0.4598
chr1	925262	925263	31	0.346
chr1	925297	925298	34	0.3257
chr1	925315	925316	32	0.316
chr1	925338	925339	27	0.1015
chr1	925368	925369	25	0.1298
chr1	925383	925384	33	0.5045
chr1	925403	925404	30	0.3792
chr1	925422	925423	34	0.2185
chr1	925439	925440	35	0.042
chr1	925468	925469	41	0.0745
chr1	925496	925497	34	0.2616
chr1	925527	925528	30	0.0
chr1	925627	925628	23	0.1256
chr1	925727	925728	31	0.1179
chr1	925827	925828	17	0.3455
chr1	925927	925928	39	0.2899
chr1	926027	926028	21	0.1631
chr1	926049	926050	34	0.7258
chr1	926081	926082	34	0.6411
chr1	926131	926132	26	0.575
chr1	926146	926147	21	0.5814
chr1	926175	926176	31	0.6434
chr1	926193	926194	29	0.6939
chr1	926243	926244	33	0.6848
chr1	926285	926286	38	0.5861
chr1	926300	926301	21	0.7406
chr1	926331	926332	29	0.7941
chr1	926368	926369	32	0.8029
chr1	926386	926387	32	0.5995
chr1	926429	926430	33	0.4877
chr1	926459	926460	34	0.7857
chr1	926484	926485	34	0.8123
chr1	926518	926519	28	0.7004
chr1	926540	926541	28	0.498
chr1	926590	926591	28	0.5186
chr1	926640	926641	34	0.5656
chr1	926643	926644	22	0.6299
chr1	926726	926727	22	0.5757
chr1	926826	926827	29	0.7118
chr1	926926	926927	35	0.626
chr1	927016	927017	26	0.6935
chr1	927095	927096	35	0.6725
chr1	927190	927191	30	0.6707
chr1	927280	927281	27	0.6396
chr1	927290	927291	34	0.5742
chr1	927313	927314	37	0.7606
chr1	927329	927330	32	0.6705
chr1	927375	927376	32	0.7511
chr1	927402	927403	29	0.8502
chr1	927430	927431	36	0.7019
chr1	927445	927446	30	0.7219
chr1	927472	927473	26	0.9044
chr1	927489	927490	21	0.6634
chr1	927507	927508	29	0.8545
chr1	927526	927527	26	0.7974
chr1	927552	927553	32	0.8533
chr1	927602	927603	23	0.7546
chr1	927617	927618	28	0.6974
chr1	927643	927644	28	0.8485
chr1	927667	927668	23	0.868
chr1	927717	927718	25	0.8148
chr1	927736	927737	25	0.788
chr1	927753	927754	29	0.7932
chr1	927772	927773	35	0.7927
chr1	927800	927801	26	0.8209
chr1	927830	927831	49	0.7855
chr1	927862	927863	34	0.8629
chr1	927882	927883	33	0.8331
chr1	927895	927896	29	0.7648
chr1	927945	927946	37	0.8693
chr1	928045	928046	31	0.8285
chr1	928145	928146	28	0.9198
chr1	928218	928219	28	0.8373
chr1	928318	928319	33	0.7052
chr1	928418	928419	30	0.7064
chr1	928471	928472	26	0.7889
chr1	928483	928484	33	0.7208
chr1	928539	928540	35	0.9453
chr1	928547	928548	22	0.2421
chr1	928584	928585	38	0.0395
chr1	928613	928614	27	0.034
chr1	928628	928629	23	0.1177
chr1	928654	928655	38	0.1895
chr1	928700	928701	32	0.0071
chr1	928750	928751	31	0.1163
chr1	928781	928782	31	0.1048
chr1	928821	928822	30	0.1792
chr1	928837	928838	30	0.214
chr1	928871	928872	35	0.0791
chr1	928897	928898	34	0.1609
chr1	928917	928918	21	0.0576
chr1	928934	928935	38	0.2367
chr1	928952	928953	35	0.07
chr1	929002	929003	35	0.107
chr1	929022	929023	22	0.1023
chr1	929069	929070	27	0.0669
chr1	929075	929076	33	0.1364
chr1	929175	929176	33	0.1401
chr1	929324	929325	24	0.0562
chr1	929388	929389	26	0.022
chr1	929488	929489	32	0.1113
chr1	929588	929589	38	0.0746
chr1	929720	929721	23	0.0922
chr1	929800	929801	34	0.096
chr1	929912	929913	22	0.096
chr1	929928	929929	35	0.1946
chr1	930000	930001	26	0.2143
chr1	930046	930047	25	0.1572
chr1	930076	930077	30	0.8429
chr1	930126	930127	38	0.6565
chr1	930161	930162	27	0.6072
chr1	930176	930177	22	0.7012
chr1	930216	930217	30	0.7325
chr1	930248	930249	24	0.6792
chr1	930298	930299	30	0.5828
chr1	930322	930323	30	0.6898
chr1	930366	930367	33	0.635
chr1	930411	930412	32	0.6494
chr1	930431	930432	30	0.6847
chr1	930481	930482	26	0.7176
chr1	930519	930520	24	0.6154
chr1	930534	930535	31	0.6909
chr1	930581	930582	29	0.8103
chr1	930681	930682	28	0.8059
chr1	930731	930732	29	0.4912
chr1	930831	930832	23	0.6225
chr1	930920	930921	25	0.6751
chr1	931020	931021	23	0.8985
chr1	931026	931027	19	0.8365
chr1	931064	931065	30	0.8176
chr1	931114	931115	28	0.772
chr1	931164	931165	24	0.672
chr1	931196	931197	31	0.7172
chr1	931235	931236	26	0.8519
chr1	931268	931269	25	0.65
chr1	931290	931291	26	0.8954
chr1	931317	931318	29	0.6038
chr1	931360	931361	33	0.865
chr1	931410	931411	31	0.6869
chr1	931454	931455	30	0.6918
chr1	931503	931504	17	0.6579
chr1	931538	931539	21	0.7986
chr1	931565	931566	21	0.7741
chr1	931577	931578	34	0.739
chr1	931677	931678	31	0.5552
chr1	931777	931778	24	0.6783
chr1	931854	931855	22	0.7403
chr1	931931	931932	26	0.6387
chr1	932031	932032	21	0.7559
chr1	932075	932076	28	0.9385
chr1	932129	932130	29	0.7956
chr1	932141	932142	18	0.0114
chr1	932191	932192	23	0.2799
chr1	932206	932207	31	0.2402
chr1	932237	932238	28	0.1423
chr1	932257	932258	31	0.0568
chr1	932286	932287	25	0.2068
chr1	932311	932312	32	0.0618
chr1	932355	932356	32	0.2301
chr1	932405	932406	27	0.1999
chr1	932453	932454	32	0.0642
chr1	932468	932469	35	0.1149
chr1	932483	932484	22	0.1181
chr1	932533	932534	24	0.0693
chr1	932573	932574	33	0.1846
chr1	932593	932594	22	0.2445
chr1	932625	932626	19	0.182
chr1	932725	932726	26	0.0713
chr1	932776	932777	38	0.2565
chr1	932876	932877	29	0.0115
chr1	932926	932927	26	0.2342
chr1	932984	932985	32	0.13
chr1	933084	933085	19	0.195
chr1	933134	933135	34	0.2471
chr1	933172	933173	31	0.0932
chr1	933212	933213	29	0.8057
chr1	933258	933259	33	0.7971
chr1	933280	933281	27	0.8977
chr1	933299	933300	44	0.3636
chr1	933317	933318	33	0.3002
chr1	933367	933368	33	0.4744
chr1	933404	933405	36	0.8999
chr1	933433	933434	27	0.9139
chr1	933454	933455	25	0.7798
chr1	933482	933483	42	0.5071
chr1	933532	933533	27	0.5107
chr1	933564	933565	33	0.4391
chr1	933581	933582	31	0.8789
chr1	933597	933598	27	0.854
chr1	933697	933698	33	0.5265
chr1	933797	933798	28	0.833
chr1	933897	933898	25	0.8442
chr1	934001	934002	29	0.9514
chr1	934075	934076	29	0.8997
chr1	934098	934099	28	0.9149
chr1	934119	934120	30	0.7132
chr1	934158	934159	36	0.6791
chr1	934198	934199	27	0.8592
chr1	934235	934236	31	0.705
chr1	934261	934262	26	0.8013
chr1	934301	934302	28	0.8575
chr1	934317	934318	25	0.6008
chr1	934359	934360	36	0.7422
chr1	934406	934407	30	0.9088
chr1	934432	934433	32	0.7953
chr1	934461	934462	26	0.8757
chr1	934498	934499	31	0.8009
chr1	934521	934522	20	0.8138
chr1	934544	934545	40	0.7799
chr1	934569	934570	25	0.9633
chr1	934584	934585	29	0.8162
chr1	934589	934590	22	0.7038
chr1	934689	934690	28	0.7626
chr1	934765	934766	27	0.7676
chr1	934830	934831	29	0.7549
chr1	934880	934881	31	0.7896
chr1	934980	934981	33	0.8007
chr1	935074	935075	39	0.7094
chr1	935158	935159	23	0.8756
chr1	935164	935165	30	0.8263
chr1	935191	935192	31	0.831
chr1	935225	935226	20	0.9118
chr1	935249	935250	30	0.9337
chr1	935294	935295	31	0.9318
chr1	935330	935331	35	1.0
chr1	935380	935381	28	0.7081
chr1	935403	935404	28	0.8166
chr1	935452	935453	20	0.8795
chr1	935468	935469	35	0.8686
chr1	935483	935484	37	0.8599
chr1	935526	935527	35	0.6995
chr1	935557	935558	31	0.9094
chr1	935606	935607	24	0.7763
chr1	935645	935646	37	0.8663
chr1	935687	935688	21	0.8211
chr1	935716	935717	26	0.6459
chr1	935737	935738	33	0.8861
chr1	935742	935743	32	0.7746
chr1	935795	935796	25	0.9246
chr1	935847	935848	29	0.8679
chr1	935947	935948	24	0.9283
chr1	936012	936013	30	0.7181
chr1	936089	936090	26	0.8944
chr1	936176	936177	24	0.9019
chr1	936226	936227	29	0.7443
chr1	936286	936287	27	0.8772
chr1	936310	936311	34	0.8995
chr1	936318	936319	27	0.6576
chr1	936348	936349	31	0.8003
chr1	936516	936517	34	0.9519
chr1	936556	936557	22	0.8675
chr1	936592	936593	25	0.9838
chr1	936616	936617	20	0.8566
chr1	936652	936653	25	0.9019
chr1	936684	936685	34	0.9311
chr1	936726	936727	23	0.8038
chr1	936767	936768	25	0.8534
chr1	936802	936803	32	0.864
chr1	936851	936852	33	0.8243
chr1	936901	936902	28	0.7296
chr1	936940	936941	23	0.9034
chr1	936973	936974	32	1.0
chr1	937023	937024	39	0.7582
chr1	937044	937045	32	0.6904
chr1	937047	937048	33	0.9302
chr1	937123	937124	29	0.8381
chr1	937223	937224	42	0.8948
chr1	937275	937276	29	0.8825
chr1	937367	937368	28	0.9075
chr1	937467	937468	23	0.8096
chr1	937487	937488	23	0.9051
chr1	937517	937518	26	0.8028
chr1	937525	937526	23	0.7057
chr1	937551	937552	26	0.7373
chr1	937595	937596	38	0.6901
chr1	937616	937617	25	0.6575
chr1	937635	937636	37	0.7305
chr1	937684	937685	27	0.7177
chr1	937699	937700	30	0.7872
chr1	937744	937745	30	0.6524
chr1	937781	937782	32	0.5976
chr1	937813	937814	27	0.6936
chr1	937853	937854	40	0.6751
chr1	937868	937869	31	0.6127
chr1	937895	937896	22	0.5423
chr1	937945	937946	29	0.8396
chr1	937963	937964	31	0.8455
chr1	938063	938064	41	0.8495
chr1	938124	938125	32	0.7776
chr1	938224	938225	33	0.6989
chr1	938324	938325	37	0.6558
chr1	938456	938457	28	0.6849
chr1	938568	938569	21	0.6116
chr1	938600	938601	36	0.6639
chr1	938628	938629	39	0.7227
chr1	938674	938675	23	0.6848
chr1	938702	938703	32	0.7418
chr1	938709	938710	27	0.7741
chr1	938737	938738	24	0.6616
chr1	938752	938753	40	0.7703
chr1	938767	938768	28	0.8814
chr1	938817	938818	30	0.961
chr1	938854	938855	25	0.5944
chr1	938904	938905	34	0.8694
chr1	938947	938948	30	0.9297
chr1	938973	938974	26	0.7401
chr1	939016	939017	29	0.6927
chr1	939031	939032	33	0.7833
chr1	939046	939047	38	0.7074
chr1	939092	939093	24	0.6271
chr1	939112	939113	33	0.6607
chr1	939121	939122	24	0.9971
chr1	939189	939190	20	0.7758
chr1	939289	939290	24	0.6039
chr1	939389	939390	22	0.6397
chr1	939489	939490	30	0.7224
chr1	939497	939498	25	0.8269
chr1	939595	939596	25	0.7899
chr1	939657	939658	24	0.7824
chr1	939863	939864	35	0.6901
chr1	939885	939886	24	0.7777
chr1	939895	939896	24	0.9459
chr1	939936	939937	33	0.7015
chr1	939966	939967	28	0.7605
chr1	940016	940017	36	0.7142
chr1	940031	940032	25	0.6644
chr1	940046	940047	24	0.8773
chr1	940088	940089	22	0.8561
chr1	940117	940118	34	0.858
chr1	940140	940141	25	0.7595
chr1	940159	940160	42	0.6243
chr1	940195	940196	24	0.7697
chr1	940245	940246	23	0.6996
chr1	940270	940271	31	0.668
chr1	940300	940301	25	0.6756
chr1	940335	940336	31	0.7157
chr1	940350	940351	30	0.599
chr1	940371	940372	28	0.889
chr1	940421	940422	28	0.7159
chr1	940449	940450	27	0.7907
chr1	940517	940518	25	0.717
chr1	940595	940596	27	0.769
chr1	940664	940665	23	0.8131
chr1	940724	940725	37	0.7562
chr1	940774	940775	32	0.7354
chr1	940829	940830	35	0.8224
chr1	940900	940901	24	0.7512
chr1	940910	940911	36	0.7515
chr1	940942	940943	23	0.7158
chr1	940951	940952	24	0.7678
chr1	940985	940986	41	0.8419
chr1	941018	941019	34	0.8029
chr1	941035	941036	32	0.9094
chr1	941067	941068	31	0.6813
chr1	941111	941112	29	0.7073
chr1	941139	941140	27	0.9117
chr1	941158	941159	34	0.8591
chr1	941208	941209	30	0.72
chr1	941250	941251	30	0.6523
chr1	941284	941285	39	0.6843
chr1	941316	941317	23	0.7122
chr1	941350	941351	29	0.73
chr1	941450	941451	33	0.746
chr1	941550	941551	21	0.7754
chr1	941604	941605	26	0.8185
chr1	941679	941680	27	0.8312
chr1	941725	941726	28	0.6565
chr1	941795	941796	22	0.8961
chr1	941829	941830	29	0.6405
chr1	941925	941926	28	0.782
chr1	941949	941950	27	0.815
chr1	942011	942012	29	0.636
chr1	942035	942036	32	0.8233
chr1	942089	942090	32	0.6509
chr1	942103	942104	32	0.6347
chr1	942110	942111	32	0.6885
chr1	942147	942148	26	0.6654
chr1	942197	942198	34	0.8653
chr1	942232	942233	21	0.5462
chr1	942254	942255	33	0.7087
chr1	942274	942275	28	0.759
chr1	942311	942312	27	0.7018
chr1	942347	942348	28	0.6472
chr1	942372	942373	28	0.6684
chr1	942392	942393	29	0.7401
chr1	942442	942443	32	0.7514
chr1	942477	942478	23	0.8515
chr1	942527	942528	30	0.6284
chr1	942551	942552	30	0.6749
chr1	942573	942574	28	0.7641
chr1	942600	942601	26	0.7981
chr1	942619	942620	31	0.6745
chr1	942688	942689	36	0.5545
chr1	942788	942789	24	0.7941
chr1	942888	942889	29	0.7031
chr1	942988	942989	37	0.6444
chr1	943088	943089	24	0.7651
chr1	943262	943263	20	0.817
chr1	943304	943305	25	0.7394
chr1	943380	943381	25	0.7662
chr1	943416	943417	33	0.7586
chr1	943518	943519	31	0.8251
chr1	943522	943523	33	0.8474
chr1	943536	943537	29	0.8117
chr1	943540	943541	34	0.8539
chr1	943565	943566	29	0.672
chr1	943599	943600	20	0.8569
chr1	943626	943627	36	0.717
chr1	943651	943652	26	0.7972
chr1	943700	943701	25	0.7786
chr1	943750	943751	34	0.8892
chr1	943771	943772	36	0.8708
chr1	943821	943822	35	0.7991
chr1	943841	943842	37	0.9111
chr1	943878	943879	37	0.7494
chr1	943904	943905	26	0.8148
chr1	943945	943946	18	0.7588
chr1	943987	943988	33	0.7008
chr1	944013	944014	27	0.7983
chr1	944063	944064	34	0.7677
chr1	944094	944095	30	0.7521
chr1	944095	944096	27	0.8047
chr1	944195	944196	33	0.7146
chr1	944265	944266	28	0.8552
chr1	944316	944317	25	0.885
chr1	944416	944417	29	0.7591
chr1	944468	944469	23	0.7988
chr1	944518	944519	34	0.7992
chr1	944618	944619	22	0.8297
chr1	944660	944661	36	0.854
chr1	944699	944700	35	0.8429
chr1	944717	944718	35	0.7454
chr1	944761	944762	27	0.7701
chr1	944811	944812	28	0.8259
chr1	944842	944843	26	0.7513
chr1	944870	944871	39	0.7113
chr1	944900	944901	38	0.7716
chr1	944950	944951	33	0.7684
chr1	945000	945001	31	0.8705
chr1	945030	945031	30	0.7266
chr1	945060	945061	15	0.7553
chr1	945110	945111	26	0.721
chr1	945127	945128	26	0.803
chr1	945163	945164	32	0.7804
chr1	945186	945187	31	0.8266
chr1	945206	945207	24	0.9033
chr1	945217	945218	33	0.8534
chr1	945317	945318	20	0.6457
chr1	945367	945368	20	0.6122
chr1	945467	945468	32	0.8017
chr1	945567	945568	29	0.5312
chr1	945667	945668	30	0.6776
chr1	945717	945718	36	0.7113
chr1	945757	945758	27	0.7758
chr1	945768	945769	31	1.0
chr1	945818	945819	33	0.987
chr1	945868	945869	27	0.7678
chr1	945918	945919	27	1.0
chr1	945937	945938	24	0.9214
chr1	945975	945976	29	0.8654
chr1	946025	946026	33	0.9599
chr1	946045	946046	33	0.9521
chr1	946073	946074	30	0.8763
chr1	946096	946097	25	0.8207
chr1	946111	946112	27	0.8112
chr1	946120	946121	33	0.8401
chr1	946170	946171	30	0.681
chr1	946226	946227	32	0.8874
chr1	946326	946327	30	1.0
chr1	946426	946427	31	0.856
chr1	946480	946481	25	0.8696
chr1	946485	946486	26	0.7649
chr1	946501	946502	39	0.6245
chr1	946535	946536	23	0.8562
chr1	946571	946572	28	0.6615
chr1	946621	946622	28	0.7502
chr1	946636	946637	31	0.7908
chr1	946651	946652	26	0.6399
chr1	946692	946693	28	0.797
chr1	946715	946716	25	0.872
chr1	946730	946731	38	0.9664
chr1	946768	946769	25	0.8665
chr1	946806	946807	37	0.7819
chr1	946847	946848	25	0.7328
chr1	946862	946863	30	0.8037
chr1	946895	946896	25	0.8752
chr1	946945	946946	38	0.8681
chr1	946961	946962	24	0.9355
chr1	946978	946979	35	0.5556
chr1	947064	947065	26	0.8005
chr1	947164	947165	23	0.8468
chr1	947214	947215	35	0.7905
chr1	947314	947315	34	0.7692
chr1	947414	947415	34	0.8237
chr1	947444	947445	32	0.8996
chr1	947530	947531	29	0.8099
chr1	947600	947601	26	0.855
chr1	947664	947665	35	0.8256
chr1	947746	947747	16	0.7784
chr1	947794	947795	32	0.7136
chr1	947836	947837	30	0.0648
chr1	947858	947859	40	0.0
chr1	947908	947909	30	0.0546
chr1	947940	947941	34	0.1452
chr1	947990	947991	32	0.1675
chr1	948006	948007	34	0.0223
chr1	948039	948040	39	0.0
chr1	948072	948073	25	0.101
chr1	948094	948095	26	0.2011
chr1	948132	948133	22	0.1313
chr1	948182	948183	33	0.0499
chr1	948203	948204	33	0.1441
chr1	948223	948224	31	0.2283
chr1	948258	948259	24	0.0
chr1	948296	948297	29	0.1817
chr1	948337	948338	25	0.1121
chr1	948381	948382	16	0.0581
chr1	948413	948414	37	0.0942
chr1	948445	948446	33	0.1304
chr1	948451	948452	33	0.0094
chr1	948551	948552	25	0.1631
chr1	948608	948609	23	0.2053
chr1	948708	948709	31	0.1091
chr1	948808	948809	26	0.1053
chr1	948908	948909	33	0.0853
chr1	949008	949009	27	0.037
chr1	949068	949069	27	0.0447
chr1	950217	950218	33	0.888
chr1	950235	950236	26	0.9829
chr1	950285	950286	35	0.791
chr1	950324	950325	30	0.9532
chr1	950368	950369	28	0.8102
chr1	950414	950415	21	0.7071
chr1	950436	950437	34	0.789
chr1	950451	950452	31	0.8767
chr1	950478	950479	23	0.8082
chr1	950493	950494	33	0.7875
chr1	950537	950538	28	0.8789
chr1	950577	950578	20	0.8385
chr1	950627	950628	28	0.9232
chr1	950647	950648	33	0.9241
chr1	950697	950698	24	0.965
chr1	950731	950732	26	0.8361
chr1	950762	950763	31	0.7336
chr1	950789	950790	24	0.7641
chr1	950889	950890	29	0.9792
chr1	950989	950990	34	0.8817
chr1	951065	951066	29	0.8314
chr1	951165	951166	23	0.8601
chr1	951228	951229	30	0.808
chr1	951328	951329	26	0.9009
chr1	951394	951395	14	0.9139
chr1	951420	951421	37	0.2431
chr1	951457	951458	30	0.2676
chr1	951475	951476	15	0.0
chr1	951520	951521	19	0.1023
chr1	951559	951560	23	0.0515
chr1	951609	951610	30	0.1334
chr1	951659	951660	32	0.1678
chr1	951681	951682	24	0.0889
chr1	951696	951697	33	0.084
chr1	951729	951730	28	0.0713
chr1	951762	951763	32	0.1122
chr1	951812	951813	18	0.0967
chr1	951848	951849	35	0.0846
chr1	951875	951876	28	0.0883
chr1	951900	951901	33	0.0777
chr1	952000	952001	24	0.0514
chr1	952100	952101	31	0.0298
chr1	952200	952201	33	0.0892
chr1	952300	952301	40	0.2237
chr1	952350	952351	28	0.1105
chr1	952402	952403	25	0.0881
chr1	952410	952411	36	0.0971
chr1	952444	952445	29	0.8113
chr1	952485	952486	27	0.6975
chr1	952512	952513	34	0.8438
chr1	952562	952563	28	0.8026
chr1	952590	952591	31	0.7722
chr1	952623	952624	27	0.759
chr1	952673	952674	30	0.8546
chr1	952706	952707	30	0.6613
chr1	952743	952744	30	0.7825
chr1	952762	952763	42	0.7025
chr1	952788	952789	40	0.8727
chr1	952816	952817	33	0.869
chr1	952863	952864	34	0.9495
chr1	952891	952892	32	0.8649
chr1	952914	952915	25	0.6943
chr1	952926	952927	32	0.7019
chr1	953026	953027	37	0.7852
chr1	953083	953084	37	0.8427
chr1	953183	953184	33	0.8788
chr1	953281	953282	35	0.5827
chr1	953381	953382	27	0.7646
chr1	953417	953418	31	0.9176
chr1	953422	953423	26	0.8201
chr1	953447	953448	33	0.6313
chr1	953493	953494	29	0.7558
chr1	953518	953519	29	0.8237
chr1	953568	953569	25	0.5959
chr1	953596	953597	22	0.728
chr1	953640	953641	29	0.6451
chr1	953659	953660	24	0.6953
chr1	953683	953684	25	0.8324
chr1	953709	953710	30	0.83
chr1	953747	953748	22	0.7831
chr1	953767	953768	29	0.9025
chr1	953782	953783	35	0.7085
chr1	953832	953833	24	0.6291
chr1	953850	953851	26	0.6261
chr1	953880	953881	28	0.7101
chr1	953908	953909	31	0.7048
chr1	953945	953946	35	0.8149
chr1	953963	953964	33	0.6972
chr1	953965	953966	30	0.7055
chr1	954019	954020	30	0.6234
chr1	954074	954075	21	0.7744
chr1	954174	954175	33	0.8876
chr1	954274	954275	28	0.7653
chr1	954374	954375	29	0.764
chr1	954474	954475	21	0.9249
chr1	954546	954547	26	0.7765
chr1	954604	954605	29	0.7603
chr1	954712	954713	24	0.6571
chr1	954762	954763	31	0.8306
chr1	954844	954845	29	0.584
chr1	954860	954861	24	0.6777
chr1	954908	954909	31	0.6471
chr1	954935	954936	34	0.6871
chr1	954961	954962	31	0.6499
chr1	955011	955012	29	0.9313
chr1	955026	955027	23	0.9454
chr1	955052	955053	35	0.8157
chr1	955088	955089	34	0.821
chr1	955112	955113	27	0.8385
chr1	955138	955139	32	0.854
chr1	955171	955172	22	0.6703
chr1	955198	955199	31	0.7496
chr1	955226	955227	31	0.8475
chr1	955247	955248	25	0.7752
chr1	955266	955267	29	0.9101
chr1	955288	955289	27	0.8804
chr1	955326	955327	24	0.7506
chr1	955364	955365	33	0.903
chr1	955394	955395	33	0.825
chr1	955470	955471	25	0.8358
chr1	955554	955555	24	0.7881
chr1	955654	955655	24	0.8715
chr1	955725	955726	31	0.729
chr1	955825	955826	30	0.7427
chr1	955891	955892	30	0.8357
chr1	955901	955902	37	0.6989
chr1	955930	955931	34	0.7065
chr1	955958	955959	30	0.7746
chr1	955997	955998	42	0.6143
chr1	956044	956045	38	0.7665
chr1	956094	956095	28	0.6331
chr1	956126	956127	32	0.7119
chr1	956142	956143	28	0.6123
chr1	956192	956193	35	0.7392
chr1	956218	956219	30	0.6822
chr1	956239	956240	24	0.6661
chr1	956257	956258	30	0.647
chr1	956288	956289	24	0.7524
chr1	956330	956331	38	0.6096
chr1	956345	956346	27	0.6948
chr1	956395	956396	33	0.6656
chr1	956423	956424	32	0.8843
chr1	956523	956524	26	0.7507
chr1	956573	956574	30	0.8506
chr1	956623	956624	38	0.7625
chr1	956673	956674	33	0.8215
chr1	956756	956757	27	0.7011
chr1	956831	956832	30	0.7874
chr1	956909	956910	31	0.608
chr1	956915	956916	33	0.7853
chr1	956933	956934	22	0.8288
chr1	956983	956984	25	0.6763
chr1	956998	956999	25	0.8316
chr1	957030	957031	26	0.8295
chr1	957074	957075	42	0.8775
chr1	957091	957092	24	0.7647
chr1	957141	957142	30	0.7185
chr1	957191	957192	34	0.7239
chr1	957227	957228	36	0.7078
chr1	957271	957272	32	0.8311
chr1	957286	957287	31	0.625
chr1	957319	957320	34	0.8153
chr1	957342	957343	27	0.7714
chr1	957378	957379	24	0.7755
chr1	957403	957404	29	0.8583
chr1	957418	957419	25	0.7309
chr1	957440	957441	27	0.6994
chr1	957459	957460	34	0.6674
chr1	957559	957560	22	0.8086
chr1	957637	957638	39	0.864
chr1	957737	957738	27	0.5888
chr1	957787	957788	27	0.6344
chr1	957887	957888	34	0.7338
chr1	957985	957986	27	0.6527
chr1	958015	958016	24	0.6612
chr1	958048	958049	29	0.1406
chr1	958072	958073	34	0.3375
chr1	958095	958096	33	0.0819
chr1	958145	958146	30	0.2569
chr1	958178	958179	35	0.2202
chr1	958203	958204	32	0.2381
chr1	958246	958247	32	0.226
chr1	958281	958282	24	0.086
chr1	958321	958322	38	0.3107
chr1	958337	958338	29	0.2232
chr1	958367	958368	31	0.1101
chr1	958394	958395	23	0.12
chr1	958409	958410	24	0.3177
chr1	958429	958430	26	0.1529
chr1	958479	958480	32	0.2233
chr1	958514	958515	27	0.2197
chr1	958539	958540	31	0.2104
chr1	958558	958559	35	0.1096
chr1	958648	958649	29	0.1473
chr1	958698	958699	20	0.0476
chr1	958757	958758	29	0.1943
chr1	958819	958820	27	0.261
chr1	958903	958904	31	0.193
chr1	959003	959004	32	0.175
chr1	959035	959036	27	0.0879
chr1	959076	959077	36	0.7116
chr1	959093	959094	25	0.7515
chr1	959127	959128	28	0.659
chr1	959154	959155	27	0.83
chr1	959177	959178	34	0.8602
chr1	959221	959222	24	0.7789
chr1	959255	959256	26	0.7972
chr1	959284	959285	28	0.7334
chr1	959311	959312	25	0.5622
chr1	959361	959362	25	0.6487
chr1	959383	959384	31	0.5685
chr1	959405	959406	23	0.7334
chr1	959455	959456	26	0.6752
chr1	959482	959483	26	0.6729
chr1	959582	959583	29	0.8292
chr1	959682	959683	39	0.7116
chr1	959782	959783	29	0.7681
chr1	959882	959883	26	0.8069
chr1	959892	959893	32	0.5832
chr1	959939	959940	30	0.2039
chr1	959959	959960	32	0.3313
chr1	960002	960003	25	0.0964
chr1	960020	960021	28	0.2518
chr1	960049	960050	28	0.3086
chr1	960077	960078	32	0.19
chr1	960098	960099	36	0.1689
chr1	960141	960142	29	0.3067
chr1	960163	960164	29	0.2646
chr1	960181	960182	29	0.2325
chr1	960207	960208	32	0.1848
chr1	960225	960226	24	0.163
chr1	960275	960276	28	0.202
chr1	960306	960307	29	0.3264
chr1	960339	960340	16	0.2582
chr1	960354	960355	20	0.2766
chr1	960376	960377	33	0.0859
chr1	960403	960404	34	0.2126
chr1	960432	960433	23	0.101
chr1	960482	960483	30	0.2601
chr1	960491	960492	32	0.1978
chr1	960556	960557	31	0.2171
chr1	960633	960634	35	0.1147
chr1	960695	960696	33	0.1873
chr1	960767	960768	32	0.0
chr1	960819	960820	21	0.1425
chr1	960919	960920	21	0.1629
chr1	961019	961020	29	0.1954
chr1	961037	961038	34	0.2123
chr1	961050	961051	31	0.7427
chr1	961067	961068	29	0.6449
chr1	961082	961083	36	0.7466
chr1	961112	961113	27	0.6452
chr1	961158	961159	22	0.6387
chr1	961179	961180	30	0.7845
chr1	961195	961196	39	0.6582
chr1	961213	961214	37	0.8612
chr1	961243	961244	34	0.6795
chr1	961258	961259	24	0.9105
chr1	961292	961293	30	0.6987
chr1	961307	961308	34	0.7544
chr1	961330	961331	38	0.7578
chr1	961363	961364	36	0.6931
chr1	961397	961398	22	0.6795
chr1	961417	961418	32	0.7133
chr1	961450	961451	30	0.618
chr1	961473	961474	28	0.6519
chr1	961511	961512	33	0.7203
chr1	961536	961537	34	0.6051
chr1	961636	961637	30	0.5981
chr1	961736	961737	27	0.7361
chr1	961836	961837	27	0.7695
chr1	961891	961892	28	0.6826
chr1	961991	961992	23	0.7661
chr1	962005	962006	34	0.8334
chr1	962027	962028	22	0.7631
chr1	962063	962064	40	0.8196
chr1	962099	962100	23	0.8884
chr1	962132	962133	28	0.7853
chr1	962156	962157	36	0.7433
chr1	962206	962207	30	0.8226
chr1	962227	962228	22	0.8263
chr1	962243	962244	23	0.8305
chr1	962266	962267	29	0.8018
chr1	962293	962294	27	0.7939
chr1	962322	962323	30	0.7326
chr1	962337	962338	35	0.7371
chr1	962371	962372	20	0.7218
chr1	962421	962422	37	0.8387
chr1	962450	962451	37	0.8659
chr1	962483	962484	20	0.7753
chr1	962533	962534	24	0.9025
chr1	962545	962546	32	0.9572
chr1	962615	962616	28	0.8335
chr1	962715	962716	28	0.8692
chr1	962780	962781	31	0.7153
chr1	962880	962881	30	0.9133
chr1	962980	962981	32	0.7152
chr1	963062	963063	30	0.8367
chr1	963072	963073	25	0.8744
chr1	963119	963120	29	0.918
chr1	963140	963141	30	0.997
chr1	963162	963163	20	0.8907
chr1	963180	963181	20	0.9133
chr1	963230	963231	25	0.9549
chr1	963246	963247	22	0.929
chr1	963296	963297	32	0.9331
chr1	963340	963341	20	1.0
chr1	963378	963379	32	0.9594
chr1	963399	963400	29	0.8218
chr1	963420	963421	28	0.8635
chr1	963467	963468	30	0.9072
chr1	963503	963504	25	0.9857
chr1	963540	963541	28	0.9771
chr1	963548	963549	25	0.9255
chr1	963648	963649	28	0.8692
chr1	963748	963749	27	0.8428
chr1	963812	963813	33	0.7852
chr1	963891	963892	39	0.8994
chr1	963977	963978	32	0.7892
chr1	963995	963996	33	0.8929
chr1	964008	964009	25	0.0327
chr1	964058	964059	30	0.0445
chr1	964098	964099	24	0.0245
chr1	964121	964122	33	0.0703
chr1	964149	964150	29	0.1854
chr1	964177	964178	34	0.1158
chr1	964199	964200	35	0.11
chr1	964249	964250	26	0.0
chr1	964269	964270	32	0.0
chr1	964284	964285	32	0.1914
chr1	964312	964313	36	0.0
chr1	964360	964361	33	0.0497
chr1	964450	964451	27	0.105
chr1	964515	964516	27	0.1763
chr1	964574	964575	25	0.0416
chr1	964674	964675	28	0.0442
chr1	964708	964709	24	0.1691
chr1	964758	964759	30	0.6607
chr1	964808	964809	25	0.7561
chr1	964836	964837	26	0.7735
chr1	964864	964865	30	0.6822
chr1	964889	964890	27	0.9084
chr1	964912	964913	26	0.8247
chr1	964942	964943	26	0.8384
chr1	964986	964987	36	0.768
chr1	965012	965013	30	0.6981
chr1	965046	965047	31	0.7352
chr1	965096	965097	32	0.7488
chr1	965146	965147	33	0.8462
chr1	965174	965175	28	0.7015
chr1	965207	965208	22	0.7649
chr1	965242	965243	27	0.7446
chr1	965292	965293	21	0.7379
chr1	965342	965343	24	0.84
chr1	965428	965429	23	0.7091
chr1	965518	965519	27	0.8322
chr1	965618	965619	29	0.7861
chr1	965668	965669	38	0.7955
chr1	965678	965679	26	0.8664
chr1	965760	965761	36	0.7038
chr1	965778	965779	32	0.579
chr1	965797	965798	31	0.619
chr1	965819	965820	27	0.7304
chr1	965857	965858	15	0.7019
chr1	965883	965884	29	0.6982
chr1	965910	965911	28	0.6706
chr1	965960	965961	24	0.6695
chr1	965986	965987	40	0.618
chr1	966004	966005	31	0.6673
chr1	966023	966024	30	0.5443
chr1	966038	966039	25	0.6659
chr1	966056	966057	35	0.581
chr1	966071	966072	30	0.6065
chr1	966111	966112	29	0.5699
chr1	966135	966136	38	0.6804
chr1	966152	966153	32	0.551
chr1	966180	966181	24	0.6388
chr1	966214	966215	26	0.5071
chr1	966249	966250	25	0.6544
chr1	966250	966251	32	0.5038
chr1	966300	966301	35	0.454
chr1	966400	966401	32	0.6191
chr1	966500	966501	24	0.6861
chr1	966600	966601	29	0.4942
chr1	966693	966694	24	0.5563
chr1	966717	966718	32	0.4675
chr1	967846	967847	26	0.7753
chr1	967869	967870	29	0.86
chr1	967919	967920	33	0.8876
chr1	967967	967968	27	0.6484
chr1	968002	968003	34	0.8301
chr1	968028	968029	37	0.8022
chr1	968064	968065	31	0.7057
chr1	968081	968082	25	0.7115
chr1	968115	968116	25	0.6811
chr1	968132	968133	35	0.7135
chr1	968163	968164	34	0.8658
chr1	968196	968197	28	0.735
chr1	968221	968222	32	0.7616
chr1	968258	968259	27	0.8743
chr1	968280	968281	19	0.8354
chr1	968316	968317	28	0.8849
chr1	968334	968335	34	0.7982
chr1	968382	968383	31	0.7037
chr1	968399	968400	14	0.8502
chr1	968495	968496	33	0.8548
chr1	968595	968596	24	0.8626
chr1	968657	968658	30	0.7288
chr1	968734	968735	27	0.786
chr1	968834	968835	30	0.6861
chr1	968934	968935	31	0.7953
chr1	969030	969031	31	0.7044
chr1	969041	969042	30	0.6376
chr1	969065	969066	27	0.7473
chr1	969094	969095	36	0.5296
chr1	969122	969123	36	0.6096
chr1	969172	969173	20	0.6423
chr1	969198	969199	38	0.4199
chr1	969217	969218	26	0.6048
chr1	969267	969268	31	0.6143
chr1	969290	969291	29	0.4276
chr1	969333	969334	28	0.6363
chr1	969383	969384	35	0.6149
chr1	969433	969434	26	0.6402
chr1	969464	969465	35	0.5897
chr1	969485	969486	25	0.7481
chr1	969500	969501	31	0.6596
chr1	969527	969528	26	0.6853
chr1	969551	969552	25	0.729
chr1	969601	969602	24	0.7129
chr1	969701	969702	26	0.6569
chr1	969787	969788	37	0.5184
chr1	969887	969888	30	0.5224
chr1	969985	969986	33	0.5683
chr1	970035	970036	26	0.5608
chr1	970069	970070	30	0.5415
chr1	970135	970136	35	0.5502
chr1	970158	970159	35	0.0456
chr1	970182	970183	21	0.2257
chr1	970225	970226	34	0.1544
chr1	970275	970276	33	0.2176
chr1	970325	970326	33	0.1517
chr1	970372	970373	28	0.1849
chr1	970415	970416	30	0.087
chr1	970465	970466	27	0.1212
chr1	970495	970496	28	0.2189
chr1	970520	970521	27	0.3577
chr1	970536	970537	29	0.2878
chr1	970556	970557	27	0.1984
chr1	970571	970572	34	0.1687
chr1	970612	970613	23	0.1213
chr1	970637	970638	25	0.1176
chr1	970639	970640	25	0.1897
chr1	970711	970712	21	0.0914
chr1	970811	970812	26	0.0516
chr1	970911	970912	32	0.1525
chr1	970987	970988	32	0.2096
chr1	971087	971088	35	0.123
chr1	971111	971112	24	0.1048
chr1	971129	971130	31	0.1982
chr1	971150	971151	29	0.784
chr1	971169	971170	28	0.6762
chr1	971201	971202	26	0.7941
chr1	971222	971223	33	0.8124
chr1	971237	971238	26	0.7009
chr1	971262	971263	26	0.7946
chr1	971312	971313	22	0.7382
chr1	971362	971363	22	0.907
chr1	971382	971383	40	0.7132
chr1	971407	971408	33	0.7841
chr1	971426	971427	42	0.7381
chr1	971445	971446	32	0.7702
chr1	971460	971461	26	0.9146
chr1	971481	971482	26	0.8597
chr1	971530	971531	26	0.6797
chr1	971573	971574	35	0.8952
chr1	971653	971654	26	0.809
chr1	971753	971754	24	0.9707
chr1	971803	971804	27	0.9436
chr1	971864	971865	33	0.7018
chr1	971964	971965	27	0.7677
chr1	971978	971979	24	0.7541
chr1	972021	972022	27	0.6745
chr1	972067	972068	34	0.7995
chr1	972094	972095	25	0.7616
chr1	972119	972120	32	0.6757
chr1	972159	972160	33	0.874
chr1	972180	972181	26	0.7257
chr1	972209	972210	36	0.6627
chr1	972243	972244	26	0.7209
chr1	972261	972262	37	0.7926
chr1	972298	972299	23	0.5255
chr1	972338	972339	26	0.754
chr1	972368	972369	30	0.6586
chr1	972404	972405	29	0.5769
chr1	972426	972427	29	0.5245
chr1	972446	972447	24	0.7565
chr1	972464	972465	27	0.7232
chr1	972467	972468	32	0.8592
chr1	972530	972531	34	0.6555
chr1	972580	972581	19	0.555
chr1	972680	972681	28	0.6565
chr1	972757	972758	24	0.6726
chr1	972807	972808	33	0.6586
chr1	972883	972884	20	0.5898
chr1	972907	972908	28	0.6055
chr1	972913	972914	27	0.6698
chr1	972935	972936	32	0.7453
chr1	972967	972968	34	0.6144
chr1	973011	973012	35	0.5743
chr1	973040	973041	24	0.6708
chr1	973055	973056	27	0.6333
chr1	973105	973106	28	0.9519
chr1	973130	973131	25	0.6422
chr1	973166	973167	24	0.5556
chr1	973192	973193	32	0.7456
chr1	973213	973214	22	0.6844
chr1	973247	973248	30	0.8127
chr1	973268	973269	33	0.7909
chr1	973283	973284	21	0.6368
chr1	973333	973334	31	0.6674
chr1	973373	973374	32	0.7431
chr1	973376	973377	26	0.6888
chr1	973426	973427	33	0.7585
chr1	973476	973477	30	0.7808
chr1	973576	973577	32	0.8256
chr1	973632	973633	32	0.7541
chr1	973682	973683	31	0.6031
chr1	973782	973783	36	0.7417
chr1	973814	973815	27	0.8524
chr1	973842	973843	29	0.7017
chr1	973862	973863	34	0.7565
chr1	973918	973919	34	0.8156
chr1	973934	973935	30	0.7869
chr1	974058	974059	29	0.6835
chr1	974074	974075	30	0.7297
chr1	974110	974111	24	0.7798
chr1	974162	974163	23	0.7159
chr1	974254	974255	30	0.6399
chr1	974288	974289	29	0.9679
chr1	974311	974312	34	0.9144
chr1	974339	974340	35	0.864
chr1	974389	974390	34	0.7894
chr1	974433	974434	27	0.8137
chr1	974449	974450	28	0.9105
chr1	974487	974488	28	0.8437
chr1	974518	974519	23	0.7954
chr1	974536	974537	30	0.8874
chr1	974557	974558	46	0.9591
chr1	974580	974581	31	0.8299
chr1	974622	974623	22	0.8261
chr1	974670	974671	38	0.8346
chr1	974714	974715	33	0.7726
chr1	974728	974729	21	0.9958
chr1	974778	974779	22	0.8311
chr1	974878	974879	29	0.886
chr1	974978	974979	39	0.8598
chr1	975036	975037	26	0.8665
chr1	975136	975137	24	0.9243
chr1	975162	975163	26	0.7844
chr1	975178	975179	26	0.827
chr1	975217	975218	25	0.7299
chr1	975250	975251	31	0.781
chr1	975270	975271	27	0.9174
chr1	975311	975312	27	0.8587
chr1	975344	975345	34	0.5698
chr1	975394	975395	26	0.7004
chr1	975444	975445	30	0.8255
chr1	975477	975478	34	0.7744
chr1	975492	975493	30	0.8084
chr1	975515	975516	36	0.6407
chr1	975565	975566	27	0.9398
chr1	975580	975581	27	0.7372
chr1	975602	975603	24	0.7818
chr1	975702	975703	19	0.8399
chr1	975802	975803	33	0.7671
chr1	975879	975880	24	0.8426
chr1	975979	975980	30	0.796
chr1	976043	976044	31	0.761
chr1	976057	976058	35	0.7345
chr1	976084	976085	31	0.8035
chr1	976102	976103	26	0.6171
chr1	976126	976127	30	0.5204
chr1	976176	976177	28	0.8368
chr1	976226	976227	36	0.7056
chr1	976276	976277	27	0.7252
chr1	976293	976294	25	0.6283
chr1	976322	976323	18	0.6506
chr1	976353	976354	24	0.6908
chr1	976383	976384	21	0.8795
chr1	976398	976399	30	0.8206
chr1	976419	976420	24	0.8929
chr1	976469	976470	28	0.8388
chr1	976495	976496	38	0.9605
chr1	976541	976542	28	0.6626
chr1	976591	976592	30	0.8272
chr1	976691	976692	24	0.818
chr1	976791	976792	34	0.609
chr1	976891	976892	30	0.7405
chr1	976943	976944	27	0.7206
chr1	976989	976990	32	0.809
chr1	976999	977000	37	0.1922
chr1	977022	977023	35	0.0
chr1	977047	977048	35	0.1625
chr1	977084	977085	35	0.0697
chr1	977121	977122	28	0.0
chr1	977139	977140	25	0.0919
chr1	977169	977170	31	0.0486
chr1	977193	977194	31	0.0217
chr1	977214	977215	30	0.0489
chr1	977238	977239	28	0.0339
chr1	977272	977273	26	0.0
chr1	977298	977299	34	0.0298
chr1	977324	977325	29	0.041
chr1	977349	977350	30	0.0
chr1	977371	977372	24	0.1285
chr1	977386	977387	39	0.1363
chr1	977389	977390	30	0.08
chr1	977489	977490	22	0.0
chr1	977589	977590	35	0.0
chr1	977668	977669	32	0.0299
chr1	977718	977719	33	0.0
chr1	977778	977779	31	0.1339
chr1	977788	977789	31	0.0975
chr1	977792	977793	26	0.0937
chr1	977802	977803	30	0.1041
chr1	977896	977897	31	0.1237
chr1	977962	977963	35	0.1792
chr1	978046	978047	23	0.0165
chr1	978056	978057	18	0.0527
chr1	978202	978203	27	0.0601
chr1	978210	978211	27	0.1409
chr1	978253	978254	32	0.7126
chr1	978289	978290	25	0.4198
chr1	978304	978305	22	0.8217
chr1	978327	978328	20	0.2686
chr1	978349	978350	20	0.3306
chr1	978369	978370	29	0.9502
chr1	978411	978412	30	0.649
chr1	978455	978456	37	0.3389
chr1	978486	978487	31	0.2479
chr1	978519	978520	42	0.6895
chr1	978569	978570	33	0.4314
chr1	978588	978589	33	0.8307
chr1	978609	978610	30	0.5559
chr1	978631	978632	36	0.7928
chr1	978681	978682	36	0.3328
chr1	978719	978720	26	0.7943
chr1	978726	978727	35	0.41
chr1	978826	978827	22	0.4159
chr1	978926	978927	24	0.7229
chr1	978979	978980	27	0.3681
chr1	979079	979080	28	0.3889
chr1	979179	979180	33	0.3177
chr1	979237	979238	33	0.5923
chr1	979289	979290	36	0.8218
chr1	979327	979328	27	0.8213
chr1	979352	979353	33	0.8975
chr1	979370	979371	34	0.8475
chr1	979400	979401	30	0.9491
chr1	979450	979451	36	0.9107
chr1	979474	979475	34	0.8556
chr1	979524	979525	31	0.9255
chr1	979542	979543	23	0.8945
chr1	979560	979561	24	0.8975
chr1	979586	979587	36	0.9004
chr1	979620	979621	28	0.8717
chr1	979665	979666	32	0.8877
chr1	979715	979716	27	0.9011
chr1	979730	979731	26	0.8678
chr1	979780	979781	26	0.8394
chr1	979817	979818	26	0.9274
chr1	979908	979909	31	0.8741
chr1	980003	980004	34	0.8017
chr1	980097	980098	21	0.972
chr1	980147	980148	26	0.9557
chr1	980247	980248	24	0.8854
chr1	980333	980334	23	0.7204
chr1	980335	980336	31	0.7278
chr1	980343	980344	22	0.7744
chr1	980363	980364	32	0.7707
chr1	980403	980404	31	0.8853
chr1	980429	980430	35	0.9061
chr1	980449	980450	28	0.9623
chr1	980480	980481	33	0.8041
chr1	980523	980524	25	0.7201
chr1	980538	980539	32	0.9114
chr1	980578	980579	30	0.866
chr1	980627	980628	35	0.8405
chr1	980677	980678	23	0.953
chr1	980694	980695	26	0.8076
chr1	980726	980727	19	0.8838
chr1	980750	980751	30	0.8835
chr1	980800	980801	18	0.9712
chr1	980815	980816	28	0.8629
chr1	980838	980839	30	0.7214
chr1	980854	980855	24	0.8395
chr1	980883	980884	27	0.8501
chr1	980939	980940	30	0.7893
chr1	981039	981040	30	0.9082
chr1	981089	981090	31	0.9079
chr1	981143	981144	22	1.0
chr1	981243	981244	26	0.9922
chr1	981343	981344	30	0.827
chr1	981371	981372	28	0.6157
chr1	981419	981420	31	0.8782
chr1	981433	981434	28	0.8904
chr1	981471	981472	26	0.8661
chr1	981745	981746	33	0.8958
chr1	981783	981784	20	0.8557
chr1	981825	981826	30	0.9412
chr1	981831	981832	22	0.7497
chr1	981839	981840	34	0.855
chr1	981873	981874	30	0.6562
chr1	981921	981922	27	0.7243
chr1	981938	981939	26	0.7678
chr1	981988	981989	29	0.6922
chr1	982017	982018	30	0.6535
chr1	982049	982050	32	0.6109
chr1	982099	982100	36	0.6534
chr1	982114	982115	37	0.5843
chr1	982164	982165	30	0.8145
chr1	982181	982182	23	0.8171
chr1	982227	982228	30	0.5675
chr1	982277	982278	30	0.7103
chr1	982292	982293	24	0.6872
chr1	982325	982326	15	0.7135
chr1	982356	982357	17	0.6165
chr1	982392	982393	40	0.6608
chr1	982401	982402	27	0.629
chr1	982458	982459	30	0.7382
chr1	982558	982559	26	0.7015
chr1	982608	982609	37	0.5601
chr1	982702	982703	33	0.6311
chr1	982802	982803	39	0.7556
chr1	982902	982903	20	0.7438
chr1	982996	982997	32	0.8137
chr1	983023	983024	21	0.7937
chr1	983040	983041	31	1.0
chr1	983061	983062	21	1.0
chr1	983081	983082	28	1.0
chr1	983098	983099	34	0.8143
chr1	983143	983144	37	0.8738
chr1	983193	983194	29	0.6161
chr1	983224	983225	29	0.9049
chr1	983245	983246	23	1.0
chr1	983268	983269	33	0.7456
chr1	983308	983309	30	0.571
chr1	983337	983338	26	0.8399
chr1	983363	983364	30	1.0
chr1	983393	983394	32	1.0
chr1	983414	983415	30	1.0
chr1	983446	983447	34	1.0
chr1	983475	983476	31	0.8686
chr1	983525	983526	27	0.787
chr1	983539	983540	31	0.8557
chr1	983639	983640	25	0.508
chr1	983739	983740	29	1.0
chr1	983839	983840	26	0.574
chr1	983939	983940	37	1.0
chr1	984039	984040	31	0.6568
chr1	984121	984122	28	0.6802
chr1	984158	984159	21	0.8308
chr1	984208	984209	33	0.7738
chr1	984252	984253	31	0.882
chr1	984289	984290	36	0.703
chr1	984313	984314	25	0.6708
chr1	984328	984329	38	0.8582
chr1	984366	984367	30	0.8601
chr1	984381	984382	36	0.8788
chr1	984413	984414	32	0.65
chr1	984428	984429	40	0.7478
chr1	984458	984459	35	0.8833
chr1	984477	984478	31	0.8453
chr1	984511	984512	21	0.7948
chr1	984561	984562	33	0.7348
chr1	984598	984599	27	0.6737
chr1	984620	984621	34	0.855
chr1	984635	984636	29	0.7616
chr1	984735	984736	31	0.9077
chr1	984835	984836	35	0.8507
chr1	984885	984886	30	0.7558
chr1	984935	984936	25	0.7685
chr1	985035	985036	29	0.8465
chr1	985085	985086	25	0.7003
chr1	985117	985118	20	0.741
chr1	985121	985122	17	0.7159
chr1	985169	985170	33	0.9342
chr1	985202	985203	28	0.8897
chr1	985237	985238	27	0.6736
chr1	985268	985269	32	0.7833
chr1	985301	985302	21	0.9272
chr1	985316	985317	24	0.8313
chr1	985338	985339	29	0.7247
chr1	985384	985385	25	0.9833
chr1	985434	985435	35	0.6933
chr1	985468	985469	36	0.8907
chr1	985518	985519	26	0.8788
chr1	985568	985569	32	0.7384
chr1	985584	985585	30	0.6897
chr1	985633	985634	29	0.887
chr1	985681	985682	32	0.9094
chr1	985704	985705	26	0.8386
chr1	985737	985738	27	0.8272
chr1	985814	985815	25	0.8111
chr1	985904	985905	22	0.9378
chr1	986004	986005	30	1.0
chr1	986104	986105	35	0.8252
chr1	986154	986155	32	0.6836
chr1	986241	986242	31	0.9859
chr1	986300	986301	36	0.8249
chr1	986394	986395	31	0.8115
chr1	986401	986402	33	0.1451
chr1	986434	986435	23	0.0
chr1	986481	986482	30	0.2283
chr1	986531	986532	19	0.0373
chr1	986546	986547	27	0.159
chr1	986567	986568	37	0.0196
chr1	986592	986593	28	0.1543
chr1	986617	986618	37	0.0316
chr1	986667	986668	32	0.1271
chr1	986693	986694	35	0.0
chr1	986717	986718	28	0.1246
chr1	986732	986733	41	0.0
chr1	986782	986783	30	0.2703
chr1	986797	986798	39	0.0
chr1	986838	986839	36	0.1652
chr1	986867	986868	41	0.158
chr1	986917	986918	30	0.1969
chr1	986959	986960	27	0.0787
chr1	986992	986993	22	0.1339
chr1	986995	986996	31	0.1951
chr1	987092	987093	33	0.0627
chr1	987192	987193	26	0.1395
chr1	987292	987293	35	0.1303
chr1	987342	987343	30	0.1093
chr1	987442	987443	26	0.082
chr1	987542	987543	22	0.1004
chr1	987582	987583	36	0.1857
chr1	987586	987587	28	0.1744
chr1	987686	987687	31	0.0639
chr1	987734	987735	37	0.0422
chr1	987780	987781	35	0.0436
chr1	987878	987879	31	0.142
chr1	987898	987899	39	0.1407
chr1	987964	987965	33	0.1364
chr1	987970	987971	31	0.4443
chr1	987997	987998	35	0.2651
chr1	988021	988022	30	0.1791
chr1	988053	988054	28	0.1761
chr1	988099	988100	35	0.0692
chr1	988138	988139	25	0.1929
chr1	988179	988180	20	0.2391
chr1	988200	988201	30	0.2531
chr1	988225	988226	23	0.06
chr1	988275	988276	30	0.2108
chr1	988312	988313	28	0.2735
chr1	988329	988330	28	0.203
chr1	988359	988360	22	0.2756
chr1	988389	988390	34	0.3285
chr1	988413	988414	30	0.3989
chr1	988435	988436	28	0.1014
chr1	988455	988456	28	0.184
chr1	988468	988469	30	0.3188
chr1	988568	988569	23	0.1875
chr1	988660	988661	28	0.2656
chr1	988760	988761	37	0.1533
chr1	988860	988861	24	0.2185
chr1	988941	988942	32	0.2571
chr1	988951	988952	28	0.2148
chr1	988981	988982	39	0.297
chr1	988985	988986	25	0.456
chr1	989071	989072	20	0.1598
chr1	989199	989200	34	0.23
chr1	989211	989212	32	0.1695
chr1	989225	989226	19	0.193
chr1	989399	989400	27	0.3494
chr1	989408	989409	31	0.2626
chr1	989427	989428	34	0.0895
chr1	989458	989459	29	0.0956
chr1	989491	989492	22	0.1192
chr1	989506	989507	33	0.2145
chr1	989556	989557	27	0.1208
chr1	989587	989588	25	0.1799
chr1	989602	989603	24	0.0675
chr1	989632	989633	16	0.1384
chr1	989652	989653	27	0.1939
chr1	989689	989690	37	0.1969
chr1	989716	989717	25	0.1196
chr1	989751	989752	32	0.1331
chr1	989801	989802	33	0.1178
chr1	989830	989831	32	0.0729
chr1	989852	989853	31	0.0554
chr1	989880	989881	24	0.0989
chr1	989912	989913	27	0.1466
chr1	989998	989999	23	0.0615
chr1	990092	990093	32	0.0
chr1	990191	990192	29	0.0437
chr1	990291	990292	26	0.1897
chr1	990391	990392	33	0.0606
chr1	990441	990442	21	0.065
chr1	990477	990478	23	0.0619
chr1	990591	990592	20	0.0941
chr1	990615	990616	26	0.0273
chr1	990673	990674	30	0.1982
chr1	990699	990700	31	0.1439
chr1	990743	990744	23	0.1845
chr1	990767	990768	29	0.0957
chr1	990823	990824	37	0.0595
chr1	990885	990886	24	0.2119
chr1	990908	990909	25	0.6468
chr1	990949	990950	22	0.5561
chr1	990967	990968	16	0.6512
chr1	991000	991001	27	0.6354
chr1	991050	991051	24	0.4796
chr1	991068	991069	40	0.5877
chr1	991083	991084	35	0.8134
chr1	991117	991118	26	0.6836
chr1	991159	991160	36	0.6746
chr1	991209	991210	31	0.6113
chr1	991242	991243	30	0.8707
chr1	991264	991265	26	0.7665
chr1	991301	991302	33	0.7455
chr1	991395	991396	34	0.7435
chr1	991495	991496	24	0.7217
chr1	991595	991596	20	0.7263
chr1	991655	991656	27	0.6009
chr1	991715	991716	22	0.478
chr1	991725	991726	32	0.698
chr1	991745	991746	24	0.7399
chr1	991782	991783	32	0.6971
chr1	991821	991822	33	0.9191
chr1	991853	991854	27	0.7965
chr1	991874	991875	31	0.8054
chr1	991908	991909	17	0.8158
chr1	991936	991937	34	0.7693
chr1	991986	991987	28	0.6362
chr1	992015	992016	34	0.7172
chr1	992064	992065	27	0.6551
chr1	992083	992084	34	0.763
chr1	992102	992103	29	0.6468
chr1	992137	992138	31	0.8684
chr1	992158	992159	22	0.763
chr1	992173	992174	28	0.6431
chr1	992198	992199	23	0.7541
chr1	992298	992299	27	0.906
chr1	992355	992356	33	0.8007
chr1	992455	992456	18	0.6011
chr1	992555	992556	30	0.8652
chr1	992655	992656	32	0.8523
chr1	992725	992726	26	0.7166
chr1	992753	992754	26	0.8398
chr1	992767	992768	33	0.8071
chr1	992801	992802	30	0.7233
chr1	992816	992817	37	0.7701
chr1	992833	992834	25	0.7974
chr1	992883	992884	20	0.7803
chr1	992901	992902	26	0.8072
chr1	992916	992917	36	0.6879
chr1	992964	992965	26	0.8396
chr1	993014	993015	29	0.6919
chr1	993036	993037	35	0.975
chr1	993051	993052	30	0.8661
chr1	993101	993102	24	0.7198
chr1	993116	993117	27	0.8848
chr1	993134	993135	37	0.7932
chr1	993157	993158	33	0.8148
chr1	993184	993185	27	0.6736
chr1	993234	993235	34	0.7825
chr1	993284	993285	28	0.6913
chr1	993309	993310	30	0.7075
chr1	993333	993334	26	0.9519
chr1	993383	993384	24	1.0
chr1	993386	993387	26	0.7249
chr1	993486	993487	36	0.8416
chr1	993586	993587	33	0.8018
chr1	993686	993687	28	0.8257
chr1	993750	993751	22	0.8143
chr1	993850	993851	22	0.8208
chr1	993920	993921	31	0.7903
chr1	993976	993977	30	0.9447
chr1	994030	994031	24	0.8542
chr1	994038	994039	38	0.8831
chr1	994047	994048	29	0.7285
chr1	994068	994069	34	0.8662
chr1	994095	994096	31	0.6642
chr1	994115	994116	28	0.6591
chr1	994130	994131	31	0.718
chr1	994180	994181	21	0.8222
chr1	994195	994196	31	0.6881
chr1	994228	994229	31	0.6698
chr1	994253	994254	33	0.7072
chr1	994303	994304	30	0.5856
chr1	994341	994342	36	0.7966
chr1	994385	994386	20	0.8787
chr1	994405	994406	29	0.8449
chr1	994455	994456	26	0.7243
chr1	994472	994473	28	0.7304
chr1	994522	994523	26	0.8132
chr1	994539	994540	19	0.589
chr1	994578	994579	29	0.8592
chr1	994595	994596	35	0.6802
chr1	994693	994694	35	0.6725
chr1	994793	994794	26	0.8143
chr1	994893	994894	28	0.8117
chr1	994993	994994	27	0.7951
chr1	995085	995086	29	0.8588
chr1	995113	995114	28	0.8138
chr1	995165	995166	32	0.5721
chr1	995373	995374	31	0.7822
chr1	995483	995484	26	1.0
chr1	995509	995510	37	0.8316
chr1	995511	995512	28	0.7156
chr1	995553	995554	26	0.6383
chr1	995561	995562	36	0.756
chr1	995598	995599	29	0.8757
chr1	995630	995631	33	0.7742
chr1	995680	995681	33	0.7245
chr1	995701	995702	32	0.7996
chr1	995741	995742	24	0.8547
chr1	995781	995782	27	0.7791
chr1	995801	995802	37	0.7521
chr1	995835	995836	35	0.9234
chr1	995885	995886	28	0.8124
chr1	995935	995936	27	0.8262
chr1	995954	995955	31	0.8085
chr1	995986	995987	20	0.8444
chr1	996001	996002	33	0.761
chr1	996031	996032	26	0.9099
chr1	996061	996062	25	0.7812
chr1	996078	996079	42	0.8514
chr1	996080	996081	26	0.6813
chr1	996130	996131	27	0.8212
chr1	996230	996231	23	0.9239
chr1	996330	996331	28	0.7691
chr1	996386	996387	37	0.8528
chr1	996486	996487	31	0.7987
chr1	996586	996587	33	0.7713
chr1	996674	996675	35	0.6199
chr1	996744	996745	33	0.632
chr1	996750	996751	22	0.7167
chr1	996768	996769	23	0.7972
chr1	996916	996917	33	0.9369
chr1	996938	996939	27	0.8916
chr1	997020	997021	27	0.7632
chr1	997058	997059	21	0.7076
chr1	997068	997069	44	0.8701
chr1	997092	997093	32	0.8503
chr1	997118	997119	31	0.9011
chr1	997168	997169	26	0.8598
chr1	997188	997189	34	0.8222
chr1	997203	997204	20	0.921
chr1	997244	997245	23	0.6704
chr1	997262	997263	28	0.9927
chr1	997312	997313	32	1.0
chr1	997348	997349	32	1.0
chr1	997376	997377	30	1.0
chr1	997426	997427	35	0.941
chr1	997441	997442	32	0.9754
chr1	997463	997464	32	0.9188
chr1	997479	997480	29	0.9938
chr1	997516	997517	28	0.7581
chr1	997531	997532	27	0.9284
chr1	997559	997560	22	0.9352
chr1	997592	997593	31	0.9875
chr1	997608	997609	31	0.9691
chr1	997630	997631	29	0.9783
chr1	997685	997686	32	0.9668
chr1	997785	997786	21	0.9159
chr1	997863	997864	35	1.0
chr1	997963	997964	28	0.9221
chr1	998013	998014	37	0.802
chr1	998113	998114	24	0.9128
chr1	998155	998156	28	0.9193
chr1	998179	998180	27	0.7184
chr1	998221	998222	35	0.8262
chr1	998238	998239	26	0.7522
chr1	998267	998268	28	0.5824
chr1	998297	998298	29	0.6292
chr1	998334	998335	24	0.7861
chr1	998354	998355	30	0.6289
chr1	998384	998385	32	0.6252
chr1	998424	998425	30	0.5782
chr1	998457	998458	44	0.6601
chr1	998472	998473	24	0.7158
chr1	998537	998538	38	0.8217
chr1	998572	998573	32	0.713
chr1	998587	998588	30	0.7063
chr1	998610	998611	28	0.7626
chr1	998646	998647	32	0.7582
chr1	998685	998686	24	0.74
chr1	998692	998693	23	0.6544
chr1	998792	998793	26	0.6658
chr1	998892	998893	23	0.6497
chr1	998942	998943	28	0.7309
chr1	999042	999043	32	0.7219
chr1	999092	999093	39	0.6474
chr1	999192	999193	27	0.8007
chr1	999230	999231	28	0.7578
chr1	999266	999267	27	0.1528
chr1	999281	999282	33	0.0
chr1	999311	999312	43	0.1055
chr1	999355	999356	30	0.2286
chr1	999402	999403	31	0.386
chr1	999452	999453	37	0.3126
chr1	999495	999496	29	0.1569
chr1	999545	999546	30	0.2219
chr1	999595	999596	32	0.2504
chr1	999611	999612	34	0.0962
chr1	999628	999629	25	0.2271
chr1	999661	999662	24	0.1911
chr1	999676	999677	21	0.182
chr1	999700	999701	35	0.3458
chr1	999728	999729	29	0.0491
chr1	999741	999742	31	0.3031
chr1	999841	999842	31	0.1267
chr1	999891	999892	35	0.3139
chr1	999991	999992	35	0.0868
chr1	1000091	1000092	32	0.1819
chr1	1000141	1000142	24	0.1242
chr1	1000177	1000178	31	0.4175
chr1	1000217	1000218	40	0.0992
chr1	1000235	1000236	32	0.0236
chr1	1000275	1000276	32	0.0
chr1	1000325	1000326	30	0.0458
chr1	1000352	1000353	37	0.0264
chr1	1000375	1000376	28	0.0
chr1	1000397	1000398	30	0.0
chr1	1000436	1000437	21	0.0129
chr1	1000478	1000479	40	0.2007
chr1	1000496	1000497	22	0.0
chr1	1000535	1000536	30	0.0817
chr1	1000551	1000552	35	0.1162
chr1	1000591	1000592	33	0.0801
chr1	1000616	1000617	36	0.0381
chr1	1000644	1000645	37	0.0669
chr1	1000687	1000688	37	0.0824
chr1	1000787	1000788	34	0.0
chr1	1000887	1000888	28	0.005
chr1	1000984	1000985	30	0.0331
chr1	1001034	1001035	28	0.0123
chr1	1001109	1001110	28	0.1727
chr1	1001167	1001168	25	0.0557
chr1	1001203	1001204	28	0.1074
chr1	1001231	1001232	28	0.7125
chr1	1001281	1001282	36	0.8548
chr1	1001331	1001332	28	0.9149
chr1	1001348	1001349	24	0.8215
chr1	1001373	1001374	30	0.7728
chr1	1001388	1001389	28	0.817
chr1	1001438	1001439	27	0.8372
chr1	1001481	1001482	29	0.7973
chr1	1001531	1001532	23	0.9218
chr1	1001581	1001582	30	0.7737
chr1	1001617	1001618	39	0.8516
chr1	1001633	1001634	35	0.8724
chr1	1001683	1001684	30	0.8869
chr1	1001691	1001692	31	0.6786
chr1	1001741	1001742	34	0.8781
chr1	1001841	1001842	26	0.7379
chr1	1001941	1001942	36	0.7652
chr1	1002040	1002041	22	0.8439
chr1	1002140	1002141	26	0.8326
chr1	1002178	1002179	30	0.8844
chr1	1002184	1002185	35	0.6254
chr1	1002199	1002200	23	0.7615
chr1	1002216	1002217	26	0.6734
chr1	1002239	1002240	33	0.7732
chr1	1002272	1002273	26	0.7097
chr1	1002293	1002294	36	0.54
chr1	1002320	1002321	36	0.6824
chr1	1002349	1002350	26	0.7607
chr1	1002390	1002391	28	0.6049
chr1	1002440	1002441	31	0.7455
chr1	1002457	1002458	26	0.753
chr1	1002472	1002473	29	0.7144
chr1	1002487	1002488	26	0.8903
chr1	1002537	1002538	34	0.7953
chr1	1002564	1002565	27	0.8001
chr1	1002605	1002606	23	0.6432
chr1	1002637	1002638	32	0.8662
chr1	1002659	1002660	31	0.6148
chr1	1002725	1002726	26	0.7289
chr1	1002807	1002808	25	0.7383
chr1	1002907	1002908	28	0.6933
chr1	1003007	1003008	24	0.7187
chr1	1003107	1003108	31	0.6785
chr1	1003109	1003110	28	0.6606
chr1	1003237	1003238	26	0.5917
chr1	1003275	1003276	26	0.6847
chr1	1003349	1003350	28	0.5523
chr1	1003465	1003466	35	0.708
chr1	1003477	1003478	21	0.7306
chr1	1003499	1003500	30	0.7222
chr1	1003535	1003536	19	0.8009
chr1	1003575	1003576	22	0.6547
chr1	1003610	1003611	26	0.5562
chr1	1003660	1003661	29	0.6813
chr1	1003710	1003711	29	0.5316
chr1	1003742	1003743	35	0.6074
chr1	1003773	1003774	34	0.6515
chr1	1003794	1003795	33	0.7783
chr1	1003824	1003825	24	0.6358
chr1	1003874	1003875	40	0.802
chr1	1003924	1003925	25	0.6657
chr1	1003963	1003964	22	0.7524
chr1	1003987	1003988	26	0.6257
chr1	1004031	1004032	31	0.5958
chr1	1004047	1004048	21	0.4379
chr1	1004071	1004072	30	0.579
chr1	1004113	1004114	34	0.6686
chr1	1004129	1004130	35	0.5734
chr1	1004139	1004140	25	0.6971
chr1	1004213	1004214	17	0.8083
chr1	1004313	1004314	34	0.6823
chr1	1004405	1004406	34	0.631
chr1	1004502	1004503	30	0.5048
chr1	1004602	1004603	34	0.4502
chr1	1004702	1004703	21	0.7248
chr1	1004704	1004705	25	0.6384
chr1	1004732	1004733	30	0.674
chr1	1004778	1004779	29	0.6418
chr1	1004798	1004799	23	0.4923
chr1	1004836	1004837	29	0.5365
chr1	1004875	1004876	34	0.5376
chr1	1004905	1004906	37	0.8032
chr1	1004937	1004938	32	0.4187
chr1	1004960	1004961	30	0.7352
chr1	1004981	1004982	35	0.5533
chr1	1005004	1005005	29	0.6188
chr1	1005041	1005042	25	0.4081
chr1	1005067	1005068	27	0.7899
chr1	1005116	1005117	27	0.8028
chr1	1005140	1005141	37	0.6877
chr1	1005177	1005178	30	0.5777
chr1	1005219	1005220	22	0.7045
chr1	1005239	1005240	26	0.7298
chr1	1005282	1005283	27	0.7737
chr1	1005304	1005305	26	0.8736
chr1	1005393	1005394	25	0.8641
chr1	1005493	1005494	23	0.6612
chr1	1005544	1005545	24	0.6555
chr1	1005644	1005645	25	0.7343
chr1	1005744	1005745	36	0.8448
chr1	1005798	1005799	33	0.8286
chr1	1005896	1005897	29	0.7158
chr1	1005923	1005924	23	0.9381
chr1	1005954	1005955	30	0.858
chr1	1005969	1005970	20	0.9789
chr1	1006019	1006020	36	0.7734
chr1	1006034	1006035	33	0.6563
chr1	1006080	1006081	33	0.6955
chr1	1006106	1006107	26	0.8459
chr1	1006144	1006145	23	0.863
chr1	1006164	1006165	19	0.8114
chr1	1006187	1006188	30	0.8448
chr1	1006202	1006203	34	0.9294
chr1	1006217	1006218	38	0.835
chr1	1006243	1006244	34	0.8132
chr1	1006262	1006263	29	0.8275
chr1	1006295	1006296	35	1.0
chr1	1006310	1006311	27	0.8878
chr1	1006352	1006353	27	0.7835
chr1	1006402	1006403	28	0.746
chr1	1006426	1006427	30	0.9889
chr1	1006526	1006527	28	0.9066
chr1	1006626	1006627	31	0.7904
chr1	1006717	1006718	27	0.948
chr1	1006817	1006818	24	0.8407
chr1	1006917	1006918	25	0.8906
chr1	1006941	1006942	25	0.871
chr1	1006960	1006961	30	0.8619
chr1	1006996	1006997	34	1.0
chr1	1007011	1007012	24	0.7548
chr1	1007053	1007054	29	0.8063
chr1	1007078	1007079	36	0.8828
chr1	1007108	1007109	33	0.7193
chr1	1007128	1007129	23	0.9135
chr1	1007156	1007157	30	0.8266
chr1	1007174	1007175	19	0.9189
chr1	1007224	1007225	35	0.914
chr1	1007255	1007256	35	0.888
chr1	1007305	1007306	32	0.7322
chr1	1007352	1007353	25	0.8365
chr1	1007395	1007396	31	0.8418
chr1	1007415	1007416	24	0.9849
chr1	1007445	1007446	21	0.9127
chr1	1007530	1007531	33	0.8808
chr1	1007630	1007631	28	0.7626
chr1	1007730	1007731	33	0.9578
chr1	1007780	1007781	30	0.8234
chr1	1007880	1007881	27	0.7423
chr1	1007926	1007927	36	0.7474
chr1	1007940	1007941	28	0.7359
chr1	1007978	1007979	32	0.5959
chr1	1008025	1008026	26	0.5383
chr1	1008056	1008057	31	0.7828
chr1	1008079	1008080	32	0.7146
chr1	1008119	1008120	31	0.5984
chr1	1008155	1008156	26	0.8741
chr1	1008188	1008189	29	0.775
chr1	1008205	1008206	30	0.6885
chr1	1008225	1008226	29	0.6142
chr1	1008275	1008276	29	0.6995
chr1	1008295	1008296	32	0.7234
chr1	1008345	1008346	37	0.8322
chr1	1008373	1008374	32	0.7026
chr1	1008393	1008394	26	0.7093
chr1	1008410	1008411	27	0.6689
chr1	1008460	1008461	26	0.6536
chr1	1008467	1008468	17	0.6328
chr1	1008563	1008564	24	0.7401
chr1	1008663	1008664	32	0.854
chr1	1008713	1008714	29	0.8305
chr1	1008813	1008814	21	0.7491
chr1	1008913	1008914	23	0.753
chr1	1008925	1008926	27	0.6758
chr1	1008951	1008952	35	0.1421
chr1	1008985	1008986	29	0.0
chr1	1009009	1009010	25	0.3303
chr1	1009024	1009025	22	0.0849
chr1	1009074	1009075	34	0.0359
chr1	1009098	1009099	26	0.3104
chr1	1009138	1009139	28	0.1923
chr1	1009153	1009154	36	0.1359
chr1	1009188	1009189	32	0.2207
chr1	1009237	1009238	25	0.4795
chr1	1009285	1009286	24	0.1445
chr1	1009335	1009336	36	0.0652
chr1	1009371	1009372	37	0.265
chr1	1009390	1009391	22	0.3748
chr1	1009412	1009413	33	0.2567
chr1	1009512	1009513	39	0.0462
chr1	1009612	1009613	31	0.0
chr1	1009662	1009663	30	0.0
chr1	1009762	1009763	26	0.2373
chr1	1009812	1009813	27	0.0
chr1	1009911	1009912	25	0.0
chr1	1009930	1009931	28	0.8166
chr1	1009963	1009964	27	0.7687
chr1	1009991	1009992	33	0.6393
chr1	1010041	1010042	26	0.929
chr1	1010088	1010089	28	0.9819
chr1	1010138	1010139	19	0.8786
chr1	1010166	1010167	35	0.915
chr1	1010181	1010182	33	0.7828
chr1	1010231	1010232	41	0.9134
chr1	1010248	1010249	40	0.7813
chr1	1010264	1010265	26	0.8518
chr1	1010289	1010290	33	0.8486
chr1	1010309	1010310	32	0.8161
chr1	1010350	1010351	31	0.735
chr1	1010360	1010361	28	0.7734
chr1	1010423	1010424	29	0.6797
chr1	1010523	1010524	34	0.6387
chr1	1010623	1010624	34	0.8399
chr1	1010723	1010724	24	0.8387
chr1	1010771	1010772	34	0.8608
chr1	1010785	1010786	27	0.7737
chr1	1010790	1010791	27	0.7894
chr1	1010840	1010841	33	0.7229
chr1	1010876	1010877	32	0.7083
chr1	1010917	1010918	30	0.6713
chr1	1010953	1010954	33	0.7717
chr1	1010980	1010981	31	0.8303
chr1	1011000	1011001	25	0.6166
chr1	1011041	1011042	29	0.6624
chr1	1011069	1011070	17	0.8051
chr1	1011119	1011120	26	0.6755
chr1	1011160	1011161	34	0.6603
chr1	1011186	1011187	28	0.7738
chr1	1011236	1011237	27	0.5296
chr1	1011245	1011246	26	0.6995
chr1	1011343	1011344	22	0.8392
chr1	1011443	1011444	25	0.6486
chr1	1011524	1011525	35	0.5127
chr1	1011611	1011612	32	0.641
chr1	1011743	1011744	31	0.5623
chr1	1011833	1011834	29	0.5978
chr1	1011835	1011836	34	0.7375
chr1	1011933	1011934	27	0.5562
chr1	1011977	1011978	32	0.7196
chr1	1011986	1011987	34	0.7234
chr1	1012026	1012027	28	0.738
chr1	1012053	1012054	32	0.7987
chr1	1012083	1012084	29	0.7275
chr1	1012110	1012111	38	0.6564
chr1	1012144	1012145	26	0.7639
chr1	1012165	1012166	37	0.5874
chr1	1012199	1012200	27	0.716
chr1	1012226	1012227	26	0.8362
chr1	1012251	1012252	35	0.6327
chr1	1012289	1012290	29	0.8613
chr1	1012304	1012305	32	0.8603
chr1	1012331	1012332	25	0.6612
chr1	1012346	1012347	33	0.7831
chr1	1012396	1012397	27	0.5866
chr1	1012427	1012428	32	0.6548
chr1	1012477	1012478	23	0.8343
chr1	1012479	1012480	28	0.6908
chr1	1012571	1012572	36	0.7754
chr1	1012671	1012672	34	0.8467
chr1	1012771	1012772	29	0.7513
chr1	1012821	1012822	27	0.8894
chr1	1012921	1012922	35	0.8765
chr1	1013001	1013002	33	0.7117
chr1	1013021	1013022	28	0.8602
chr1	1013059	1013060	31	0.7839
chr1	1013077	1013078	37	0.6547
chr1	1013123	1013124	35	0.7224
chr1	1013189	1013190	39	0.8086
chr1	1013319	1013320	39	0.7346
chr1	1013339	1013340	29	0.7245
chr1	1013341	1013342	31	0.6167
chr1	1013407	1013408	31	0.6897
chr1	1013457	1013458	24	0.8472
chr1	1013484	1013485	28	0.7495
chr1	1013518	1013519	36	0.7077
chr1	1013540	1013541	30	0.6131
chr1	1013590	1013591	21	0.7672
chr1	1013640	1013641	28	0.7997
chr1	1013669	1013670	32	0.8302
chr1	1013719	1013720	39	0.8885
chr1	1013751	1013752	21	0.6073
chr1	1013801	1013802	38	0.6706
chr1	1013821	1013822	30	0.8327
chr1	1013847	1013848	26	0.8562
chr1	1013876	1013877	35	0.6997
chr1	1013901	1013902	29	0.6176
chr1	1013932	1013933	30	0.8765
chr1	1013963	1013964	27	0.821
chr1	1014063	1014064	27	0.7435
chr1	1014115	1014116	26	0.7778
chr1	1014211	1014212	24	0.865
chr1	1014261	1014262	27	0.6278
chr1	1014311	1014312	24	0.8561
chr1	1014411	1014412	21	0.9206
chr1	1014467	1014468	31	0.8269
chr1	1014488	1014489	31	0.7813
chr1	1014529	1014530	30	0.8614
chr1	1014572	1014573	26	0.8995
chr1	1014609	1014610	26	0.7488
chr1	1014636	1014637	27	0.7276
chr1	1014686	1014687	21	0.6964
chr1	1014726	1014727	30	0.8742
chr1	1014741	1014742	39	0.923
chr1	1014765	1014766	35	0.6916
chr1	1014814	1014815	34	0.7701
chr1	1014843	1014844	21	0.8682
chr1	1014888	1014889	35	0.9023
chr1	1014918	1014919	28	0.8305
chr1	1014940	1014941	24	0.9209
chr1	1014958	1014959	26	0.8192
chr1	1014980	1014981	31	0.8841
chr1	1015030	1015031	40	0.8768
chr1	1015130	1015131	28	0.7896
chr1	1015230	1015231	37	0.856
chr1	1015292	1015293	30	0.9295
chr1	1015354	1015355	24	0.7183
chr1	1015446	1015447	30	0.8211
chr1	1015514	1015515	36	0.6457
chr1	1015518	1015519	33	0.7192
chr1	1015543	1015544	30	0.6744
chr1	1015593	1015594	33	0.7312
chr1	1015621	1015622	38	0.7829
chr1	1015641	1015642	30	0.8302
chr1	1015670	1015671	30	0.7257
chr1	1015706	1015707	30	0.8613
chr1	1015721	1015722	26	0.9122
chr1	1015751	1015752	31	0.7891
chr1	1015801	1015802	33	0.749
chr1	1015826	1015827	30	0.9278
chr1	1015855	1015856	24	0.8168
chr1	1015905	1015906	36	0.7842
chr1	1015920	1015921	34	0.8648
chr1	1015962	1015963	34	0.8693
chr1	1016012	1016013	27	0.6761
chr1	1016023	1016024	29	0.6758
chr1	1016123	1016124	31	0.7667
chr1	1016206	1016207	35	0.7753
chr1	1016306	1016307	32	0.7207
chr1	1016406	1016407	33	0.8402
chr1	1016459	1016460	36	0.9123
chr1	1016505	1016506	19	0.8783
chr1	1016543	1016544	31	0.8952
chr1	1016565	1016566	33	0.873
chr1	1016601	1016602	29	0.9217
chr1	1016619	1016620	30	0.9855
chr1	1016636	1016637	30	0.8309
chr1	1016658	1016659	34	0.8878
chr1	1016707	1016708	26	0.863
chr1	1016741	1016742	25	0.904
chr1	1016766	1016767	24	0.7695
chr1	1016816	1016817	21	0.9136
chr1	1016854	1016855	27	0.794
chr1	1016869	1016870	32	0.9854
chr1	1016900	1016901	34	1.0
chr1	1016925	1016926	27	0.8997
chr1	1016955	1016956	25	0.8616
chr1	1016981	1016982	36	0.915
chr1	1016996	1016997	29	0.8988
chr1	1017022	1017023	41	0.971
chr1	1017122	1017123	33	0.9137
chr1	1017219	1017220	22	0.7817
chr1	1017319	1017320	26	0.9564
chr1	1017369	1017370	28	0.9296
chr1	1017469	1017470	27	0.8372
chr1	1017495	1017496	41	0.867
chr1	1017501	1017502	31	0.9259
chr1	1017507	1017508	27	0.6508
chr1	1017540	1017541	24	0.8446
chr1	1017563	1017564	34	0.8212
chr1	1017591	1017592	27	0.9291
chr1	1017628	1017629	23	0.8002
chr1	1017652	1017653	18	0.8438
chr1	1017676	1017677	31	0.8295
chr1	1017694	1017695	28	0.9389
chr1	1017744	1017745	33	0.8907
chr1	1017776	1017777	26	0.7925
chr1	1017815	1017816	31	0.9122
chr1	1017864	1017865	23	0.8857
chr1	1017894	1017895	32	0.87
chr1	1017916	1017917	27	0.8352
chr1	1017953	1017954	32	0.8535
chr1	1017960	1017961	31	0.8289
chr1	1018060	1018061	36	0.7382
chr1	1018136	1018137	31	0.7394
chr1	1018186	1018187	29	0.8423
chr1	1018286	1018287	23	0.9341
chr1	1018375	1018376	25	0.7801
chr1	1018405	1018406	27	0.8236
chr1	1018419	1018420	21	0.6357
chr1	1018429	1018430	33	0.7095
chr1	1018441	1018442	21	0.7318
chr1	1018487	1018488	26	0.7201
chr1	1018591	1018592	33	0.6813
chr1	1018599	1018600	34	0.8767
chr1	1018647	1018648	27	0.8564
chr1	1018665	1018666	32	0.7986
chr1	1018841	1018842	34	0.8629
chr1	1018848	1018849	28	0.7759
chr1	1018868	1018869	21	0.645
chr1	1018883	1018884	22	0.6179
chr1	1018907	1018908	30	0.8457
chr1	1018950	1018951	21	0.8198
chr1	1018965	1018966	27	0.6409
chr1	1019015	1019016	35	0.8632
chr1	1019039	1019040	29	0.647
chr1	1019072	1019073	33	0.7254
chr1	1019102	1019103	23	0.7425
chr1	1019131	1019132	30	0.6773
chr1	1019154	1019155	33	0.7624
chr1	1019186	1019187	27	0.9137
chr1	1019228	1019229	22	0.725
chr1	1019267	1019268	30	0.7156
chr1	1019291	1019292	33	0.7637
chr1	1019314	1019315	33	0.6783
chr1	1019364	1019365	24	0.808
chr1	1019379	1019380	23	0.7947
chr1	1019398	1019399	30	0.7722
chr1	1019498	1019499	31	0.88
chr1	1019598	1019599	28	0.6913
chr1	1019698	1019699	34	0.7845
chr1	1019798	1019799	23	0.8268
chr1	1019898	1019899	46	0.7604
chr1	1019986	1019987	36	0.8209
chr1	1020092	1020093	36	0.6826
chr1	1020104	1020105	29	0.8643
chr1	1020106	1020107	33	0.7848
chr1	1020196	1020197	34	0.7958
chr1	1020244	1020245	34	0.7472
chr1	1020308	1020309	29	0.6648
chr1	1020315	1020316	31	0.9829
chr1	1020364	1020365	39	0.8085
chr1	1020397	1020398	26	0.8859
chr1	1020439	1020440	32	0.8382
chr1	1020470	1020471	33	0.6892
chr1	1020490	1020491	32	0.7315
chr1	1020519	1020520	29	0.7781
chr1	1020563	1020564	22	0.6494
chr1	1020613	1020614	40	0.8623
chr1	1020644	1020645	34	0.6605
chr1	1020680	1020681	35	0.6638
chr1	1020704	1020705	21	0.7573
chr1	1020745	1020746	27	0.8576
chr1	1020767	1020768	29	0.8188
chr1	1020779	1020780	19	0.9254
chr1	1020861	1020862	29	0.8289
chr1	1020961	1020962	28	0.6954
chr1	1021011	1021012	29	0.6892
chr1	1021064	1021065	33	0.7243
chr1	1021114	1021115	26	0.81
chr1	1021164	1021165	26	0.7952
chr1	1021226	1021227	30	0.7356
chr1	1021236	1021237	30	0.7865
chr1	1021308	1021309	34	0.8207
chr1	1021312	1021313	22	0.8804
chr1	1021416	1021417	42	0.9139
chr1	1021426	1021427	22	0.9026
chr1	1021436	1021437	22	0.8547
chr1	1021450	1021451	29	0.7642
chr1	1021500	1021501	36	0.7654
chr1	1021544	1021545	21	0.7642
chr1	1021566	1021567	31	0.8645
chr1	1021607	1021608	22	0.7348
chr1	1021623	1021624	28	0.8748
chr1	1021648	1021649	29	0.5062
chr1	1021686	1021687	31	0.7987
chr1	1021736	1021737	24	0.5243
chr1	1021773	1021774	27	0.5677
chr1	1021799	1021800	34	0.883
chr1	1021828	1021829	34	0.825
chr1	1021878	1021879	37	0.5839
chr1	1021926	1021927	26	0.3783
chr1	1021970	1021971	22	0.8216
chr1	1022020	1022021	24	0.9114
chr1	1022045	1022046	24	0.482
chr1	1022098	1022099	28	1.0
chr1	1022198	1022199	28	0.6015
chr1	1022248	1022249	28	0.5948
chr1	1022348	1022349	24	0.4949
chr1	1022448	1022449	30	0.4998
chr1	1022543	1022544	22	0.9419
chr1	1022587	1022588	24	0.9347
chr1	1022613	1022614	31	0.6426
chr1	1022648	1022649	30	0.9141
chr1	1022666	1022667	26	0.9903
chr1	1022716	1022717	28	0.844
chr1	1022752	1022753	30	0.6658
chr1	1022802	1022803	23	0.8093
chr1	1022842	1022843	25	0.743
chr1	1022892	1022893	27	0.9326
chr1	1022930	1022931	29	0.988
chr1	1022963	1022964	25	0.9099
chr1	1023013	1023014	31	0.899
chr1	1023063	1023064	34	0.768
chr1	1023157	1023158	31	0.8405
chr1	1023257	1023258	27	0.7565
chr1	1023357	1023358	31	0.8823
chr1	1023457	1023458	19	0.8814
chr1	1023513	1023514	29	0.7438
chr1	1023609	1023610	24	0.8688
chr1	1023625	1023626	31	0.8758
chr1	1023652	1023653	23	0.6893
chr1	1023702	1023703	29	0.7286
chr1	1023745	1023746	24	0.8463
chr1	1023795	1023796	31	0.6723
chr1	1023832	1023833	37	0.73
chr1	1023859	1023860	28	0.6981
chr1	1023896	1023897	31	0.5306
chr1	1023934	1023935	18	0.7988
chr1	1023956	1023957	33	0.7985
chr1	1023971	1023972	32	0.8184
chr1	1023992	1023993	37	0.7633
chr1	1024020	1024021	25	0.6917
chr1	1024048	1024049	33	0.6422
chr1	1024079	1024080	25	0.8945
chr1	1024094	1024095	37	0.7826
chr1	1024133	1024134	27	0.682
chr1	1024233	1024234	43	0.6761
chr1	1024333	1024334	38	0.6904
chr1	1024401	1024402	33	0.788
chr1	1024501	1024502	30	0.8345
chr1	1024572	1024573	26	0.7174
chr1	1024594	1024595	35	0.742
chr1	1024620	1024621	27	0.7567
chr1	1024647	1024648	34	0.7693
chr1	1024668	1024669	32	0.5986
chr1	1024718	1024719	30	0.7727
chr1	1024755	1024756	29	0.6953
chr1	1024802	1024803	28	0.7103
chr1	1024839	1024840	27	0.8131
chr1	1024854	1024855	32	0.6164
chr1	1024886	1024887	29	0.6753
chr1	1024921	1024922	35	0.6837
chr1	1024966	1024967	28	0.7202
chr1	1025011	1025012	19	0.7331
chr1	1025043	1025044	29	0.5187
chr1	1025068	1025069	31	0.8198
chr1	1025106	1025107	29	0.8433
chr1	1025121	1025122	32	0.7594
chr1	1025136	1025137	32	0.7626
chr1	1025186	1025187	33	0.8538
chr1	1025201	1025202	32	0.6916
chr1	1025217	1025218	31	0.8833
chr1	1025271	1025272	31	0.6574
chr1	1025321	1025322	23	0.7101
chr1	1025421	1025422	42	0.6281
chr1	1025521	1025522	19	0.766
chr1	1025571	1025572	31	0.596
chr1	1025621	1025622	41	0.6858
chr1	1025671	1025672	23	0.5878
chr1	1025755	1025756	24	0.7156
chr1	1025817	1025818	28	0.7649
chr1	1025842	1025843	38	0.6968
chr1	1025892	1025893	23	0.9307
chr1	1025907	1025908	25	0.7464
chr1	1025926	1025927	23	0.6476
chr1	1025949	1025950	25	0.8268
chr1	1025997	1025998	29	1.0
chr1	1026035	1026036	24	0.897
chr1	1026065	1026066	28	0.7576
chr1	1026080	1026081	34	0.8693
chr1	1026130	1026131	36	0.9883
chr1	1026157	1026158	22	0.9083
chr1	1026177	1026178	24	0.764
chr1	1026192	1026193	39	0.7008
chr1	1026238	1026239	37	0.8754
chr1	1026278	1026279	33	0.8381
chr1	1026279	1026280	29	0.9962
chr1	1026353	1026354	25	0.8891
chr1	1026431	1026432	30	0.8066
chr1	1026531	1026532	28	0.7921
chr1	1026581	1026582	31	0.9583
chr1	1026681	1026682	30	0.9576
chr1	1026707	1026708	24	0.6991
chr1	1026753	1026754	30	0.8455
chr1	1026800	1026801	31	0.7024
chr1	1026835	1026836	32	0.7422
chr1	1026879	1026880	17	0.7923
chr1	1026900	1026901	29	0.7222
chr1	1026915	1026916	25	0.9192
chr1	1026941	1026942	27	0.7129
chr1	1026962	1026963	32	0.8894
chr1	1026981	1026982	27	0.8892
chr1	1027031	1027032	30	0.731
chr1	1027062	1027063	34	0.7348
chr1	1027084	1027085	18	0.8161
chr1	1027101	1027102	32	0.7418
chr1	1027139	1027140	33	0.8427
chr1	1027185	1027186	26	0.6243
chr1	1027235	1027236	30	0.7543
chr1	1027264	1027265	31	0.8324
chr1	1027293	1027294	37	0.9515
chr1	1027313	1027314	28	0.659
chr1	1027399	1027400	39	0.778
chr1	1027480	1027481	27	0.8271
chr1	1027580	1027581	32	0.8407
chr1	1027633	1027634	26	0.9775
chr1	1027699	1027700	28	0.8869
chr1	1027799	1027800	24	0.9355
chr1	1027853	1027854	28	0.8363
chr1	1027865	1027866	28	0.7556
chr1	1027910	1027911	24	0.7933
chr1	1027934	1027935	28	0.952
chr1	1027949	1027950	20	0.8771
chr1	1027999	1028000	31	0.7228
chr1	1028016	1028017	26	0.7674
chr1	1028041	1028042	29	0.701
chr1	1028060	1028061	37	0.9441
chr1	1028083	1028084	23	0.6282
chr1	1028125	1028126	35	0.8161
chr1	1028156	1028157	30	0.7827
chr1	1028190	1028191	32	0.6902
chr1	1028206	1028207	33	0.7533
chr1	1028252	1028253	28	0.7363
chr1	1028286	1028287	35	0.8227
chr1	1028334	1028335	31	0.8757
chr1	1028384	1028385	32	0.7449
chr1	1028412	1028413	36	0.681
chr1	1028427	1028428	24	0.7076
chr1	1028447	1028448	34	0.7449
chr1	1028465	1028466	39	0.6653
chr1	1028492	1028493	31	0.7728
chr1	1028523	1028524	34	0.8675
chr1	1028529	1028530	24	0.7615
chr1	1028629	1028630	25	0.7522
chr1	1028692	1028693	27	0.8219
chr1	1028792	1028793	32	0.8937
chr1	1028892	1028893	32	0.9574
chr1	1028942	1028943	35	0.7949
chr1	1029042	1029043	24	0.7016
chr1	1029126	1029127	28	0.7456
chr1	1029196	1029197	33	0.8075
chr1	1029204	1029205	35	0.5016
chr1	1029219	1029220	32	0.5297
chr1	1029269	1029270	35	0.7261
chr1	1029284	1029285	30	0.6107
chr1	1029334	1029335	33	0.5997
chr1	1029378	1029379	22	0.7155
chr1	1029428	1029429	37	0.5664
chr1	1029453	1029454	32	0.6704
chr1	1029482	1029483	22	0.4722
chr1	1029513	1029514	35	0.7434
chr1	1029563	1029564	37	0.5538
chr1	1029589	1029590	37	0.5316
chr1	1029612	1029613	28	0.6644
chr1	1029635	1029636	28	0.5788
chr1	1029668	1029669	30	0.7356
chr1	1029674	1029675	21	0.7966
chr1	1029774	1029775	37	0.7646
chr1	1029824	1029825	28	0.7549
chr1	1029924	1029925	26	0.47
chr1	1030024	1030025	29	0.7649
chr1	1030095	1030096	33	0.7397
chr1	1030129	1030130	22	0.6884
chr1	1030137	1030138	29	0.7975
chr1	1030151	1030152	30	0.7165
chr1	1030227	1030228	31	0.6056
chr1	1030337	1030338	36	0.504
chr1	1030383	1030384	38	0.6183
chr1	1030403	1030404	28	0.6251
chr1	1030425	1030426	15	0.6293
chr1	1030481	1030482	25	0.7936
chr1	1030517	1030518	29	0.5686
chr1	1030522	1030523	34	0.7599
chr1	1030569	1030570	26	0.8462
chr1	1030615	1030616	23	0.8678
chr1	1030664	1030665	29	0.7179
chr1	1030686	1030687	28	0.7235
chr1	1030717	1030718	27	0.9304
chr1	1030747	1030748	32	0.7218
chr1	1030765	1030766	27	0.8278
chr1	1030780	1030781	33	0.6558
chr1	1030813	1030814	25	0.7893
chr1	1030846	1030847	30	0.6963
chr1	1030871	1030872	29	0.8786
chr1	1030892	1030893	31	0.6299
chr1	1030942	1030943	25	0.835
chr1	1030965	1030966	26	0.8349
chr1	1030984	1030985	29	0.8067
chr1	1030985	1030986	26	0.8463
chr1	1031085	1031086	27	0.7111
chr1	1031148	1031149	29	0.8873
chr1	1031198	1031199	25	0.8467
chr1	1031298	1031299	33	0.685
chr1	1031385	1031386	38	0.7715
chr1	1031433	1031434	36	0.7238
chr1	1031655	1031656	31	0.8504
chr1	1031673	1031674	33	0.7705
chr1	1031801	1031802	38	0.8416
chr1	1031819	1031820	29	0.7954
chr1	1031842	1031843	31	0.8417
chr1	1031857	1031858	34	0.7509
chr1	1031889	1031890	26	0.6475
chr1	1031915	1031916	32	0.7649
chr1	1031940	1031941	20	0.669
chr1	1031973	1031974	25	0.6159
chr1	1032021	1032022	32	0.6691
chr1	1032064	1032065	32	0.8731
chr1	1032079	1032080	26	0.5513
chr1	1032117	1032118	24	0.8001
chr1	1032136	1032137	29	0.823
chr1	1032185	1032186	25	0.7802
chr1	1032235	1032236	23	0.9298
chr1	1032263	1032264	26	0.7547
chr1	1032278	1032279	29	0.8024
chr1	1032294	1032295	32	0.8068
chr1	1032334	1032335	28	0.8168
chr1	1032363	1032364	27	0.9107
chr1	1032382	1032383	30	0.6602
chr1	1032401	1032402	33	0.8603
chr1	1032501	1032502	28	0.6747
chr1	1032601	1032602	23	0.7908
chr1	1032701	1032702	25	0.7815
chr1	1032801	1032802	28	0.6626
chr1	1032901	1032902	34	0.7721
chr1	1032913	1032914	31	0.872
chr1	1032987	1032988	35	0.8208
chr1	1032999	1033000	14	0.5993
chr1	1033034	1033035	35	0.4693
chr1	1033084	1033085	31	0.4342
chr1	1033099	1033100	30	0.4684
chr1	1033149	1033150	19	0.472
chr1	1033178	1033179	27	0.5638
chr1	1033211	1033212	33	0.5568
chr1	1033246	1033247	43	0.4654
chr1	1033292	1033293	27	0.4574
chr1	1033332	1033333	34	0.458
chr1	1033382	1033383	26	0.6404
chr1	1033404	1033405	25	0.4782
chr1	1033432	1033433	32	0.4172
chr1	1033479	1033480	20	0.6343
chr1	1033509	1033510	33	0.5156
chr1	1033536	1033537	35	0.6338
chr1	1033590	1033591	32	0.6363
chr1	1033678	1033679	32	0.5727
chr1	1033778	1033779	39	0.5327
chr1	1033878	1033879	19	0.5023
chr1	1033969	1033970	34	0.6802
chr1	1034026	1034027	37	0.5837
chr1	1034038	1034039	22	0.5423
chr1	1034104	1034105	23	0.5604
chr1	1034147	1034148	17	0.6925
chr1	1034178	1034179	31	0.7688
chr1	1034210	1034211	27	0.612
chr1	1034233	1034234	29	0.5436
chr1	1034283	1034284	32	0.7109
chr1	1034333	1034334	21	0.7097
chr1	1034355	1034356	30	0.5625
chr1	1034374	1034375	37	0.661
chr1	1034424	1034425	16	0.7799
chr1	1034471	1034472	20	0.6367
chr1	1034496	1034497	30	0.7193
chr1	1034546	1034547	24	0.7396
chr1	1034561	1034562	31	0.7279
chr1	1034584	1034585	31	0.5279
chr1	1034620	1034621	37	0.5405
chr1	1034636	1034637	18	0.6422
chr1	1034736	1034737	27	0.6557
chr1	1034836	1034837	30	0.6281
chr1	1034936	1034937	33	0.6282
chr1	1035018	1035019	28	0.6489
chr1	1035118	1035119	22	0.6178
chr1	1035138	1035139	36	0.6903
chr1	1035162	1035163	38	0.8331
chr1	1035198	1035199	33	0.8403
chr1	1035224	1035225	27	0.9288
chr1	1035263	1035264	29	0.6935
chr1	1035294	1035295	27	0.7066
chr1	1035323	1035324	28	0.7478
chr1	1035370	1035371	23	0.769
chr1	1035395	1035396	33	1.0
chr1	1035430	1035431	23	0.9842
chr1	1035462	1035463	26	0.87
chr1	1035487	1035488	24	0.7663
chr1	1035502	1035503	28	0.7837
chr1	1035538	1035539	28	0.8546
chr1	1035558	1035559	31	0.8146
chr1	1035577	1035578	32	0.8873
chr1	1035627	1035628	28	0.8734
chr1	1035642	1035643	19	0.917
chr1	1035669	1035670	35	0.8303
chr1	1035707	1035708	41	0.8082
chr1	1035732	1035733	27	0.887
chr1	1035745	1035746	28	0.7608
chr1	1035845	1035846	39	0.761
chr1	1035933	1035934	40	0.6465
chr1	1036016	1036017	37	0.9386
chr1	1036116	1036117	26	0.8502
chr1	1036216	1036217	27	0.8768
chr1	1036316	1036317	27	0.9873
chr1	1036364	1036365	31	0.8849
chr1	1036379	1036380	28	0.9526
chr1	1036408	1036409	36	0.871
chr1	1036458	1036459	32	0.8249
chr1	1036473	1036474	34	0.7296
chr1	1036488	1036489	31	0.9841
chr1	1036532	1036533	26	0.9073
chr1	1036560	1036561	29	0.8944
chr1	1036590	1036591	33	0.8222
chr1	1036605	1036606	38	0.948
chr1	1036629	1036630	32	0.7433
chr1	1036647	1036648	30	0.9426
chr1	1036697	1036698	31	0.7385
chr1	1036717	1036718	28	0.7834
chr1	1036741	1036742	26	0.8121
chr1	1036787	1036788	31	0.898
chr1	1036825	1036826	43	0.6584
chr1	1036850	1036851	21	0.8152
chr1	1036900	1036901	28	0.7636
chr1	1036905	1036906	27	0.8373
chr1	1037005	1037006	26	0.6383
chr1	1037055	1037056	18	0.8316
chr1	1037155	1037156	21	0.8085
chr1	1037205	1037206	35	0.837
chr1	1037280	1037281	29	0.8579
chr1	1037380	1037381	20	0.8251
chr1	1037468	1037469	21	0.8169
chr1	1037492	1037493	27	1.0
chr1	1037507	1037508	29	0.8349
chr1	1037549	1037550	32	1.0
chr1	1037575	1037576	25	0.9805
chr1	1037598	1037599	41	0.8035
chr1	1037648	1037649	30	0.7415
chr1	1037680	1037681	28	0.8584
chr1	1037695	1037696	26	0.9296
chr1	1037718	1037719	34	0.8719
chr1	1037751	1037752	22	0.8443
chr1	1037769	1037770	28	0.8046
chr1	1037784	1037785	33	0.7776
chr1	1037801	1037802	36	0.8363
chr1	1037820	1037821	33	0.7669
chr1	1037867	1037868	32	0.7504
chr1	1037908	1037909	32	1.0
chr1	1037924	1037925	26	0.8046
chr1	1037955	1037956	26	0.8521
chr1	1037970	1037971	30	0.8445
chr1	1037997	1037998	28	0.8106
chr1	1038056	1038057	29	0.8209
chr1	1038107	1038108	30	0.831
chr1	1038207	1038208	40	0.8862
chr1	1038257	1038258	27	0.9661
chr1	1038354	1038355	25	0.8552
chr1	1038452	1038453	32	0.7647
chr1	1038502	1038503	21	0.705
chr1	1038522	1038523	28	0.8838
chr1	1038528	1038529	24	0.7408
chr1	1038554	1038555	23	0.7016
chr1	1038596	1038597	27	0.7417
chr1	1038635	1038636	35	0.6574
chr1	1038685	1038686	32	0.7874
chr1	1038718	1038719	32	0.7247
chr1	1038746	1038747	25	0.7507
chr1	1038789	1038790	24	0.6614
chr1	1038819	1038820	28	0.6444
chr1	1038853	1038854	33	0.8105
chr1	1038903	1038904	25	0.6607
chr1	1038953	1038954	32	0.6626
chr1	1038957	1038958	30	0.7435
chr1	1039057	1039058	23	0.7478
chr1	1039157	1039158	28	0.6692
chr1	1039257	1039258	30	0.6332
chr1	1039341	1039342	31	0.6569
chr1	1039345	1039346	34	0.7811
chr1	1039521	1039522	23	0.8847
chr1	1039583	1039584	28	0.8019
chr1	1039625	1039626	24	0.701
chr1	1039635	1039636	29	0.644
chr1	1039781	1039782	26	0.6504
chr1	1039829	1039830	39	0.7393
chr1	1039838	1039839	25	0.8289
chr1	1039888	1039889	31	0.7559
chr1	1039905	1039906	23	0.6925
chr1	1039955	1039956	32	0.7875
chr1	1039980	1039981	26	0.9198
chr1	1040002	1040003	30	0.908
chr1	1040041	1040042	26	0.9213
chr1	1040073	1040074	28	0.9058
chr1	1040093	1040094	27	0.9391
chr1	1040113	1040114	26	0.8808
chr1	1040134	1040135	27	0.7977
chr1	1040154	1040155	28	0.8075
chr1	1040193	1040194	33	0.8655
chr1	1040220	1040221	30	0.8887
chr1	1040270	1040271	26	0.7359
chr1	1040290	1040291	37	0.7804
chr1	1040303	1040304	27	0.8101
chr1	1040358	1040359	23	0.8643
chr1	1040420	1040421	25	0.8738
chr1	1040520	1040521	27	0.9218
chr1	1040570	1040571	24	0.8413
chr1	1040670	1040671	31	0.9346
chr1	1040702	1040703	35	0.7344
chr1	1040740	1040741	37	0.8219
chr1	1040816	1040817	33	0.7774
chr1	1040908	1040909	27	0.7944
chr1	1041150	1041151	30	0.9081
chr1	1041155	1041156	33	0.729
chr1	1041194	1041195	30	0.9355
chr1	1041221	1041222	34	0.9229
chr1	1041271	1041272	31	0.7171
chr1	1041286	1041287	33	0.8207
chr1	1041336	1041337	20	0.8566
chr1	1041386	1041387	32	0.7914
chr1	1041436	1041437	31	0.6849
chr1	1041454	1041455	26	0.9142
chr1	1041483	1041484	21	0.8078
chr1	1041533	1041534	30	0.7646
chr1	1041583	1041584	29	0.7264
chr1	1041600	1041601	28	0.7704
chr1	1041640	1041641	29	0.8481
chr1	1041662	1041663	28	0.6581
chr1	1041762	1041763	30	0.9863
chr1	1041862	1041863	25	0.9255
chr1	1041942	1041943	37	0.7039
chr1	1042042	1042043	28	0.9843
chr1	1042094	1042095	21	0.77
chr1	1042186	1042187	33	0.8648
chr1	1042190	1042191	30	0.8244
chr1	1042196	1042197	29	0.8584
chr1	1042212	1042213	31	0.7508
chr1	1042284	1042285	34	0.8596
chr1	1042302	1042303	31	0.9234
chr1	1042304	1042305	32	0.8485
chr1	1042346	1042347	37	0.903
chr1	1042434	1042435	45	0.6801
chr1	1042530	1042531	28	0.7804
chr1	1042567	1042568	26	0.0
chr1	1042582	1042583	38	0.1859
chr1	1042622	1042623	26	0.0
chr1	1042661	1042662	25	0.0829
chr1	1042681	1042682	23	0.0734
chr1	1042702	1042703	24	0.0
chr1	1042747	1042748	28	0.0
chr1	1042768	1042769	26	0.0991
chr1	1042796	1042797	34	0.0
chr1	1042815	1042816	21	0.0993
chr1	1042865	1042866	32	0.0681
chr1	1042887	1042888	34	0.0382
chr1	1042926	1042927	27	0.0
chr1	1042945	1042946	38	0.0
chr1	1042990	1042991	34	0.0
chr1	1043019	1043020	27	0.2551
chr1	1043034	1043035	25	0.1548
chr1	1043049	1043050	36	0.04
chr1	1043091	1043092	23	0.0369
chr1	1043095	1043096	37	0.0572
chr1	1043195	1043196	28	0.093
chr1	1043295	1043296	35	0.0527
chr1	1043395	1043396	27	0.0156
chr1	1043458	1043459	34	0.0
chr1	1043539	1043540	27	0.0511
chr1	1043589	1043590	18	0.2003
chr1	1043637	1043638	33	0.0604
chr1	1043669	1043670	32	0.1501
chr1	1043718	1043719	33	0.6771
chr1	1043741	1043742	38	0.7656
chr1	1043760	1043761	33	0.5118
chr1	1043775	1043776	35	0.4251
chr1	1043819	1043820	32	0.6668
chr1	1043836	1043837	39	0.4406
chr1	1043855	1043856	31	0.5271
chr1	1043905	1043906	23	0.6226
chr1	1043934	1043935	22	0.3888
chr1	1043954	1043955	31	0.6648
chr1	1043976	1043977	27	0.6831
chr1	1044026	1044027	33	0.7072
chr1	1044071	1044072	41	0.5136
chr1	1044103	1044104	29	0.7059
chr1	1044118	1044119	30	0.5607
chr1	1044162	1044163	30	0.6931
chr1	1044188	1044189	27	0.5589
chr1	1044203	1044204	27	0.5098
chr1	1044222	1044223	28	0.4316
chr1	1044247	1044248	26	0.5626
chr1	1044347	1044348	27	0.5368
chr1	1044447	1044448	39	0.624
chr1	1044547	1044548	36	0.5872
chr1	1044647	1044648	23	0.5347
chr1	1044709	1044710	33	0.5764
chr1	1044727	1044728	25	0.58
chr1	1044769	1044770	26	0.5316
chr1	1044789	1044790	31	0.6014
chr1	1044804	1044805	17	0.5621
chr1	1044854	1044855	33	0.6258
chr1	1044875	1044876	39	0.7078
chr1	1044925	1044926	34	0.7561
chr1	1044967	1044968	28	0.6588
chr1	1045002	1045003	24	0.6322
chr1	1045046	1045047	28	0.6666
chr1	1045079	1045080	33	0.5379
chr1	1045129	1045130	35	0.6598
chr1	1045156	1045157	26	0.4188
chr1	1045198	1045199	23	0.6586
chr1	1045219	1045220	26	0.5717
chr1	1045234	1045235	29	0.682
chr1	1045258	1045259	32	0.7358
chr1	1045273	1045274	40	0.5796
chr1	1045323	1045324	26	0.6217
chr1	1045401	1045402	28	0.5999
chr1	1045451	1045452	24	0.6137
chr1	1045551	1045552	25	0.7452
chr1	1045636	1045637	28	0.6442
chr1	1045728	1045729	31	0.6292
chr1	1045806	1045807	33	0.6501
chr1	1045855	1045856	31	0.9236
chr1	1045887	1045888	25	0.8967
chr1	1045937	1045938	20	1.0
chr1	1045980	1045981	28	0.8943
chr1	1046011	1046012	31	0.8201
chr1	1046026	1046027	38	0.7068
chr1	1046054	1046055	36	0.7124
chr1	1046099	1046100	32	0.6966
chr1	1046127	1046128	32	0.78
chr1	1046145	1046146	26	0.8347
chr1	1046164	1046165	25	0.8104
chr1	1046192	1046193	33	0.8066
chr1	1046242	1046243	31	0.8699
chr1	1046287	1046288	25	0.8184
chr1	1046304	1046305	33	0.8327
chr1	1046349	1046350	26	0.805
chr1	1046366	1046367	31	0.9149
chr1	1046466	1046467	20	1.0
chr1	1046550	1046551	17	0.7838
chr1	1046633	1046634	28	0.7537
chr1	1046714	1046715	32	0.6707
chr1	1046814	1046815	33	0.9981
chr1	1046886	1046887	39	0.7726
chr1	1046914	1046915	38	0.7461
chr1	1046937	1046938	32	0.1314
chr1	1046977	1046978	21	0.0125
chr1	1047027	1047028	30	0.0
chr1	1047042	1047043	36	0.0161
chr1	1047072	1047073	32	0.0157
chr1	1047098	1047099	31	0.0668
chr1	1047148	1047149	30	0.1
chr1	1047195	1047196	24	0.0862
chr1	1047245	1047246	37	0.1457
chr1	1047273	1047274	27	0.0437
chr1	1047360	1047361	27	0.191
chr1	1047399	1047400	33	0.1197
chr1	1047419	1047420	33	0.115
chr1	1047434	1047435	36	0.0
chr1	1047449	1047450	30	0.0506
chr1	1047464	1047465	23	0.0454
chr1	1047501	1047502	32	0.0
chr1	1047519	1047520	36	0.046
chr1	1047619	1047620	26	0.0559
chr1	1047686	1047687	29	0.0311
chr1	1047786	1047787	26	0.1273
chr1	1047847	1047848	36	0.1019
chr1	1047947	1047948	25	0.1296
chr1	1048047	1048048	34	0.002
chr1	1048071	1048072	28	0.1949
chr1	1048076	1048077	26	0.7444
chr1	1048110	1048111	30	0.6737
chr1	1048127	1048128	29	0.8131
chr1	1048148	1048149	28	0.7948
chr1	1048164	1048165	32	0.8628
chr1	1048190	1048191	31	0.9143
chr1	1048209	1048210	29	0.9585
chr1	1048259	1048260	23	0.7924
chr1	1048275	1048276	29	0.827
chr1	1048325	1048326	36	0.8929
chr1	1048341	1048342	32	0.8535
chr1	1048358	1048359	35	0.9282
chr1	1048389	1048390	27	0.7721
chr1	1048410	1048411	23	0.7094
chr1	1048449	1048450	25	0.7555
chr1	1048492	1048493	26	0.8513
chr1	1048511	1048512	38	0.7033
chr1	1048535	1048536	34	0.8512
chr1	1048579	1048580	25	0.6767
chr1	1048630	1048631	25	0.8578
chr1	1048730	1048731	26	0.7478
chr1	1048830	1048831	24	0.8813
chr1	1048930	1048931	25	0.8575
chr1	1048996	1048997	37	0.8224
chr1	1049094	1049095	34	0.9284
chr1	1049136	1049137	39	0.8189
chr1	1049214	1049215	38	0.917
chr1	1049250	1049251	34	0.8319
chr1	1049292	1049293	38	0.9323
chr1	1049494	1049495	31	0.9231
chr1	1049532	1049533	24	0.1053
chr1	1049551	1049552	36	0.1433
chr1	1049573	1049574	34	0.0907
chr1	1049597	1049598	31	0.2025
chr1	1049612	1049613	21	0.0548
chr1	1049637	1049638	33	0.1126
chr1	1049687	1049688	26	0.0859
chr1	1049734	1049735	25	0.1069
chr1	1049784	1049785	29	0.2258
chr1	1049800	1049801	26	0.2556
chr1	1049825	1049826	36	0.1826
chr1	1049847	1049848	35	0.0616
chr1	1049897	1049898	34	0.0821
chr1	1049923	1049924	32	0.0677
chr1	1049969	1049970	36	0.0586
chr1	1049998	1049999	31	0.0716
chr1	1050021	1050022	28	0.105
chr1	1050028	1050029	34	0.0914
chr1	1050128	1050129	31	0.1708
chr1	1050228	1050229	23	0.1584
chr1	1050321	1050322	36	0.0743
chr1	1050385	1050386	27	0.1625
chr1	1050485	1050486	31	0.1883
chr1	1050517	1050518	31	0.1068
chr1	1050547	1050548	20	0.1105
chr1	1050558	1050559	28	0.1025
chr1	1050608	1050609	28	0.2989
chr1	1050648	1050649	30	0.0707
chr1	1050696	1050697	25	0.054
chr1	1050739	1050740	30	0.0
chr1	1050760	1050761	23	0.0077
chr1	1050785	1050786	27	0.1335
chr1	1050835	1050836	26	0.1146
chr1	1050853	1050854	30	0.0727
chr1	1050884	1050885	30	0.1856
chr1	1050903	1050904	26	0.0
chr1	1050939	1050940	30	0.1132
chr1	1050954	1050955	31	0.0737
chr1	1051004	1051005	18	0.2454
chr1	1051021	1051022	31	0.1223
chr1	1051043	1051044	34	0.0524
chr1	1051064	1051065	24	0.1994
chr1	1051123	1051124	32	0.1316
chr1	1051215	1051216	32	0.1131
chr1	1051265	1051266	33	0.0034
chr1	1051365	1051366	35	0.0997
chr1	1051436	1051437	30	0.2019
chr1	1051505	1051506	19	0.0586
chr1	1051555	1051556	25	0.2991
chr1	1051561	1051562	29	0.1079
chr1	1051589	1051590	37	0.206
chr1	1051639	1051640	26	0.6554
chr1	1051657	1051658	37	0.7454
chr1	1051678	1051679	19	0.7066
chr1	1051728	1051729	33	0.6291
chr1	1051757	1051758	38	0.7002
chr1	1051788	1051789	31	0.8046
chr1	1051818	1051819	29	0.7961
chr1	1051841	1051842	29	0.6403
chr1	1051864	1051865	37	0.6585
chr1	1051879	1051880	27	0.575
chr1	1051920	1051921	35	0.8138
chr1	1051935	1051936	34	0.7429
chr1	1051984	1051985	28	0.6152
chr1	1052009	1052010	29	0.6395
chr1	1052057	1052058	24	0.6027
chr1	1052085	1052086	30	0.807
chr1	1052117	1052118	30	0.7001
chr1	1052145	1052146	28	0.6354
chr1	1052169	1052170	38	0.6433
chr1	1052203	1052204	29	0.5652
chr1	1052218	1052219	22	0.7325
chr1	1052260	1052261	28	0.9433
chr1	1052276	1052277	31	0.6768
chr1	1052376	1052377	24	0.7247
chr1	1052464	1052465	28	0.6099
chr1	1052564	1052565	22	0.6728
chr1	1052622	1052623	33	0.5526
chr1	1052722	1052723	27	0.6979
chr1	1052822	1052823	31	0.5234
chr1	1052904	1052905	34	0.8159
chr1	1052943	1052944	24	0.8848
chr1	1052959	1052960	28	0.5892
chr1	1052981	1052982	28	0.653
chr1	1053020	1053021	25	0.9005
chr1	1053040	1053041	17	0.8456
chr1	1053083	1053084	26	0.8353
chr1	1053133	1053134	30	0.7065
chr1	1053148	1053149	32	0.6401
chr1	1053173	1053174	43	0.6864
chr1	1053197	1053198	34	0.8126
chr1	1053230	1053231	30	0.5889
chr1	1053245	1053246	32	0.8264
chr1	1053270	1053271	25	0.984
chr1	1053285	1053286	30	0.5642
chr1	1053304	1053305	21	0.7187
chr1	1053334	1053335	23	0.6559
chr1	1053361	1053362	26	0.6337
chr1	1053408	1053409	19	0.9209
chr1	1053428	1053429	38	0.9219
chr1	1053461	1053462	31	0.5845
chr1	1053530	1053531	34	0.7651
chr1	1053630	1053631	39	0.615
chr1	1053688	1053689	39	0.6248
chr1	1053764	1053765	33	0.6212
chr1	1053815	1053816	29	0.9024
chr1	1053879	1053880	35	0.7638
chr1	1054041	1054042	22	0.8671
chr1	1054052	1054053	32	0.9862
chr1	1054102	1054103	22	0.7683
chr1	1054143	1054144	34	0.6632
chr1	1054170	1054171	21	0.7271
chr1	1054190	1054191	37	0.669
chr1	1054211	1054212	29	0.707
chr1	1054255	1054256	35	0.6785
chr1	1054302	1054303	34	0.9075
chr1	1054331	1054332	28	0.8126
chr1	1054381	1054382	34	0.8306
chr1	1054401	1054402	18	0.8353
chr1	1054416	1054417	32	0.7586
chr1	1054454	1054455	32	0.754
chr1	1054486	1054487	36	0.7986
chr1	1054508	1054509	29	0.7566
chr1	1054602	1054603	32	0.5992
chr1	1054652	1054653	32	0.7531
chr1	1054707	1054708	35	0.7331
chr1	1054807	1054808	39	0.6218
chr1	1054907	1054908	23	0.7795
chr1	1054963	1054964	29	0.668
chr1	1055003	1055004	29	0.9798
chr1	1055023	1055024	35	0.8817
chr1	1055063	1055064	29	0.9697
chr1	1055108	1055109	43	0.779
chr1	1055152	1055153	34	0.8723
chr1	1055202	1055203	33	0.9946
chr1	1055242	1055243	27	0.6984
chr1	1055264	1055265	34	0.8969
chr1	1055295	1055296	21	0.8007
chr1	1055330	1055331	29	0.7926
chr1	1055367	1055368	29	0.8352
chr1	1055391	1055392	28	0.952
chr1	1055428	1055429	25	0.9432
chr1	1055443	1055444	26	1.0
chr1	1055466	1055467	27	0.9168
chr1	1055509	1055510	27	0.8638
chr1	1055516	1055517	31	0.9074
chr1	1055596	1055597	31	0.9159
chr1	1055696	1055697	30	0.818
chr1	1055746	1055747	40	0.7901
chr1	1055825	1055826	30	0.7947
chr1	1055875	1055876	32	0.8207
chr1	1055975	1055976	28	0.7501
chr1	1055995	1055996	33	0.8634
chr1	1056051	1056052	23	0.8876
chr1	1056058	1056059	30	0.6389
chr1	1056076	1056077	32	0.6564
chr1	1056126	1056127	18	0.7935
chr1	1056149	1056150	32	0.8187
chr1	1056194	1056195	37	0.6716
chr1	1056218	1056219	27	0.7046
chr1	1056268	1056269	25	0.7431
chr1	1056318	1056319	40	0.537
chr1	1056342	1056343	28	0.7337
chr1	1056392	1056393	33	0.7371
chr1	1056442	1056443	33	0.8072
chr1	1056457	1056458	35	0.639
chr1	1056477	1056478	35	0.4921
chr1	1056509	1056510	32	0.824
chr1	1056543	1056544	26	0.789
chr1	1056559	1056560	34	0.5364
chr1	1056640	1056641	25	0.6269
chr1	1056690	1056691	31	0.6962
chr1	1056750	1056751	31	0.5769
chr1	1056850	1056851	27	0.7454
chr1	1056906	1056907	32	0.7109
chr1	1056978	1056979	33	0.746
chr1	1057072	1057073	29	0.5129
chr1	1057142	1057143	23	0.6534
chr1	1057160	1057161	23	0.6862
chr1	1057300	1057301	26	0.817
chr1	1057406	1057407	42	0.6571
chr1	1057418	1057419	35	0.755
chr1	1057458	1057459	23	0.7607
chr1	1057507	1057508	29	0.1842
chr1	1057557	1057558	32	0.2947
chr1	1057607	1057608	40	0.4809
chr1	1057657	1057658	32	0.163
chr1	1057683	1057684	37	0.487
chr1	1057698	1057699	38	0.3862
chr1	1057720	1057721	22	0.194
chr1	1057770	1057771	26	0.2415
chr1	1057820	1057821	22	0.4546
chr1	1057870	1057871	20	0.4072
chr1	1057906	1057907	24	0.2731
chr1	1057956	1057957	21	0.2154
chr1	1057979	1057980	24	0.2808
chr1	1058002	1058003	28	0.2753
chr1	1058031	1058032	32	0.4509
chr1	1058034	1058035	20	0.3314
chr1	1058095	1058096	27	0.3081
chr1	1058195	1058196	33	0.3569
chr1	1058395	1058396	34	0.2461
chr1	1058495	1058496	32	0.3522
chr1	1058555	1058556	26	0.4898
chr1	1058643	1058644	27	0.2498
chr1	1058649	1058650	30	0.4183
chr1	1058675	1058676	31	0.6529
chr1	1058710	1058711	28	0.692
chr1	1058752	1058753	37	0.7475
chr1	1058773	1058774	25	0.7478
chr1	1058795	1058796	34	0.6103
chr1	1058827	1058828	28	0.574
chr1	1058859	1058860	15	0.5801
chr1	1058893	1058894	34	0.658
chr1	1058923	1058924	29	0.7201
chr1	1058952	1058953	28	0.5988
chr1	1058983	1058984	23	0.6598
chr1	1059022	1059023	27	0.6341
chr1	1059051	1059052	33	0.8755
chr1	1059071	1059072	38	0.7264
chr1	1059111	1059112	28	0.6566
chr1	1059160	1059161	32	0.759
chr1	1059253	1059254	21	0.84
chr1	1059353	1059354	32	0.7357
chr1	1059432	1059433	39	0.725
chr1	1059532	1059533	37	0.7327
chr1	1059632	1059633	38	0.6084
chr1	1059716	1059717	23	0.748
chr1	1059748	1059749	21	0.1288
chr1	1059798	1059799	25	0.1049
chr1	1059830	1059831	22	0.2446
chr1	1059880	1059881	30	0.3155
chr1	1059897	1059898	31	0.1582
chr1	1059917	1059918	33	0.1655
chr1	1059934	1059935	39	0.1967
chr1	1059984	1059985	36	0.1804
chr1	1060028	1060029	28	0.1894
chr1	1060060	1060061	29	0.177
chr1	1060107	1060108	35	0.2102
chr1	1060135	1060136	26	0.1086
chr1	1060150	1060151	24	0.1464
chr1	1060169	1060170	30	0.1757
chr1	1060269	1060270	34	0.1256
chr1	1060337	1060338	25	0.066
chr1	1060437	1060438	25	0.2438
chr1	1060537	1060538	27	0.1369
chr1	1060547	1060548	30	0.3889
chr1	1060558	1060559	24	0.1302
chr1	1060575	1060576	36	0.115
chr1	1060645	1060646	23	0.0517
chr1	1060670	1060671	33	0.04
chr1	1060698	1060699	31	0.0
chr1	1060716	1060717	36	0.0622
chr1	1060737	1060738	37	0.0561
chr1	1060787	1060788	26	0.131
chr1	1060824	1060825	30	0.0134
chr1	1060862	1060863	33	0.0743
chr1	1060886	1060887	33	0.1108
chr1	1060922	1060923	30	0.1024
chr1	1060962	1060963	27	0.0705
chr1	1060987	1060988	30	0.1585
chr1	1061002	1061003	25	0.1242
chr1	1061016	1061017	36	0.0584
chr1	1061092	1061093	20	0.0245
chr1	1061147	1061148	18	0.0844
chr1	1061205	1061206	26	0.0578
chr1	1061257	1061258	27	0.1326
chr1	1061357	1061358	37	0.0912
chr1	1061457	1061458	38	0.1045
chr1	1061485	1061486	35	0.1749
chr1	1061531	1061532	29	0.068
chr1	1061547	1061548	27	0.7158
chr1	1061568	1061569	36	0.8878
chr1	1061589	1061590	27	0.353
chr1	1061627	1061628	36	0.7127
chr1	1061651	1061652	26	0.6766
chr1	1061692	1061693	28	0.6263
chr1	1061711	1061712	28	0.714
chr1	1061742	1061743	26	0.5465
chr1	1061789	1061790	27	0.5051
chr1	1061804	1061805	30	0.9638
chr1	1061823	1061824	29	0.4314
chr1	1061842	1061843	27	0.5008
chr1	1061857	1061858	24	0.5295
chr1	1061884	1061885	26	0.916
chr1	1061932	1061933	32	0.5674
chr1	1061956	1061957	30	0.8363
chr1	1061990	1061991	32	0.468
chr1	1062021	1062022	33	0.3067
chr1	1062121	1062122	22	0.6216
chr1	1062211	1062212	24	0.8588
chr1	1062261	1062262	28	0.7168
chr1	1062361	1062362	29	0.6647
chr1	1062461	1062462	31	0.734
chr1	1062526	1062527	38	0.8473
chr1	1062590	1062591	24	0.8008
chr1	1062610	1062611	23	0.8325
chr1	1062629	1062630	23	0.7806
chr1	1062649	1062650	26	0.8172
chr1	1062699	1062700	28	0.7125
chr1	1062727	1062728	29	0.7202
chr1	1062777	1062778	45	0.8274
chr1	1062827	1062828	33	0.7748
chr1	1062850	1062851	19	0.8897
chr1	1062900	1062901	25	0.8364
chr1	1062931	1062932	24	0.7152
chr1	1062977	1062978	32	0.8505
chr1	1063018	1063019	30	0.903
chr1	1063037	1063038	32	0.789
chr1	1063086	1063087	32	0.9282
chr1	1063110	1063111	32	0.6826
chr1	1063160	1063161	22	0.8566
chr1	1063174	1063175	34	0.8003
chr1	1063274	1063275	27	0.8056
chr1	1063374	1063375	34	0.6876
chr1	1063474	1063475	25	0.7706
chr1	1063543	1063544	23	0.7575
chr1	1063593	1063594	34	0.7957
chr1	1063683	1063684	30	0.6081
chr1	1063723	1063724	31	0.944
chr1	1063741	1063742	25	0.7273
chr1	1063748	1063749	22	0.7745
chr1	1063770	1063771	34	0.6559
chr1	1063789	1063790	24	0.7917
chr1	1063808	1063809	26	0.8099
chr1	1063854	1063855	30	0.7552
chr1	1063892	1063893	28	0.7755
chr1	1063913	1063914	24	0.7641
chr1	1063957	1063958	26	0.8056
chr1	1063991	1063992	33	0.8443
chr1	1064028	1064029	30	0.8308
chr1	1064070	1064071	29	0.902
chr1	1064115	1064116	30	0.6538
chr1	1064165	1064166	30	0.8481
chr1	1064193	1064194	38	0.865
chr1	1064213	1064214	21	0.8538
chr1	1064228	1064229	22	0.7093
chr1	1064286	1064287	34	0.7314
chr1	1064336	1064337	30	0.7651
chr1	1064401	1064402	29	0.7216
chr1	1064501	1064502	27	0.6568
chr1	1064601	1064602	30	0.6305
chr1	1064701	1064702	28	0.6876
chr1	1064729	1064730	42	0.7459
chr1	1064779	1064780	28	0.7203
chr1	1064827	1064828	28	0.7235
chr1	1064835	1064836	36	0.7695
chr1	1064849	1064850	23	0.8345
chr1	1064905	1064906	40	0.8154
chr1	1064914	1064915	28	0.146
chr1	1064964	1064965	34	0.0218
chr1	1064987	1064988	25	0.0678
chr1	1065003	1065004	37	0.0
chr1	1065026	1065027	33	0.0729
chr1	1065072	1065073	37	0.045
chr1	1065111	1065112	23	0.0301
chr1	1065161	1065162	28	0.0789
chr1	1065191	1065192	35	0.1883
chr1	1065241	1065242	23	0.0
chr1	1065291	1065292	28	0.0351
chr1	1065306	1065307	35	0.1858
chr1	1065335	1065336	31	0.1276
chr1	1065364	1065365	33	0.0244
chr1	1065398	1065399	28	0.0092
chr1	1065425	1065426	28	0.0168
chr1	1065426	1065427	33	0.0643
chr1	1065526	1065527	19	0.0703
chr1	1065601	1065602	28	0.1036
chr1	1065680	1065681	25	0.1821
chr1	1065730	1065731	22	0.1884
chr1	1065823	1065824	10	0.252
chr1	1065923	1065924	27	0.0286
chr1	1065949	1065950	27	0.1524
chr1	1065983	1065984	35	0.1562
chr1	1066033	1066034	32	0.2709
chr1	1066085	1066086	33	0.281
chr1	1066101	1066102	31	0.1586
chr1	1066209	1066210	34	0.0152
chr1	1066337	1066338	26	0.2776
chr1	1066345	1066346	17	0.8518
chr1	1066362	1066363	30	0.5488
chr1	1066380	1066381	32	0.7915
chr1	1066415	1066416	28	0.6936
chr1	1066434	1066435	28	0.593
chr1	1066472	1066473	21	0.783
chr1	1066487	1066488	33	0.7841
chr1	1066510	1066511	22	0.8288
chr1	1066542	1066543	24	0.67
chr1	1066592	1066593	25	0.5865
chr1	1066632	1066633	30	0.6339
chr1	1066659	1066660	20	0.6507
chr1	1066705	1066706	23	0.7328
chr1	1066739	1066740	28	0.6818
chr1	1066758	1066759	37	0.692
chr1	1066808	1066809	18	0.6961
chr1	1066846	1066847	33	0.8327
chr1	1066862	1066863	39	0.7855
chr1	1066932	1066933	33	0.788
chr1	1067032	1067033	22	0.7802
chr1	1067132	1067133	29	0.7762
chr1	1067232	1067233	27	0.614
chr1	1067331	1067332	36	0.879
chr1	1067503	1067504	28	0.6556
chr1	1067539	1067540	36	0.6986
chr1	1067617	1067618	27	0.7613
chr1	1067705	1067706	28	0.8245
chr1	1067751	1067752	29	0.6865
chr1	1067773	1067774	31	0.9265
chr1	1067805	1067806	31	0.8719
chr1	1067840	1067841	36	0.7453
chr1	1067882	1067883	38	0.8008
chr1	1067912	1067913	28	0.7101
chr1	1067940	1067941	17	0.9407
chr1	1067962	1067963	33	0.7337
chr1	1067977	1067978	31	0.9212
chr1	1068025	1068026	30	0.7854
chr1	1068040	1068041	22	0.8451
chr1	1068090	1068091	32	0.8545
chr1	1068131	1068132	43	0.8977
chr1	1068146	1068147	27	0.688
chr1	1068164	1068165	36	0.8909
chr1	1068185	1068186	32	0.8083
chr1	1068206	1068207	32	0.8619
chr1	1068234	1068235	20	0.8766
chr1	1068262	1068263	35	0.7404
chr1	1068362	1068363	30	0.7454
chr1	1068428	1068429	30	0.8074
chr1	1068528	1068529	23	0.937
chr1	1068578	1068579	30	0.614
chr1	1068678	1068679	22	0.8646
chr1	1068684	1068685	29	0.8036
chr1	1068730	1068731	28	0.8619
chr1	1069770	1069771	30	0.8198
chr1	1069820	1069821	33	0.9764
chr1	1069857	1069858	36	0.8731
chr1	1069907	1069908	25	0.8601
chr1	1069943	1069944	37	1.0
chr1	1069968	1069969	31	0.9676
chr1	1070000	1070001	23	0.8595
chr1	1070038	1070039	38	0.9514
chr1	1070088	1070089	25	1.0
chr1	1070119	1070120	30	1.0
chr1	1070151	1070152	37	0.9404
chr1	1070194	1070195	21	0.9149
chr1	1070222	1070223	34	0.994
chr1	1070237	1070238	39	0.8216
chr1	1070247	1070248	25	0.985
chr1	1070319	1070320	24	0.9856
chr1	1070395	1070396	27	0.9941
chr1	1070470	1070471	26	0.7572
chr1	1070520	1070521	32	0.9588
chr1	1070620	1070621	25	0.9988
chr1	1070720	1070721	19	0.9587
chr1	1070796	1070797	34	0.8932
chr1	1070845	1070846	38	0.8896
chr1	1070883	1070884	31	0.8459
chr1	1070902	1070903	27	0.8949
chr1	1070938	1070939	28	0.9892
chr1	1070964	1070965	33	0.804
chr1	1071014	1071015	27	0.9008
chr1	1071083	1071084	40	0.9167
chr1	1071133	1071134	22	0.873
chr1	1071158	1071159	28	0.6649
chr1	1071193	1071194	21	0.7763
chr1	1071227	1071228	23	0.8598
chr1	1071250	1071251	30	0.7454
chr1	1071281	1071282	39	0.8543
chr1	1071331	1071332	28	0.7839
chr1	1071339	1071340	30	0.9141
chr1	1071431	1071432	25	0.7974
chr1	1071531	1071532	29	0.8578
chr1	1071631	1071632	28	0.8768
chr1	1071731	1071732	36	0.9021
chr1	1071831	1071832	32	0.8632
chr1	1071835	1071836	30	0.709
chr1	1071917	1071918	28	0.9437
chr1	1071949	1071950	31	0.9069
chr1	1071969	1071970	27	0.769
chr1	1072019	1072020	37	0.9339
chr1	1072050	1072051	33	0.968
chr1	1072067	1072068	30	0.9722
chr1	1072082	1072083	27	0.79
chr1	1072113	1072114	31	0.9552
chr1	1072149	1072150	26	0.8099
chr1	1072175	1072176	37	0.8168
chr1	1072190	1072191	31	0.8921
chr1	1072209	1072210	39	0.9529
chr1	1072228	1072229	33	0.8163
chr1	1072248	1072249	26	0.9513
chr1	1072298	1072299	28	0.958
chr1	1072332	1072333	29	0.8736
chr1	1072353	1072354	28	0.8975
chr1	1072386	1072387	31	0.7253
chr1	1072410	1072411	28	0.9203
chr1	1072427	1072428	34	0.9848
chr1	1072442	1072443	29	0.9039
chr1	1072542	1072543	31	0.7516
chr1	1072642	1072643	33	0.8987
chr1	1072742	1072743	26	0.956
chr1	1072842	1072843	27	0.9231
chr1	1072892	1072893	30	0.9841
chr1	1072900	1072901	36	0.86
chr1	1072907	1072908	33	0.7765
chr1	1072926	1072927	21	0.7976
chr1	1072976	1072977	37	0.9108
chr1	1073025	1073026	27	0.683
chr1	1073059	1073060	18	0.6341
chr1	1073081	1073082	25	0.8246
chr1	1073111	1073112	24	0.8035
chr1	1073137	1073138	18	0.823
chr1	1073174	1073175	25	0.8499
chr1	1073196	1073197	33	0.6987
chr1	1073219	1073220	29	0.8779
chr1	1073252	1073253	28	0.8323
chr1	1073272	1073273	34	0.7915
chr1	1073300	1073301	25	0.8691
chr1	1073322	1073323	32	0.7055
chr1	1073372	1073373	33	0.6867
chr1	1073392	1073393	28	0.6833
chr1	1073492	1073493	36	0.7198
chr1	1073592	1073593	33	0.8717
chr1	1073692	1073693	25	0.7408
chr1	1073742	1073743	21	0.7232
chr1	1073802	1073803	33	0.805
chr1	1073866	1073867	32	0.7258
chr1	1074044	1074045	31	0.7967
chr1	1074064	1074065	22	0.7854
chr1	1074114	1074115	34	0.6356
chr1	1074116	1074117	33	0.7734
chr1	1074160	1074161	37	0.8228
chr1	1074172	1074173	28	0.6057
chr1	1074216	1074217	31	0.586
chr1	1074218	1074219	27	0.7623
chr1	1074267	1074268	32	0.753
chr1	1074306	1074307	20	0.9221
chr1	1074338	1074339	26	0.7935
chr1	1074357	1074358	19	1.0
chr1	1074379	1074380	29	0.8748
chr1	1074410	1074411	27	0.9381
chr1	1074452	1074453	27	0.8487
chr1	1074468	1074469	31	0.9405
chr1	1074498	1074499	24	0.9304
chr1	1074531	1074532	24	0.9311
chr1	1074555	1074556	28	0.7502
chr1	1074591	1074592	32	0.8124
chr1	1074638	1074639	30	0.8278
chr1	1074660	1074661	29	0.8428
chr1	1074688	1074689	20	0.9572
chr1	1074723	1074724	34	0.8559
chr1	1074823	1074824	31	0.8595
chr1	1074921	1074922	43	0.9211
chr1	1074971	1074972	19	0.813
chr1	1075071	1075072	39	1.0
chr1	1075168	1075169	24	1.0
chr1	1075174	1075175	31	0.8567
chr1	1075196	1075197	31	0.9093
chr1	1075202	1075203	31	0.5158
chr1	1075248	1075249	30	0.6274
chr1	1075281	1075282	33	0.6067
chr1	1075331	1075332	42	0.7431
chr1	1075365	1075366	41	0.6911
chr1	1075415	1075416	40	0.6932
chr1	1075431	1075432	18	0.6637
chr1	1075458	1075459	37	0.5671
chr1	1075508	1075509	28	0.6794
chr1	1075529	1075530	38	0.5971
chr1	1075544	1075545	31	0.6798
chr1	1075559	1075560	30	0.6947
chr1	1075594	1075595	29	0.5579
chr1	1075628	1075629	31	0.6166
chr1	1075728	1075729	35	0.7396
chr1	1075827	1075828	32	0.5669
chr1	1075927	1075928	35	0.7942
chr1	1076019	1076020	23	0.7527
chr1	1076041	1076042	29	0.5796
chr1	1076173	1076174	26	0.6886
chr1	1076177	1076178	35	0.7568
chr1	1076417	1076418	29	0.6419
chr1	1076439	1076440	22	0.7315
chr1	1076461	1076462	28	0.7041
chr1	1076484	1076485	25	0.7826
chr1	1076534	1076535	27	0.9378
chr1	1076563	1076564	30	0.9003
chr1	1076613	1076614	33	0.8133
chr1	1076635	1076636	33	0.8334
chr1	1076663	1076664	34	0.8854
chr1	1076694	1076695	36	0.9115
chr1	1076709	1076710	25	0.8777
chr1	1076759	1076760	34	0.8427
chr1	1076779	1076780	32	0.8905
chr1	1076813	1076814	22	0.843
chr1	1076838	1076839	38	0.9322
chr1	1076856	1076857	35	0.8521
chr1	1076871	1076872	22	0.9641
chr1	1076921	1076922	32	0.9392
chr1	1076971	1076972	27	0.845
chr1	1076998	1076999	27	0.6464
chr1	1077007	1077008	39	0.9503
chr1	1077107	1077108	23	0.9489
chr1	1077176	1077177	31	0.8455
chr1	1077276	1077277	29	0.9073
chr1	1077376	1077377	29	0.9771
chr1	1077454	1077455	26	0.9889
chr1	1077468	1077469	27	0.9046
chr1	1077470	1077471	23	0.9547
chr1	1077495	1077496	29	0.8499
chr1	1077537	1077538	36	0.8374
chr1	1077562	1077563	35	0.853
chr1	1077582	1077583	36	0.8541
chr1	1077632	1077633	27	0.9167
chr1	1077653	1077654	29	0.9017
chr1	1077672	1077673	31	0.947
chr1	1077705	1077706	26	0.8888
chr1	1077731	1077732	26	0.9904
chr1	1077754	1077755	30	0.9668
chr1	1077780	1077781	29	0.8414
chr1	1077803	1077804	21	0.7752
chr1	1077821	1077822	30	0.9593
chr1	1077846	1077847	20	0.8977
chr1	1077876	1077877	27	0.9245
chr1	1077926	1077927	32	0.8524
chr1	1077965	1077966	39	0.9455
chr1	1077987	1077988	32	0.9187
chr1	1078037	1078038	23	0.9777
chr1	1078061	1078062	31	0.8302
chr1	1078079	1078080	33	0.9106
chr1	1078096	1078097	23	0.8619
chr1	1078111	1078112	22	0.9926
chr1	1078179	1078180	28	0.9454
chr1	1078247	1078248	28	0.8182
chr1	1078312	1078313	32	0.9792
chr1	1078412	1078413	38	0.9207
chr1	1078462	1078463	36	0.9142
chr1	1078548	1078549	23	0.8836
chr1	1078648	1078649	33	0.9497
chr1	1078698	1078699	30	0.9873
chr1	1078702	1078703	27	0.9297
chr1	1078762	1078763	38	0.8109
chr1	1078796	1078797	24	0.9418
chr1	1078815	1078816	19	0.944
chr1	1078865	1078866	21	0.7646
chr1	1078909	1078910	32	0.9574
chr1	1078942	1078943	31	0.8949
chr1	1078971	1078972	29	0.9246
chr1	1079004	1079005	21	0.9651
chr1	1079025	1079026	21	0.8533
chr1	1079056	1079057	30	0.9854
chr1	1079097	1079098	26	0.8826
chr1	1079112	1079113	29	0.854
chr1	1079138	1079139	30	0.9413
chr1	1079188	1079189	21	0.8742
chr1	1079225	1079226	37	0.9141
chr1	1079254	1079255	23	0.8475
chr1	1079258	1079259	31	0.9093
chr1	1079358	1079359	24	0.9704
chr1	1079455	1079456	30	0.9074
chr1	1079555	1079556	31	0.7948
chr1	1079639	1079640	31	0.9163
chr1	1079681	1079682	39	0.9797
chr1	1079711	1079712	31	0.9424
chr1	1079716	1079717	30	0.7834
chr1	1079735	1079736	30	0.7872
chr1	1079784	1079785	33	0.7182
chr1	1079824	1079825	30	0.8863
chr1	1079839	1079840	34	0.9034
chr1	1079874	1079875	24	0.7102
chr1	1079924	1079925	23	0.7447
chr1	1079960	1079961	27	0.7826
chr1	1079981	1079982	23	0.9217
chr1	1080006	1080007	33	0.8256
chr1	1080056	1080057	23	0.7916
chr1	1080090	1080091	19	0.6733
chr1	1080123	1080124	29	0.7885
chr1	1080162	1080163	24	0.6187
chr1	1080192	1080193	33	0.6835
chr1	1080219	1080220	27	0.6561
chr1	1080243	1080244	33	0.6624
chr1	1080277	1080278	30	0.8468
chr1	1080285	1080286	31	0.7049
chr1	1080385	1080386	32	0.8333
chr1	1080471	1080472	20	0.6785
chr1	1080570	1080571	20	0.7036
chr1	1080670	1080671	20	0.7207
chr1	1080729	1080730	32	0.7094
chr1	1080829	1080830	31	0.7051
chr1	1081017	1081018	24	0.6535
chr1	1081031	1081032	23	0.5766
chr1	1081049	1081050	28	0.7386
chr1	1081057	1081058	27	0.7753
chr1	1081111	1081112	29	0.6958
chr1	1081245	1081246	30	0.9301
chr1	1081249	1081250	35	0.7688
chr1	1081270	1081271	30	0.7404
chr1	1081303	1081304	37	0.7002
chr1	1081327	1081328	34	0.6652
chr1	1081342	1081343	27	0.6966
chr1	1081392	1081393	36	0.8347
chr1	1081419	1081420	26	0.7664
chr1	1081445	1081446	33	0.8487
chr1	1081475	1081476	34	0.7067
chr1	1081509	1081510	28	0.7962
chr1	1081535	1081536	23	1.0
chr1	1081550	1081551	32	0.8678
chr1	1081595	1081596	27	0.6343
chr1	1081631	1081632	39	0.7649
chr1	1081663	1081664	33	0.8449
chr1	1081685	1081686	31	0.7319
chr1	1081706	1081707	27	0.7083
chr1	1081735	1081736	26	0.8015
chr1	1081749	1081750	41	0.7443
chr1	1081849	1081850	29	0.7703
chr1	1081899	1081900	31	0.7803
chr1	1081999	1082000	35	0.55
chr1	1082060	1082061	33	0.8406
chr1	1082133	1082134	22	0.8328
chr1	1082141	1082142	35	0.7852
chr1	1082161	1082162	28	0.7344
chr1	1082167	1082168	33	0.7918
chr1	1082210	1082211	30	0.7049
chr1	1082232	1082233	30	0.6278
chr1	1082254	1082255	37	0.6952
chr1	1082287	1082288	29	0.7793
chr1	1082337	1082338	35	0.6001
chr1	1082352	1082353	29	0.5677
chr1	1082369	1082370	26	0.6714
chr1	1082392	1082393	27	0.5516
chr1	1082407	1082408	30	0.7623
chr1	1082447	1082448	36	0.7446
chr1	1082465	1082466	30	0.7076
chr1	1082515	1082516	33	0.7727
chr1	1082530	1082531	26	0.6113
chr1	1082580	1082581	26	0.7515
chr1	1082614	1082615	22	0.6567
chr1	1082639	1082640	22	0.7066
chr1	1082661	1082662	36	0.853
chr1	1082694	1082695	29	0.5711
chr1	1082744	1082745	32	0.742
chr1	1082844	1082845	29	0.596
chr1	1082944	1082945	23	0.8348
chr1	1083021	1083022	21	0.6557
chr1	1083121	1083122	35	0.5813
chr1	1083221	1083222	28	0.7943
chr1	1083259	1083260	34	0.6068
chr1	1083261	1083262	38	0.7704
chr1	1083275	1083276	27	0.5854
chr1	1083445	1083446	28	0.7439
chr1	1083477	1083478	28	0.7233
chr1	1083549	1083550	28	0.674
chr1	1083635	1083636	25	0.6884
chr1	1083649	1083650	32	0.7921
chr1	1083661	1083662	28	0.7891
chr1	1083703	1083704	31	0.6548
chr1	1083745	1083746	32	0.8255
chr1	1083760	1083761	24	0.878
chr1	1083810	1083811	24	0.7711
chr1	1083836	1083837	24	0.7866
chr1	1083867	1083868	27	0.8553
chr1	1083904	1083905	34	0.8039
chr1	1083938	1083939	30	0.9494
chr1	1083988	1083989	24	0.7421
chr1	1084038	1084039	23	0.7258
chr1	1084056	1084057	24	0.8112
chr1	1084075	1084076	34	0.7775
chr1	1084096	1084097	35	0.8213
chr1	1084113	1084114	20	0.6691
chr1	1084163	1084164	29	0.6815
chr1	1084186	1084187	34	0.7242
chr1	1084194	1084195	28	0.8527
chr1	1084294	1084295	31	0.8087
chr1	1084394	1084395	34	0.742
chr1	1084494	1084495	41	0.7412
chr1	1084576	1084577	34	0.9064
chr1	1084666	1084667	39	0.8849
chr1	1084705	1084706	32	0.0
chr1	1084720	1084721	33	0.0392
chr1	1084737	1084738	39	0.1942
chr1	1084760	1084761	30	0.1902
chr1	1084795	1084796	28	0.1626
chr1	1084845	1084846	31	0.1097
chr1	1084894	1084895	31	0.0081
chr1	1084910	1084911	25	0.0578
chr1	1084960	1084961	34	0.095
chr1	1085000	1085001	33	0.1189
chr1	1085024	1085025	35	0.0
chr1	1085074	1085075	28	0.0501
chr1	1085112	1085113	29	0.0167
chr1	1085162	1085163	30	0.0
chr1	1085195	1085196	31	0.0414
chr1	1085212	1085213	21	0.0787
chr1	1085312	1085313	27	0.1688
chr1	1085367	1085368	31	0.1994
chr1	1085467	1085468	28	0.0
chr1	1085565	1085566	42	0.1324
chr1	1085620	1085621	32	0.0
chr1	1085692	1085693	28	0.0523
chr1	1085708	1085709	32	0.9209
chr1	1085756	1085757	33	1.0
chr1	1085777	1085778	32	0.9663
chr1	1085803	1085804	27	0.9923
chr1	1085846	1085847	34	0.8998
chr1	1085861	1085862	27	0.8421
chr1	1085891	1085892	21	0.8562
chr1	1085941	1085942	35	0.9978
chr1	1085959	1085960	22	0.9108
chr1	1085997	1085998	21	0.9479
chr1	1086032	1086033	34	0.9636
chr1	1086065	1086066	31	1.0
chr1	1086098	1086099	27	0.839
chr1	1086128	1086129	27	0.9672
chr1	1086170	1086171	35	0.8589
chr1	1086185	1086186	32	0.8855
chr1	1086202	1086203	37	0.8824
chr1	1086226	1086227	32	1.0
chr1	1086234	1086235	37	0.8985
chr1	1086296	1086297	33	0.9314
chr1	1086396	1086397	32	0.9798
chr1	1086496	1086497	38	0.8553
chr1	1086596	1086597	22	1.0
chr1	1086696	1086697	31	1.0
chr1	1086746	1086747	24	0.9418
chr1	1086784	1086785	33	0.9778
chr1	1086799	1086800	30	0.7888
chr1	1086824	1086825	28	0.7354
chr1	1086848	1086849	35	0.719
chr1	1086897	1086898	31	0.6903
chr1	1086912	1086913	31	0.793
chr1	1086962	1086963	27	0.6108
chr1	1086994	1086995	27	0.5732
chr1	1087024	1087025	33	0.5165
chr1	1087068	1087069	25	0.8038
chr1	1087109	1087110	35	0.6942
chr1	1087136	1087137	35	0.6509
chr1	1087152	1087153	26	0.6461
chr1	1087188	1087189	27	0.7161
chr1	1087203	1087204	27	0.7916
chr1	1087218	1087219	26	0.6717
chr1	1087268	1087269	25	0.7334
chr1	1087368	1087369	30	0.6837
chr1	1087468	1087469	32	0.6459
chr1	1087568	1087569	27	0.6419
chr1	1087618	1087619	22	0.716
chr1	1087668	1087669	31	0.6107
chr1	1087714	1087715	33	0.6955
chr1	1087721	1087722	34	0.0662
chr1	1087751	1087752	27	0.0752
chr1	1087777	1087778	28	0.1817
chr1	1087802	1087803	22	0.0432
chr1	1087852	1087853	33	0.1192
chr1	1087899	1087900	34	0.0
chr1	1087935	1087936	27	0.0749
chr1	1087973	1087974	22	0.1151
chr1	1088005	1088006	26	0.0868
chr1	1088033	1088034	23	0.1041
chr1	1088067	1088068	24	0.1121
chr1	1088104	1088105	36	0.0353
chr1	1088129	1088130	34	0.0711
chr1	1088175	1088176	31	0.2188
chr1	1088275	1088276	24	0.0
chr1	1088375	1088376	27	0.0944
chr1	1088439	1088440	23	0.0
chr1	1088516	1088517	25	0.0749
chr1	1088616	1088617	28	0.006
chr1	1088640	1088641	32	0.1976
chr1	1088732	1088733	25	0.1388
chr1	1088796	1088797	36	0.0964
chr1	1088810	1088811	29	0.1109
chr1	1088972	1088973	24	0.1045
chr1	1088982	1088983	42	0.0912
chr1	1088996	1088997	30	0.1026
chr1	1089056	1089057	35	0.0308
chr1	1089070	1089071	27	0.113
chr1	1089088	1089089	37	0.0699
chr1	1089094	1089095	29	0.0
chr1	1089119	1089120	36	0.16
chr1	1089134	1089135	26	0.0663
chr1	1089154	1089155	39	0.0
chr1	1089169	1089170	26	0.0936
chr1	1089195	1089196	35	0.088
chr1	1089234	1089235	35	0.0996
chr1	1089284	1089285	30	0.0
chr1	1089303	1089304	35	0.0701
chr1	1089349	1089350	34	0.0
chr1	1089364	1089365	33	0.04
chr1	1089396	1089397	35	0.0211
chr1	1089411	1089412	33	0.0596
chr1	1089442	1089443	34	0.078
chr1	1089457	1089458	31	0.0246
chr1	1089491	1089492	32	0.1515
chr1	1089541	1089542	31	0.0498
chr1	1089579	1089580	27	0.0666
chr1	1089628	1089629	35	0.0
chr1	1089637	1089638	32	0.0326
chr1	1089737	1089738	35	0.0852
chr1	1089837	1089838	32	0.0657
chr1	1089937	1089938	35	0.0
chr1	1090037	1090038	24	0.0212
chr1	1090137	1090138	27	0.0
chr1	1090145	1090146	18	0.1143
chr1	1090269	1090270	32	0.0021
chr1	1090271	1090272	33	0.0742
chr1	1090409	1090410	28	0.0738
chr1	1090435	1090436	27	0.0701
chr1	1090457	1090458	32	0.1124
chr1	1090462	1090463	36	0.799
chr1	1090488	1090489	29	0.801
chr1	1090509	1090510	39	0.7774
chr1	1090548	1090549	36	0.8724
chr1	1090598	1090599	31	0.7214
chr1	1090638	1090639	27	0.8492
chr1	1090680	1090681	33	0.8934
chr1	1090709	1090710	27	0.9095
chr1	1090759	1090760	33	0.8125
chr1	1090776	1090777	26	0.8973
chr1	1090792	1090793	20	0.7613
chr1	1090807	1090808	25	0.8509
chr1	1090857	1090858	24	0.8805
chr1	1090877	1090878	26	0.7231
chr1	1090891	1090892	31	0.7519
chr1	1090941	1090942	29	0.6253
chr1	1091041	1091042	33	0.9787
chr1	1091141	1091142	29	0.9374
chr1	1091241	1091242	28	0.7599
chr1	1091301	1091302	30	0.8395
chr1	1091479	1091480	26	0.8664
chr1	1091485	1091486	36	0.8861
chr1	1091625	1091626	31	0.9116
chr1	1091735	1091736	37	0.7505
chr1	1091772	1091773	26	0.5586
chr1	1091822	1091823	30	0.7007
chr1	1091846	1091847	19	0.6906
chr1	1091889	1091890	32	0.6747
chr1	1091916	1091917	29	0.5761
chr1	1091931	1091932	33	0.4624
chr1	1091955	1091956	27	0.6792
chr1	1091977	1091978	25	0.5598
chr1	1092006	1092007	29	0.724
chr1	1092021	1092022	29	0.4226
chr1	1092052	1092053	27	0.6653
chr1	1092102	1092103	23	0.6055
chr1	1092124	1092125	29	0.5687
chr1	1092151	1092152	30	0.6395
chr1	1092201	1092202	32	0.5894
chr1	1092218	1092219	34	0.5919
chr1	1092268	1092269	31	0.6032
chr1	1092368	1092369	31	0.6472
chr1	1092468	1092469	33	0.571
chr1	1092520	1092521	28	0.6336
chr1	1092620	1092621	34	0.5034
chr1	1092652	1092653	24	0.4752
chr1	1092678	1092679	37	0.6549
chr1	1092719	1092720	36	0.9686
chr1	1092752	1092753	30	0.8395
chr1	1092790	1092791	21	0.8528
chr1	1092829	1092830	33	0.9259
chr1	1092854	1092855	34	0.8807
chr1	1092891	1092892	32	0.9554
chr1	1092907	1092908	27	0.8123
chr1	1092934	1092935	33	0.9306
chr1	1092949	1092950	26	0.9998
chr1	1092969	1092970	27	0.9174
chr1	1092984	1092985	35	0.8205
chr1	1093011	1093012	26	0.9079
chr1	1093038	1093039	29	1.0
chr1	1093053	1093054	30	0.8678
chr1	1093103	1093104	34	0.8859
chr1	1093131	1093132	34	0.9708
chr1	1093146	1093147	29	0.86
chr1	1093173	1093174	29	0.9174
chr1	1093206	1093207	26	0.8042
chr1	1093221	1093222	33	0.6921
chr1	1093321	1093322	30	0.7871
chr1	1093404	1093405	29	0.8211
chr1	1093485	1093486	29	0.9501
chr1	1093585	1093586	23	0.8704
chr1	1093635	1093636	31	0.787
chr1	1093659	1093660	26	0.9032
chr1	1093691	1093692	29	0.8697
chr1	1093723	1093724	33	0.6578
chr1	1093753	1093754	33	0.9741
chr1	1093768	1093769	30	0.859
chr1	1093799	1093800	33	0.8806
chr1	1093829	1093830	32	0.931
chr1	1093875	1093876	28	0.9054
chr1	1093919	1093920	34	0.8724
chr1	1093945	1093946	31	0.98
chr1	1093968	1093969	28	0.7472
chr1	1093983	1093984	28	0.8834
chr1	1094006	1094007	33	0.9584
chr1	1094047	1094048	34	0.756
chr1	1094078	1094079	37	0.9146
chr1	1094093	1094094	40	0.6928
chr1	1094135	1094136	30	0.898
chr1	1094185	1094186	34	0.6318
chr1	1094195	1094196	23	0.8062
chr1	1094282	1094283	28	0.8674
chr1	1094382	1094383	22	0.8248
chr1	1094482	1094483	29	0.8322
chr1	1094547	1094548	30	0.8903
chr1	1094624	1094625	21	0.8805
chr1	1094632	1094633	24	0.7112
chr1	1094637	1094638	26	1.0
chr1	1094659	1094660	44	0.9182
chr1	1094709	1094710	26	0.9125
chr1	1094759	1094760	22	0.7472
chr1	1094788	1094789	27	0.8365
chr1	1094811	1094812	33	0.8895
chr1	1094852	1094853	23	0.8383
chr1	1094886	1094887	26	0.8623
chr1	1094928	1094929	31	0.7538
chr1	1094949	1094950	27	0.8474
chr1	1094981	1094982	33	0.957
chr1	1095012	1095013	24	0.9646
chr1	1095033	1095034	33	0.8279
chr1	1095061	1095062	31	0.8296
chr1	1095090	1095091	34	0.8729
chr1	1095112	1095113	33	0.8628
chr1	1095137	1095138	25	0.8232
chr1	1095185	1095186	28	0.9757
chr1	1095205	1095206	26	0.8234
chr1	1095220	1095221	27	0.869
chr1	1095259	1095260	35	0.8769
chr1	1095260	1095261	34	0.843
chr1	1095343	1095344	31	0.8763
chr1	1095443	1095444	26	0.8214
chr1	1095543	1095544	31	0.9614
chr1	1095643	1095644	24	0.9404
chr1	1095743	1095744	24	0.9151
chr1	1095833	1095834	32	0.8934
chr1	1095873	1095874	26	0.9988
chr1	1095931	1095932	26	0.7477
chr1	1096021	1096022	31	0.793
chr1	1096063	1096064	30	0.753
chr1	1096105	1096106	27	0.9335
chr1	1096167	1096168	26	0.9024
chr1	1096251	1096252	30	0.9056
chr1	1096255	1096256	24	0.9707
chr1	1096265	1096266	30	0.7827
chr1	1096295	1096296	27	0.9015
chr1	1096332	1096333	26	0.6189
chr1	1096352	1096353	28	0.8126
chr1	1096380	1096381	28	0.7116
chr1	1096430	1096431	27	0.582
chr1	1096454	1096455	30	0.7384
chr1	1096470	1096471	32	0.5944
chr1	1096501	1096502	22	0.6222
chr1	1096517	1096518	41	0.5579
chr1	1096536	1096537	27	0.5893
chr1	1096558	1096559	26	0.7497
chr1	1096600	1096601	41	0.7961
chr1	1096626	1096627	29	0.6701
chr1	1096661	1096662	39	0.7186
chr1	1096692	1096693	15	0.8929
chr1	1096731	1096732	23	0.6287
chr1	1096758	1096759	33	0.8794
chr1	1096773	1096774	27	0.7493
chr1	1096797	1096798	24	0.806
chr1	1096844	1096845	37	0.7269
chr1	1096863	1096864	21	0.7059
chr1	1096878	1096879	25	0.7184
chr1	1096916	1096917	38	0.5964
chr1	1096991	1096992	24	0.6758
chr1	1097041	1097042	34	0.7184
chr1	1097120	1097121	26	0.6992
chr1	1097220	1097221	38	0.7566
chr1	1097320	1097321	47	0.623
chr1	1097420	1097421	20	0.6935
chr1	1097473	1097474	25	0.6643
chr1	1097527	1097528	29	0.6701
chr1	1097552	1097553	33	0.9347
chr1	1097571	1097572	34	0.8472
chr1	1097597	1097598	29	0.8617
chr1	1097612	1097613	33	0.807
chr1	1097658	1097659	33	0.8294
chr1	1097686	1097687	30	0.9459
chr1	1097719	1097720	39	0.8535
chr1	1097741	1097742	28	0.8477
chr1	1097769	1097770	36	0.8736
chr1	1097789	1097790	25	0.7376
chr1	1097808	1097809	31	0.8754
chr1	1097854	1097855	28	0.8712
chr1	1097871	1097872	35	0.7219
chr1	1097921	1097922	24	0.8491
chr1	1097936	1097937	21	0.8098
chr1	1097952	1097953	33	0.8175
chr1	1097994	1097995	31	0.9041
chr1	1098011	1098012	18	0.8495
chr1	1098026	1098027	19	0.9123
chr1	1098047	1098048	28	0.6807
chr1	1098147	1098148	27	0.7195
chr1	1098247	1098248	30	0.921
chr1	1098324	1098325	27	0.9379
chr1	1098424	1098425	29	0.8895
chr1	1098524	1098525	33	0.9463
chr1	1098552	1098553	24	0.8266
chr1	1098574	1098575	31	0.2251
chr1	1098591	1098592	25	0.0574
chr1	1098641	1098642	25	0.2109
chr1	1098680	1098681	33	0.1787
chr1	1098708	1098709	28	0.0065
chr1	1098747	1098748	26	0.0279
chr1	1098786	1098787	23	0.1137
chr1	1098823	1098824	27	0.143
chr1	1098862	1098863	29	0.0033
chr1	1098901	1098902	38	0.0457
chr1	1098930	1098931	32	0.0
chr1	1098954	1098955	27	0.0
chr1	1098980	1098981	21	0.1445
chr1	1099008	1099009	31	0.1284
chr1	1099108	1099109	30	0.2203
chr1	1099208	1099209	23	0.1613
chr1	1099308	1099309	33	0.1079
chr1	1099402	1099403	36	0.038
chr1	1099436	1099437	25	0.1383
chr1	1099464	1099465	30	0.0892
chr1	1099501	1099502	23	0.7986
chr1	1099546	1099547	26	0.8568
chr1	1099575	1099576	31	0.5735
chr1	1099590	1099591	36	0.6963
chr1	1099614	1099615	37	0.8018
chr1	1099637	1099638	30	0.7376
chr1	1099671	1099672	25	0.502
chr1	1099700	1099701	33	0.7937
chr1	1099726	1099727	32	0.5126
chr1	1099742	1099743	37	0.6351
chr1	1099759	1099760	32	0.899
chr1	1099779	1099780	30	0.6722
chr1	1099799	1099800	30	0.5883
chr1	1099849	1099850	30	0.8138
chr1	1099876	1099877	42	0.5563
chr1	1099891	1099892	31	0.7478
chr1	1099924	1099925	16	0.6933
chr1	1099951	1099952	26	0.4335
chr1	1099985	1099986	26	0.5309
chr1	1100029	1100030	22	0.5267
chr1	1100034	1100035	39	0.819
chr1	1100091	1100092	26	0.7062
chr1	1100148	1100149	28	0.7574
chr1	1100218	1100219	24	0.5538
chr1	1100268	1100269	36	0.4877
chr1	1100318	1100319	24	0.9181
chr1	1100382	1100383	32	0.8538
chr1	1100482	1100483	31	0.9123
chr1	1100563	1100564	28	0.3455
chr1	1100647	1100648	29	0.7968
chr1	1100655	1100656	24	0.8077
chr1	1100705	1100706	22	0.6667
chr1	1100720	1100721	33	0.8348
chr1	1100735	1100736	28	0.7389
chr1	1100761	1100762	27	0.7825
chr1	1100791	1100792	29	0.8475
chr1	1100827	1100828	23	0.8112
chr1	1100846	1100847	25	1.0
chr1	1100867	1100868	31	0.698
chr1	1100884	1100885	36	0.7606
chr1	1100906	1100907	31	0.9255
chr1	1100948	1100949	31	0.688
chr1	1100998	1100999	23	0.708
chr1	1101030	1101031	34	0.9324
chr1	1101080	1101081	36	0.8058
chr1	1101130	1101131	28	0.8585
chr1	1101180	1101181	27	0.8933
chr1	1101195	1101196	23	1.0
chr1	1101210	1101211	23	0.7453
chr1	1101236	1101237	33	0.7384
chr1	1101286	1101287	33	0.9376
chr1	1101324	1101325	21	0.8823
chr1	1101347	1101348	26	0.9685
chr1	1101447	1101448	26	1.0
chr1	1101547	1101548	33	0.7177
chr1	1101597	1101598	23	0.6831
chr1	1101697	1101698	32	0.8159
chr1	1101797	1101798	26	0.824
chr1	1101869	1101870	36	0.8213
chr1	1101919	1101920	23	0.8853
chr1	1101973	1101974	31	0.7024
chr1	1102013	1102014	25	0.6998
chr1	1102042	1102043	28	0.7107
chr1	1102090	1102091	30	0.9912
chr1	1102125	1102126	27	0.8199
chr1	1102162	1102163	35	0.8778
chr1	1102207	1102208	31	0.9389
chr1	1102247	1102248	29	0.6648
chr1	1102274	1102275	31	0.713
chr1	1102312	1102313	36	0.771
chr1	1102362	1102363	30	0.8326
chr1	1102390	1102391	29	0.846
chr1	1102416	1102417	27	0.8657
chr1	1102452	1102453	30	0.9101
chr1	1102479	1102480	32	0.8127
chr1	1102494	1102495	34	0.8614
chr1	1102534	1102535	26	0.7551
chr1	1102565	1102566	23	0.7818
chr1	1102581	1102582	32	0.8638
chr1	1102598	1102599	23	0.6784
chr1	1102698	1102699	32	0.844
chr1	1102798	1102799	27	0.7622
chr1	1102898	1102899	22	0.8546
chr1	1102983	1102984	35	0.8004
chr1	1103065	1103066	24	0.858
chr1	1103126	1103127	28	0.9348
chr1	1103178	1103179	35	0.8419
chr1	1103196	1103197	22	0.878
chr1	1103207	1103208	28	0.6243
chr1	1103254	1103255	22	0.5956
chr1	1103304	1103305	32	0.5221
chr1	1103333	1103334	30	0.5801
chr1	1103375	1103376	28	0.6492
chr1	1103425	1103426	24	0.7245
chr1	1103461	1103462	24	0.6564
chr1	1103485	1103486	31	0.665
chr1	1103500	1103501	33	0.5851
chr1	1103520	1103521	31	0.832
chr1	1103570	1103571	34	0.6867
chr1	1103605	1103606	22	0.6398
chr1	1103655	1103656	27	0.7192
chr1	1103670	1103671	27	0.6624
chr1	1103770	1103771	39	0.6785
chr1	1103870	1103871	29	0.7315
chr1	1103970	1103971	26	0.7561
chr1	1104070	1104071	33	0.5668
chr1	1104096	1104097	22	0.6487
chr1	1104098	1104099	35	0.7835
chr1	1104115	1104116	38	0.6535
chr1	1104150	1104151	38	0.5776
chr1	1104169	1104170	34	0.6667
chr1	1104200	1104201	32	0.7153
chr1	1104221	1104222	30	0.6559
chr1	1104249	1104250	22	0.7862
chr1	1104278	1104279	32	0.6088
chr1	1104297	1104298	26	0.8552
chr1	1104347	1104348	39	0.6867
chr1	1104376	1104377	30	0.6559
chr1	1104403	1104404	24	0.6984
chr1	1104438	1104439	29	0.5429
chr1	1104453	1104454	32	0.7
chr1	1104503	1104504	37	0.7151
chr1	1104537	1104538	24	0.6552
chr1	1104587	1104588	29	0.6285
chr1	1104604	1104605	23	0.868
chr1	1104652	1104653	29	0.7589
chr1	1104680	1104681	25	0.6199
chr1	1104750	1104751	37	0.6509
chr1	1104850	1104851	30	0.7263
chr1	1104900	1104901	31	0.6851
chr1	1105000	1105001	28	0.4929
chr1	1105050	1105051	32	0.7687
chr1	1105114	1105115	35	0.6084
chr1	1105174	1105175	36	0.8037
chr1	1105234	1105235	23	0.823
chr1	1105246	1105247	27	0.4827
chr1	1105251	1105252	30	0.987
chr1	1105301	1105302	25	0.95
chr1	1105327	1105328	32	0.8085
chr1	1105342	1105343	23	0.7979
chr1	1105389	1105390	34	0.8813
chr1	1105439	1105440	35	0.689
chr1	1105464	1105465	23	0.9349
chr1	1105479	1105480	32	0.8724
chr1	1105494	1105495	30	0.9047
chr1	1105544	1105545	27	1.0
chr1	1105563	1105564	34	0.8781
chr1	1105581	1105582	37	0.6652
chr1	1105606	1105607	27	0.7621
chr1	1105626	1105627	21	1.0
chr1	1105671	1105672	25	0.9356
chr1	1105771	1105772	26	0.8649
chr1	1105871	1105872	27	0.8998
chr1	1105971	1105972	25	0.91
chr1	1106059	1106060	21	0.8764
chr1	1106253	1106254	27	0.8686
chr1	1106279	1106280	30	0.9362
chr1	1106281	1106282	30	0.8259
chr1	1106299	1106300	27	0.8149
chr1	1106309	1106310	30	0.8933
chr1	1106439	1106440	29	0.8091
chr1	1106480	1106481	25	0.035
chr1	1106519	1106520	30	0.2422
chr1	1106549	1106550	36	0.2559
chr1	1106575	1106576	23	0.1505
chr1	1106620	1106621	28	0.1467
chr1	1106638	1106639	21	0.1959
chr1	1106679	1106680	29	0.19
chr1	1106706	1106707	32	0.12
chr1	1106745	1106746	18	0.12
chr1	1106760	1106761	31	0.1803
chr1	1106775	1106776	24	0.2502
chr1	1106805	1106806	26	0.1525
chr1	1106855	1106856	27	0.1179
chr1	1106880	1106881	33	0.1904
chr1	1106921	1106922	30	0.3632
chr1	1106964	1106965	31	0.077
chr1	1106992	1106993	30	0.0508
chr1	1107010	1107011	23	0.0528
chr1	1107110	1107111	28	0.1677
chr1	1107210	1107211	30	0.1897
chr1	1107310	1107311	31	0.1494
chr1	1107376	1107377	24	0.0892
chr1	1107476	1107477	29	0.1506
chr1	1107526	1107527	31	0.0202
chr1	1107582	1107583	35	0.1289
chr1	1107624	1107625	29	0.1243
chr1	1107656	1107657	29	0.808
chr1	1107681	1107682	21	0.7955
chr1	1107706	1107707	30	0.7477
chr1	1107730	1107731	28	0.7806
chr1	1107777	1107778	33	0.8218
chr1	1107810	1107811	28	0.738
chr1	1107825	1107826	31	0.7967
chr1	1107875	1107876	41	0.8042
chr1	1107923	1107924	34	0.6752
chr1	1107948	1107949	32	0.7786
chr1	1107963	1107964	31	0.7321
chr1	1107980	1107981	28	0.662
chr1	1108027	1108028	30	0.9621
chr1	1108046	1108047	30	0.8869
chr1	1108066	1108067	29	0.7239
chr1	1108092	1108093	28	0.8201
chr1	1108133	1108134	29	0.7409
chr1	1108150	1108151	20	0.8262
chr1	1108167	1108168	34	0.8647
chr1	1108214	1108215	29	0.9239
chr1	1108230	1108231	28	0.7545
chr1	1108287	1108288	32	0.903
chr1	1108387	1108388	28	0.8705
chr1	1108448	1108449	31	0.6764
chr1	1108541	1108542	35	0.782
chr1	1108641	1108642	40	0.8092
chr1	1108741	1108742	29	0.8469
chr1	1108819	1108820	25	0.858
chr1	1108828	1108829	35	0.7165
chr1	1108878	1108879	22	0.7455
chr1	1108914	1108915	32	0.5528
chr1	1108931	1108932	27	0.7264
chr1	1108949	1108950	33	0.7653
chr1	1108999	1109000	32	0.6462
chr1	1109040	1109041	30	0.7097
chr1	1109075	1109076	28	0.6227
chr1	1109125	1109126	22	0.6693
chr1	1109153	1109154	39	0.5872
chr1	1109176	1109177	27	0.7641
chr1	1109219	1109220	23	0.8059
chr1	1109234	1109235	33	0.7777
chr1	1109284	1109285	34	0.7911
chr1	1109302	1109303	32	0.7286
chr1	1109402	1109403	33	0.8057
chr1	1109502	1109503	22	0.6436
chr1	1109586	1109587	32	0.6344
chr1	1109636	1109637	27	0.812
chr1	1109736	1109737	30	0.6502
chr1	1109770	1109771	24	0.7077
chr1	1109890	1109891	31	0.5604
chr1	1109922	1109923	38	0.6954
chr1	1109936	1109937	28	0.6838
chr1	1110070	1110071	35	0.6493
chr1	1110078	1110079	25	0.5471
chr1	1110168	1110169	35	0.5017
chr1	1110204	1110205	31	0.8151
chr1	1110214	1110215	25	0.8431
chr1	1110223	1110224	27	0.1046
chr1	1110265	1110266	24	0.196
chr1	1110289	1110290	30	0.2388
chr1	1110339	1110340	31	0.2388
chr1	1110389	1110390	31	0.1883
chr1	1110425	1110426	25	0.1059
chr1	1110447	1110448	20	0.1787
chr1	1110468	1110469	29	0.1828
chr1	1110518	1110519	18	0.1659
chr1	1110568	1110569	38	0.3907
chr1	1110613	1110614	32	0.0499
chr1	1110634	1110635	40	0.1296
chr1	1110639	1110640	39	0.254
chr1	1110739	1110740	30	0.1695
chr1	1110810	1110811	33	0.1976
chr1	1110910	1110911	27	0.288
chr1	1110985	1110986	25	0.2754
chr1	1111003	1111004	17	0.3468
chr1	1111209	1111210	22	0.2192
chr1	1111215	1111216	39	0.4072
chr1	1111227	1111228	25	0.2233
chr1	1111361	1111362	35	0.0957
chr1	1111397	1111398	28	0.1339
chr1	1111477	1111478	27	0.0945
chr1	1111489	1111490	27	0.8031
chr1	1111518	1111519	28	0.9587
chr1	1111567	1111568	32	0.8255
chr1	1111582	1111583	33	0.8851
chr1	1111606	1111607	34	0.914
chr1	1111652	1111653	28	0.8057
chr1	1111670	1111671	21	0.9641
chr1	1111720	1111721	32	0.9718
chr1	1111737	1111738	33	0.8576
chr1	1111787	1111788	39	1.0
chr1	1111837	1111838	25	0.8904
chr1	1111867	1111868	26	0.764
chr1	1111913	1111914	32	0.9134
chr1	1111936	1111937	26	0.8676
chr1	1111962	1111963	34	0.9569
chr1	1111982	1111983	34	0.923
chr1	1112066	1112067	26	0.9156
chr1	1112165	1112166	31	0.909
chr1	1112265	1112266	33	0.7911
chr1	1112333	1112334	30	0.8964
chr1	1112433	1112434	21	0.8601
chr1	1112497	1112498	25	0.9627
chr1	1112507	1112508	35	0.8766
chr1	1112544	1112545	37	0.8755
chr1	1112573	1112574	25	0.9626
chr1	1112599	1112600	30	0.9281
chr1	1112638	1112639	31	0.8929
chr1	1112664	1112665	30	0.9802
chr1	1112679	1112680	23	0.7903
chr1	1112729	1112730	22	0.774
chr1	1112776	1112777	31	0.8383
chr1	1112791	1112792	26	0.9191
chr1	1112807	1112808	30	0.8437
chr1	1112854	1112855	21	0.832
chr1	1112876	1112877	31	0.91
chr1	1112888	1112889	36	0.7547
chr1	1112988	1112989	32	0.7528
chr1	1113084	1113085	31	0.9001
chr1	1113167	1113168	23	0.7352
chr1	1113267	1113268	34	0.6664
chr1	1113277	1113278	26	0.9241
chr1	1113287	1113288	36	0.7735
chr1	1113303	1113304	24	0.9219
chr1	1113341	1113342	20	0.8675
chr1	1113495	1113496	24	0.9356
chr1	1113517	1113518	34	0.8719
chr1	1113547	1113548	31	0.8011
chr1	1113663	1113664	33	0.9411
chr1	1113751	1113752	25	0.9142
chr1	1113769	1113770	25	0.7443
chr1	1113798	1113799	33	0.8562
chr1	1113813	1113814	33	0.7867
chr1	1113863	1113864	27	0.9492
chr1	1113878	1113879	24	0.8026
chr1	1113893	1113894	33	0.7774
chr1	1113915	1113916	35	0.9016
chr1	1113949	1113950	41	0.9308
chr1	1113978	1113979	30	0.9059
chr1	1114028	1114029	37	0.931
chr1	1114064	1114065	26	0.901
chr1	1114079	1114080	36	0.9035
chr1	1114094	1114095	23	0.8307
chr1	1114109	1114110	33	0.8675
chr1	1114136	1114137	28	0.9294
chr1	1114166	1114167	34	0.8358
chr1	1114216	1114217	33	0.7408
chr1	1114243	1114244	29	0.8697
chr1	1114263	1114264	36	0.8851
chr1	1114278	1114279	36	0.8374
chr1	1114301	1114302	25	0.9915
chr1	1114332	1114333	34	0.9183
chr1	1114334	1114335	26	0.832
chr1	1114384	1114385	27	0.8849
chr1	1114484	1114485	19	0.7984
chr1	1114584	1114585	28	0.9341
chr1	1114684	1114685	32	0.9703
chr1	1114734	1114735	34	0.9783
chr1	1114784	1114785	30	1.0
chr1	1114842	1114843	32	0.8057
chr1	1114908	1114909	30	0.7791
chr1	1114945	1114946	35	0.7686
chr1	1114995	1114996	25	0.8108
chr1	1115045	1115046	34	0.897
chr1	1115079	1115080	28	0.822
chr1	1115102	1115103	26	0.935
chr1	1115141	1115142	25	0.7277
chr1	1115159	1115160	28	0.8752
chr1	1115207	1115208	24	0.8088
chr1	1115250	1115251	26	0.8191
chr1	1115300	1115301	29	0.5528
chr1	1115332	1115333	34	0.7459
chr1	1115341	1115342	32	0.8269
chr1	1115441	1115442	32	0.8473
chr1	1115541	1115542	28	0.9153
chr1	1115600	1115601	19	0.8881
chr1	1115700	1115701	31	0.708
chr1	1115788	1115789	27	0.9178
chr1	1115794	1115795	26	0.7289
chr1	1115809	1115810	29	0.543
chr1	1115855	1115856	33	0.5629
chr1	1115899	1115900	34	0.5233
chr1	1115921	1115922	26	0.4373
chr1	1115955	1115956	28	0.4702
chr1	1115973	1115974	36	0.616
chr1	1115992	1115993	33	0.7102
chr1	1116038	1116039	34	0.4289
chr1	1116077	1116078	30	0.48
chr1	1116101	1116102	34	0.5024
chr1	1116130	1116131	30	0.5175
chr1	1116164	1116165	27	0.4721
chr1	1116179	1116180	27	0.3977
chr1	1116229	1116230	27	0.4221
chr1	1116247	1116248	33	0.5241
chr1	1116273	1116274	26	0.4553
chr1	1116292	1116293	24	0.531
chr1	1116329	1116330	31	0.5959
chr1	1116353	1116354	30	0.5273
chr1	1116377	1116378	34	0.6315
chr1	1116477	1116478	32	0.5108
chr1	1116545	1116546	23	0.4167
chr1	1116645	1116646	27	0.5767
chr1	1116741	1116742	32	0.6048
chr1	1116834	1116835	32	0.4755
chr1	1116895	1116896	19	0.6197
chr1	1116897	1116898	37	0.5227
chr1	1116953	1116954	29	0.5206
chr1	1116957	1116958	28	0.5642
chr1	1117003	1117004	24	0.5389
chr1	1117063	1117064	24	0.4122
chr1	1117073	1117074	25	0.4727
chr1	1117195	1117196	27	0.672
chr1	1117273	1117274	33	0.5159
chr1	1117319	1117320	36	0.6122
chr1	1117371	1117372	21	0.5313
chr1	1117417	1117418	26	0.8036
chr1	1117449	1117450	25	0.9314
chr1	1117486	1117487	35	0.8278
chr1	1117527	1117528	20	0.7088
chr1	1117548	1117549	26	0.7709
chr1	1117577	1117578	24	0.8888
chr1	1117598	1117599	24	0.7982
chr1	1117621	1117622	35	0.6739
chr1	1117647	1117648	21	0.8489
chr1	1117724	1117725	26	0.8102
chr1	1117768	1117769	32	0.7064
chr1	1117792	1117793	28	0.8593
chr1	1117829	1117830	22	0.7106
chr1	1117870	1117871	32	0.6558
chr1	1117908	1117909	30	0.675
chr1	1117929	1117930	27	0.8148
chr1	1117979	1117980	36	0.8699
chr1	1118079	1118080	28	0.8385
chr1	1118129	1118130	30	0.866
chr1	1118202	1118203	30	0.7826
chr1	1118297	1118298	37	0.8476
chr1	1118397	1118398	32	0.9315
chr1	1118407	1118408	33	0.8439
chr1	1118454	1118455	17	0.8789
chr1	1118496	1118497	27	0.8257
chr1	1118537	1118538	29	0.8278
chr1	1118553	1118554	29	0.7381
chr1	1118568	1118569	31	0.783
chr1	1118594	1118595	26	0.7605
chr1	1118636	1118637	33	0.7499
chr1	1118680	1118681	33	0.8067
chr1	1118730	1118731	37	0.9082
chr1	1118774	1118775	37	0.676
chr1	1118804	1118805	33	0.7023
chr1	1118842	1118843	38	0.7132
chr1	1118888	1118889	28	0.7665
chr1	1118903	1118904	34	0.877
chr1	1118953	1118954	32	0.9234
chr1	1118986	1118987	38	0.7285
chr1	1119075	1119076	28	0.7828
chr1	1119144	1119145	28	0.5672
chr1	1119219	1119220	28	0.7249
chr1	1119319	1119320	20	0.9005
chr1	1119369	1119370	23	0.6377
chr1	1119420	1119421	38	0.8012
chr1	1119473	1119474	23	0.8559
chr1	1119505	1119506	33	0.7463
chr1	1119534	1119535	35	0.6663
chr1	1119578	1119579	31	0.851
chr1	1119597	1119598	28	0.9584
chr1	1119644	1119645	24	0.9252
chr1	1119664	1119665	34	0.8623
chr1	1119703	1119704	25	0.9216
chr1	1119733	1119734	26	0.8429
chr1	1119762	1119763	26	0.9996
chr1	1119784	1119785	35	0.9662
chr1	1119828	1119829	29	0.8666
chr1	1119878	1119879	30	0.8625
chr1	1119928	1119929	31	0.8903
chr1	1119960	1119961	35	0.8646
chr1	1119990	1119991	29	0.832
chr1	1119995	1119996	38	0.8527
chr1	1120095	1120096	37	0.8744
chr1	1120164	1120165	27	0.8459
chr1	1120214	1120215	25	0.8892
chr1	1120314	1120315	19	0.8238
chr1	1120390	1120391	20	0.7216
chr1	1120456	1120457	26	0.8883
chr1	1120528	1120529	26	0.9364
chr1	1120549	1120550	30	0.9223
chr1	1120566	1120567	33	0.7861
chr1	1120586	1120587	26	0.6145
chr1	1120601	1120602	28	0.4593
chr1	1120638	1120639	42	0.4816
chr1	1120688	1120689	27	0.619
chr1	1120738	1120739	32	0.6288
chr1	1120772	1120773	27	0.8261
chr1	1120799	1120800	30	0.5366
chr1	1120822	1120823	26	0.3714
chr1	1120872	1120873	27	0.4157
chr1	1120906	1120907	26	0.8173
chr1	1120921	1120922	38	0.6274
chr1	1120939	1120940	26	0.4292
chr1	1120962	1120963	32	0.7099
chr1	1121012	1121013	28	0.5024
chr1	1121021	1121022	38	0.7014
chr1	1121073	1121074	30	0.8639
chr1	1121123	1121124	32	0.8287
chr1	1121180	1121181	25	0.425
chr1	1121230	1121231	36	0.7648
chr1	1121330	1121331	33	0.6165
chr1	1121430	1121431	33	0.7381
chr1	1121527	1121528	30	0.8613
chr1	1121559	1121560	26	0.5287
chr1	1121603	1121604	28	0.1087
chr1	1121645	1121646	27	0.334
chr1	1121667	1121668	20	0.2132
chr1	1121700	1121701	31	0.3121
chr1	1121720	1121721	29	0.1127
chr1	1121761	1121762	30	0.1384
chr1	1121797	1121798	26	0.1303
chr1	1121820	1121821	34	0.3437
chr1	1121854	1121855	26	0.1181
chr1	1121876	1121877	39	0.281
chr1	1121914	1121915	27	0.4718
chr1	1121931	1121932	29	0.2316
chr1	1121956	1121957	34	0.0163
chr1	1121971	1121972	33	0.6128
chr1	1122000	1122001	25	0.1208
chr1	1122024	1122025	32	0.0486
chr1	1122124	1122125	28	0.1418
chr1	1122177	1122178	33	0.3429
chr1	1122269	1122270	38	0.3391
chr1	1122339	1122340	32	0.2944
chr1	1122439	1122440	25	0.2006
chr1	1122531	1122532	26	0.1229
chr1	1122568	1122569	28	0.6336
chr1	1122594	1122595	28	0.6468
chr1	1122635	1122636	33	0.4467
chr1	1122663	1122664	30	0.6188
chr1	1122692	1122693	36	0.4511
chr1	1122707	1122708	29	0.4989
chr1	1122723	1122724	28	0.4262
chr1	1122738	1122739	30	0.4511
chr1	1122753	1122754	30	0.5953
chr1	1122788	1122789	33	0.5898
chr1	1122811	1122812	33	0.5569
chr1	1122847	1122848	15	0.4875
chr1	1122897	1122898	32	0.5717
chr1	1122922	1122923	33	0.5026
chr1	1122972	1122973	34	0.7539
chr1	1123017	1123018	30	0.5686
chr1	1123102	1123103	24	0.6188
chr1	1123176	1123177	33	0.6961
chr1	1123246	1123247	27	0.3836
chr1	1123320	1123321	34	0.6099
chr1	1123420	1123421	30	0.6994
chr1	1123440	1123441	27	0.7547
chr1	1123468	1123469	33	0.5688
chr1	1123475	1123476	26	0.7418
chr1	1123507	1123508	26	0.99
chr1	1123537	1123538	33	0.9143
chr1	1123574	1123575	29	0.9999
chr1	1123589	1123590	27	0.8512
chr1	1123637	1123638	33	0.8799
chr1	1123659	1123660	29	0.7537
chr1	1123674	1123675	19	0.8315
chr1	1123689	1123690	23	0.7332
chr1	1123709	1123710	21	0.7825
chr1	1123759	1123760	27	0.8429
chr1	1123775	1123776	24	0.8932
chr1	1123801	1123802	31	0.9502
chr1	1123828	1123829	35	0.8111
chr1	1123878	1123879	35	0.9857
chr1	1123907	1123908	23	0.774
chr1	1123957	1123958	27	0.8348
chr1	1123990	1123991	32	0.8041
chr1	1124012	1124013	33	0.9071
chr1	1124112	1124113	35	0.9015
chr1	1124183	1124184	32	0.9545
chr1	1124283	1124284	22	0.8836
chr1	1124383	1124384	31	0.854
chr1	1124433	1124434	38	0.9184
chr1	1124533	1124534	30	0.8845
chr1	1124683	1124684	28	0.8529
chr1	1124695	1124696	27	0.8423
chr1	1124699	1124700	32	0.7937
chr1	1124783	1124784	35	0.8637
chr1	1124887	1124888	25	0.6737
chr1	1124937	1124938	22	0.9088
chr1	1124965	1124966	30	0.8939
chr1	1124989	1124990	33	0.9731
chr1	1125003	1125004	35	0.8857
chr1	1126113	1126114	24	0.8723
chr1	1126128	1126129	29	0.9007
chr1	1126178	1126179	23	0.7869
chr1	1126209	1126210	29	0.7718
chr1	1126237	1126238	22	0.876
chr1	1126272	1126273	37	1.0
chr1	1126287	1126288	30	0.9382
chr1	1126308	1126309	28	0.7437
chr1	1126351	1126352	24	0.7043
chr1	1126383	1126384	26	0.8521
chr1	1126419	1126420	24	0.7049
chr1	1126443	1126444	31	0.815
chr1	1126461	1126462	26	0.7679
chr1	1126486	1126487	35	0.8278
chr1	1126506	1126507	30	0.8918
chr1	1126525	1126526	27	0.7814
chr1	1126570	1126571	24	0.7989
chr1	1126670	1126671	30	0.9027
chr1	1126763	1126764	30	0.7882
chr1	1126863	1126864	30	0.9629
chr1	1126939	1126940	22	0.8966
chr1	1126959	1126960	27	0.8741
chr1	1127013	1127014	37	0.8667
chr1	1127022	1127023	19	0.113
chr1	1127039	1127040	31	0.0386
chr1	1127089	1127090	28	0.1037
chr1	1127122	1127123	25	0.0443
chr1	1127165	1127166	36	0.0546
chr1	1127207	1127208	29	0.001
chr1	1127249	1127250	28	0.0093
chr1	1127269	1127270	29	0.0536
chr1	1127285	1127286	24	0.0493
chr1	1127319	1127320	31	0.0
chr1	1127369	1127370	32	0.0412
chr1	1127391	1127392	31	0.2303
chr1	1127440	1127441	35	0.1081
chr1	1127463	1127464	29	0.0519
chr1	1127481	1127482	29	0.0164
chr1	1127506	1127507	34	0.0727
chr1	1127585	1127586	26	0.0418
chr1	1127644	1127645	27	0.0601
chr1	1127697	1127698	27	0.0875
chr1	1127757	1127758	30	0.1899
chr1	1127815	1127816	34	0.0
chr1	1127869	1127870	31	0.0
chr1	1127969	1127970	41	0.0453
chr1	1127975	1127976	29	0.159
chr1	1128043	1128044	31	0.0581
chr1	1128095	1128096	37	0.0714
chr1	1128119	1128120	33	0.1746
chr1	1128283	1128284	34	0.1056
chr1	1128331	1128332	38	0.0921
chr1	1128339	1128340	29	0.5595
chr1	1128374	1128375	29	0.7977
chr1	1128397	1128398	40	0.6185
chr1	1128425	1128426	22	0.6389
chr1	1128452	1128453	19	0.701
chr1	1128476	1128477	37	0.7988
chr1	1128507	1128508	37	0.8521
chr1	1128538	1128539	41	0.8201
chr1	1128570	1128571	28	0.6459
chr1	1128597	1128598	28	0.7003
chr1	1128643	1128644	31	0.7923
chr1	1128682	1128683	12	0.843
chr1	1128732	1128733	22	0.8306
chr1	1128769	1128770	33	0.7334
chr1	1128791	1128792	34	0.5963
chr1	1128804	1128805	32	0.7011
chr1	1128854	1128855	29	0.8811
chr1	1128919	1128920	25	0.706
chr1	1129001	1129002	30	0.6421
chr1	1129071	1129072	21	0.7733
chr1	1129154	1129155	36	0.7741
chr1	1129254	1129255	28	0.8751
chr1	1129348	1129349	21	0.7896
chr1	1129362	1129363	25	0.7637
chr1	1129378	1129379	33	0.5591
chr1	1129452	1129453	36	0.9458
chr1	1129564	1129565	39	0.7701
chr1	1129576	1129577	21	0.6274
chr1	1129642	1129643	40	0.6777
chr1	1129668	1129669	27	0.735
chr1	1129732	1129733	21	0.6421
chr1	1129742	1129743	30	0.8833
chr1	1129749	1129750	28	1.0
chr1	1129764	1129765	32	0.8997
chr1	1129791	1129792	33	0.9821
chr1	1129833	1129834	39	0.9452
chr1	1129849	1129850	32	0.9307
chr1	1129899	1129900	26	0.9608
chr1	1129949	1129950	20	1.0
chr1	1129974	1129975	32	0.8301
chr1	1130024	1130025	25	1.0
chr1	1130040	1130041	24	0.8999
chr1	1130071	1130072	36	0.7508
chr1	1130121	1130122	29	0.8125
chr1	1130149	1130150	26	0.8938
chr1	1130173	1130174	25	0.9793
chr1	1130201	1130202	39	0.9227
chr1	1130260	1130261	23	0.8878
chr1	1130360	1130361	27	0.7968
chr1	1130460	1130461	31	0.9664
chr1	1130560	1130561	29	1.0
chr1	1130586	1130587	36	0.8561
chr1	1130600	1130601	20	0.9176
chr1	1130708	1130709	28	0.9111
chr1	1130842	1130843	33	0.85
chr1	1130862	1130863	31	0.8476
chr1	1130866	1130867	30	0.8656
chr1	1130882	1130883	33	0.8117
chr1	1130932	1130933	32	0.7913
chr1	1131058	1131059	24	0.8683
chr1	1131102	1131103	26	0.058
chr1	1131135	1131136	33	0.0522
chr1	1131160	1131161	21	0.1223
chr1	1131196	1131197	32	0.0586
chr1	1131246	1131247	22	0.047
chr1	1131267	1131268	29	0.0
chr1	1131317	1131318	30	0.0633
chr1	1131332	1131333	24	0.0923
chr1	1131379	1131380	32	0.1598
chr1	1131414	1131415	32	0.0
chr1	1131464	1131465	27	0.1399
chr1	1131514	1131515	29	0.1342
chr1	1131537	1131538	12	0.0
chr1	1131565	1131566	36	0.0897
chr1	1131586	1131587	34	0.057
chr1	1131599	1131600	41	0.0535
chr1	1131696	1131697	24	0.2024
chr1	1131796	1131797	23	0.1821
chr1	1131879	1131880	17	0.1449
chr1	1131979	1131980	29	0.0015
chr1	1132079	1132080	38	0.0865
chr1	1132121	1132122	31	0.155
chr1	1132125	1132126	23	0.0823
chr1	1132164	1132165	28	0.9726
chr1	1132191	1132192	28	0.891
chr1	1132236	1132237	26	0.7994
chr1	1132259	1132260	24	0.7525
chr1	1132274	1132275	32	0.8016
chr1	1132300	1132301	27	0.913
chr1	1132348	1132349	37	0.8723
chr1	1132367	1132368	27	0.9873
chr1	1132417	1132418	24	0.858
chr1	1132445	1132446	30	0.8785
chr1	1132495	1132496	25	0.9387
chr1	1132512	1132513	28	0.8293
chr1	1132538	1132539	26	0.7599
chr1	1132556	1132557	37	0.9742
chr1	1132584	1132585	26	0.9502
chr1	1132611	1132612	38	1.0
chr1	1132685	1132686	35	0.8692
chr1	1132782	1132783	24	0.8741
chr1	1132856	1132857	29	0.8748
chr1	1132956	1132957	23	0.8296
chr1	1133056	1133057	41	0.846
chr1	1133064	1133065	25	0.7457
chr1	1133102	1133103	33	0.0329
chr1	1133152	1133153	35	0.0592
chr1	1133187	1133188	33	0.0064
chr1	1133209	1133210	29	0.0844
chr1	1133259	1133260	21	0.0
chr1	1133309	1133310	37	0.1918
chr1	1133329	1133330	25	0.1127
chr1	1133359	1133360	15	0.0458
chr1	1133409	1133410	30	0.0234
chr1	1133459	1133460	27	0.0514
chr1	1133474	1133475	35	0.0703
chr1	1133524	1133525	34	0.017
chr1	1133546	1133547	24	0.0611
chr1	1133596	1133597	22	0.0
chr1	1133611	1133612	35	0.0
chr1	1133643	1133644	32	0.0
chr1	1133666	1133667	23	0.2307
chr1	1133760	1133761	31	0.0595
chr1	1133860	1133861	25	0.0084
chr1	1133911	1133912	25	0.0532
chr1	1134011	1134012	18	0.0274
chr1	1134107	1134108	29	0.0319
chr1	1134207	1134208	21	0.0554
chr1	1134241	1134242	24	0.098
chr1	1134267	1134268	33	0.0339
chr1	1134276	1134277	29	0.764
chr1	1134308	1134309	32	0.8952
chr1	1134327	1134328	24	0.8455
chr1	1134356	1134357	33	1.0
chr1	1134378	1134379	31	0.8705
chr1	1134407	1134408	27	0.7015
chr1	1134449	1134450	28	0.9574
chr1	1134499	1134500	29	0.9506
chr1	1134530	1134531	29	0.8206
chr1	1134566	1134567	28	0.912
chr1	1134614	1134615	37	0.7847
chr1	1134629	1134630	31	0.8878
chr1	1134677	1134678	32	0.986
chr1	1134715	1134716	29	0.698
chr1	1134744	1134745	32	0.7111
chr1	1134775	1134776	25	0.8054
chr1	1134875	1134876	36	0.844
chr1	1134975	1134976	44	0.8905
chr1	1135047	1135048	28	0.724
chr1	1135147	1135148	32	0.9747
chr1	1135247	1135248	28	0.9082
chr1	1135271	1135272	33	0.8853
chr1	1135435	1135436	31	0.8449
chr1	1135455	1135456	36	0.8738
chr1	1135519	1135520	23	0.8638
chr1	1135561	1135562	18	0.7828
chr1	1135693	1135694	35	0.9371
chr1	1135734	1135735	32	0.7342
chr1	1135772	1135773	32	0.8701
chr1	1135822	1135823	26	0.8585
chr1	1135847	1135848	30	0.7766
chr1	1135897	1135898	38	0.9205
chr1	1135947	1135948	32	1.0
chr1	1135967	1135968	30	0.9509
chr1	1136017	1136018	33	0.7291
chr1	1136067	1136068	31	0.8399
chr1	1136117	1136118	30	0.6484
chr1	1136137	1136138	32	1.0
chr1	1136155	1136156	24	0.9478
chr1	1136179	1136180	38	0.6897
chr1	1136188	1136189	28	0.7777
chr1	1136288	1136289	29	0.7852
chr1	1136366	1136367	33	0.8303
chr1	1136466	1136467	22	0.989
chr1	1136566	1136567	22	0.6517
chr1	1136660	1136661	24	0.7392
chr1	1136708	1136709	34	0.8033
chr1	1136723	1136724	41	0.8449
chr1	1136738	1136739	29	0.8376
chr1	1136785	1136786	22	0.7686
chr1	1136816	1136817	23	0.6654
chr1	1136839	1136840	30	0.7091
chr1	1136889	1136890	30	0.8491
chr1	1136932	1136933	35	0.7948
chr1	1136982	1136983	21	0.77
chr1	1136999	1137000	28	0.7989
chr1	1137049	1137050	27	0.7066
chr1	1137085	1137086	29	0.6399
chr1	1137135	1137136	30	0.7214
chr1	1137153	1137154	30	0.8314
chr1	1137180	1137181	27	0.767
chr1	1137211	1137212	29	0.7219
chr1	1137226	1137227	33	0.7264
chr1	1137251	1137252	26	0.7749
chr1	1137274	1137275	27	0.7575
chr1	1137278	1137279	32	0.7411
chr1	1137378	1137379	36	0.8461
chr1	1137449	1137450	29	0.6905
chr1	1137549	1137550	29	0.623
chr1	1137649	1137650	26	0.8389
chr1	1137699	1137700	16	0.8891
chr1	1137799	1137800	31	0.804
chr1	1137811	1137812	29	0.7975
chr1	1137883	1137884	34	0.7559
chr1	1137892	1137893	25	0.9478
chr1	1137907	1137908	34	0.7633
chr1	1137956	1137957	23	0.6805
chr1	1137971	1137972	37	0.8633
chr1	1138005	1138006	38	0.8419
chr1	1138055	1138056	36	0.9159
chr1	1138085	1138086	40	0.7811
chr1	1138100	1138101	21	0.7564
chr1	1138141	1138142	32	0.7915
chr1	1138177	1138178	33	0.8676
chr1	1138206	1138207	25	0.6046
chr1	1138251	1138252	23	0.7958
chr1	1138285	1138286	32	0.8096
chr1	1138335	1138336	24	0.8096
chr1	1138435	1138436	31	0.8767
chr1	1138535	1138536	30	0.7371
chr1	1138635	1138636	34	0.8145
chr1	1138694	1138695	31	0.9438
chr1	1138696	1138697	29	0.5867
chr1	1138840	1138841	32	0.7203
chr1	1138934	1138935	36	0.8428
chr1	1138948	1138949	33	0.7842
chr1	1138966	1138967	35	0.8519
chr1	1139092	1139093	28	0.5584
chr1	1139162	1139163	31	0.8106
chr1	1139169	1139170	37	0.7286
chr1	1139185	1139186	26	0.7773
chr1	1139207	1139208	35	0.7756
chr1	1139231	1139232	27	0.7278
chr1	1139257	1139258	34	0.6517
chr1	1139307	1139308	32	0.8671
chr1	1139337	1139338	27	0.8681
chr1	1139387	1139388	29	0.6585
chr1	1139403	1139404	28	0.6406
chr1	1139453	1139454	36	0.5869
chr1	1139500	1139501	32	0.7034
chr1	1139572	1139573	29	0.7585
chr1	1139618	1139619	26	0.8629
chr1	1139653	1139654	31	0.7456
chr1	1139695	1139696	32	0.8082
chr1	1139707	1139708	28	0.68
chr1	1139781	1139782	31	0.7269
chr1	1139831	1139832	32	0.8622
chr1	1139893	1139894	37	0.7498
chr1	1139993	1139994	29	0.7837
chr1	1140052	1140053	35	0.7066
chr1	1140102	1140103	33	0.6266
chr1	1140202	1140203	31	0.5331
chr1	1140230	1140231	30	0.6648
chr1	1140274	1140275	22	0.8211
chr1	1140376	1140377	35	0.7657
chr1	1140404	1140405	24	0.7669
chr1	1140526	1140527	30	0.6581
chr1	1140570	1140571	33	0.8037
chr1	1140572	1140573	34	0.8583
chr1	1140604	1140605	35	0.8258
chr1	1140624	1140625	31	0.6724
chr1	1140698	1140699	29	0.9503
chr1	1140742	1140743	24	0.2128
chr1	1140792	1140793	34	0.0152
chr1	1140818	1140819	20	0.069
chr1	1140868	1140869	31	0.0418
chr1	1140918	1140919	28	0.2282
chr1	1140968	1140969	39	0.2219
chr1	1141003	1141004	22	0.2035
chr1	1141020	1141021	42	0.1262
chr1	1141038	1141039	34	0.1854
chr1	1141060	1141061	27	0.0666
chr1	1141110	1141111	30	0.1502
chr1	1141160	1141161	20	0.2391
chr1	1141210	1141211	31	0.1946
chr1	1141225	1141226	33	0.0586
chr1	1141275	1141276	26	0.2223
chr1	1141375	1141376	34	0.1469
chr1	1141466	1141467	32	0.1481
chr1	1141566	1141567	37	0.0554
chr1	1141624	1141625	26	0.0164
chr1	1141699	1141700	29	0.1421
chr1	1141777	1141778	23	0.1332
chr1	1141789	1141790	25	0.1539
chr1	1141839	1141840	34	0.0787
chr1	1141889	1141890	36	0.2399
chr1	1141909	1141910	32	0.2117
chr1	1141959	1141960	29	0.1015
chr1	1141974	1141975	32	0.1253
chr1	1142010	1142011	31	0.0346
chr1	1142053	1142054	24	0.0978
chr1	1142068	1142069	27	0.2154
chr1	1142091	1142092	36	0.0751
chr1	1142135	1142136	27	0.159
chr1	1142157	1142158	26	0.2826
chr1	1142189	1142190	30	0.2098
chr1	1142213	1142214	41	0.0203
chr1	1142230	1142231	29	0.2199
chr1	1142280	1142281	29	0.157
chr1	1142312	1142313	46	0.2123
chr1	1142347	1142348	31	0.3497
chr1	1142413	1142414	28	0.3291
chr1	1142509	1142510	29	0.1631
chr1	1142559	1142560	26	0.2811
chr1	1142659	1142660	26	0.2071
chr1	1142722	1142723	29	0.266
chr1	1142822	1142823	31	0.1898
chr1	1142882	1142883	33	0.0
chr1	1142936	1142937	36	0.1797
chr1	1142956	1142957	28	0.8832
chr1	1142988	1142989	29	0.8896
chr1	1143003	1143004	23	0.8183
chr1	1143045	1143046	30	0.8702
chr1	1143066	1143067	26	0.8274
chr1	1143103	1143104	26	0.843
chr1	1143135	1143136	17	0.8194
chr1	1143150	1143151	28	0.7992
chr1	1143200	1143201	24	0.7661
chr1	1143231	1143232	34	0.9718
chr1	1143260	1143261	30	0.6885
chr1	1143275	1143276	33	0.7773
chr1	1143325	1143326	33	0.7903
chr1	1143375	1143376	31	0.7739
chr1	1143390	1143391	28	0.893
chr1	1143423	1143424	19	0.8116
chr1	1143451	1143452	24	0.8922
chr1	1143462	1143463	23	0.7614
chr1	1143562	1143563	30	0.9244
chr1	1143626	1143627	29	0.8265
chr1	1143726	1143727	34	0.8393
chr1	1143796	1143797	29	0.9493
chr1	1143861	1143862	32	0.8923
chr1	1143911	1143912	27	0.8901
chr1	1143977	1143978	26	0.8581
chr1	1144021	1144022	29	0.8631
chr1	1144036	1144037	33	0.6812
chr1	1144060	1144061	30	0.8055
chr1	1144090	1144091	28	0.8247
chr1	1144111	1144112	27	0.9116
chr1	1144126	1144127	34	0.8662
chr1	1144173	1144174	30	0.8289
chr1	1144203	1144204	33	0.9422
chr1	1144237	1144238	33	0.7813
chr1	1144266	1144267	32	0.6597
chr1	1144284	1144285	27	0.89
chr1	1144317	1144318	34	0.784
chr1	1144367	1144368	27	0.7462
chr1	1144382	1144383	24	0.8745
chr1	1144432	1144433	27	0.8472
chr1	1144455	1144456	26	0.7986
chr1	1144482	1144483	22	0.8293
chr1	1144520	1144521	36	0.8045
chr1	1144540	1144541	26	0.8458
chr1	1144544	1144545	27	0.7553
chr1	1144594	1144595	29	0.7871
chr1	1144694	1144695	24	0.7627
chr1	1144744	1144745	27	0.6512
chr1	1144815	1144816	32	0.5917
chr1	1144898	1144899	33	0.7642
chr1	1144963	1144964	32	0.9042
chr1	1145040	1145041	32	0.7782
chr1	1145050	1145051	35	0.8254
chr1	1145078	1145079	30	0.8733
chr1	1145094	1145095	28	0.9704
chr1	1145144	1145145	43	0.7921
chr1	1145194	1145195	39	0.9717
chr1	1145209	1145210	33	0.8619
chr1	1145227	1145228	30	0.8793
chr1	1145253	1145254	26	0.8573
chr1	1145271	1145272	32	0.7751
chr1	1145298	1145299	28	0.9027
chr1	1145314	1145315	24	0.8263
chr1	1145364	1145365	25	0.9404
chr1	1145387	1145388	30	0.8999
chr1	1145406	1145407	29	0.9367
chr1	1145422	1145423	28	0.9443
chr1	1145465	1145466	28	0.9324
chr1	1145515	1145516	37	0.8948
chr1	1145536	1145537	32	0.9283
chr1	1145578	1145579	24	0.8956
chr1	1145609	1145610	38	0.8422
chr1	1145619	1145620	30	0.9961
chr1	1145719	1145720	26	0.8672
chr1	1145819	1145820	36	0.94
chr1	1145919	1145920	28	0.9988
chr1	1146005	1146006	23	0.9368
chr1	1146058	1146059	33	0.8252
chr1	1146158	1146159	26	0.818
chr1	1146174	1146175	22	0.8433
chr1	1146258	1146259	36	0.7936
chr1	1146281	1146282	28	1.0
chr1	1146297	1146298	29	0.7409
chr1	1146325	1146326	28	1.0
chr1	1146340	1146341	35	0.387
chr1	1146390	1146391	30	0.9364
chr1	1146418	1146419	21	1.0
chr1	1146437	1146438	29	0.5504
chr1	1146460	1146461	27	0.468
chr1	1146485	1146486	30	1.0
chr1	1146534	1146535	28	1.0
chr1	1146553	1146554	38	0.9326
chr1	1146603	1146604	36	0.9511
chr1	1146639	1146640	38	0.8447
chr1	1146663	1146664	24	0.8799
chr1	1146691	1146692	32	1.0
chr1	1146726	1146727	30	0.47
chr1	1146761	1146762	28	1.0
chr1	1146798	1146799	26	0.8542
chr1	1146856	1146857	33	1.0
chr1	1146956	1146957	35	0.5464
chr1	1147037	1147038	26	1.0
chr1	1147137	1147138	30	0.517
chr1	1147237	1147238	32	1.0
chr1	1147287	1147288	28	0.6322
chr1	1147341	1147342	27	1.0
chr1	1147353	1147354	30	0.8347
chr1	1147390	1147391	26	0.6984
chr1	1147428	1147429	21	0.7504
chr1	1147478	1147479	26	0.7887
chr1	1147528	1147529	29	0.8385
chr1	1147543	1147544	20	0.8031
chr1	1147558	1147559	32	0.778
chr1	1147595	1147596	34	0.8865
chr1	1147610	1147611	34	0.8338
chr1	1147631	1147632	29	0.7015
chr1	1147664	1147665	26	0.7654
chr1	1147690	1147691	22	0.9343
chr1	1147740	1147741	27	0.7785
chr1	1147768	1147769	24	0.8876
chr1	1147787	1147788	35	0.8848
chr1	1147810	1147811	29	0.7062
chr1	1147828	1147829	21	0.8674
chr1	1147844	1147845	22	0.6308
chr1	1147888	1147889	38	0.9203
chr1	1147900	1147901	29	0.6478
chr1	1148000	1148001	36	0.9089
chr1	1148100	1148101	34	0.9553
chr1	1148155	1148156	22	0.8021
chr1	1148205	1148206	28	0.7848
chr1	1148255	1148256	32	0.7516
chr1	1148342	1148343	34	0.7854
chr1	1148431	1148432	31	0.8396
chr1	1148483	1148484	26	0.8304
chr1	1148505	1148506	30	0.6771
chr1	1148530	1148531	22	0.8208
chr1	1148545	1148546	31	0.5435
chr1	1148571	1148572	28	0.5293
chr1	1148617	1148618	25	0.6782
chr1	1148632	1148633	20	0.6071
chr1	1148653	1148654	22	0.7024
chr1	1148691	1148692	33	0.6146
chr1	1148706	1148707	32	0.7384
chr1	1148756	1148757	38	0.6378
chr1	1148794	1148795	28	0.6387
chr1	1148838	1148839	31	0.7448
chr1	1148863	1148864	29	0.5718
chr1	1148904	1148905	19	0.6016
chr1	1148929	1148930	31	0.6218
chr1	1148958	1148959	29	0.6633
chr1	1148985	1148986	27	0.7494
chr1	1149035	1149036	32	0.5857
chr1	1149062	1149063	39	0.5816
chr1	1149077	1149078	24	0.585
chr1	1149169	1149170	36	0.7199
chr1	1149269	1149270	23	0.4694
chr1	1149369	1149370	30	0.4475
chr1	1149469	1149470	32	0.554
chr1	1149544	1149545	31	0.6431
chr1	1149644	1149645	30	0.7001
chr1	1149692	1149693	24	0.6333
chr1	1149721	1149722	23	0.227
chr1	1149751	1149752	30	0.2288
chr1	1149801	1149802	35	0.2325
chr1	1149841	1149842	31	0.2197
chr1	1149864	1149865	35	0.1543
chr1	1149879	1149880	27	0.2136
chr1	1149907	1149908	22	0.2521
chr1	1149954	1149955	30	0.1457
chr1	1149969	1149970	35	0.1202
chr1	1150011	1150012	28	0.3216
chr1	1150028	1150029	28	0.156
chr1	1150051	1150052	34	0.2312
chr1	1150101	1150102	28	0.3391
chr1	1150149	1150150	25	0.2299
chr1	1150173	1150174	25	0.1484
chr1	1150200	1150201	25	0.3375
chr1	1150278	1150279	23	0.1313
chr1	1150351	1150352	24	0.383
chr1	1150401	1150402	33	0.3631
chr1	1150451	1150452	28	0.2563
chr1	1150550	1150551	30	0.0707
chr1	1150612	1150613	27	0.2336
chr1	1150650	1150651	26	0.1891
chr1	1150664	1150665	30	0.1555
chr1	1150671	1150672	34	1.0
chr1	1150721	1150722	33	0.9168
chr1	1150739	1150740	36	0.8943
chr1	1150764	1150765	22	0.9151
chr1	1150791	1150792	25	0.967
chr1	1150820	1150821	38	0.9048
chr1	1150835	1150836	35	0.851
chr1	1150872	1150873	23	0.9388
chr1	1150900	1150901	29	0.9924
chr1	1150927	1150928	32	0.9046
chr1	1150955	1150956	28	0.8812
chr1	1150982	1150983	30	0.8869
chr1	1151004	1151005	24	0.8213
chr1	1151024	1151025	29	0.8101
chr1	1151039	1151040	23	0.8875
chr1	1151089	1151090	36	0.9397
chr1	1151122	1151123	34	0.9356
chr1	1151150	1151151	28	0.8258
chr1	1151190	1151191	28	0.8034
chr1	1151241	1151242	35	0.9014
chr1	1151325	1151326	28	0.9572
chr1	1151425	1151426	21	0.8249
chr1	1151501	1151502	30	0.8027
chr1	1151551	1151552	27	0.8765
chr1	1151651	1151652	31	0.9376
chr1	1151661	1151662	23	0.8801
chr1	1151695	1151696	26	0.8123
chr1	1151697	1151698	17	0.8616
chr1	1151717	1151718	34	0.8428
chr1	1151727	1151728	35	0.8234
chr1	1151731	1151732	25	0.8423
chr1	1151745	1151746	35	0.866
chr1	1151825	1151826	30	0.9023
chr1	1152071	1152072	32	0.8051
chr1	1152073	1152074	38	0.8962
chr1	1152123	1152124	33	0.9211
chr1	1152158	1152159	32	1.0
chr1	1152208	1152209	25	0.8148
chr1	1152244	1152245	29	0.8593
chr1	1152265	1152266	24	1.0
chr1	1152283	1152284	28	0.8961
chr1	1152299	1152300	17	0.8339
chr1	1152349	1152350	31	0.8626
chr1	1152399	1152400	26	0.9714
chr1	1152419	1152420	30	0.9817
chr1	1152462	1152463	28	0.9486
chr1	1152483	1152484	22	1.0
chr1	1152498	1152499	16	0.8345
chr1	1152522	1152523	37	0.8764
chr1	1152555	1152556	39	0.8716
chr1	1152571	1152572	29	0.8984
chr1	1152586	1152587	35	0.9856
chr1	1152603	1152604	24	0.8651
chr1	1152686	1152687	35	1.0
chr1	1152737	1152738	28	0.8189
chr1	1152837	1152838	27	0.94
chr1	1152887	1152888	37	0.7744
chr1	1152944	1152945	30	0.9039
chr1	1153005	1153006	25	0.888
chr1	1153045	1153046	29	0.838
chr1	1153055	1153056	29	0.9196
chr1	1153074	1153075	28	0.9078
chr1	1153103	1153104	26	0.7853
chr1	1153120	1153121	35	0.8098
chr1	1153170	1153171	29	0.9141
chr1	1153187	1153188	22	0.7885
chr1	1153213	1153214	30	0.8742
chr1	1153239	1153240	31	0.8545
chr1	1153277	1153278	28	0.9644
chr1	1153319	1153320	27	0.9725
chr1	1153350	1153351	24	0.842
chr1	1153365	1153366	33	0.8289
chr1	1153413	1153414	38	0.8269
chr1	1153436	1153437	32	0.8062
chr1	1153453	1153454	32	0.8534
chr1	1153471	1153472	45	0.8046
chr1	1153491	1153492	29	0.7922
chr1	1153525	1153526	36	0.9019
chr1	1153571	1153572	27	0.8152
chr1	1153586	1153587	34	0.9887
chr1	1153617	1153618	41	0.8868
chr1	1153667	1153668	33	0.913
chr1	1153737	1153738	29	0.8015
chr1	1153818	1153819	34	0.9682
chr1	1153918	1153919	33	0.8448
chr1	1154018	1154019	32	0.8333
chr1	1154118	1154119	29	0.8899
chr1	1154122	1154123	33	0.8587
chr1	1154145	1154146	25	0.8283
chr1	1154171	1154172	32	0.7684
chr1	1154200	1154201	30	0.7808
chr1	1154250	1154251	27	0.7964
chr1	1154276	1154277	30	0.7721
chr1	1154322	1154323	33	0.8748
chr1	1154360	1154361	27	0.8402
chr1	1154410	1154411	35	0.774
chr1	1154426	1154427	23	0.7638
chr1	1154476	1154477	30	0.7337
chr1	1154509	1154510	28	0.7857
chr1	1154553	1154554	28	0.7603
chr1	1154603	1154604	25	0.9621
chr1	1154653	1154654	32	0.8252
chr1	1154703	1154704	23	0.6382
chr1	1154730	1154731	30	0.7765
chr1	1154739	1154740	36	0.8001
chr1	1154819	1154820	37	0.7988
chr1	1154919	1154920	26	0.778
chr1	1155019	1155020	31	0.7092
chr1	1155088	1155089	32	0.7334
chr1	1155188	1155189	36	0.722
chr1	1155277	1155278	33	0.8246
chr1	1155309	1155310	23	0.7595
chr1	1155357	1155358	26	0.5602
chr1	1155387	1155388	33	0.5853
chr1	1155418	1155419	35	0.6368
chr1	1155457	1155458	26	0.4351
chr1	1155475	1155476	30	0.5639
chr1	1155501	1155502	34	0.4786
chr1	1155528	1155529	31	0.6795
chr1	1155545	1155546	22	0.5724
chr1	1155566	1155567	31	0.455
chr1	1155607	1155608	32	0.7149
chr1	1155642	1155643	40	0.5735
chr1	1155692	1155693	24	0.7007
chr1	1155731	1155732	25	0.6324
chr1	1155765	1155766	30	0.4953
chr1	1155801	1155802	24	0.5512
chr1	1155839	1155840	33	0.4721
chr1	1155853	1155854	26	0.6404
chr1	1155953	1155954	24	0.5835
chr1	1156033	1156034	32	0.4877
chr1	1156083	1156084	22	0.5943
chr1	1156183	1156184	30	0.6443
chr1	1156233	1156234	36	0.5756
chr1	1156333	1156334	42	0.4556
chr1	1156401	1156402	32	0.7054
chr1	1156409	1156410	29	0.7099
chr1	1156429	1156430	24	0.7746
chr1	1156472	1156473	31	0.7573
chr1	1156494	1156495	36	0.8952
chr1	1156544	1156545	36	0.8613
chr1	1156559	1156560	34	0.7187
chr1	1156609	1156610	23	0.8335
chr1	1156636	1156637	30	0.8931
chr1	1156652	1156653	29	0.7352
chr1	1156681	1156682	34	0.7425
chr1	1156718	1156719	23	0.7961
chr1	1156744	1156745	29	0.706
chr1	1156763	1156764	27	0.8275
chr1	1156813	1156814	27	0.8782
chr1	1156829	1156830	29	0.7745
chr1	1156859	1156860	36	0.7837
chr1	1156885	1156886	33	0.7235
chr1	1156905	1156906	27	0.8963
chr1	1156920	1156921	30	0.8828
chr1	1156935	1156936	25	0.7947
chr1	1156973	1156974	28	0.7963
chr1	1157024	1157025	27	1.0
chr1	1157124	1157125	41	0.7656
chr1	1157224	1157225	39	0.7478
chr1	1157320	1157321	30	0.7758
chr1	1157375	1157376	31	0.84
chr1	1157475	1157476	33	0.9637
chr1	1157530	1157531	26	0.8126
chr1	1157580	1157581	33	0.7718
chr1	1157638	1157639	25	0.7424
chr1	1157708	1157709	27	0.8195
chr1	1157712	1157713	27	0.836
chr1	1157894	1157895	26	0.7006
chr1	1157898	1157899	36	0.6479
chr1	1157900	1157901	22	0.7033
chr1	1157912	1157913	32	0.7971
chr1	1157960	1157961	29	0.9216
chr1	1157984	1157985	29	0.8314
chr1	1158020	1158021	27	0.8959
chr1	1158063	1158064	31	0.8984
chr1	1158084	1158085	30	0.9606
chr1	1158103	1158104	32	0.9208
chr1	1158151	1158152	35	0.6818
chr1	1158166	1158167	33	0.7614
chr1	1158205	1158206	31	0.829
chr1	1158247	1158248	25	0.8497
chr1	1158276	1158277	36	0.9258
chr1	1158303	1158304	30	0.8774
chr1	1158340	1158341	37	0.7978
chr1	1158390	1158391	30	0.9525
chr1	1158421	1158422	30	0.6606
chr1	1158444	1158445	39	0.9031
chr1	1158449	1158450	37	0.7421
chr1	1158549	1158550	28	0.8877
chr1	1158649	1158650	22	0.9329
chr1	1158749	1158750	31	0.8808
chr1	1158810	1158811	36	0.7921
chr1	1158910	1158911	26	0.9027
chr1	1158930	1158931	32	0.8199
chr1	1159996	1159997	32	0.1343
chr1	1160035	1160036	29	0.2363
chr1	1160050	1160051	31	0.3447
chr1	1160073	1160074	35	0.2819
chr1	1160118	1160119	34	0.2402
chr1	1160150	1160151	20	0.1041
chr1	1160169	1160170	21	0.3064
chr1	1160195	1160196	30	0.3055
chr1	1160245	1160246	24	0.3102
chr1	1160276	1160277	35	0.1967
chr1	1160314	1160315	19	0.2552
chr1	1160364	1160365	32	0.1894
chr1	1160379	1160380	36	0.1763
chr1	1160401	1160402	25	0.3208
chr1	1160428	1160429	33	0.3679
chr1	1160454	1160455	26	0.2547
chr1	1160489	1160490	31	0.082
chr1	1160496	1160497	33	0.1671
chr1	1160546	1160547	26	0.3296
chr1	1160630	1160631	27	0.2561
chr1	1160680	1160681	25	0.3411
chr1	1160737	1160738	32	0.1746
chr1	1160837	1160838	28	0.2687
chr1	1160937	1160938	26	0.2431
chr1	1161025	1161026	35	0.1824
chr1	1161033	1161034	39	0.8744
chr1	1161067	1161068	39	0.7643
chr1	1161104	1161105	32	0.7087
chr1	1161143	1161144	29	0.9477
chr1	1161170	1161171	32	0.718
chr1	1161220	1161221	38	0.7658
chr1	1161245	1161246	28	0.9986
chr1	1161295	1161296	25	0.9145
chr1	1161345	1161346	32	0.8132
chr1	1161410	1161411	32	0.6932
chr1	1161428	1161429	28	0.6256
chr1	1161461	1161462	20	0.9039
chr1	1161561	1161562	31	0.8707
chr1	1161661	1161662	30	0.8617
chr1	1161724	1161725	28	0.8912
chr1	1161795	1161796	39	0.8836
chr1	1161855	1161856	29	1.0
chr1	1161957	1161958	31	0.911
chr1	1161961	1161962	28	0.7719
chr1	1162069	1162070	26	0.9471
chr1	1162319	1162320	25	0.7379
chr1	1162343	1162344	19	0.8894
chr1	1162361	1162362	34	0.7368
chr1	1162399	1162400	37	0.7178
chr1	1162417	1162418	32	0.6842
chr1	1162461	1162462	28	0.8421
chr1	1162484	1162485	27	0.7418
chr1	1162534	1162535	29	0.6103
chr1	1162559	1162560	37	0.7916
chr1	1162603	1162604	32	0.6986
chr1	1162628	1162629	35	0.721
chr1	1162654	1162655	38	0.755
chr1	1162692	1162693	23	0.7503
chr1	1162710	1162711	33	0.8401
chr1	1162751	1162752	29	0.73
chr1	1162796	1162797	21	0.7006
chr1	1162821	1162822	20	0.8826
chr1	1162841	1162842	32	0.9158
chr1	1162913	1162914	29	0.6331
chr1	1163013	1163014	23	0.9081
chr1	1163113	1163114	33	0.705
chr1	1163213	1163214	35	0.8137
chr1	1163293	1163294	36	0.8361
chr1	1163337	1163338	36	0.8974
chr1	1163351	1163352	25	0.6805
chr1	1163368	1163369	28	0.2223
chr1	1163415	1163416	37	0.2743
chr1	1163430	1163431	35	0.1895
chr1	1163472	1163473	25	0.1016
chr1	1163499	1163500	23	0.1407
chr1	1163549	1163550	31	0.0
chr1	1163599	1163600	29	0.0941
chr1	1163615	1163616	30	0.227
chr1	1163637	1163638	29	0.0721
chr1	1163669	1163670	28	0.1884
chr1	1163719	1163720	37	0.2532
chr1	1163751	1163752	25	0.1951
chr1	1163794	1163795	32	0.2141
chr1	1163894	1163895	31	0.2608
chr1	1163944	1163945	27	0.1286
chr1	1164044	1164045	23	0.0945
chr1	1164144	1164145	34	0.2622
chr1	1164190	1164191	35	0.2083
chr1	1164226	1164227	31	0.2749
chr1	1164272	1164273	25	0.8172
chr1	1164287	1164288	32	0.6528
chr1	1164317	1164318	28	0.8447
chr1	1164345	1164346	25	0.751
chr1	1164361	1164362	24	0.7475
chr1	1164381	1164382	37	0.6415
chr1	1164399	1164400	26	0.8676
chr1	1164425	1164426	28	0.8067
chr1	1164454	1164455	33	0.6814
chr1	1164501	1164502	36	0.7281
chr1	1164532	1164533	25	0.7509
chr1	1164557	1164558	33	0.7591
chr1	1164572	1164573	29	0.5964
chr1	1164598	1164599	19	0.7971
chr1	1164627	1164628	26	0.7425
chr1	1164677	1164678	28	0.6832
chr1	1164696	1164697	39	0.7496
chr1	1164777	1164778	34	0.797
chr1	1164832	1164833	30	0.8868
chr1	1164932	1164933	22	0.7903
chr1	1165032	1165033	30	0.772
chr1	1165114	1165115	31	0.5986
chr1	1165210	1165211	28	0.5926
chr1	1165217	1165218	29	0.0705
chr1	1165267	1165268	29	0.1656
chr1	1165305	1165306	31	0.2497
chr1	1165340	1165341	42	0.254
chr1	1165371	1165372	13	0.0807
chr1	1165410	1165411	28	0.1218
chr1	1165431	1165432	18	0.196
chr1	1165448	1165449	27	0.1916
chr1	1165474	1165475	22	0.1178
chr1	1165493	1165494	35	0.1473
chr1	1165537	1165538	34	0.079
chr1	1165574	1165575	32	0.2418
chr1	1165624	1165625	30	0.0542
chr1	1165644	1165645	29	0.1747
chr1	1165662	1165663	32	0.1212
chr1	1165710	1165711	33	0.1104
chr1	1165745	1165746	27	0.2333
chr1	1165756	1165757	26	0.0634
chr1	1165841	1165842	26	0.1687
chr1	1165941	1165942	25	0.314
chr1	1166038	1166039	29	0.0243
chr1	1166088	1166089	27	0.0
chr1	1166188	1166189	40	0.0
chr1	1166286	1166287	31	0.1041
chr1	1166320	1166321	33	0.2686
chr1	1166322	1166323	40	0.1444
chr1	1166348	1166349	24	0.1388
chr1	1166374	1166375	14	0.2091
chr1	1166412	1166413	20	0.1545
chr1	1166498	1166499	26	0.1253
chr1	1166576	1166577	30	0.1696
chr1	1166638	1166639	25	0.2223
chr1	1166678	1166679	23	0.052
chr1	1166732	1166733	26	0.1109
chr1	1166740	1166741	32	0.6221
chr1	1166788	1166789	28	0.6756
chr1	1166813	1166814	27	0.5378
chr1	1166838	1166839	34	0.5079
chr1	1166873	1166874	26	0.6125
chr1	1166889	1166890	22	0.7683
chr1	1166929	1166930	22	0.7971
chr1	1166960	1166961	29	0.6314
chr1	1167005	1167006	34	0.5386
chr1	1167033	1167034	30	0.8207
chr1	1167082	1167083	36	0.7087
chr1	1167106	1167107	26	0.638
chr1	1167127	1167128	33	0.6693
chr1	1167177	1167178	35	0.7016
chr1	1167227	1167228	35	0.7409
chr1	1167235	1167236	33	0.5431
chr1	1167298	1167299	22	0.6984
chr1	1167398	1167399	31	0.5609
chr1	1167498	1167499	29	0.6572
chr1	1167548	1167549	24	0.6211
chr1	1167604	1167605	22	0.6659
chr1	1167704	1167705	34	0.5834
chr1	1167772	1167773	33	0.7424
chr1	1167784	1167785	28	0.6582
chr1	1167806	1167807	32	0.7381
chr1	1167836	1167837	33	0.6092
chr1	1167912	1167913	26	0.5823
chr1	1167934	1167935	30	0.7443
chr1	1167954	1167955	28	0.7106
chr1	1168090	1168091	34	0.8006
chr1	1168182	1168183	22	0.8382
chr1	1168216	1168217	34	0.7496
chr1	1168238	1168239	33	0.6662
chr1	1168271	1168272	30	0.8194
chr1	1168321	1168322	32	0.3537
chr1	1168351	1168352	36	0.7293
chr1	1168392	1168393	22	0.7514
chr1	1168417	1168418	36	0.3079
chr1	1168433	1168434	33	0.505
chr1	1168453	1168454	36	0.4274
chr1	1168483	1168484	26	0.5131
chr1	1168526	1168527	32	0.6998
chr1	1168576	1168577	38	0.3245
chr1	1168626	1168627	30	0.4651
chr1	1168657	1168658	31	0.4455
chr1	1168757	1168758	27	0.5784
chr1	1168857	1168858	30	0.3996
chr1	1168957	1168958	29	0.4746
chr1	1169042	1169043	21	0.6606
chr1	1169169	1169170	23	0.6947
chr1	1169217	1169218	28	0.7013
chr1	1169246	1169247	29	0.7435
chr1	1169261	1169262	36	0.6389
chr1	1169276	1169277	32	0.7917
chr1	1169320	1169321	28	0.6636
chr1	1169370	1169371	31	0.6872
chr1	1169418	1169419	24	0.7974
chr1	1169468	1169469	31	0.8684
chr1	1169483	1169484	33	0.8156
chr1	1169513	1169514	34	0.7516
chr1	1169531	1169532	29	0.7587
chr1	1169556	1169557	29	0.7272
chr1	1169598	1169599	31	0.7734
chr1	1169648	1169649	25	0.7679
chr1	1169681	1169682	26	0.8136
chr1	1169713	1169714	38	0.8258
chr1	1169743	1169744	28	0.8481
chr1	1169753	1169754	26	0.5549
chr1	1169853	1169854	27	0.6477
chr1	1169916	1169917	38	0.6775
chr1	1169988	1169989	31	0.7235
chr1	1170088	1170089	27	0.756
chr1	1170188	1170189	29	0.6455
chr1	1170288	1170289	31	0.7406
chr1	1170370	1170371	30	0.589
chr1	1170378	1170379	37	0.4062
chr1	1170400	1170401	23	0.1854
chr1	1170427	1170428	24	0.0891
chr1	1170468	1170469	30	0.1133
chr1	1170503	1170504	33	0.0624
chr1	1170519	1170520	31	0.2015
chr1	1170554	1170555	34	0.0936
chr1	1170569	1170570	33	0.0389
chr1	1170614	1170615	23	0.2281
chr1	1170630	1170631	22	0.2486
chr1	1170653	1170654	35	0.1872
chr1	1170684	1170685	40	0.2228
chr1	1170705	1170706	15	0.0389
chr1	1170744	1170745	29	0.1549
chr1	1170759	1170760	27	0.2998
chr1	1170782	1170783	29	0.2668
chr1	1170811	1170812	27	0.2017
chr1	1170826	1170827	26	0.1025
chr1	1170841	1170842	32	0.0122
chr1	1170858	1170859	32	0.1211
chr1	1170884	1170885	28	0.233
chr1	1170970	1170971	31	0.3391
chr1	1171070	1171071	30	0.1836
chr1	1171170	1171171	31	0.1253
chr1	1171248	1171249	26	0.0839
chr1	1171348	1171349	34	0.0058
chr1	1171364	1171365	31	0.1695
chr1	1171390	1171391	31	0.0512
chr1	1171474	1171475	25	0.1693
chr1	1171480	1171481	32	0.3444
chr1	1171492	1171493	33	0.0947
chr1	1171496	1171497	22	0.1892
chr1	1171540	1171541	38	0.2973
chr1	1171682	1171683	18	0.1343
chr1	1171820	1171821	37	0.1106
chr1	1171826	1171827	30	0.8882
chr1	1171857	1171858	19	0.5753
chr1	1171895	1171896	30	0.6321
chr1	1171915	1171916	27	0.6919
chr1	1171954	1171955	22	0.6448
chr1	1172001	1172002	30	0.6609
chr1	1172051	1172052	25	0.6438
chr1	1172072	1172073	25	0.6866
chr1	1172122	1172123	32	0.7114
chr1	1172144	1172145	34	0.7535
chr1	1172194	1172195	31	0.8557
chr1	1172226	1172227	34	0.7256
chr1	1172242	1172243	34	0.6638
chr1	1172259	1172260	31	0.7415
chr1	1172276	1172277	41	0.8874
chr1	1172333	1172334	25	0.92
chr1	1172433	1172434	31	0.821
chr1	1172511	1172512	21	0.5619
chr1	1172611	1172612	29	0.7706
chr1	1172663	1172664	39	0.8504
chr1	1172769	1172770	37	0.7693
chr1	1172799	1172800	24	0.6684
chr1	1172823	1172824	34	0.8433
chr1	1172947	1172948	28	0.8151
chr1	1173029	1173030	24	0.9174
chr1	1173081	1173082	30	0.7365
chr1	1173161	1173162	26	0.7013
chr1	1173200	1173201	29	0.9737
chr1	1173216	1173217	32	1.0
chr1	1173244	1173245	25	0.9501
chr1	1173271	1173272	31	0.8125
chr1	1173321	1173322	25	0.9265
chr1	1173361	1173362	31	1.0
chr1	1173395	1173396	38	0.99
chr1	1173426	1173427	31	0.9996
chr1	1173469	1173470	36	0.969
chr1	1173486	1173487	30	1.0
chr1	1173536	1173537	33	0.8929
chr1	1173552	1173553	28	0.9737
chr1	1173602	1173603	31	1.0
chr1	1173621	1173622	29	0.9744
chr1	1173638	1173639	28	1.0
chr1	1173688	1173689	28	1.0
chr1	1173788	1173789	29	0.9341
chr1	1173888	1173889	36	0.8653
chr1	1173948	1173949	24	0.9999
chr1	1174048	1174049	32	1.0
chr1	1174108	1174109	33	0.8722
chr1	1174114	1174115	31	0.82
chr1	1174144	1174145	26	0.7113
chr1	1174194	1174195	33	0.5689
chr1	1174218	1174219	39	0.8296
chr1	1174243	1174244	31	0.7379
chr1	1174293	1174294	33	0.678
chr1	1174343	1174344	30	0.6989
chr1	1174368	1174369	29	0.779
chr1	1174401	1174402	31	0.6495
chr1	1174435	1174436	34	0.7807
chr1	1174469	1174470	32	0.6466
chr1	1174519	1174520	37	0.594
chr1	1174555	1174556	19	0.6418
chr1	1174570	1174571	16	0.7142
chr1	1174607	1174608	26	0.627
chr1	1174637	1174638	28	0.7504
chr1	1174737	1174738	26	0.7473
chr1	1174837	1174838	28	0.6768
chr1	1174937	1174938	40	0.6133
chr1	1175037	1175038	36	0.8496
chr1	1175137	1175138	22	0.7591
chr1	1175405	1175406	30	0.8751
chr1	1175471	1175472	35	0.6438
chr1	1175485	1175486	21	0.6099
chr1	1175499	1175500	21	0.7603
chr1	1175599	1175600	34	0.7341
chr1	1175613	1175614	20	0.9525
chr1	1175663	1175664	24	0.9548
chr1	1175678	1175679	35	0.8737
chr1	1175725	1175726	29	0.8697
chr1	1175775	1175776	24	1.0
chr1	1175824	1175825	21	1.0
chr1	1175839	1175840	35	0.9431
chr1	1175868	1175869	24	0.9114
chr1	1175887	1175888	29	1.0
chr1	1175902	1175903	33	0.8536
chr1	1175938	1175939	26	1.0
chr1	1175988	1175989	24	0.9491
chr1	1176008	1176009	41	0.9457
chr1	1176051	1176052	27	0.9011
chr1	1176069	1176070	23	0.8526
chr1	1176101	1176102	35	0.9107
chr1	1176128	1176129	31	0.9321
chr1	1176200	1176201	28	0.963
chr1	1176300	1176301	28	0.8824
chr1	1176350	1176351	23	0.9564
chr1	1176450	1176451	22	1.0
chr1	1176536	1176537	28	0.9915
chr1	1176595	1176596	24	0.8574
chr1	1176653	1176654	24	0.8917
chr1	1176663	1176664	33	0.8814
chr1	1176713	1176714	27	0.6601
chr1	1176746	1176747	32	0.8517
chr1	1176779	1176780	29	0.8044
chr1	1176807	1176808	17	0.7282
chr1	1176840	1176841	30	0.8464
chr1	1176890	1176891	19	0.9785
chr1	1176940	1176941	24	0.8267
chr1	1176963	1176964	38	0.8205
chr1	1176997	1176998	32	0.8696
chr1	1177019	1177020	25	0.8786
chr1	1177034	1177035	30	0.7716
chr1	1177072	1177073	26	0.7719
chr1	1177119	1177120	32	0.8939
chr1	1177142	1177143	27	0.8768
chr1	1177161	1177162	27	0.7113
chr1	1177234	1177235	39	0.7266
chr1	1177284	1177285	36	0.8532
chr1	1177384	1177385	26	0.8458
chr1	1177458	1177459	30	0.8504
chr1	1177558	1177559	22	0.8017
chr1	1177620	1177621	33	0.7188
chr1	1177670	1177671	39	0.857
chr1	1177714	1177715	32	0.0068
chr1	1177733	1177734	28	0.0732
chr1	1177779	1177780	26	0.1967
chr1	1177806	1177807	31	0.0404
chr1	1177833	1177834	36	0.1061
chr1	1177871	1177872	25	0.2601
chr1	1177902	1177903	25	0.0937
chr1	1177952	1177953	28	0.0509
chr1	1177983	1177984	32	0.2087
chr1	1178008	1178009	27	0.0477
chr1	1178031	1178032	29	0.0222
chr1	1178057	1178058	25	0.0673
chr1	1178094	1178095	31	0.1353
chr1	1178109	1178110	27	0.0563
chr1	1178148	1178149	25	0.0141
chr1	1178163	1178164	35	0.0
chr1	1178206	1178207	29	0.1114
chr1	1178256	1178257	26	0.0072
chr1	1178265	1178266	22	0.1005
chr1	1178343	1178344	24	0.0963
chr1	1178443	1178444	31	0.0224
chr1	1178533	1178534	19	0.1827
chr1	1178633	1178634	24	0.0
chr1	1178718	1178719	26	0.0813
chr1	1178768	1178769	27	0.1709
chr1	1178822	1178823	28	0.0475
chr1	1178830	1178831	25	0.183
chr1	1178869	1178870	31	0.8373
chr1	1178888	1178889	24	0.8088
chr1	1178912	1178913	27	0.9481
chr1	1178927	1178928	22	0.8072
chr1	1178955	1178956	37	0.9598
chr1	1178974	1178975	23	0.9005
chr1	1179001	1179002	27	0.7715
chr1	1179051	1179052	34	0.8585
chr1	1179087	1179088	32	0.9483
chr1	1179111	1179112	31	0.9231
chr1	1179153	1179154	30	0.8734
chr1	1179203	1179204	26	0.8083
chr1	1179232	1179233	29	0.7766
chr1	1179269	1179270	27	0.7023
chr1	1179319	1179320	32	0.8578
chr1	1179342	1179343	35	0.721
chr1	1179441	1179442	27	0.9915
chr1	1179491	1179492	31	0.8644
chr1	1179591	1179592	27	0.8454
chr1	1179691	1179692	24	0.8617
chr1	1179741	1179742	28	0.7709
chr1	1179808	1179809	31	0.7473
chr1	1179810	1179811	33	0.9799
chr1	1179820	1179821	30	0.8309
chr1	1179856	1179857	31	0.71
chr1	1179898	1179899	33	0.7894
chr1	1179944	1179945	33	0.6121
chr1	1179991	1179992	24	0.7813
chr1	1180014	1180015	38	0.7046
chr1	1180064	1180065	26	0.9316
chr1	1180114	1180115	31	0.8118
chr1	1180141	1180142	35	0.8184
chr1	1180189	1180190	26	0.8193
chr1	1180204	1180205	41	0.6627
chr1	1180230	1180231	37	0.7708
chr1	1180249	1180250	27	0.8075
chr1	1180273	1180274	30	0.6306
chr1	1180289	1180290	30	0.9861
chr1	1180311	1180312	29	0.6515
chr1	1180341	1180342	23	0.7811
chr1	1180344	1180345	31	0.8123
chr1	1180444	1180445	28	0.7446
chr1	1180494	1180495	32	0.8448
chr1	1180584	1180585	24	0.814
chr1	1180684	1180685	31	0.8216
chr1	1180784	1180785	28	0.6617
chr1	1180858	1180859	34	0.8817
chr1	1180880	1180881	34	0.6225
chr1	1180929	1180930	26	0.0
chr1	1180952	1180953	33	0.0
chr1	1180978	1180979	27	0.0601
chr1	1180999	1181000	27	0.0542
chr1	1181049	1181050	32	0.2331
chr1	1181077	1181078	30	0.2121
chr1	1181127	1181128	33	0.1393
chr1	1181162	1181163	32	0.064
chr1	1181190	1181191	28	0.1143
chr1	1181238	1181239	31	0.0898
chr1	1181278	1181279	28	0.0225
chr1	1181320	1181321	33	0.0441
chr1	1181349	1181350	30	0.0731
chr1	1181449	1181450	23	0.0704
chr1	1181549	1181550	34	0.2562
chr1	1181613	1181614	19	0.1635
chr1	1181713	1181714	24	0.1159
chr1	1181755	1181756	27	0.1734
chr1	1181793	1181794	33	0.1897
chr1	1181799	1181800	30	0.9617
chr1	1181824	1181825	30	0.9304
chr1	1181846	1181847	37	0.8666
chr1	1181873	1181874	25	0.8361
chr1	1181907	1181908	25	0.8035
chr1	1181950	1181951	24	0.8706
chr1	1182000	1182001	32	0.9885
chr1	1182034	1182035	39	0.8893
chr1	1182070	1182071	29	0.9357
chr1	1182091	1182092	27	0.998
chr1	1182137	1182138	36	0.9432
chr1	1182152	1182153	26	0.8841
chr1	1182202	1182203	29	0.9038
chr1	1182252	1182253	31	0.9225
chr1	1182268	1182269	29	0.9258
chr1	1182307	1182308	24	0.9304
chr1	1182312	1182313	34	0.9927
chr1	1182406	1182407	36	0.8737
chr1	1182506	1182507	24	0.9928
chr1	1182606	1182607	37	1.0
chr1	1182673	1182674	34	0.9562
chr1	1182734	1182735	29	0.884
chr1	1182886	1182887	38	0.8993
chr1	1183078	1183079	25	0.9079
chr1	1183112	1183113	29	0.8505
chr1	1183146	1183147	27	0.8766
chr1	1183220	1183221	30	0.8361
chr1	1183252	1183253	23	0.4731
chr1	1183270	1183271	31	0.2726
chr1	1183305	1183306	42	0.2077
chr1	1183338	1183339	37	0.2197
chr1	1183385	1183386	25	0.2033
chr1	1183430	1183431	25	0.234
chr1	1183467	1183468	32	0.0978
chr1	1183504	1183505	31	0.1491
chr1	1183527	1183528	23	0.2977
chr1	1183557	1183558	36	0.2158
chr1	1183573	1183574	28	0.3602
chr1	1183601	1183602	30	0.1614
chr1	1183623	1183624	29	0.2249
chr1	1183642	1183643	34	0.1111
chr1	1183692	1183693	36	0.2505
chr1	1183742	1183743	32	0.2724
chr1	1183842	1183843	31	0.1791
chr1	1183942	1183943	32	0.1984
chr1	1183992	1183993	29	0.1607
chr1	1184028	1184029	28	0.3882
chr1	1184042	1184043	33	0.2155
chr1	1184080	1184081	32	0.7674
chr1	1184108	1184109	35	0.9366
chr1	1184134	1184135	29	0.8834
chr1	1184175	1184176	32	0.8319
chr1	1184208	1184209	28	0.7546
chr1	1184229	1184230	23	0.8565
chr1	1184279	1184280	38	0.7994
chr1	1184305	1184306	22	0.6585
chr1	1184338	1184339	28	0.6625
chr1	1184365	1184366	23	0.8815
chr1	1184403	1184404	27	0.7544
chr1	1184453	1184454	28	0.7934
chr1	1184491	1184492	31	0.7138
chr1	1184510	1184511	30	0.8613
chr1	1184535	1184536	26	0.8328
chr1	1184551	1184552	22	0.7216
chr1	1184611	1184612	33	0.9084
chr1	1184711	1184712	28	0.9002
chr1	1184811	1184812	32	0.6757
chr1	1184911	1184912	25	0.6566
chr1	1184970	1184971	24	0.8194
chr1	1185060	1185061	34	0.7605
chr1	1185069	1185070	29	0.1454
chr1	1185095	1185096	29	0.0
chr1	1185119	1185120	22	0.2784
chr1	1185137	1185138	20	0.0565
chr1	1185167	1185168	33	0.0
chr1	1185217	1185218	28	0.16
chr1	1185240	1185241	30	0.1098
chr1	1185255	1185256	26	0.104
chr1	1185285	1185286	32	0.1383
chr1	1185313	1185314	30	0.2039
chr1	1185328	1185329	36	0.2066
chr1	1185375	1185376	33	0.2286
chr1	1185402	1185403	23	0.2137
chr1	1185425	1185426	42	0.0681
chr1	1185474	1185475	31	0.065
chr1	1185497	1185498	25	0.1194
chr1	1185532	1185533	25	0.098
chr1	1185582	1185583	31	0.2855
chr1	1185624	1185625	35	0.1094
chr1	1185724	1185725	28	0.1245
chr1	1185824	1185825	29	0.0873
chr1	1185889	1185890	25	0.1664
chr1	1185983	1185984	27	0.236
chr1	1186033	1186034	36	0.0618
chr1	1186133	1186134	29	0.1895
chr1	1186195	1186196	30	0.0283
chr1	1186299	1186300	26	0.1842
chr1	1186305	1186306	34	0.124
chr1	1186353	1186354	31	0.0576
chr1	1186427	1186428	24	0.1368
chr1	1186465	1186466	37	0.0247
chr1	1186561	1186562	34	0.0851
chr1	1186575	1186576	19	0.1028
chr1	1187636	1187637	31	0.9594
chr1	1187680	1187681	37	0.8409
chr1	1187730	1187731	36	1.0
chr1	1187762	1187763	32	0.96
chr1	1187786	1187787	36	0.9308
chr1	1187810	1187811	29	0.9773
chr1	1187849	1187850	37	0.9192
chr1	1187867	1187868	32	0.9384
chr1	1187895	1187896	30	0.7949
chr1	1187945	1187946	30	0.9219
chr1	1187995	1187996	37	0.8324
chr1	1188019	1188020	21	0.9056
chr1	1188056	1188057	28	0.9027
chr1	1188064	1188065	19	0.9753
chr1	1188164	1188165	26	0.9088
chr1	1188264	1188265	33	0.8136
chr1	1188364	1188365	28	0.9993
chr1	1188444	1188445	27	0.8972
chr1	1188524	1188525	26	0.8216
chr1	1188562	1188563	29	0.8173
chr1	1188576	1188577	31	0.8575
chr1	1188628	1188629	16	0.8632
chr1	1188798	1188799	34	0.7975
chr1	1188804	1188805	37	0.8368
chr1	1188834	1188835	34	0.9926
chr1	1188859	1188860	36	0.9916
chr1	1188909	1188910	34	0.8035
chr1	1188924	1188925	19	0.7792
chr1	1188948	1188949	38	0.9094
chr1	1188963	1188964	25	1.0
chr1	1189008	1189009	31	1.0
chr1	1189024	1189025	39	1.0
chr1	1189074	1189075	31	0.9765
chr1	1189117	1189118	28	0.9003
chr1	1189167	1189168	38	1.0
chr1	1189197	1189198	39	0.8357
chr1	1189219	1189220	36	0.9256
chr1	1189235	1189236	30	0.8686
chr1	1189268	1189269	27	0.904
chr1	1189317	1189318	34	0.8638
chr1	1189367	1189368	35	0.7832
chr1	1189417	1189418	33	0.9364
chr1	1189517	1189518	29	0.8227
chr1	1189589	1189590	33	0.9377
chr1	1189689	1189690	25	0.9521
chr1	1189739	1189740	39	0.9793
chr1	1189843	1189844	32	0.9044
chr1	1189887	1189888	26	0.9705
chr1	1189925	1189926	29	0.8688
chr1	1189935	1189936	24	1.0
chr1	1189985	1189986	32	0.8186
chr1	1190095	1190096	25	0.9219
chr1	1190119	1190120	29	0.8592
chr1	1190138	1190139	31	1.0
chr1	1190169	1190170	21	0.8217
chr1	1190191	1190192	27	0.8251
chr1	1190231	1190232	30	0.8014
chr1	1190254	1190255	31	0.7992
chr1	1190304	1190305	27	0.9579
chr1	1190354	1190355	26	0.8893
chr1	1190400	1190401	28	0.813
chr1	1190422	1190423	30	0.8025
chr1	1190461	1190462	32	0.8152
chr1	1190511	1190512	35	0.9648
chr1	1190535	1190536	26	0.9117
chr1	1190585	1190586	38	0.9358
chr1	1190630	1190631	33	0.8125
chr1	1190642	1190643	27	0.9633
chr1	1190742	1190743	24	0.8494
chr1	1190842	1190843	32	0.9016
chr1	1190892	1190893	36	0.8705
chr1	1190992	1190993	33	0.8927
chr1	1191078	1191079	23	0.9377
chr1	1191140	1191141	35	0.9013
chr1	1191160	1191161	30	0.8872
chr1	1191204	1191205	34	0.7936
chr1	1191219	1191220	22	0.5878
chr1	1191265	1191266	19	0.71
chr1	1191280	1191281	22	0.7929
chr1	1191318	1191319	21	0.6729
chr1	1191338	1191339	15	0.7654
chr1	1191388	1191389	27	0.5666
chr1	1191437	1191438	24	0.6664
chr1	1191461	1191462	25	0.7509
chr1	1191508	1191509	30	0.8099
chr1	1191536	1191537	27	0.7177
chr1	1191586	1191587	32	0.6971
chr1	1191624	1191625	22	0.7016
chr1	1191650	1191651	30	0.769
chr1	1191696	1191697	27	0.774
chr1	1191729	1191730	24	0.7176
chr1	1191790	1191791	23	0.6892
chr1	1191890	1191891	38	0.6808
chr1	1191990	1191991	20	0.5998
chr1	1192090	1192091	23	0.8226
chr1	1192153	1192154	34	0.742
chr1	1192253	1192254	31	0.7017
chr1	1192281	1192282	29	0.5818
chr1	1192303	1192304	21	0.9297
chr1	1192313	1192314	33	0.2602
chr1	1192343	1192344	31	0.2672
chr1	1192358	1192359	29	0.4199
chr1	1192373	1192374	29	0.4262
chr1	1192423	1192424	32	0.3111
chr1	1192443	1192444	25	0.292
chr1	1192462	1192463	30	0.3785
chr1	1192506	1192507	25	0.2438
chr1	1192536	1192537	18	0.2574
chr1	1192556	1192557	31	0.484
chr1	1192571	1192572	31	0.303
chr1	1192602	1192603	38	0.3993
chr1	1192635	1192636	24	0.2664
chr1	1192683	1192684	25	0.3707
chr1	1192698	1192699	27	0.3773
chr1	1192709	1192710	35	0.1881
chr1	1192800	1192801	25	0.2862
chr1	1192900	1192901	30	0.3951
chr1	1192952	1192953	36	0.4473
chr1	1193002	1193003	24	0.2863
chr1	1193072	1193073	29	0.217
chr1	1193074	1193075	24	0.1923
chr1	1193114	1193115	37	0.2676
chr1	1193166	1193167	36	0.3478
chr1	1193408	1193409	31	0.3675
chr1	1193448	1193449	29	0.2397
chr1	1193482	1193483	35	0.1747
chr1	1193488	1193489	24	0.2437
chr1	1193554	1193555	23	0.3026
chr1	1193558	1193559	21	0.3181
chr1	1193568	1193569	37	0.3303
chr1	1193615	1193616	26	0.8807
chr1	1193665	1193666	25	0.7975
chr1	1193694	1193695	29	0.8799
chr1	1193718	1193719	29	0.8563
chr1	1193757	1193758	34	0.7519
chr1	1193807	1193808	24	0.7846
chr1	1193857	1193858	35	0.6863
chr1	1193892	1193893	23	0.6819
chr1	1193920	1193921	40	0.849
chr1	1193948	1193949	31	0.8778
chr1	1193968	1193969	37	0.7514
chr1	1193995	1193996	25	0.619
chr1	1194039	1194040	38	0.6593
chr1	1194062	1194063	21	0.9323
chr1	1194098	1194099	23	0.8505
chr1	1194126	1194127	23	0.7069
chr1	1194226	1194227	31	0.6686
chr1	1194326	1194327	29	0.6206
chr1	1194376	1194377	30	0.8617
chr1	1194426	1194427	36	0.6421
chr1	1194476	1194477	28	0.697
chr1	1194557	1194558	29	0.7247
chr1	1194577	1194578	29	0.6518
chr1	1194623	1194624	27	0.6302
chr1	1194667	1194668	30	0.0489
chr1	1194682	1194683	37	0.1689
chr1	1194697	1194698	39	0.0846
chr1	1194747	1194748	34	0.0591
chr1	1194771	1194772	23	0.1528
chr1	1194821	1194822	30	0.0593
chr1	1194842	1194843	27	0.0817
chr1	1194892	1194893	40	0.0197
chr1	1194942	1194943	37	0.1647
chr1	1194972	1194973	35	0.0
chr1	1195004	1195005	31	0.1045
chr1	1195054	1195055	27	0.1382
chr1	1195073	1195074	27	0.0355
chr1	1195092	1195093	30	0.0
chr1	1195120	1195121	25	0.0682
chr1	1195148	1195149	30	0.0985
chr1	1195181	1195182	37	0.1037
chr1	1195219	1195220	32	0.0989
chr1	1195244	1195245	28	0.08
chr1	1195335	1195336	23	0.1883
chr1	1195435	1195436	34	0.2445
chr1	1195515	1195516	28	0.0443
chr1	1195565	1195566	37	0.269
chr1	1195615	1195616	29	0.2224
chr1	1195715	1195716	18	0.0032
chr1	1195815	1195816	32	0.2388
chr1	1195899	1195900	33	0.1986
chr1	1195905	1195906	23	0.126
chr1	1195924	1195925	41	0.1698
chr1	1195945	1195946	35	0.008
chr1	1195969	1195970	25	0.199
chr1	1195986	1195987	18	0.252
chr1	1196023	1196024	25	0.1578
chr1	1196073	1196074	30	0.1528
chr1	1196123	1196124	33	0.0571
chr1	1196173	1196174	34	0.2184
chr1	1196219	1196220	22	0.0629
chr1	1196261	1196262	32	0.1189
chr1	1196311	1196312	31	0.1436
chr1	1196335	1196336	35	0.1915
chr1	1196365	1196366	37	0.269
chr1	1196394	1196395	24	0.1584
chr1	1196395	1196396	30	0.0991
chr1	1196495	1196496	21	0.262
chr1	1196595	1196596	30	0.0888
chr1	1196695	1196696	28	0.2141
chr1	1196784	1196785	26	0.1108
chr1	1196884	1196885	30	0.1033
chr1	1196994	1196995	36	0.1175
chr1	1197054	1197055	28	0.1167
chr1	1197080	1197081	35	0.276
chr1	1197128	1197129	20	0.1492
chr1	1197150	1197151	33	0.0971
chr1	1197190	1197191	30	0.2194
chr1	1197196	1197197	27	0.2068
chr1	1197232	1197233	32	0.1778
chr1	1197234	1197235	27	0.2095
chr1	1197358	1197359	27	0.103
chr1	1197364	1197365	25	0.8352
chr1	1197390	1197391	29	0.7519
chr1	1197416	1197417	33	0.6623
chr1	1197466	1197467	31	0.8619
chr1	1197516	1197517	26	0.986
chr1	1197541	1197542	26	0.878
chr1	1197560	1197561	35	0.7349
chr1	1197593	1197594	26	0.847
chr1	1197633	1197634	31	0.9544
chr1	1197654	1197655	28	0.8622
chr1	1197671	1197672	27	0.7069
chr1	1197713	1197714	31	0.9142
chr1	1197763	1197764	30	0.8491
chr1	1197791	1197792	30	0.7873
chr1	1197824	1197825	27	0.7284
chr1	1197841	1197842	26	0.7997
chr1	1197871	1197872	25	0.8535
chr1	1197888	1197889	29	0.84
chr1	1197938	1197939	32	0.9572
chr1	1197962	1197963	32	0.9121
chr1	1198012	1198013	38	0.769
chr1	1198112	1198113	23	0.7596
chr1	1198212	1198213	25	0.9147
chr1	1198312	1198313	22	0.7902
chr1	1198412	1198413	24	0.9807
chr1	1198512	1198513	28	0.8302
chr1	1198554	1198555	28	0.7172
chr1	1198566	1198567	33	0.9447
chr1	1198576	1198577	27	0.9583
chr1	1198592	1198593	25	0.763
chr1	1198640	1198641	33	0.7924
chr1	1198676	1198677	25	0.7936
chr1	1198838	1198839	29	0.922
chr1	1198920	1198921	20	0.933
chr1	1198936	1198937	30	0.7954
chr1	1198959	1198960	40	0.7121
chr1	1199006	1199007	30	0.7516
chr1	1199035	1199036	31	0.8445
chr1	1199068	1199069	32	0.8661
chr1	1199087	1199088	37	0.955
chr1	1199125	1199126	20	0.6941
chr1	1199175	1199176	18	0.9053
chr1	1199225	1199226	25	0.8164
chr1	1199257	1199258	28	0.8525
chr1	1199285	1199286	37	0.8597
chr1	1199300	1199301	28	0.9088
chr1	1199333	1199334	36	0.7793
chr1	1199378	1199379	18	0.5965
chr1	1199406	1199407	32	0.8291
chr1	1199446	1199447	25	1.0
chr1	1199505	1199506	34	0.9297
chr1	1199605	1199606	28	0.7343
chr1	1199705	1199706	27	0.8387
chr1	1199805	1199806	19	0.913
chr1	1199855	1199856	36	0.9223
chr1	1199918	1199919	27	0.9602
chr1	1199930	1199931	25	0.8548
chr1	1199994	1199995	34	0.8299
chr1	1200009	1200010	35	0.5089
chr1	1200026	1200027	26	0.4964
chr1	1200045	1200046	23	0.6893
chr1	1200095	1200096	27	0.5568
chr1	1200135	1200136	26	0.5707
chr1	1200152	1200153	33	0.6147
chr1	1200181	1200182	19	0.4319
chr1	1200207	1200208	30	0.5449
chr1	1200243	1200244	43	0.5401
chr1	1200293	1200294	27	0.4099
chr1	1200342	1200343	36	0.55
chr1	1200370	1200371	33	0.6284
chr1	1200381	1200382	30	0.6611
chr1	1200477	1200478	32	0.5804
chr1	1200527	1200528	37	0.6717
chr1	1200618	1200619	34	0.6843
chr1	1200718	1200719	28	0.7377
chr1	1200796	1200797	26	0.6145
chr1	1200810	1200811	32	0.5825
chr1	1200832	1200833	32	0.7356
chr1	1200864	1200865	33	0.6202
chr1	1200914	1200915	26	0.5481
chr1	1200931	1200932	26	0.5263
chr1	1200981	1200982	27	0.7345
chr1	1201000	1201001	26	0.7707
chr1	1201015	1201016	27	0.5772
chr1	1201057	1201058	23	0.7197
chr1	1201087	1201088	20	0.5724
chr1	1201102	1201103	26	0.7133
chr1	1201138	1201139	31	0.6348
chr1	1201156	1201157	34	0.7103
chr1	1201180	1201181	41	0.6328
chr1	1201203	1201204	33	0.5651
chr1	1201246	1201247	35	0.6721
chr1	1201287	1201288	41	0.7556
chr1	1201325	1201326	33	0.7304
chr1	1201393	1201394	37	0.645
chr1	1201493	1201494	31	0.624
chr1	1201576	1201577	28	0.6123
chr1	1201672	1201673	37	0.7273
chr1	1201747	1201748	30	0.8545
chr1	1201781	1201782	27	0.6739
chr1	1201792	1201793	36	1.0
chr1	1201825	1201826	21	0.9394
chr1	1201863	1201864	34	0.7714
chr1	1201878	1201879	41	0.8797
chr1	1201900	1201901	35	0.8949
chr1	1201922	1201923	27	0.8246
chr1	1201951	1201952	29	0.747
chr1	1202001	1202002	31	0.7693
chr1	1202023	1202024	30	0.884
chr1	1202066	1202067	28	0.925
chr1	1202085	1202086	27	0.8442
chr1	1202105	1202106	30	0.9183
chr1	1202155	1202156	20	0.9125
chr1	1202172	1202173	29	0.8288
chr1	1202187	1202188	28	0.831
chr1	1202236	1202237	27	0.8441
chr1	1202273	1202274	28	0.895
chr1	1202308	1202309	30	0.8934
chr1	1202336	1202337	26	0.8659
chr1	1202372	1202373	25	0.8515
chr1	1202381	1202382	26	0.7895
chr1	1202431	1202432	26	0.9134
chr1	1202523	1202524	37	0.8391
chr1	1202585	1202586	32	0.8384
chr1	1202636	1202637	27	0.9645
chr1	1202736	1202737	23	0.8183
chr1	1202787	1202788	32	0.7075
chr1	1202887	1202888	27	0.958
chr1	1202911	1202912	37	0.9199
chr1	1202959	1202960	32	0.8508
chr1	1202982	1202983	26	0.8055
chr1	1203003	1203004	21	0.6392
chr1	1203030	1203031	22	0.6472
chr1	1203051	1203052	26	0.7046
chr1	1203084	1203085	26	0.7559
chr1	1203105	1203106	34	0.5117
chr1	1203120	1203121	34	0.7648
chr1	1203170	1203171	25	0.733
chr1	1203195	1203196	30	0.6646
chr1	1203217	1203218	29	0.6141
chr1	1203237	1203238	24	0.6979
chr1	1203269	1203270	28	0.612
chr1	1203303	1203304	32	0.8583
chr1	1203319	1203320	36	0.6736
chr1	1203368	1203369	31	0.7797
chr1	1203413	1203414	30	0.5659
chr1	1203458	1203459	36	0.8211
chr1	1203492	1203493	28	0.5445
chr1	1203516	1203517	25	0.796
chr1	1203566	1203567	41	0.7148
chr1	1203666	1203667	32	0.6346
chr1	1203766	1203767	22	0.7466
chr1	1203816	1203817	21	0.6572
chr1	1203916	1203917	37	0.7272
chr1	1204001	1204002	32	0.7784
chr1	1204051	1204052	26	0.7455
chr1	1204079	1204080	32	0.7259
chr1	1204095	1204096	34	0.8101
chr1	1204105	1204106	34	0.7608
chr1	1204147	1204148	22	0.8513
chr1	1204197	1204198	25	0.6674
chr1	1204247	1204248	30	0.7521
chr1	1204297	1204298	34	0.6069
chr1	1204316	1204317	34	0.7725
chr1	1204347	1204348	28	0.6916
chr1	1204387	1204388	19	0.5792
chr1	1204421	1204422	42	0.6673
chr1	1204462	1204463	34	0.8627
chr1	1204509	1204510	35	0.7106
chr1	1204559	1204560	24	0.7943
chr1	1204586	1204587	37	0.6331
chr1	1204611	1204612	20	0.7043
chr1	1204618	1204619	30	0.6457
chr1	1204718	1204719	29	0.6618
chr1	1204793	1204794	35	0.8738
chr1	1204879	1204880	30	0.7483
chr1	1204929	1204930	39	0.6691
chr1	1205029	1205030	25	0.6855
chr1	1205129	1205130	41	0.8381
chr1	1205183	1205184	28	0.7247
chr1	1205285	1205286	33	0.5917
chr1	1205357	1205358	23	0.8078
chr1	1205359	1205360	24	0.6459
chr1	1205477	1205478	31	0.6349
chr1	1205489	1205490	31	0.6906
chr1	1205519	1205520	27	0.874
chr1	1205543	1205544	21	0.7577
chr1	1205574	1205575	28	0.5662
chr1	1205600	1205601	34	0.6408
chr1	1205650	1205651	36	0.6132
chr1	1205679	1205680	32	0.6568
chr1	1205701	1205702	24	0.7036
chr1	1205716	1205717	29	0.8458
chr1	1205762	1205763	29	0.7758
chr1	1205800	1205801	30	0.6552
chr1	1205845	1205846	34	0.8667
chr1	1205861	1205862	35	0.8102
chr1	1205893	1205894	43	0.7416
chr1	1205919	1205920	33	0.7376
chr1	1205940	1205941	32	0.6855
chr1	1205989	1205990	21	0.8124
chr1	1206005	1206006	31	0.5744
chr1	1206095	1206096	36	0.6374
chr1	1206145	1206146	31	0.7106
chr1	1206242	1206243	34	0.8064
chr1	1206342	1206343	22	0.804
chr1	1206384	1206385	33	0.7534
chr1	1206412	1206413	33	0.8148
chr1	1206424	1206425	28	0.9092
chr1	1206453	1206454	36	0.6227
chr1	1206476	1206477	27	0.8195
chr1	1206499	1206500	31	0.8446
chr1	1206529	1206530	31	0.6168
chr1	1206551	1206552	30	0.7959
chr1	1206578	1206579	39	0.7559
chr1	1206597	1206598	35	0.8469
chr1	1206612	1206613	28	0.7726
chr1	1206635	1206636	34	0.9183
chr1	1206685	1206686	26	0.8675
chr1	1206718	1206719	27	0.7788
chr1	1206768	1206769	31	0.6503
chr1	1206804	1206805	27	0.7609
chr1	1206834	1206835	24	0.7938
chr1	1206934	1206935	27	0.8646
chr1	1207034	1207035	36	0.8018
chr1	1207095	1207096	28	0.615
chr1	1207179	1207180	27	0.7005
chr1	1207223	1207224	29	0.7784
chr1	1207266	1207267	25	0.11
chr1	1207306	1207307	41	0.2484
chr1	1207348	1207349	32	0.0283
chr1	1207363	1207364	37	0.1648
chr1	1207378	1207379	36	0.0327
chr1	1207395	1207396	28	0.1945
chr1	1207421	1207422	33	0.149
chr1	1207471	1207472	29	0.2281
chr1	1207495	1207496	30	0.2263
chr1	1207510	1207511	18	0.2164
chr1	1207583	1207584	38	0.2938
chr1	1207610	1207611	25	0.2653
chr1	1207637	1207638	31	0.0899
chr1	1207652	1207653	31	0.1356
chr1	1207685	1207686	32	0.1713
chr1	1207705	1207706	31	0.025
chr1	1207710	1207711	28	0.2792
chr1	1207801	1207802	26	0.1394
chr1	1207851	1207852	27	0.2405
chr1	1207901	1207902	31	0.2335
chr1	1207968	1207969	34	0.2543
chr1	1208029	1208030	38	0.1493
chr1	1208079	1208080	37	0.1851
chr1	1208103	1208104	25	0.3399
chr1	1208112	1208113	26	0.114
chr1	1208160	1208161	28	0.0304
chr1	1208201	1208202	29	0.0621
chr1	1208251	1208252	22	0.0134
chr1	1208301	1208302	33	0.0961
chr1	1208316	1208317	20	0.0723
chr1	1208348	1208349	30	0.1082
chr1	1208398	1208399	26	0.121
chr1	1208428	1208429	32	0.1595
chr1	1208445	1208446	25	0.0
chr1	1208460	1208461	40	0.1343
chr1	1208477	1208478	27	0.2517
chr1	1208497	1208498	38	0.0458
chr1	1208524	1208525	33	0.1532
chr1	1208552	1208553	22	0.1935
chr1	1208595	1208596	28	0.1354
chr1	1208617	1208618	30	0.1139
chr1	1208632	1208633	28	0.1108
chr1	1208718	1208719	36	0.0858
chr1	1208771	1208772	29	0.091
chr1	1208821	1208822	28	0.0695
chr1	1208902	1208903	25	0.1398
chr1	1209002	1209003	28	0.0704
chr1	1209086	1209087	28	0.0567
chr1	1209136	1209137	33	0.0527
chr1	1209230	1209231	23	0.0565
chr1	1209234	1209235	21	0.0
chr1	1209304	1209305	25	0.2174
chr1	1209316	1209317	33	0.0393
chr1	1209362	1209363	27	0.199
chr1	1209380	1209381	32	0.1139
chr1	1209402	1209403	23	0.0168
chr1	1209512	1209513	37	0.1136
chr1	1209546	1209547	27	0.1733
chr1	1209626	1209627	36	0.0813
chr1	1209637	1209638	41	0.7987
chr1	1209660	1209661	25	0.9596
chr1	1209675	1209676	23	0.8073
chr1	1209725	1209726	36	0.6856
chr1	1209757	1209758	30	0.7462
chr1	1209781	1209782	27	0.7976
chr1	1209803	1209804	34	0.8509
chr1	1209828	1209829	25	0.8532
chr1	1209870	1209871	32	0.7285
chr1	1209896	1209897	29	0.7709
chr1	1209917	1209918	29	0.9989
chr1	1209964	1209965	31	0.8265
chr1	1209985	1209986	31	0.6877
chr1	1210034	1210035	21	0.909
chr1	1210058	1210059	30	0.962
chr1	1210108	1210109	31	0.894
chr1	1210113	1210114	23	0.6575
chr1	1210213	1210214	32	0.8467
chr1	1210313	1210314	27	0.8456
chr1	1210413	1210414	28	0.8281
chr1	1210513	1210514	27	0.8547
chr1	1210533	1210534	15	0.8181
chr1	1210611	1210612	31	0.7645
chr1	1210642	1210643	32	0.0285
chr1	1210657	1210658	29	0.1076
chr1	1210679	1210680	37	0.0469
chr1	1210694	1210695	36	0.022
chr1	1210727	1210728	25	0.066
chr1	1210754	1210755	29	0.0
chr1	1210797	1210798	30	0.0
chr1	1210828	1210829	33	0.0763
chr1	1210852	1210853	26	0.1628
chr1	1210871	1210872	26	0.0868
chr1	1210896	1210897	32	0.036
chr1	1210915	1210916	32	0.0389
chr1	1210965	1210966	32	0.0
chr1	1210987	1210988	26	0.1498
chr1	1211002	1211003	27	0.0322
chr1	1211034	1211035	32	0.0126
chr1	1211049	1211050	31	0.087
chr1	1211089	1211090	30	0.0
chr1	1211138	1211139	35	0.0135
chr1	1211176	1211177	31	0.2161
chr1	1211194	1211195	36	0.0215
chr1	1211294	1211295	27	0.0
chr1	1211394	1211395	25	0.0
chr1	1211457	1211458	27	0.2618
chr1	1211555	1211556	30	0.2494
chr1	1211628	1211629	27	0.1167
chr1	1211728	1211729	31	0.0
chr1	1211750	1211751	31	0.0491
chr1	1211804	1211805	29	0.1067
chr1	1211813	1211814	34	0.6426
chr1	1211828	1211829	29	0.6445
chr1	1211853	1211854	30	0.7464
chr1	1211892	1211893	26	0.8226
chr1	1211917	1211918	22	0.5236
chr1	1211967	1211968	31	0.7737
chr1	1212017	1212018	34	0.603
chr1	1212040	1212041	25	0.7893
chr1	1212064	1212065	20	0.726
chr1	1212104	1212105	29	0.719
chr1	1212135	1212136	34	0.6511
chr1	1212163	1212164	30	0.5872
chr1	1212189	1212190	28	0.7379
chr1	1212216	1212217	28	0.6941
chr1	1212240	1212241	27	0.6863
chr1	1212262	1212263	34	0.5669
chr1	1212312	1212313	33	0.7263
chr1	1212412	1212413	34	0.7138
chr1	1212493	1212494	29	0.6049
chr1	1212566	1212567	34	0.5158
chr1	1212666	1212667	30	0.6481
chr1	1212762	1212763	33	0.6098
chr1	1212782	1212783	34	0.5474
chr1	1212886	1212887	35	0.694
chr1	1212994	1212995	27	0.5409
chr1	1213058	1213059	28	0.6823
chr1	1213096	1213097	24	0.6673
chr1	1213124	1213125	31	0.6941
chr1	1213156	1213157	32	0.5926
chr1	1213158	1213159	27	0.5063
chr1	1213169	1213170	30	0.9807
chr1	1213204	1213205	34	0.8067
chr1	1213252	1213253	33	0.7678
chr1	1213302	1213303	44	0.8744
chr1	1213325	1213326	22	0.6613
chr1	1213341	1213342	32	0.849
chr1	1213360	1213361	37	0.868
chr1	1213384	1213385	35	0.7868
chr1	1213414	1213415	24	0.761
chr1	1213441	1213442	29	0.9802
chr1	1213464	1213465	31	0.9207
chr1	1213479	1213480	34	0.884
chr1	1213511	1213512	33	0.9127
chr1	1213540	1213541	33	0.8321
chr1	1213589	1213590	31	0.7452
chr1	1213604	1213605	25	0.8976
chr1	1213634	1213635	33	0.8638
chr1	1213652	1213653	35	0.8999
chr1	1213675	1213676	25	0.8241
chr1	1213699	1213700	30	0.7806
chr1	1213799	1213800	30	0.9194
chr1	1213899	1213900	27	0.8359
chr1	1213993	1213994	31	0.7951
chr1	1214084	1214085	26	0.8438
chr1	1214163	1214164	28	0.8686
chr1	1214165	1214166	32	0.8369
chr1	1214174	1214175	31	0.5816
chr1	1214208	1214209	30	0.5758
chr1	1214233	1214234	25	0.6818
chr1	1214283	1214284	25	0.6738
chr1	1214306	1214307	36	0.7296
chr1	1214321	1214322	37	0.5069
chr1	1214371	1214372	35	0.7015
chr1	1214386	1214387	25	0.5126
chr1	1214425	1214426	37	0.7291
chr1	1214449	1214450	23	0.7587
chr1	1214494	1214495	31	0.6678
chr1	1214531	1214532	32	0.7726
chr1	1214581	1214582	20	0.5873
chr1	1214596	1214597	29	0.4418
chr1	1214639	1214640	33	0.5746
chr1	1214676	1214677	26	0.5804
chr1	1214706	1214707	31	0.6351
chr1	1214721	1214722	25	0.6317
chr1	1214731	1214732	34	0.6428
chr1	1214807	1214808	25	0.6863
chr1	1214907	1214908	26	0.4751
chr1	1215007	1215008	31	0.6288
chr1	1215107	1215108	27	0.6261
chr1	1215207	1215208	31	0.6445
chr1	1215301	1215302	28	0.7018
chr1	1215305	1215306	30	0.704
chr1	1215351	1215352	29	0.5423
chr1	1215393	1215394	33	0.5676
chr1	1215405	1215406	24	0.7444
chr1	1215535	1215536	26	0.5179
chr1	1215565	1215566	34	0.9027
chr1	1215584	1215585	37	0.7254
chr1	1215609	1215610	39	0.5762
chr1	1215652	1215653	37	0.7698
chr1	1215687	1215688	35	0.742
chr1	1215717	1215718	26	0.7983
chr1	1215760	1215761	27	0.5815
chr1	1215789	1215790	37	0.8267
chr1	1215823	1215824	26	0.8375
chr1	1215855	1215856	32	0.7664
chr1	1215894	1215895	29	0.7848
chr1	1215924	1215925	29	0.8471
chr1	1215939	1215940	25	0.698
chr1	1215954	1215955	28	0.7546
chr1	1215982	1215983	24	0.8503
chr1	1216018	1216019	26	0.6788
chr1	1216049	1216050	24	0.5777
chr1	1216149	1216150	32	0.76
chr1	1216249	1216250	30	0.7416
chr1	1216323	1216324	21	0.7188
chr1	1216423	1216424	28	0.7811
chr1	1216473	1216474	25	0.9177
chr1	1216529	1216530	30	0.6349
chr1	1216568	1216569	36	0.786
chr1	1216595	1216596	23	0.6192
chr1	1216645	1216646	30	0.5962
chr1	1216681	1216682	34	0.9428
chr1	1216731	1216732	30	0.778
chr1	1216772	1216773	34	0.8458
chr1	1216802	1216803	25	0.8189
chr1	1216820	1216821	30	0.558
chr1	1216870	1216871	30	0.6974
chr1	1216897	1216898	34	0.6903
chr1	1216920	1216921	36	0.7788
chr1	1216970	1216971	28	0.8529
chr1	1216985	1216986	32	0.6446
chr1	1217009	1217010	42	0.7366
chr1	1217059	1217060	20	0.8221
chr1	1217076	1217077	35	0.777
chr1	1217176	1217177	29	0.73
chr1	1217276	1217277	35	0.6886
chr1	1217376	1217377	29	0.7676
chr1	1217434	1217435	32	0.8769
chr1	1217484	1217485	28	0.8915
chr1	1217542	1217543	40	0.881
chr1	1217572	1217573	19	0.7332
chr1	1217619	1217620	33	0.0353
chr1	1217652	1217653	23	0.1282
chr1	1217680	1217681	22	0.1339
chr1	1217703	1217704	30	0.0218
chr1	1217747	1217748	26	0.124
chr1	1217781	1217782	32	0.0746
chr1	1217817	1217818	30	0.1214
chr1	1217852	1217853	25	0.0426
chr1	1217889	1217890	32	0.1737
chr1	1217934	1217935	26	0.0535
chr1	1217949	1217950	27	0.2604
chr1	1217992	1217993	30	0.235
chr1	1218023	1218024	31	0.1452
chr1	1218038	1218039	37	0.145
chr1	1218073	1218074	26	0.1026
chr1	1218097	1218098	30	0.1969
chr1	1218184	1218185	33	0.1038
chr1	1218284	1218285	28	0.0253
chr1	1218384	1218385	33	0.2024
chr1	1218435	1218436	32	0.0674
chr1	1218515	1218516	27	0.1631
chr1	1218579	1218580	26	0.2369
chr1	1218607	1218608	31	0.0
chr1	1218614	1218615	38	0.7135
chr1	1218641	1218642	27	0.8869
chr1	1218657	1218658	33	0.7356
chr1	1218672	1218673	27	0.7409
chr1	1218693	1218694	30	0.716
chr1	1218713	1218714	29	0.8771
chr1	1218728	1218729	28	0.7906
chr1	1218758	1218759	31	0.7696
chr1	1218780	1218781	32	0.6428
chr1	1218830	1218831	25	0.792
chr1	1218880	1218881	26	0.8619
chr1	1218900	1218901	24	0.8152
chr1	1218950	1218951	27	0.7649
chr1	1218997	1218998	35	0.94
chr1	1219040	1219041	25	0.8683
chr1	1219057	1219058	33	0.8067
chr1	1219098	1219099	28	0.8089
chr1	1219115	1219116	30	0.8204
chr1	1219203	1219204	30	0.8409
chr1	1219267	1219268	32	0.678
chr1	1219317	1219318	28	0.7909
chr1	1219402	1219403	24	0.8209
chr1	1219502	1219503	30	0.6719
chr1	1219602	1219603	33	0.7922
chr1	1219662	1219663	19	0.8687
chr1	1219708	1219709	33	0.7397
chr1	1219716	1219717	34	0.8488
chr1	1219736	1219737	40	0.7094
chr1	1219762	1219763	29	0.8628
chr1	1219800	1219801	37	0.8221
chr1	1219820	1219821	30	0.7977
chr1	1219824	1219825	32	0.7377
chr1	1219902	1219903	38	0.8823
chr1	1219918	1219919	26	0.8328
chr1	1219964	1219965	24	0.8322
chr1	1220014	1220015	28	0.7374
chr1	1220029	1220030	28	0.8866
chr1	1220070	1220071	26	0.891
chr1	1220115	1220116	33	0.9459
chr1	1220150	1220151	33	0.8616
chr1	1220194	1220195	34	0.6711
chr1	1220209	1220210	28	0.9584
chr1	1220224	1220225	32	0.8512
chr1	1220254	1220255	32	0.7827
chr1	1220279	1220280	27	0.9027
chr1	1220306	1220307	29	0.7375
chr1	1220348	1220349	32	0.9553
chr1	1220363	1220364	25	0.821
chr1	1220401	1220402	27	0.8287
chr1	1220422	1220423	37	0.7166
chr1	1220473	1220474	32	0.7257
chr1	1220554	1220555	26	0.8422
chr1	1220654	1220655	29	0.9646
chr1	1220735	1220736	30	0.9344
chr1	1220835	1220836	34	0.7937
chr1	1220917	1220918	25	0.8768
chr1	1220960	1220961	30	0.7307
chr1	1220984	1220985	44	0.7141
chr1	1220999	1221000	30	0.729
chr1	1221015	1221016	23	0.6634
chr1	1221050	1221051	35	0.7539
chr1	1221100	1221101	33	0.6157
chr1	1221142	1221143	29	0.7004
chr1	1221187	1221188	30	0.785
chr1	1221237	1221238	28	0.6408
chr1	1221269	1221270	32	0.692
chr1	1221293	1221294	20	0.7601
chr1	1221311	1221312	30	0.5745
chr1	1221337	1221338	34	0.756
chr1	1221387	1221388	29	0.7761
chr1	1221415	1221416	34	0.857
chr1	1221450	1221451	37	0.8529
chr1	1221500	1221501	38	0.7572
chr1	1221600	1221601	28	0.736
chr1	1221697	1221698	27	0.6859
chr1	1221797	1221798	27	0.7462
chr1	1221883	1221884	29	0.7248
chr1	1221913	1221914	25	0.7537
chr1	1221933	1221934	35	0.8036
chr1	1221939	1221940	28	0.7963
chr1	1221963	1221964	32	0.7852
chr1	1221992	1221993	30	0.716
chr1	1222008	1222009	24	0.5873
chr1	1222058	1222059	32	0.6752
chr1	1222101	1222102	31	0.8309
chr1	1222131	1222132	18	0.8337
chr1	1222181	1222182	38	0.5938
chr1	1222205	1222206	34	0.789
chr1	1222251	1222252	30	0.7055
chr1	1222282	1222283	32	0.669
chr1	1222319	1222320	22	0.8707
chr1	1222335	1222336	27	0.5651
chr1	1222362	1222363	23	0.894
chr1	1222379	1222380	22	0.6951
chr1	1222425	1222426	34	0.6346
chr1	1222466	1222467	28	0.6563
chr1	1222487	1222488	35	0.7434
chr1	1222499	1222500	29	0.6578
chr1	1222549	1222550	30	0.7687
chr1	1222608	1222609	20	0.8757
chr1	1222658	1222659	27	0.7191
chr1	1222727	1222728	24	0.7099
chr1	1222827	1222828	35	0.7055
chr1	1222903	1222904	34	0.7406
chr1	1222964	1222965	33	0.7389
chr1	1223033	1223034	33	0.6787
chr1	1223065	1223066	29	0.6231
chr1	1223099	1223100	26	0.7645
chr1	1223189	1223190	24	0.6556
chr1	1223225	1223226	25	0.7723
chr1	1223421	1223422	32	0.7869
chr1	1223430	1223431	28	0.7951
chr1	1223469	1223470	32	0.5956
chr1	1223484	1223485	33	0.9046
chr1	1223499	1223500	26	0.8533
chr1	1223542	1223543	35	0.9596
chr1	1223558	1223559	29	0.7011
chr1	1223599	1223600	23	0.7853
chr1	1223625	1223626	38	0.8885
chr1	1223657	1223658	27	0.7943
chr1	1223673	1223674	35	0.7346
chr1	1223690	1223691	26	0.6267
chr1	1223716	1223717	27	0.5714
chr1	1223766	1223767	34	0.8889
chr1	1223816	1223817	25	0.7057
chr1	1223858	1223859	31	0.8335
chr1	1223896	1223897	24	0.6856
chr1	1223939	1223940	28	0.8492
chr1	1223984	1223985	35	0.8674
chr1	1224084	1224085	36	0.6824
chr1	1224169	1224170	26	0.9131
chr1	1224269	1224270	36	0.6951
chr1	1224351	1224352	24	0.7762
chr1	1224447	1224448	33	0.7968
chr1	1224581	1224582	28	0.7332
chr1	1224595	1224596	29	0.7889
chr1	1224707	1224708	35	0.6842
chr1	1224833	1224834	23	0.7937
chr1	1224859	1224860	30	0.8402
chr1	1224903	1224904	34	0.6979
chr1	1224925	1224926	24	0.7734
chr1	1224946	1224947	26	0.7946
chr1	1224985	1224986	29	0.6222
chr1	1225023	1225024	23	0.7744
chr1	1225040	1225041	25	0.7655
chr1	1225071	1225072	26	0.7739
chr1	1225098	1225099	32	0.8819
chr1	1225141	1225142	25	0.7789
chr1	1225178	1225179	27	0.8679
chr1	1225210	1225211	24	0.7288
chr1	1225229	1225230	27	0.6304
chr1	1225244	1225245	26	0.8562
chr1	1225260	1225261	31	0.9274
chr1	1225310	1225311	25	0.8302
chr1	1225325	1225326	34	0.7095
chr1	1225375	1225376	29	0.8687
chr1	1225382	1225383	31	0.8145
chr1	1225482	1225483	34	0.7416
chr1	1225544	1225545	32	0.7592
chr1	1225594	1225595	34	0.7622
chr1	1225644	1225645	30	0.9125
chr1	1225744	1225745	31	0.6772
chr1	1225840	1225841	30	0.8728
chr1	1225846	1225847	28	0.9173
chr1	1225867	1225868	30	0.4886
chr1	1225890	1225891	34	0.6684
chr1	1225920	1225921	27	0.8162
chr1	1225969	1225970	35	0.6839
chr1	1225997	1225998	19	0.7857
chr1	1226020	1226021	27	0.8358
chr1	1226070	1226071	32	0.8254
chr1	1226095	1226096	30	0.8024
chr1	1226121	1226122	20	0.5741
chr1	1226157	1226158	36	0.546
chr1	1226179	1226180	28	0.7962
chr1	1226221	1226222	29	0.64
chr1	1226270	1226271	26	0.725
chr1	1226310	1226311	35	0.7314
chr1	1226322	1226323	29	0.8455
chr1	1226410	1226411	30	0.7051
chr1	1226470	1226471	28	0.5196
chr1	1226564	1226565	34	0.6306
chr1	1226663	1226664	26	0.6935
chr1	1226747	1226748	26	0.6287
chr1	1226825	1226826	29	0.8482
chr1	1226867	1226868	27	0.5757
chr1	1226887	1226888	31	0.743
chr1	1226911	1226912	30	0.552
chr1	1226930	1226931	19	0.6953
chr1	1226957	1226958	29	0.7796
chr1	1226976	1226977	28	0.7746
chr1	1227004	1227005	29	0.8501
chr1	1227019	1227020	30	0.6341
chr1	1227069	1227070	31	0.6842
chr1	1227108	1227109	28	0.8846
chr1	1227132	1227133	26	0.6817
chr1	1227179	1227180	27	0.4949
chr1	1227196	1227197	25	0.7056
chr1	1227242	1227243	30	0.7122
chr1	1227265	1227266	27	0.7601
chr1	1227302	1227303	30	0.8583
chr1	1227320	1227321	24	0.7618
chr1	1227338	1227339	29	0.6215
chr1	1227438	1227439	37	0.7347
chr1	1227533	1227534	21	0.7544
chr1	1227583	1227584	32	0.6472
chr1	1227666	1227667	27	0.7565
chr1	1227766	1227767	28	0.6451
chr1	1227850	1227851	29	0.6255
chr1	1227864	1227865	34	0.6741
chr1	1227908	1227909	32	0.8855
chr1	1227949	1227950	33	0.9827
chr1	1227976	1227977	32	0.8999
chr1	1227991	1227992	36	0.9617
chr1	1228018	1228019	28	0.9117
chr1	1228044	1228045	27	0.8367
chr1	1228065	1228066	33	0.8614
chr1	1228091	1228092	29	0.799
chr1	1228106	1228107	28	0.9638
chr1	1228156	1228157	27	0.7984
chr1	1228171	1228172	32	0.8819
chr1	1228188	1228189	25	0.9068
chr1	1228217	1228218	30	0.9887
chr1	1228238	1228239	29	0.8789
chr1	1228288	1228289	29	0.9072
chr1	1228329	1228330	29	0.9433
chr1	1228354	1228355	39	0.8832
chr1	1228374	1228375	33	0.7984
chr1	1228395	1228396	29	0.8725
chr1	1228410	1228411	27	0.9369
chr1	1228435	1228436	28	0.8731
chr1	1228458	1228459	33	0.8935
chr1	1228508	1228509	35	1.0
chr1	1228608	1228609	29	0.9809
chr1	1228666	1228667	32	0.9176
chr1	1228747	1228748	33	0.811
chr1	1228797	1228798	28	1.0
chr1	1228847	1228848	28	0.9882
chr1	1228912	1228913	25	0.8429
chr1	1228993	1228994	26	0.8598
chr1	1229023	1229024	27	0.9409
chr1	1229025	1229026	25	0.8212
chr1	1229030	1229031	27	0.7114
chr1	1229056	1229057	25	0.7382
chr1	1229103	1229104	35	0.8481
chr1	1229130	1229131	23	0.7498
chr1	1229180	1229181	27	0.8164
chr1	1229210	1229211	30	0.7631
chr1	1229228	1229229	34	0.6577
chr1	1229243	1229244	28	0.7524
chr1	1229259	1229260	34	0.8422
chr1	1229292	1229293	26	0.9503
chr1	1229342	1229343	34	0.9318
chr1	1229381	1229382	25	0.9033
chr1	1229412	1229413	27	0.7306
chr1	1229451	1229452	24	0.8705
chr1	1229485	1229486	40	0.7645
chr1	1229506	1229507	30	0.9077
chr1	1229588	1229589	24	0.8705
chr1	1229670	1229671	28	0.7116
chr1	1229766	1229767	27	0.7922
chr1	1229816	1229817	28	0.8415
chr1	1229916	1229917	24	0.8136
chr1	1230028	1230029	34	0.6958
chr1	1230098	1230099	31	0.8365
chr1	1230180	1230181	30	0.9431
chr1	1230266	1230267	13	0.8513
chr1	1230292	1230293	29	0.8537
chr1	1230354	1230355	32	0.7139
chr1	1230388	1230389	38	0.6018
chr1	1230438	1230439	30	0.5819
chr1	1230485	1230486	27	0.6751
chr1	1230532	1230533	36	0.6176
chr1	1230582	1230583	34	0.7045
chr1	1230610	1230611	35	0.7477
chr1	1230633	1230634	20	0.7666
chr1	1230648	1230649	31	0.4869
chr1	1230698	1230699	34	0.7255
chr1	1230719	1230720	32	0.6492
chr1	1230738	1230739	37	0.5633
chr1	1230758	1230759	34	0.5946
chr1	1230781	1230782	29	0.6713
chr1	1230796	1230797	27	0.6257
chr1	1230818	1230819	26	0.7039
chr1	1230918	1230919	22	0.6531
chr1	1231018	1231019	31	0.7618
chr1	1231110	1231111	30	0.6891
chr1	1231210	1231211	29	0.7022
chr1	1231266	1231267	31	0.7036
chr1	1231274	1231275	29	0.7325
chr1	1231310	1231311	36	0.724
chr1	1231354	1231355	33	0.6697
chr1	1231371	1231372	35	0.8618
chr1	1231409	1231410	36	0.8335
chr1	1231430	1231431	30	0.9424
chr1	1231454	1231455	27	0.7618
chr1	1231474	1231475	30	0.9069
chr1	1231502	1231503	26	0.8285
chr1	1231526	1231527	31	0.7385
chr1	1231565	1231566	29	0.8188
chr1	1231580	1231581	30	0.803
chr1	1231607	1231608	36	0.7415
chr1	1231639	1231640	23	0.8859
chr1	1231689	1231690	27	0.7612
chr1	1231725	1231726	32	0.817
chr1	1231744	1231745	30	0.8162
chr1	1231794	1231795	20	0.6397
chr1	1231797	1231798	30	0.8207
chr1	1231875	1231876	31	0.8785
chr1	1231964	1231965	33	0.8262
chr1	1232023	1232024	33	0.7014
chr1	1232073	1232074	32	0.8413
chr1	1232173	1232174	32	0.8512
chr1	1232269	1232270	33	0.805
chr1	1232279	1232280	22	0.8723
chr1	1232303	1232304	19	0.8145
chr1	1232319	1232320	30	0.7089
chr1	1232331	1232332	34	0.806
chr1	1232395	1232396	31	0.8579
chr1	1232493	1232494	30	0.8468
chr1	1232527	1232528	32	0.9614
chr1	1232531	1232532	29	0.6605
chr1	1232749	1232750	41	0.8513
chr1	1232785	1232786	37	0.6461
chr1	1232812	1232813	30	0.6513
chr1	1232844	1232845	28	0.7816
chr1	1232892	1232893	24	0.8148
chr1	1232919	1232920	33	0.6544
chr1	1232943	1232944	31	0.7703
chr1	1232967	1232968	28	0.7902
chr1	1233007	1233008	32	0.883
chr1	1233027	1233028	31	0.6605
chr1	1233056	1233057	35	0.7105
chr1	1233075	1233076	30	0.7459
chr1	1233096	1233097	27	0.7192
chr1	1233132	1233133	28	0.7582
chr1	1233178	1233179	34	0.7998
chr1	1233228	1233229	32	0.8154
chr1	1233254	1233255	31	0.8031
chr1	1233314	1233315	27	0.6979
chr1	1233364	1233365	35	0.82
chr1	1233414	1233415	33	0.7373
chr1	1233514	1233515	41	0.7698
chr1	1233614	1233615	23	0.6376
chr1	1233664	1233665	28	0.8222
chr1	1233696	1233697	27	0.6729
chr1	1233722	1233723	42	0.6185
chr1	1233766	1233767	30	0.165
chr1	1233781	1233782	37	0.0
chr1	1233805	1233806	30	0.0761
chr1	1233821	1233822	27	0.0518
chr1	1233844	1233845	32	0.0868
chr1	1233894	1233895	35	0.1019
chr1	1233928	1233929	26	0.1782
chr1	1233961	1233962	26	0.021
chr1	1234011	1234012	30	0.0868
chr1	1234031	1234032	38	0.2378
chr1	1234063	1234064	30	0.0599
chr1	1234082	1234083	20	0.0
chr1	1234109	1234110	34	0.0
chr1	1234139	1234140	40	0.0591
chr1	1234173	1234174	27	0.0668
chr1	1234223	1234224	26	0.1401
chr1	1234238	1234239	40	0.124
chr1	1234257	1234258	30	0.0844
chr1	1234269	1234270	31	0.2075
chr1	1234336	1234337	37	0.0946
chr1	1234386	1234387	30	0.07
chr1	1234486	1234487	30	0.0
chr1	1234586	1234587	26	0.167
chr1	1234686	1234687	32	0.0
chr1	1234736	1234737	34	0.0491
chr1	1234826	1234827	29	0.1184
chr1	1234837	1234838	26	0.877
chr1	1234864	1234865	36	0.9639
chr1	1234914	1234915	23	1.0
chr1	1234939	1234940	25	0.8538
chr1	1234957	1234958	38	0.9498
chr1	1234974	1234975	28	0.8999
chr1	1235023	1235024	42	0.9044
chr1	1235061	1235062	30	0.8483
chr1	1235111	1235112	22	0.9201
chr1	1235161	1235162	32	0.8578
chr1	1235176	1235177	23	0.8129
chr1	1235208	1235209	33	0.8964
chr1	1235235	1235236	35	0.9104
chr1	1235276	1235277	39	0.8404
chr1	1235306	1235307	31	0.8811
chr1	1235406	1235407	24	0.9619
chr1	1235506	1235507	31	0.8565
chr1	1235561	1235562	25	0.7997
chr1	1235661	1235662	27	1.0
chr1	1235758	1235759	36	0.9435
chr1	1235852	1235853	33	0.8997
chr1	1235864	1235865	35	0.8775
chr1	1235891	1235892	28	0.9666
chr1	1235941	1235942	22	1.0
chr1	1235964	1235965	28	0.8325
chr1	1235999	1236000	27	1.0
chr1	1236028	1236029	30	0.8065
chr1	1236063	1236064	32	0.8287
chr1	1236113	1236114	26	0.7867
chr1	1236163	1236164	28	0.8579
chr1	1236188	1236189	26	0.9602
chr1	1236209	1236210	23	0.8056
chr1	1236259	1236260	34	0.8903
chr1	1236309	1236310	34	0.9101
chr1	1236326	1236327	26	0.9987
chr1	1236352	1236353	20	0.9454
chr1	1236400	1236401	28	0.859
chr1	1236401	1236402	25	0.887
chr1	1236501	1236502	26	0.8785
chr1	1236551	1236552	21	0.9959
chr1	1236651	1236652	26	0.7397
chr1	1236718	1236719	22	0.9924
chr1	1236818	1236819	26	0.8193
chr1	1236918	1236919	28	0.8812
chr1	1236956	1236957	33	0.9787
chr1	1236965	1236966	29	0.9056
chr1	1237015	1237016	33	0.8953
chr1	1237039	1237040	29	0.7941
chr1	1237084	1237085	33	0.7959
chr1	1237114	1237115	36	0.7199
chr1	1237134	1237135	29	0.7501
chr1	1237149	1237150	36	0.666
chr1	1237175	1237176	31	0.8777
chr1	1237190	1237191	38	0.5342
chr1	1237215	1237216	31	0.8309
chr1	1237258	1237259	26	0.7484
chr1	1237308	1237309	22	0.8265
chr1	1237328	1237329	33	0.7165
chr1	1237378	1237379	35	0.614
chr1	1237421	1237422	20	0.828
chr1	1237460	1237461	31	0.7648
chr1	1237477	1237478	37	0.7108
chr1	1237528	1237529	30	0.7835
chr1	1237628	1237629	28	0.8113
chr1	1237728	1237729	30	0.7137
chr1	1237828	1237829	41	0.8242
chr1	1237878	1237879	37	0.637
chr1	1237978	1237979	29	0.8044
chr1	1238006	1238007	28	0.7271
chr1	1238008	1238009	24	0.8696
chr1	1238016	1238017	28	0.7728
chr1	1238068	1238069	33	0.7115
chr1	1238276	1238277	40	0.6538
chr1	1238308	1238309	25	0.6593
chr1	1238402	1238403	35	0.7873
chr1	1238426	1238427	27	0.9182
chr1	1238476	1238477	37	0.8295
chr1	1238499	1238500	39	0.8482
chr1	1238525	1238526	31	1.0
chr1	1238560	1238561	34	0.8628
chr1	1238575	1238576	36	0.7779
chr1	1238622	1238623	38	0.8147
chr1	1238667	1238668	31	0.9657
chr1	1238715	1238716	19	0.8923
chr1	1238740	1238741	40	0.7333
chr1	1238755	1238756	30	0.9193
chr1	1238774	1238775	31	0.941
chr1	1238817	1238818	45	0.8325
chr1	1238842	1238843	22	0.8722
chr1	1238892	1238893	33	0.9929
chr1	1238942	1238943	25	0.9327
chr1	1239028	1239029	30	0.9863
chr1	1239128	1239129	34	0.935
chr1	1239228	1239229	30	0.8763
chr1	1239254	1239255	28	0.846
chr1	1239324	1239325	32	0.7837
chr1	1239358	1239359	36	0.3597
chr1	1239408	1239409	29	0.2095
chr1	1239431	1239432	33	0.3191
chr1	1239462	1239463	31	0.3167
chr1	1239492	1239493	30	0.1993
chr1	1239512	1239513	25	0.2468
chr1	1239542	1239543	26	0.2146
chr1	1239592	1239593	24	0.1888
chr1	1239637	1239638	28	0.1604
chr1	1239672	1239673	27	0.3227
chr1	1239700	1239701	20	0.1579
chr1	1239721	1239722	34	0.131
chr1	1239758	1239759	31	0.1196
chr1	1239808	1239809	28	0.16
chr1	1239813	1239814	29	0.203
chr1	1239863	1239864	24	0.2716
chr1	1239963	1239964	24	0.3672
chr1	1240063	1240064	28	0.2321
chr1	1240163	1240164	24	0.1418
chr1	1240216	1240217	20	0.2876
chr1	1240226	1240227	31	0.1109
chr1	1240258	1240259	30	0.1772
chr1	1240305	1240306	35	0.1203
chr1	1240348	1240349	28	0.1117
chr1	1240365	1240366	32	0.1525
chr1	1240409	1240410	24	0.2454
chr1	1240433	1240434	33	0.2473
chr1	1240452	1240453	20	0.0539
chr1	1240477	1240478	27	0.0872
chr1	1240527	1240528	22	0.2053
chr1	1240577	1240578	30	0.1661
chr1	1240607	1240608	24	0.3025
chr1	1240625	1240626	34	0.1749
chr1	1240666	1240667	35	0.3542
chr1	1240682	1240683	24	0.1544
chr1	1240704	1240705	37	0.182
chr1	1240754	1240755	22	0.2131
chr1	1240780	1240781	31	0.1248
chr1	1240830	1240831	26	0.0839
chr1	1240831	1240832	19	0.1813
chr1	1240926	1240927	30	0.1113
chr1	1240976	1240977	26	0.2545
chr1	1241076	1241077	34	0.1008
chr1	1241145	1241146	32	0.3752
chr1	1241217	1241218	23	0.0878
chr1	1241274	1241275	29	0.2186
chr1	1241332	1241333	27	0.2943
chr1	1241366	1241367	34	0.3319
chr1	1241398	1241399	29	1.0
chr1	1241414	1241415	29	0.9628
chr1	1241452	1241453	32	0.9669
chr1	1241467	1241468	26	0.9709
chr1	1241501	1241502	35	0.8877
chr1	1241551	1241552	33	0.9482
chr1	1241590	1241591	29	1.0
chr1	1241605	1241606	34	0.8084
chr1	1241627	1241628	29	0.9682
chr1	1241646	1241647	24	0.9156
chr1	1241696	1241697	30	0.9095
chr1	1241723	1241724	28	0.918
chr1	1241742	1241743	36	0.932
chr1	1241759	1241760	28	0.9955
chr1	1241775	1241776	26	0.9657
chr1	1241791	1241792	30	1.0
chr1	1241841	1241842	27	0.9787
chr1	1241891	1241892	38	0.9829
chr1	1241909	1241910	29	0.9257
chr1	1241959	1241960	29	0.9054
chr1	1242022	1242023	33	0.8331
chr1	1242072	1242073	31	0.7268
chr1	1242142	1242143	34	1.0
chr1	1242242	1242243	27	1.0
chr1	1242342	1242343	23	0.8609
chr1	1242411	1242412	31	0.8245
chr1	1242473	1242474	24	0.8553
chr1	1242475	1242476	30	0.9071
chr1	1242481	1242482	36	0.6066
chr1	1242516	1242517	23	0.7325
chr1	1242562	1242563	40	0.7999
chr1	1242592	1242593	36	0.6961
chr1	1242607	1242608	35	0.6632
chr1	1242636	1242637	22	0.7028
chr1	1242654	1242655	19	0.63
chr1	1242688	1242689	34	0.6168
chr1	1242712	1242713	20	0.4969
chr1	1242746	1242747	35	0.5776
chr1	1242784	1242785	29	0.9063
chr1	1242806	1242807	19	0.6295
chr1	1242836	1242837	29	0.6117
chr1	1242856	1242857	29	0.7859
chr1	1242885	1242886	21	0.6417
chr1	1242904	1242905	28	0.6459
chr1	1242936	1242937	33	0.7005
chr1	1242968	1242969	28	0.7413
chr1	1242997	1242998	25	0.7708
chr1	1243040	1243041	41	0.7508
chr1	1243140	1243141	34	0.743
chr1	1243240	1243241	33	0.6837
chr1	1243338	1243339	28	0.8605
chr1	1243438	1243439	32	0.8837
chr1	1243538	1243539	28	0.8206
chr1	1243632	1243633	30	0.7498
chr1	1243646	1243647	39	0.7883
chr1	1243796	1243797	34	0.8448
chr1	1243898	1243899	29	0.7478
chr1	1243912	1243913	28	0.6436
chr1	1243958	1243959	18	0.8138
chr1	1243980	1243981	26	0.875
chr1	1244032	1244033	35	0.7026
chr1	1244066	1244067	26	0.8906
chr1	1244081	1244082	35	0.8066
chr1	1244099	1244100	31	0.6351
chr1	1244137	1244138	38	0.6747
chr1	1244174	1244175	28	0.9012
chr1	1244213	1244214	39	0.9058
chr1	1244247	1244248	26	0.6789
chr1	1244282	1244283	29	0.7473
chr1	1244329	1244330	32	0.8734
chr1	1244373	1244374	40	0.9281
chr1	1244389	1244390	26	0.7886
chr1	1244414	1244415	32	0.7534
chr1	1244440	1244441	34	0.9294
chr1	1244490	1244491	28	0.843
chr1	1244505	1244506	31	0.8935
chr1	1244540	1244541	37	0.8489
chr1	1244555	1244556	33	0.8684
chr1	1244599	1244600	27	0.8644
chr1	1244699	1244700	22	0.9023
chr1	1244799	1244800	29	0.8846
chr1	1244849	1244850	32	0.8338
chr1	1244928	1244929	35	0.6293
chr1	1244987	1244988	28	0.8901
chr1	1245087	1245088	23	0.8892
chr1	1245117	1245118	27	0.7577
chr1	1245127	1245128	30	0.2931
chr1	1245165	1245166	25	0.0988
chr1	1245190	1245191	33	0.0994
chr1	1245205	1245206	33	0.1823
chr1	1245240	1245241	37	0.3228
chr1	1245256	1245257	32	0.2367
chr1	1245306	1245307	31	0.1759
chr1	1245356	1245357	21	0.3251
chr1	1245378	1245379	28	0.0691
chr1	1245428	1245429	29	0.1831
chr1	1245473	1245474	34	0.1683
chr1	1245518	1245519	29	0.1462
chr1	1245534	1245535	28	0.1441
chr1	1245549	1245550	40	0.2363
chr1	1245599	1245600	27	0.1955
chr1	1245633	1245634	37	0.1917
chr1	1245655	1245656	30	0.2716
chr1	1245755	1245756	30	0.1215
chr1	1245855	1245856	37	0.2341
chr1	1245955	1245956	25	0.0235
chr1	1246055	1246056	32	0.3179
chr1	1246149	1246150	26	0.3341
chr1	1246185	1246186	27	0.0676
chr1	1246193	1246194	26	0.1833
chr1	1246257	1246258	32	0.1231
chr1	1246433	1246434	39	0.166
chr1	1246463	1246464	25	0.0765
chr1	1246517	1246518	29	0.2249
chr1	1246567	1246568	27	0.6439
chr1	1246583	1246584	34	0.8404
chr1	1246599	1246600	18	0.6855
chr1	1246620	1246621	33	0.8552
chr1	1246648	1246649	41	0.7562
chr1	1246663	1246664	27	0.6666
chr1	1246707	1246708	34	0.6847
chr1	1246757	1246758	17	0.5687
chr1	1246797	1246798	30	0.5913
chr1	1246847	1246848	25	0.7095
chr1	1246866	1246867	30	0.6032
chr1	1246907	1246908	32	0.7009
chr1	1246922	1246923	32	0.7834
chr1	1246937	1246938	35	0.6997
chr1	1246968	1246969	26	0.6368
chr1	1246985	1246986	21	0.7245
chr1	1247000	1247001	22	0.7392
chr1	1247030	1247031	26	0.8103
chr1	1247047	1247048	31	0.7156
chr1	1247147	1247148	25	0.7747
chr1	1247213	1247214	33	0.7768
chr1	1247313	1247314	36	0.8063
chr1	1247413	1247414	26	0.7868
chr1	1247513	1247514	29	0.6201
chr1	1247515	1247516	40	0.7702
chr1	1247579	1247580	24	0.8422
chr1	1247615	1247616	31	0.7365
chr1	1247651	1247652	26	0.7774
chr1	1247694	1247695	34	1.0
chr1	1247721	1247722	17	0.9744
chr1	1247761	1247762	33	0.8683
chr1	1247786	1247787	24	0.9345
chr1	1247811	1247812	35	0.9905
chr1	1247859	1247860	20	0.7332
chr1	1247891	1247892	35	0.929
chr1	1247941	1247942	35	0.9005
chr1	1247985	1247986	23	0.827
chr1	1248026	1248027	32	1.0
chr1	1248076	1248077	21	0.908
chr1	1248091	1248092	35	0.9246
chr1	1248191	1248192	22	0.7973
chr1	1248241	1248242	36	0.848
chr1	1248341	1248342	35	0.7931
chr1	1248391	1248392	27	0.8776
chr1	1248441	1248442	36	0.9659
chr1	1248493	1248494	32	0.7523
chr1	1248503	1248504	28	0.8978
chr1	1248530	1248531	29	0.1146
chr1	1248567	1248568	27	0.2728
chr1	1248586	1248587	25	0.1701
chr1	1248611	1248612	25	0.302
chr1	1248629	1248630	34	0.1221
chr1	1248673	1248674	29	0.0
chr1	1248715	1248716	30	0.2882
chr1	1248730	1248731	32	0.0862
chr1	1248765	1248766	39	0.2125
chr1	1248815	1248816	27	0.1815
chr1	1248836	1248837	19	0.3568
chr1	1248861	1248862	33	0.0
chr1	1248885	1248886	33	0.1264
chr1	1248916	1248917	27	0.0
chr1	1248940	1248941	19	0.2227
chr1	1248990	1248991	33	0.2205
chr1	1249090	1249091	28	0.0893
chr1	1249179	1249180	32	0.1276
chr1	1249279	1249280	25	0.1957
chr1	1249329	1249330	34	0.1574
chr1	1249371	1249372	27	0.0301
chr1	1249413	1249414	34	0.7905
chr1	1249443	1249444	36	0.6694
chr1	1249493	1249494	28	0.4926
chr1	1249519	1249520	22	0.5515
chr1	1249569	1249570	29	0.6685
chr1	1249594	1249595	23	0.5683
chr1	1249617	1249618	35	0.7402
chr1	1249667	1249668	34	0.7197
chr1	1249689	1249690	39	0.7224
chr1	1249723	1249724	31	0.7024
chr1	1249755	1249756	21	0.5346
chr1	1249784	1249785	31	0.7402
chr1	1249799	1249800	28	0.719
chr1	1249836	1249837	30	0.5971
chr1	1249881	1249882	29	0.7161
chr1	1249900	1249901	34	0.8639
chr1	1249934	1249935	34	0.719
chr1	1249999	1250000	27	0.8413
chr1	1250099	1250100	37	0.6364
chr1	1250199	1250200	29	0.6638
chr1	1250249	1250250	31	0.6465
chr1	1250349	1250350	21	0.656
chr1	1250415	1250416	42	0.5386
chr1	1250495	1250496	33	0.7794
chr1	1250504	1250505	32	0.8727
chr1	1250554	1250555	25	0.9316
chr1	1250574	1250575	26	0.8956
chr1	1250605	1250606	35	0.8896
chr1	1250626	1250627	37	0.8652
chr1	1250644	1250645	33	0.7916
chr1	1250684	1250685	39	0.8394
chr1	1250734	1250735	31	0.8247
chr1	1250771	1250772	34	0.8921
chr1	1250813	1250814	22	0.7962
chr1	1250828	1250829	39	0.7804
chr1	1250849	1250850	41	0.8132
chr1	1250899	1250900	26	0.8009
chr1	1250946	1250947	29	0.8639
chr1	1250991	1250992	37	0.6776
chr1	1251006	1251007	26	0.7332
chr1	1251106	1251107	27	0.8849
chr1	1251206	1251207	32	0.7696
chr1	1251306	1251307	35	0.8457
chr1	1251362	1251363	30	0.8807
chr1	1251426	1251427	27	0.7717
chr1	1251476	1251477	28	0.7348
chr1	1251484	1251485	23	0.7783
chr1	1251566	1251567	29	0.8871
chr1	1251596	1251597	27	0.9295
chr1	1251624	1251625	30	0.7545
chr1	1251806	1251807	33	0.8472
chr1	1251860	1251861	29	0.8882
chr1	1251964	1251965	34	0.8762
chr1	1253083	1253084	38	0.6697
chr1	1253105	1253106	29	0.9444
chr1	1253152	1253153	20	0.8385
chr1	1253167	1253168	34	0.8487
chr1	1253195	1253196	27	0.8395
chr1	1253222	1253223	26	0.9279
chr1	1253237	1253238	21	0.7872
chr1	1253260	1253261	26	0.6764
chr1	1253275	1253276	30	0.7577
chr1	1253299	1253300	36	0.7462
chr1	1253328	1253329	30	0.7752
chr1	1253371	1253372	31	0.5874
chr1	1253410	1253411	33	0.8613
chr1	1253458	1253459	27	0.6368
chr1	1253508	1253509	38	0.6826
chr1	1253531	1253532	33	0.803
chr1	1253581	1253582	36	0.878
chr1	1253585	1253586	22	0.6633
chr1	1253685	1253686	36	0.8445
chr1	1253785	1253786	30	0.7109
chr1	1253885	1253886	26	0.5924
chr1	1253985	1253986	29	0.6687
chr1	1254085	1254086	29	0.5541
chr1	1254283	1254284	28	0.8811
chr1	1254293	1254294	33	0.8052
chr1	1254399	1254400	34	0.6518
chr1	1254473	1254474	26	0.7804
chr1	1254539	1254540	32	0.6601
chr1	1254546	1254547	29	0.1551
chr1	1254577	1254578	25	0.0
chr1	1254592	1254593	27	0.0139
chr1	1254619	1254620	28	0.0692
chr1	1254634	1254635	30	0.0
chr1	1254651	1254652	34	0.0215
chr1	1254681	1254682	32	0.0
chr1	1254701	1254702	20	0.0145
chr1	1254751	1254752	18	0.1287
chr1	1254792	1254793	28	0.0
chr1	1254823	1254824	33	0.0092
chr1	1254866	1254867	25	0.1291
chr1	1254881	1254882	39	0.0
chr1	1254896	1254897	32	0.1175
chr1	1254919	1254920	30	0.0526
chr1	1254944	1254945	37	0.0306
chr1	1254994	1254995	28	0.0834
chr1	1255022	1255023	31	0.0652
chr1	1255056	1255057	35	0.0836
chr1	1255156	1255157	33	0.0085
chr1	1255206	1255207	30	0.0
chr1	1255306	1255307	32	0.0462
chr1	1255406	1255407	30	0.0405
chr1	1255474	1255475	32	0.1457
chr1	1255602	1255603	23	0.0933
chr1	1255638	1255639	42	0.1882
chr1	1255646	1255647	27	0.143
chr1	1255866	1255867	32	0.0506
chr1	1255954	1255955	30	0.0112
chr1	1255958	1255959	23	0.0518
chr1	1255972	1255973	36	0.0852
chr1	1256007	1256008	32	0.9321
chr1	1256032	1256033	31	0.5609
chr1	1256082	1256083	26	0.9985
chr1	1256132	1256133	31	0.7729
chr1	1256152	1256153	31	0.9384
chr1	1256202	1256203	23	0.6424
chr1	1256235	1256236	27	0.9523
chr1	1256269	1256270	22	0.6343
chr1	1256294	1256295	27	0.8235
chr1	1256330	1256331	22	0.582
chr1	1256351	1256352	28	0.8132
chr1	1256375	1256376	25	0.8561
chr1	1256417	1256418	36	0.5527
chr1	1256452	1256453	38	0.8444
chr1	1256502	1256503	24	0.6442
chr1	1256519	1256520	28	0.7954
chr1	1256603	1256604	31	0.7452
chr1	1256675	1256676	28	0.6022
chr1	1256769	1256770	29	0.8439
chr1	1256869	1256870	28	0.5251
chr1	1256969	1256970	32	0.8905
chr1	1257109	1257110	35	0.9315
chr1	1257123	1257124	31	0.9791
chr1	1257173	1257174	28	0.9523
chr1	1257223	1257224	37	0.997
chr1	1257243	1257244	35	0.9158
chr1	1257293	1257294	35	0.9082
chr1	1257341	1257342	32	0.9185
chr1	1257374	1257375	36	1.0
chr1	1257407	1257408	35	0.8244
chr1	1257447	1257448	31	0.8789
chr1	1257497	1257498	34	0.8797
chr1	1257526	1257527	34	0.842
chr1	1257545	1257546	20	0.8537
chr1	1257587	1257588	30	0.9165
chr1	1257623	1257624	23	0.9593
chr1	1257655	1257656	23	0.883
chr1	1257668	1257669	30	0.9557
chr1	1257768	1257769	30	0.9872
chr1	1257837	1257838	29	0.8802
chr1	1257887	1257888	32	0.8469
chr1	1257938	1257939	27	0.9522
chr1	1257989	1257990	27	0.8242
chr1	1258089	1258090	24	0.8913
chr1	1258175	1258176	28	0.9441
chr1	1258185	1258186	21	0.8339
chr1	1258214	1258215	44	0.5245
chr1	1258250	1258251	31	0.6165
chr1	1258281	1258282	29	0.5176
chr1	1258299	1258300	34	0.5016
chr1	1258317	1258318	24	0.6682
chr1	1258338	1258339	33	0.6277
chr1	1258371	1258372	28	0.5699
chr1	1258395	1258396	32	0.5682
chr1	1258410	1258411	29	0.7155
chr1	1258460	1258461	29	0.6908
chr1	1258483	1258484	34	0.765
chr1	1258512	1258513	29	0.5969
chr1	1258538	1258539	33	0.6313
chr1	1258553	1258554	28	0.8058
chr1	1258568	1258569	28	0.5363
chr1	1258587	1258588	25	0.7058
chr1	1258620	1258621	43	0.6764
chr1	1258646	1258647	45	0.5149
chr1	1258670	1258671	29	0.571
chr1	1258686	1258687	20	0.7019
chr1	1258708	1258709	20	0.6791
chr1	1258723	1258724	39	0.6337
chr1	1258758	1258759	27	0.5258
chr1	1258770	1258771	33	0.7038
chr1	1258870	1258871	28	0.738
chr1	1258946	1258947	29	0.7396
chr1	1259046	1259047	26	0.5239
chr1	1259096	1259097	34	0.6663
chr1	1259196	1259197	35	0.5367
chr1	1259296	1259297	30	0.7039
chr1	1259374	1259375	37	0.6482
chr1	1259376	1259377	34	0.6673
chr1	1259411	1259412	31	0.4531
chr1	1259426	1259427	30	0.6924
chr1	1259472	1259473	33	0.518
chr1	1259494	1259495	31	1.0
chr1	1259533	1259534	29	0.6965
chr1	1259554	1259555	35	0.5881
chr1	1259572	1259573	29	0.455
chr1	1259622	1259623	21	0.6132
chr1	1259637	1259638	29	1.0
chr1	1259664	1259665	29	0.7647
chr1	1259689	1259690	29	0.6263
chr1	1259717	1259718	27	0.6151
chr1	1259744	1259745	32	0.7872
chr1	1259794	1259795	25	0.3786
chr1	1259829	1259830	31	1.0
chr1	1259855	1259856	29	0.256
chr1	1259870	1259871	26	0.477
chr1	1259877	1259878	28	0.4369
chr1	1259928	1259929	35	0.387
chr1	1260017	1260018	38	0.351
chr1	1260067	1260068	33	0.362
chr1	1260155	1260156	33	1.0
chr1	1260255	1260256	28	0.5828
chr1	1260285	1260286	25	1.0
chr1	1260347	1260348	33	1.0
chr1	1260381	1260382	24	0.1972
chr1	1260396	1260397	37	0.1909
chr1	1260422	1260423	28	0.1982
chr1	1260437	1260438	32	0.0879
chr1	1260453	1260454	25	0.2792
chr1	1260472	1260473	35	0.1937
chr1	1260522	1260523	38	0.3123
chr1	1260572	1260573	35	0.1335
chr1	1260587	1260588	26	0.2311
chr1	1260633	1260634	36	0.0447
chr1	1260654	1260655	28	0.2925
chr1	1260704	1260705	33	0.2554
chr1	1260754	1260755	38	0.3171
chr1	1260787	1260788	28	0.2365
chr1	1260810	1260811	27	0.0349
chr1	1260860	1260861	31	0.148
chr1	1260901	1260902	26	0.1929
chr1	1260909	1260910	28	0.2719
chr1	1261009	1261010	28	0.0118
chr1	1261109	1261110	25	0.2394
chr1	1261190	1261191	29	0.0909
chr1	1261282	1261283	37	0.0999
chr1	1261360	1261361	26	0.3232
chr1	1261440	1261441	26	0.3241
chr1	1261458	1261459	37	0.9364
chr1	1261505	1261506	24	0.9333
chr1	1261544	1261545	33	0.9415
chr1	1261566	1261567	29	1.0
chr1	1261616	1261617	37	1.0
chr1	1261647	1261648	29	0.9004
chr1	1261666	1261667	30	0.9444
chr1	1261690	1261691	34	0.9328
chr1	1261713	1261714	21	0.8855
chr1	1261763	1261764	32	0.9968
chr1	1261789	1261790	27	0.9439
chr1	1261824	1261825	29	0.8769
chr1	1261850	1261851	31	0.8387
chr1	1261885	1261886	27	0.8712
chr1	1261935	1261936	27	0.9649
chr1	1261959	1261960	34	0.9692
chr1	1262009	1262010	40	0.9854
chr1	1262031	1262032	26	0.8104
chr1	1262131	1262132	26	0.9055
chr1	1262231	1262232	21	0.8146
chr1	1262310	1262311	31	0.9158
chr1	1262410	1262411	30	0.7911
chr1	1262510	1262511	33	1.0
chr1	1262589	1262590	27	0.9138
chr1	1262623	1262624	36	0.8807
chr1	1262665	1262666	32	0.8808
chr1	1262679	1262680	27	0.5459
chr1	1262703	1262704	40	0.7897
chr1	1262727	1262728	31	0.8919
chr1	1262749	1262750	35	0.6822
chr1	1262790	1262791	36	0.724
chr1	1262824	1262825	22	0.7342
chr1	1262848	1262849	38	0.6598
chr1	1262898	1262899	24	0.7143
chr1	1262936	1262937	37	0.8182
chr1	1262963	1262964	35	0.662
chr1	1262978	1262979	26	0.8028
chr1	1263010	1263011	36	0.7733
chr1	1263029	1263030	37	0.6828
chr1	1263049	1263050	32	0.8239
chr1	1263088	1263089	23	0.6023
chr1	1263110	1263111	28	0.7475
chr1	1263140	1263141	30	0.7301
chr1	1263163	1263164	29	0.6515
chr1	1263188	1263189	29	0.799
chr1	1263205	1263206	30	0.8343
chr1	1263214	1263215	32	0.6718
chr1	1263314	1263315	27	0.6506
chr1	1263382	1263383	32	0.8295
chr1	1263470	1263471	28	0.5263
chr1	1263570	1263571	32	0.5838
chr1	1263640	1263641	27	0.8014
chr1	1263711	1263712	20	0.6156
chr1	1263733	1263734	25	0.8288
chr1	1263785	1263786	34	0.7391
chr1	1263795	1263796	19	0.7827
chr1	1263815	1263816	23	0.8653
chr1	1263840	1263841	28	0.8124
chr1	1263865	1263866	37	0.8967
chr1	1263889	1263890	25	0.6906
chr1	1263923	1263924	26	0.7825
chr1	1263942	1263943	31	0.7872
chr1	1263964	1263965	37	0.7917
chr1	1264009	1264010	25	0.692
chr1	1264034	1264035	26	0.8524
chr1	1264062	1264063	27	0.7939
chr1	1264078	1264079	28	0.7952
chr1	1264100	1264101	24	0.8239
chr1	1264132	1264133	25	0.6324
chr1	1264148	1264149	30	0.9225
chr1	1264166	1264167	48	0.7958
chr1	1264181	1264182	34	0.7521
chr1	1264196	1264197	26	0.7888
chr1	1264224	1264225	27	0.8487
chr1	1264256	1264257	28	0.9609
chr1	1264275	1264276	17	0.8389
chr1	1264293	1264294	28	0.8787
chr1	1264343	1264344	38	0.8542
chr1	1264438	1264439	24	0.6902
chr1	1264523	1264524	27	0.7087
chr1	1264623	1264624	34	0.7815
chr1	1264673	1264674	33	0.9693
chr1	1264723	1264724	27	0.7888
chr1	1264823	1264824	26	0.6386
chr1	1264847	1264848	38	0.8202
chr1	1265041	1265042	26	0.7907
chr1	1265071	1265072	27	0.8018
chr1	1265169	1265170	22	0.789
chr1	1265179	1265180	27	0.2104
chr1	1265204	1265205	30	0.1937
chr1	1265223	1265224	33	0.2786
chr1	1265239	1265240	36	0.2263
chr1	1265265	1265266	26	0.2055
chr1	1265286	1265287	21	0.1984
chr1	1265329	1265330	33	0.2394
chr1	1265359	1265360	35	0.3272
chr1	1265382	1265383	33	0.2398
chr1	1265432	1265433	28	0.2146
chr1	1265477	1265478	35	0.2048
chr1	1265492	1265493	30	0.2349
chr1	1265514	1265515	28	0.2925
chr1	1265560	1265561	24	0.0931
chr1	1265599	1265600	28	0.3518
chr1	1265633	1265634	34	0.2138
chr1	1265665	1265666	29	0.382
chr1	1265677	1265678	28	0.2242
chr1	1265777	1265778	37	0.1494
chr1	1265877	1265878	32	0.2715
chr1	1265977	1265978	33	0.2005
chr1	1266027	1266028	23	0.1712
chr1	1266127	1266128	31	0.1217
chr1	1266161	1266162	35	0.0983
chr1	1266301	1266302	27	0.2639
chr1	1266333	1266334	17	0.132
chr1	1266407	1266408	30	0.337
chr1	1266423	1266424	28	0.1224
chr1	1266461	1266462	28	0.1468
chr1	1266567	1266568	19	0.2107
chr1	1266582	1266583	25	0.4349
chr1	1266611	1266612	31	0.6307
chr1	1266639	1266640	32	0.5329
chr1	1266655	1266656	30	0.5384
chr1	1266705	1266706	29	0.5137
chr1	1266748	1266749	31	0.5247
chr1	1266765	1266766	31	0.6229
chr1	1266815	1266816	32	0.509
chr1	1266860	1266861	33	0.5655
chr1	1266893	1266894	27	0.5175
chr1	1266908	1266909	26	0.5752
chr1	1266958	1266959	26	0.5507
chr1	1266983	1266984	24	0.6393
chr1	1266999	1267000	32	0.5101
chr1	1267042	1267043	31	0.7262
chr1	1267073	1267074	34	0.5619
chr1	1267160	1267161	32	0.4961
chr1	1267210	1267211	32	0.5133
chr1	1267305	1267306	32	0.7496
chr1	1267355	1267356	33	0.5773
chr1	1267455	1267456	30	0.3837
chr1	1267555	1267556	18	0.5154
chr1	1267601	1267602	40	0.4602
chr1	1267646	1267647	29	0.8079
chr1	1267674	1267675	28	0.9772
chr1	1267695	1267696	35	0.8167
chr1	1267711	1267712	29	0.8956
chr1	1267757	1267758	31	1.0
chr1	1267781	1267782	36	0.9084
chr1	1267808	1267809	27	0.9187
chr1	1267823	1267824	32	0.8233
chr1	1267838	1267839	30	0.9367
chr1	1267866	1267867	28	0.8776
chr1	1267882	1267883	24	0.8372
chr1	1267910	1267911	36	0.8594
chr1	1267930	1267931	36	0.9576
chr1	1267956	1267957	25	0.8291
chr1	1267990	1267991	29	0.8647
chr1	1268040	1268041	33	0.8054
chr1	1268055	1268056	30	0.9312
chr1	1268072	1268073	30	0.9207
chr1	1268103	1268104	24	0.7429
chr1	1268104	1268105	24	0.9932
chr1	1268154	1268155	31	0.8769
chr1	1268248	1268249	28	0.8476
chr1	1268348	1268349	33	1.0
chr1	1268448	1268449	23	0.8662
chr1	1268511	1268512	23	0.925
chr1	1268545	1268546	28	0.8985
chr1	1268587	1268588	24	0.921
chr1	1268600	1268601	32	0.9111
chr1	1268618	1268619	33	0.8581
chr1	1268652	1268653	31	0.6857
chr1	1268674	1268675	23	0.7332
chr1	1268701	1268702	26	0.7884
chr1	1268733	1268734	35	0.9078
chr1	1268783	1268784	24	0.7959
chr1	1268810	1268811	20	0.6898
chr1	1268825	1268826	27	0.8002
chr1	1268858	1268859	29	0.8293
chr1	1268881	1268882	32	0.9789
chr1	1268910	1268911	38	0.8929
chr1	1268930	1268931	33	0.7435
chr1	1268958	1268959	31	0.6708
chr1	1269008	1269009	26	0.8128
chr1	1269058	1269059	26	0.7746
chr1	1269075	1269076	30	0.737
chr1	1269089	1269090	30	0.7878
chr1	1269189	1269190	24	0.7771
chr1	1269289	1269290	31	0.7848
chr1	1269389	1269390	33	0.8318
chr1	1269489	1269490	24	0.6473
chr1	1269541	1269542	34	0.755
chr1	1269568	1269569	20	0.6977
chr1	1269587	1269588	27	0.9392
chr1	1269609	1269610	28	0.7476
chr1	1269659	1269660	20	0.7725
chr1	1269684	1269685	33	0.8656
chr1	1269724	1269725	34	0.8438
chr1	1269774	1269775	25	0.8638
chr1	1269801	1269802	24	0.8122
chr1	1269823	1269824	31	0.6844
chr1	1269839	1269840	36	0.7495
chr1	1269859	1269860	25	0.8177
chr1	1269874	1269875	25	0.6572
chr1	1269896	1269897	28	0.788
chr1	1269926	1269927	28	0.87
chr1	1269956	1269957	28	0.847
chr1	1269984	1269985	37	0.9551
chr1	1270001	1270002	29	0.9313
chr1	1270016	1270017	29	0.7786
chr1	1270021	1270022	37	0.8639
chr1	1270121	1270122	38	0.8386
chr1	1270211	1270212	29	0.8187
chr1	1270302	1270303	28	0.8899
chr1	1270352	1270353	28	0.8802
chr1	1270431	1270432	27	0.9194
chr1	1270451	1270452	18	0.8416
chr1	1270499	1270500	35	0.761
chr1	1270505	1270506	28	0.9126
chr1	1270547	1270548	25	0.809
chr1	1270583	1270584	32	1.0
chr1	1270602	1270603	31	1.0
chr1	1270619	1270620	25	0.9297
chr1	1270638	1270639	37	0.9589
chr1	1270653	1270654	21	0.9293
chr1	1270668	1270669	34	1.0
chr1	1270685	1270686	29	0.8399
chr1	1270706	1270707	29	0.9261
chr1	1270746	1270747	34	1.0
chr1	1270796	1270797	33	0.9839
chr1	1270846	1270847	39	0.9004
chr1	1270872	1270873	23	0.9277
chr1	1270889	1270890	32	0.978
chr1	1270939	1270940	38	1.0
chr1	1270954	1270955	20	0.9421
chr1	1270983	1270984	30	1.0
chr1	1271018	1271019	18	0.9591
chr1	1271048	1271049	29	0.9278
chr1	1271098	1271099	29	0.8906
chr1	1271114	1271115	27	0.8715
chr1	1271172	1271173	33	0.8895
chr1	1271272	1271273	27	1.0
chr1	1271355	1271356	23	1.0
chr1	1271455	1271456	27	0.9013
chr1	1271555	1271556	24	0.983
chr1	1271655	1271656	28	0.9299
chr1	1271711	1271712	31	0.9305
chr1	1271753	1271754	29	0.8959
chr1	1271829	1271830	35	0.8638
chr1	1271907	1271908	23	0.8117
chr1	1271941	1271942	30	0.8757
chr1	1272013	1272014	35	0.9781
chr1	1272079	1272080	19	0.9495
