chr	start	end	CpG_count	treatment_methylation	control_methylation	mean_delta_methylation	category
chr1	100047	101013	24	0.216	0.166	0.05	non-DMR
chr1	101120	102141	23	0.586	0.771	-0.186	notable-DMR
chr1	102249	103101	18	0.671	0.711	-0.04	non-DMR
chr1	103198	104136	22	0.405	0.727	-0.322	good-DMR
chr1	104603	105605	23	0.357	0.647	-0.291	good-DMR
chr1	106067	106990	24	0.812	0.863	-0.051	non-DMR
chr1	107091	108084	25	0.543	0.65	-0.107	sub-DMR
chr1	108305	109142	22	0.522	0.842	-0.32	good-DMR
chr1	109621	110554	24	0.709	0.749	-0.04	non-DMR
chr1	110643	111415	18	0.864	0.914	-0.05	non-DMR
chr1	111500	112541	27	0.168	0.127	0.042	non-DMR
chr1	112627	113515	22	0.784	0.825	-0.042	non-DMR
chr1	113591	114481	23	0.769	0.81	-0.041	non-DMR
chr1	114568	115486	23	0.843	0.883	-0.04	non-DMR
chr1	115579	116495	21	0.822	0.869	-0.047	non-DMR
chr1	116578	117476	21	0.705	0.784	-0.079	inconsistent-DMR
chr1	117597	118472	20	0.151	0.109	0.042	non-DMR
chr1	118568	119718	26	0.755	0.787	-0.032	non-DMR
chr1	119809	120720	22	0.177	0.138	0.039	non-DMR
chr1	120794	121494	18	0.605	0.856	-0.251	good-DMR
chr1	121958	122796	22	0.262	0.221	0.041	non-DMR
chr1	122893	123909	22	0.134	0.091	0.043	non-DMR
chr1	124015	124948	21	0.68	0.782	-0.102	sub-DMR
chr1	125402	126557	28	0.385	0.712	-0.327	good-DMR
chr1	126940	127967	25	0.102	0.064	0.037	non-DMR
chr1	128037	129048	23	0.636	0.673	-0.038	non-DMR
chr1	129099	130161	23	0.676	0.779	-0.103	sub-DMR
chr1	130665	131521	20	0.687	0.8	-0.114	sub-DMR
chr1	132020	132841	19	0.179	0.14	0.038	non-DMR
chr1	132881	133782	22	0.695	0.733	-0.038	non-DMR
chr1	133894	134635	17	0.787	0.819	-0.033	non-DMR
chr1	134725	135654	21	0.41	0.686	-0.277	notable-DMR
chr1	135743	136827	25	0.836	0.873	-0.036	non-DMR
chr1	136858	137934	26	0.714	0.755	-0.041	non-DMR
chr1	138022	138865	17	0.562	0.602	-0.039	non-DMR
chr1	138945	139810	20	0.59	0.632	-0.042	non-DMR
chr1	139944	140881	22	0.877	0.915	-0.037	non-DMR
chr1	140986	142053	26	0.583	0.847	-0.263	good-DMR
chr1	142559	143307	21	0.708	0.748	-0.04	non-DMR
chr1	143350	144313	20	0.668	0.712	-0.044	non-DMR
chr1	145672	146904	29	0.819	0.866	-0.047	non-DMR
chr1	147010	147941	21	0.693	0.736	-0.043	non-DMR
chr1	148035	149154	29	0.622	0.723	-0.101	sub-DMR
chr1	149667	150637	24	0.846	0.886	-0.04	non-DMR
chr1	150667	151743	24	0.621	0.776	-0.155	good-DMR
chr1	153298	154367	24	0.374	0.23	0.144	good-DMR
chr1	154875	155651	18	0.474	0.437	0.037	non-DMR
chr1	155769	156744	25	0.486	0.529	-0.043	non-DMR
chr1	156888	157849	25	0.105	0.06	0.044	non-DMR
chr1	157938	158759	22	0.891	0.586	0.305	good-DMR
chr1	159240	160297	24	0.324	0.143	0.181	good-DMR
chr1	160812	161637	20	0.877	0.911	-0.034	non-DMR
chr1	161708	162566	22	0.473	0.75	-0.277	good-DMR
chr1	162781	163801	26	0.407	0.727	-0.32	good-DMR
chr1	164273	165191	19	0.808	0.833	-0.025	non-DMR
chr1	165322	166183	22	0.763	0.798	-0.035	non-DMR
chr1	166311	167204	21	0.812	0.849	-0.037	non-DMR
chr1	167315	168423	26	0.178	0.135	0.043	non-DMR
chr1	168534	169464	25	0.711	0.75	-0.039	non-DMR
chr1	169508	170510	25	0.499	0.736	-0.237	good-DMR
chr1	170997	171788	19	0.755	0.802	-0.046	non-DMR
chr1	171855	172874	23	0.676	0.835	-0.16	good-DMR
chr1	173187	174033	21	0.533	0.829	-0.296	good-DMR
chr1	174526	175496	22	0.474	0.17	0.304	good-DMR
chr1	175967	177019	24	0.764	0.866	-0.102	sub-DMR
chr1	177541	178649	23	0.615	0.6	0.015	inconsistent-DMR
chr1	178822	179808	24	0.779	0.822	-0.043	non-DMR
chr1	179874	180737	21	0.87	0.904	-0.035	non-DMR
chr1	180828	181857	25	0.196	0.155	0.041	non-DMR
chr1	181948	182822	24	0.71	0.757	-0.047	non-DMR
chr1	182833	183858	24	0.589	0.844	-0.255	good-DMR
chr1	184354	185258	25	0.742	0.844	-0.102	sub-DMR
chr1	185764	186832	25	0.543	0.737	-0.194	good-DMR
chr1	187307	188330	20	0.854	0.891	-0.038	non-DMR
chr1	188353	189249	24	0.324	0.064	0.26	good-DMR
chr1	189694	190673	23	0.753	0.857	-0.103	sub-DMR
chr1	191189	192135	24	0.635	0.671	-0.037	inconsistent-DMR
chr1	192255	193125	21	0.78	0.816	-0.036	non-DMR
chr1	193246	194194	23	0.148	0.109	0.039	non-DMR
chr1	194259	195286	23	0.553	0.592	-0.039	non-DMR
chr1	195367	196490	27	0.533	0.81	-0.277	good-DMR
chr1	196985	197977	25	0.744	0.845	-0.101	sub-DMR
chr1	198428	199298	23	0.201	0.171	0.031	non-DMR
chr1	199331	200539	30	0.624	0.658	-0.034	non-DMR
chr1	200639	201661	25	0.16	0.084	0.076	inconsistent-DMR
chr1	201853	202852	27	0.56	0.811	-0.25	good-DMR
chr1	203294	204275	22	0.829	0.866	-0.038	non-DMR
chr1	205531	206581	24	0.536	0.886	-0.35	good-DMR
chr1	207036	208188	31	0.605	0.579	0.026	inconsistent-DMR
chr1	208285	209216	23	0.719	0.759	-0.04	non-DMR
chr1	209263	210131	21	0.715	0.755	-0.04	non-DMR
chr1	210224	211424	27	0.712	0.756	-0.044	non-DMR
chr1	211543	212488	24	0.269	0.236	0.033	non-DMR
chr1	212572	213561	24	0.669	0.715	-0.046	non-DMR
chr1	213666	214814	27	0.751	0.788	-0.038	non-DMR
chr1	214873	215703	20	0.747	0.778	-0.031	non-DMR
chr1	215810	216731	24	0.34	0.312	0.028	inconsistent-DMR
chr1	216832	217840	25	0.702	0.744	-0.042	non-DMR
chr1	217955	218989	23	0.465	0.472	-0.007	inconsistent-DMR
chr1	219037	220071	21	0.485	0.737	-0.252	good-DMR
chr1	220488	221497	26	0.318	0.132	0.186	good-DMR
chr1	222012	223073	23	0.612	0.651	-0.039	non-DMR
chr1	224138	225256	25	0.64	0.686	-0.045	non-DMR
chr1	225350	226204	21	0.544	0.754	-0.209	good-DMR
chr1	226708	227753	24	0.756	0.797	-0.041	non-DMR
chr1	227826	228716	23	0.835	0.875	-0.04	non-DMR
chr1	228768	229746	21	0.734	0.774	-0.039	non-DMR
chr1	229839	230940	27	0.105	0.056	0.049	non-DMR
chr1	230965	232163	29	0.154	0.11	0.043	non-DMR
chr1	232218	233054	20	0.393	0.146	0.247	good-DMR
chr1	233549	234475	23	0.565	0.73	-0.165	good-DMR
chr1	235002	236043	25	0.793	0.831	-0.038	non-DMR
chr1	236134	237168	25	0.601	0.652	-0.051	non-DMR
chr1	237229	238280	25	0.395	0.643	-0.249	notable-DMR
chr1	238391	239347	23	0.184	0.145	0.038	non-DMR
chr1	239406	240482	24	0.491	0.598	-0.108	sub-DMR
chr1	241009	241865	20	0.384	0.344	0.04	non-DMR
chr1	241969	242958	24	0.813	0.853	-0.041	non-DMR
chr1	243053	244100	25	0.621	0.664	-0.044	non-DMR
chr1	244183	245217	27	0.376	0.085	0.291	good-DMR
chr1	245536	246488	23	0.282	0.178	0.104	sub-DMR
chr1	247002	248047	24	0.74	0.775	-0.035	non-DMR
chr1	248138	249184	21	0.605	0.65	-0.044	non-DMR
chr1	249220	250272	25	0.493	0.184	0.309	good-DMR
chr1	250776	251786	22	0.655	0.932	-0.277	good-DMR
chr1	252260	253096	20	0.444	0.179	0.265	good-DMR
chr1	253589	254644	26	0.125	0.081	0.043	non-DMR
chr1	254736	255858	27	0.341	0.073	0.269	good-DMR
chr1	256374	257331	26	0.754	0.803	-0.048	non-DMR
chr1	257422	258367	21	0.267	0.164	0.103	sub-DMR
chr1	258883	259847	28	0.837	0.879	-0.041	non-DMR
chr1	259949	260880	19	0.821	0.869	-0.047	non-DMR
chr1	260983	261982	26	0.432	0.725	-0.294	good-DMR
chr1	262447	263488	25	0.73	0.776	-0.046	non-DMR
chr1	263591	264509	20	0.675	0.707	-0.033	non-DMR
chr1	264638	265686	24	0.896	0.935	-0.039	non-DMR
chr1	265781	266725	26	0.467	0.711	-0.244	good-DMR
chr1	267257	268261	26	0.816	0.853	-0.037	non-DMR
chr1	268357	269252	22	0.38	0.341	0.039	non-DMR
chr1	269345	270235	19	0.541	0.815	-0.273	notable-DMR
chr1	270294	271224	23	0.695	0.74	-0.045	non-DMR
chr1	271295	272378	28	0.257	0.026	0.231	good-DMR
chr1	272861	273794	21	0.637	0.68	-0.042	non-DMR
chr1	273843	274908	29	0.721	0.901	-0.18	good-DMR
chr1	275338	276263	23	0.506	0.775	-0.268	good-DMR
chr1	276758	277637	19	0.23	0.123	0.106	sub-DMR
chr1	278101	278977	18	0.458	0.723	-0.265	good-DMR
chr1	279305	280315	26	0.501	0.715	-0.214	good-DMR
chr1	280790	281720	21	0.626	0.662	-0.036	non-DMR
chr1	281833	282700	22	0.756	0.797	-0.04	non-DMR
chr1	282729	283670	24	0.574	0.823	-0.249	good-DMR
chr1	284154	284957	19	0.632	0.883	-0.251	good-DMR
chr1	285466	286461	25	0.698	0.742	-0.044	non-DMR
chr1	286524	287433	21	0.235	0.197	0.038	non-DMR
chr1	287488	288561	25	0.569	0.847	-0.278	good-DMR
chr1	288717	289562	20	0.458	0.801	-0.343	good-DMR
chr1	290098	290922	20	0.657	0.699	-0.042	non-DMR
chr1	290976	291825	20	0.132	0.084	0.048	non-DMR
chr1	291929	292762	18	0.653	0.688	-0.035	non-DMR
chr1	292815	293808	23	0.401	0.181	0.221	good-DMR
chr1	294335	295420	29	0.868	0.909	-0.041	non-DMR
chr1	295516	296389	20	0.754	0.791	-0.037	non-DMR
chr1	296470	297322	22	0.126	0.091	0.035	non-DMR
chr1	297339	298435	25	0.53	0.781	-0.251	good-DMR
chr1	298902	299883	24	0.637	0.675	-0.037	non-DMR
chr1	299942	301102	25	0.685	0.728	-0.043	non-DMR
chr1	301180	302072	22	0.502	0.541	-0.038	non-DMR
chr1	302123	303094	24	0.527	0.223	0.305	good-DMR
chr1	303439	304367	21	0.812	0.851	-0.04	non-DMR
chr1	304447	305430	20	0.283	0.24	0.043	non-DMR
chr1	305492	306471	25	0.754	0.795	-0.041	non-DMR
chr1	306562	307581	28	0.345	0.297	0.048	non-DMR
chr1	307668	308719	27	0.253	0.21	0.043	non-DMR
chr1	308804	309803	24	0.647	0.754	-0.107	sub-DMR
chr1	310215	311174	24	0.71	0.929	-0.219	good-DMR
chr1	311563	312455	23	0.201	0.098	0.103	sub-DMR
chr1	312942	313859	21	0.751	0.794	-0.044	non-DMR
chr1	313960	314913	23	0.604	0.765	-0.161	good-DMR
chr1	315381	316191	19	0.591	0.636	-0.045	non-DMR
chr1	316252	317236	24	0.658	0.694	-0.036	non-DMR
chr1	317281	318110	20	0.619	0.654	-0.035	non-DMR
chr1	318186	318970	18	0.106	0.064	0.042	non-DMR
chr1	319086	320010	21	0.152	0.11	0.043	non-DMR
chr1	320099	320958	19	0.429	0.753	-0.324	good-DMR
chr1	321447	322438	21	0.507	0.574	-0.067	inconsistent-DMR
chr1	322592	323563	22	0.166	0.11	0.056	non-DMR
chr1	323649	324580	20	0.432	0.687	-0.256	good-DMR
chr1	325120	325992	23	0.808	0.843	-0.035	non-DMR
chr1	326077	326921	21	0.12	0.074	0.046	non-DMR
chr1	326945	327724	23	0.365	0.079	0.286	good-DMR
chr1	328248	328970	18	0.555	0.585	-0.03	inconsistent-DMR
chr1	329112	330160	25	0.216	0.171	0.044	non-DMR
chr1	330264	331237	22	0.173	0.127	0.047	non-DMR
chr1	331331	332256	22	0.075	0.031	0.044	non-DMR
chr1	333365	334379	23	0.783	0.817	-0.034	non-DMR
chr1	334478	335464	22	0.112	0.075	0.038	non-DMR
chr1	335570	336416	20	0.796	0.837	-0.041	non-DMR
chr1	336495	337519	21	0.4	0.588	-0.188	good-DMR
chr1	338024	338875	20	0.539	0.853	-0.314	good-DMR
chr1	339364	340151	19	0.477	0.7	-0.223	good-DMR
chr1	340643	341472	20	0.842	0.881	-0.039	non-DMR
chr1	341564	342575	25	0.925	0.963	-0.039	non-DMR
chr1	342649	343529	21	0.851	0.89	-0.039	non-DMR
chr1	343606	344616	22	0.395	0.125	0.27	good-DMR
chr1	345109	346033	21	0.668	0.707	-0.039	non-DMR
chr1	346141	347262	27	0.448	0.725	-0.278	good-DMR
chr1	347747	348669	21	0.474	0.585	-0.111	sub-DMR
chr1	349103	350101	23	0.709	0.76	-0.051	non-DMR
chr1	350199	350991	16	0.738	0.785	-0.048	non-DMR
chr1	351066	352128	24	0.658	0.692	-0.034	non-DMR
chr1	352156	353101	20	0.272	0.241	0.031	non-DMR
chr1	353217	354262	24	0.791	0.831	-0.041	non-DMR
chr1	354340	355283	23	0.514	0.73	-0.216	good-DMR
chr1	355671	356619	22	0.816	0.855	-0.039	non-DMR
chr1	356680	357723	23	0.635	0.869	-0.234	good-DMR
chr1	358130	358959	19	0.149	0.11	0.039	non-DMR
chr1	359087	360023	22	0.715	0.749	-0.034	non-DMR
chr1	360118	360973	22	0.533	0.753	-0.22	good-DMR
chr1	361423	362459	26	0.721	0.763	-0.042	non-DMR
chr1	362537	363352	21	0.718	0.765	-0.047	non-DMR
chr1	363442	364242	22	0.658	0.693	-0.035	non-DMR
chr1	364350	365275	22	0.522	0.753	-0.23	good-DMR
chr1	365653	366590	22	0.553	0.728	-0.175	good-DMR
chr1	367046	367918	19	0.87	0.912	-0.041	non-DMR
chr1	368046	368873	22	0.834	0.872	-0.038	non-DMR
chr1	368951	369901	23	0.803	0.841	-0.038	non-DMR
chr1	370037	371102	23	0.776	0.821	-0.046	non-DMR
chr1	371216	372254	27	0.73	0.771	-0.041	non-DMR
chr1	372334	373211	20	0.754	0.79	-0.037	non-DMR
chr1	373309	374252	20	0.137	0.093	0.044	non-DMR
chr1	374316	375266	21	0.448	0.715	-0.267	good-DMR
chr1	375772	376854	25	0.46	0.734	-0.274	good-DMR
chr1	377219	378181	20	0.37	0.165	0.205	good-DMR
chr1	378596	379662	28	0.31	0.059	0.251	good-DMR
chr1	380132	381142	23	0.565	0.705	-0.14	good-DMR
chr1	381648	382687	24	0.477	0.776	-0.299	good-DMR
chr1	383054	384078	25	0.408	0.77	-0.362	good-DMR
chr1	384611	385532	22	0.492	0.514	-0.022	inconsistent-DMR
chr1	385674	386734	25	0.469	0.76	-0.291	good-DMR
chr1	387252	388301	24	0.701	0.742	-0.041	non-DMR
chr1	388346	389400	24	0.746	0.788	-0.042	non-DMR
chr1	389461	390554	25	0.747	0.797	-0.049	non-DMR
chr1	390623	391615	27	0.709	0.6	0.108	sub-DMR
chr1	392004	392977	24	0.776	0.816	-0.04	non-DMR
chr1	393083	394086	25	0.84	0.879	-0.039	non-DMR
chr1	394212	395427	25	0.613	0.654	-0.04	non-DMR
chr1	395554	396559	26	0.76	0.807	-0.047	non-DMR
chr1	396632	397573	25	0.402	0.108	0.294	notable-DMR
chr1	397677	398691	25	0.683	0.727	-0.044	non-DMR
chr1	398825	399705	20	0.186	0.135	0.051	non-DMR
chr1	399764	400748	22	0.287	0.309	-0.022	inconsistent-DMR
chr1	400905	402050	27	0.62	0.8	-0.18	good-DMR
chr1	402540	403469	20	0.722	0.771	-0.048	non-DMR
chr1	403528	404378	21	0.5	0.769	-0.269	good-DMR
chr1	404740	405742	25	0.661	0.627	0.034	inconsistent-DMR
chr1	405774	406820	24	0.676	0.707	-0.031	non-DMR
chr1	406873	407832	24	0.563	0.842	-0.279	good-DMR
chr1	408113	409160	23	0.536	0.736	-0.199	good-DMR
chr1	409469	410480	22	0.6	0.864	-0.264	good-DMR
chr1	410954	412042	26	0.397	0.739	-0.343	good-DMR
chr1	412534	413762	26	0.784	0.89	-0.106	sub-DMR
chr1	414213	415418	32	0.78	0.814	-0.035	non-DMR
chr1	415479	416428	20	0.373	0.072	0.301	good-DMR
chr1	416885	417791	21	0.668	0.702	-0.034	non-DMR
chr1	417918	419100	27	0.859	0.899	-0.04	non-DMR
chr1	419228	420371	26	0.812	0.787	0.024	inconsistent-DMR
chr1	420488	421434	20	0.828	0.871	-0.043	non-DMR
chr1	421532	422656	26	0.676	0.722	-0.046	non-DMR
chr1	422745	423657	22	0.459	0.112	0.347	good-DMR
chr1	424044	424992	23	0.339	0.305	0.034	non-DMR
chr1	425069	425992	20	0.324	0.077	0.247	notable-DMR
chr1	426100	426911	21	0.163	0.126	0.037	non-DMR
chr1	427028	427759	18	0.725	0.765	-0.04	non-DMR
chr1	427873	428792	23	0.346	0.306	0.039	non-DMR
chr1	428842	429898	24	0.678	0.726	-0.049	non-DMR
chr1	429999	430922	22	0.236	0.037	0.199	good-DMR
chr1	431437	432333	20	0.593	0.63	-0.037	non-DMR
chr1	433427	434373	22	0.836	0.876	-0.04	non-DMR
chr1	434470	435649	24	0.737	0.77	-0.033	non-DMR
chr1	435743	436704	21	0.463	0.701	-0.238	good-DMR
chr1	437141	438265	28	0.799	0.842	-0.042	non-DMR
chr1	438340	439214	21	0.871	0.913	-0.043	non-DMR
chr1	439339	440337	22	0.808	0.854	-0.046	non-DMR
chr1	440457	441592	25	0.662	0.693	-0.031	non-DMR
chr1	441686	442874	26	0.789	0.823	-0.034	non-DMR
chr1	442933	444011	27	0.733	0.77	-0.037	non-DMR
chr1	444107	445055	24	0.818	0.854	-0.036	non-DMR
chr1	445119	446123	23	0.736	0.778	-0.042	non-DMR
chr1	446226	447057	20	0.351	0.145	0.206	good-DMR
chr1	447567	448515	23	0.828	0.873	-0.045	non-DMR
chr1	448553	449549	26	0.352	0.304	0.047	non-DMR
chr1	449632	450492	22	0.487	0.724	-0.237	good-DMR
chr1	450965	451896	24	0.45	0.411	0.039	non-DMR
chr1	451970	452868	21	0.563	0.789	-0.226	good-DMR
chr1	453338	454199	24	0.538	0.749	-0.211	good-DMR
chr1	454454	455455	20	0.636	0.896	-0.259	good-DMR
chr1	455855	456646	17	0.575	0.806	-0.23	good-DMR
chr1	457139	458028	23	0.56	0.592	-0.032	non-DMR
chr1	458143	459008	20	0.852	0.892	-0.04	non-DMR
chr1	459063	460138	27	0.724	0.765	-0.041	non-DMR
chr1	460234	461401	28	0.251	0.205	0.046	non-DMR
chr1	461524	462503	22	0.803	0.843	-0.04	non-DMR
chr1	462598	463584	22	0.869	0.902	-0.033	non-DMR
chr1	463696	464596	22	0.6	0.927	-0.327	notable-DMR
chr1	464703	465548	19	0.295	0.255	0.04	non-DMR
chr1	465660	466590	23	0.614	0.652	-0.037	non-DMR
chr1	466730	467788	26	0.248	0.204	0.043	non-DMR
chr1	467892	468813	20	0.719	0.875	-0.156	good-DMR
chr1	469296	470245	24	0.559	0.595	-0.037	non-DMR
chr1	470307	471188	22	0.265	0.085	0.18	notable-DMR
chr1	471300	472021	18	0.778	0.817	-0.039	non-DMR
chr1	472084	472927	20	0.664	0.713	-0.049	non-DMR
chr1	472946	473820	22	0.206	0.56	-0.354	good-DMR
chr1	474275	475108	23	0.803	0.842	-0.039	non-DMR
chr1	476317	477340	23	0.331	0.662	-0.332	good-DMR
chr1	477838	478753	21	0.405	0.721	-0.316	good-DMR
chr1	479255	480265	20	0.616	0.843	-0.227	good-DMR
chr1	480713	481629	26	0.51	0.705	-0.196	good-DMR
chr1	482128	483102	23	0.594	0.635	-0.04	non-DMR
chr1	483166	484086	26	0.607	0.822	-0.215	good-DMR
chr1	484592	485691	25	0.349	0.649	-0.3	good-DMR
chr1	486083	486988	21	0.766	0.815	-0.048	non-DMR
chr1	487118	488243	25	0.572	0.619	-0.047	non-DMR
chr1	488305	489451	26	0.741	0.779	-0.038	non-DMR
chr1	489524	490468	23	0.822	0.862	-0.04	non-DMR
chr1	490503	491408	22	0.831	0.867	-0.037	non-DMR
chr1	491500	492400	20	0.593	0.852	-0.259	good-DMR
chr1	492855	493839	26	0.708	0.749	-0.041	non-DMR
chr1	493965	495035	25	0.351	0.31	0.041	non-DMR
chr1	495126	496088	24	0.54	0.755	-0.215	good-DMR
chr1	496469	497375	24	0.459	0.698	-0.239	good-DMR
chr1	497873	498996	25	0.402	0.297	0.104	sub-DMR
chr1	499439	500377	21	0.691	0.729	-0.038	non-DMR
chr1	501679	502566	19	0.785	0.822	-0.036	non-DMR
chr1	502651	503509	21	0.729	0.767	-0.038	non-DMR
chr1	503603	504641	24	0.506	0.824	-0.318	notable-DMR
chr1	504752	505811	25	0.825	0.87	-0.045	non-DMR
chr1	505930	506873	23	0.16	0.117	0.043	non-DMR
chr1	507006	507898	20	0.73	0.779	-0.049	non-DMR
chr1	507981	508991	26	0.431	0.102	0.329	good-DMR
chr1	509486	510643	30	0.706	0.958	-0.252	good-DMR
chr1	511036	512176	24	0.083	0.045	0.038	non-DMR
chr1	512238	513197	23	0.324	0.123	0.2	good-DMR
chr1	513651	514538	23	0.896	0.932	-0.035	non-DMR
chr1	514627	515506	23	0.758	0.799	-0.041	non-DMR
chr1	515603	516578	25	0.703	0.807	-0.105	sub-DMR
chr1	518218	519213	22	0.857	0.898	-0.041	non-DMR
chr1	519300	520370	25	0.79	0.834	-0.044	non-DMR
chr1	520396	521140	17	0.767	0.809	-0.042	non-DMR
chr1	521244	522136	20	0.521	0.843	-0.321	good-DMR
chr1	522642	523750	26	0.362	0.665	-0.303	good-DMR
chr1	524211	525167	22	0.577	0.855	-0.277	good-DMR
chr1	525586	526612	24	0.668	0.704	-0.036	non-DMR
chr1	526649	527607	23	0.479	0.684	-0.205	good-DMR
chr1	529056	530010	24	0.645	0.685	-0.041	non-DMR
chr1	530108	531136	25	0.178	0.145	0.034	non-DMR
chr1	531196	532004	22	0.81	0.857	-0.047	non-DMR
chr1	532123	533127	22	0.223	0.176	0.047	non-DMR
chr1	533195	534103	23	0.098	0.062	0.037	non-DMR
chr1	534182	535062	20	0.586	0.692	-0.106	sub-DMR
chr1	535530	536492	24	0.69	0.73	-0.04	non-DMR
chr1	536509	537578	27	0.567	0.728	-0.161	good-DMR
chr1	538064	539026	26	0.487	0.656	-0.168	good-DMR
chr1	539501	540291	20	0.799	0.839	-0.04	non-DMR
chr1	540366	541224	22	0.562	0.821	-0.259	good-DMR
chr1	541685	542694	24	0.542	0.825	-0.283	good-DMR
chr1	543205	544348	28	0.124	0.086	0.038	non-DMR
chr1	544436	545171	15	0.775	0.814	-0.039	non-DMR
chr1	545250	546211	21	0.373	0.154	0.219	good-DMR
chr1	546661	547878	27	0.824	0.866	-0.042	non-DMR
chr1	548020	549058	24	0.692	0.735	-0.043	non-DMR
chr1	549159	550083	23	0.848	0.886	-0.039	non-DMR
chr1	550195	551108	25	0.851	0.886	-0.034	non-DMR
chr1	551181	552020	20	0.721	0.758	-0.037	non-DMR
chr1	552138	552989	22	0.202	0.203	-0.0	inconsistent-DMR
chr1	553150	553922	19	0.743	0.788	-0.045	non-DMR
chr1	554015	554883	20	0.582	0.79	-0.208	good-DMR
chr1	555402	556479	23	0.611	0.654	-0.044	non-DMR
chr1	556552	557413	19	0.702	0.73	-0.028	non-DMR
chr1	557451	558336	25	0.828	0.869	-0.041	non-DMR
chr1	558385	559251	21	0.686	0.724	-0.038	non-DMR
chr1	559367	560229	21	0.883	0.923	-0.04	non-DMR
chr1	560294	561414	27	0.595	0.8	-0.204	notable-DMR
chr1	561455	562380	20	0.121	0.085	0.036	non-DMR
chr1	562487	563615	25	0.682	0.94	-0.258	good-DMR
chr1	564071	565008	21	0.592	0.817	-0.224	good-DMR
chr1	565445	566399	20	0.391	0.363	0.029	non-DMR
chr1	566445	567406	20	0.445	0.754	-0.31	good-DMR
chr1	567908	568923	28	0.186	0.15	0.036	non-DMR
chr1	568948	569681	21	0.565	0.834	-0.269	good-DMR
chr1	570192	571175	22	0.603	0.647	-0.044	non-DMR
chr1	571247	572125	21	0.859	0.896	-0.037	non-DMR
chr1	572241	573347	27	0.132	0.089	0.043	non-DMR
chr1	573402	574228	18	0.638	0.865	-0.227	notable-DMR
chr1	574264	575239	22	0.804	0.844	-0.039	non-DMR
chr1	575313	576167	20	0.159	0.118	0.042	non-DMR
chr1	576281	577305	24	0.633	0.673	-0.04	non-DMR
chr1	577443	578421	24	0.658	0.698	-0.04	non-DMR
chr1	578517	579342	19	0.451	0.738	-0.287	good-DMR
chr1	579841	580968	29	0.644	0.921	-0.276	good-DMR
chr1	581475	582585	28	0.542	0.709	-0.167	good-DMR
chr1	583092	583911	23	0.708	0.925	-0.217	good-DMR
chr1	584412	585328	21	0.504	0.771	-0.267	good-DMR
chr1	585796	586894	27	0.181	0.135	0.046	non-DMR
chr1	587017	588127	27	0.858	0.904	-0.046	non-DMR
chr1	588219	589120	20	0.542	0.789	-0.247	good-DMR
chr1	589630	590419	20	0.805	0.848	-0.043	non-DMR
chr1	590509	591679	29	0.297	0.62	-0.323	good-DMR
chr1	592141	593030	21	0.781	0.82	-0.039	non-DMR
chr1	593154	594000	24	0.792	0.837	-0.045	non-DMR
chr1	594091	594854	21	0.203	0.094	0.11	sub-DMR
chr1	595366	596398	25	0.891	0.937	-0.046	non-DMR
chr1	596475	597443	26	0.613	0.83	-0.218	good-DMR
chr1	597779	598930	27	0.449	0.74	-0.291	good-DMR
chr1	599370	600148	18	0.675	0.903	-0.228	good-DMR
chr1	600504	601540	24	0.877	0.919	-0.042	non-DMR
chr1	601628	602676	23	0.699	0.735	-0.036	non-DMR
chr1	602783	603602	19	0.833	0.876	-0.043	non-DMR
chr1	603690	604736	27	0.783	0.815	-0.032	non-DMR
chr1	604850	605781	22	0.782	0.819	-0.038	non-DMR
chr1	605860	606862	24	0.488	0.833	-0.345	good-DMR
chr1	607358	608382	27	0.564	0.673	-0.109	good-DMR
chr1	608919	609986	25	0.403	0.373	0.031	non-DMR
chr1	610130	611372	29	0.862	0.906	-0.044	non-DMR
chr1	611414	612395	22	0.826	0.873	-0.047	non-DMR
chr1	612531	613511	21	0.657	0.696	-0.039	non-DMR
chr1	613599	614564	23	0.451	0.237	0.214	good-DMR
chr1	615027	616113	27	0.808	0.854	-0.047	non-DMR
chr1	616176	617013	18	0.736	0.776	-0.04	non-DMR
chr1	617054	618077	26	0.597	0.885	-0.288	notable-DMR
chr1	618214	619010	20	0.632	0.586	0.046	non-DMR
chr1	619141	620100	24	0.775	0.811	-0.036	non-DMR
chr1	620170	621024	20	0.753	0.796	-0.043	non-DMR
chr1	621130	622013	23	0.712	0.745	-0.034	non-DMR
chr1	622158	623097	23	0.762	0.808	-0.046	non-DMR
chr1	623137	624077	23	0.691	0.793	-0.102	sub-DMR
chr1	624593	625485	20	0.803	0.847	-0.044	non-DMR
chr1	625564	626382	19	0.507	0.228	0.279	notable-DMR
chr1	626529	627398	24	0.743	0.78	-0.037	non-DMR
chr1	627450	628277	24	0.767	0.802	-0.035	non-DMR
chr1	628313	629362	28	0.539	0.822	-0.283	good-DMR
chr1	629867	630757	23	0.821	0.863	-0.042	non-DMR
chr1	630799	631817	26	0.617	0.582	0.036	non-DMR
chr1	631827	632805	24	0.424	0.649	-0.224	good-DMR
chr1	633221	633994	18	0.742	0.782	-0.04	non-DMR
chr1	634093	635063	23	0.661	0.701	-0.04	non-DMR
chr1	635092	635933	23	0.546	0.829	-0.283	good-DMR
chr1	636186	637075	23	0.109	0.068	0.041	non-DMR
chr1	637143	638181	24	0.678	0.712	-0.034	non-DMR
chr1	639262	639993	21	0.633	0.74	-0.106	sub-DMR
chr1	640512	641432	21	0.786	0.827	-0.041	non-DMR
chr1	641512	642516	21	0.302	0.252	0.05	non-DMR
chr1	642594	643736	30	0.517	0.749	-0.232	notable-DMR
chr1	643865	644799	20	0.629	0.663	-0.034	non-DMR
chr1	644865	645885	23	0.735	0.768	-0.033	non-DMR
chr1	645980	646979	25	0.858	0.897	-0.038	non-DMR
chr1	647058	647935	21	0.509	0.218	0.29	good-DMR
chr1	648424	649410	21	0.729	0.766	-0.037	non-DMR
chr1	649499	650493	25	0.401	0.676	-0.275	good-DMR
chr1	651010	651887	23	0.129	0.088	0.041	non-DMR
chr1	651950	653096	30	0.104	0.069	0.036	non-DMR
chr1	653161	653994	22	0.115	0.07	0.045	non-DMR
chr1	654117	655108	27	0.105	0.071	0.034	non-DMR
chr1	655212	656174	22	0.485	0.801	-0.316	good-DMR
chr1	656634	657714	25	0.852	0.895	-0.043	non-DMR
chr1	657777	658863	25	0.615	0.854	-0.239	good-DMR
chr1	659305	660263	20	0.334	0.128	0.206	good-DMR
chr1	661609	662779	29	0.643	0.686	-0.043	non-DMR
chr1	662860	663637	16	0.616	0.723	-0.108	sub-DMR
chr1	664014	665005	22	0.811	0.841	-0.03	non-DMR
chr1	665139	666269	26	0.823	0.866	-0.043	non-DMR
chr1	666347	667135	21	0.668	0.9	-0.231	good-DMR
chr1	667604	668486	20	0.792	0.835	-0.043	non-DMR
chr1	668507	669471	21	0.221	0.188	0.033	non-DMR
chr1	669496	670296	19	0.268	0.167	0.101	sub-DMR
chr1	670789	671877	25	0.673	0.713	-0.04	non-DMR
chr1	671922	672865	22	0.834	0.869	-0.035	non-DMR
chr1	672920	673926	25	0.762	0.806	-0.044	non-DMR
chr1	673984	675006	26	0.263	0.232	0.031	non-DMR
chr1	675085	676053	23	0.661	0.707	-0.047	non-DMR
chr1	676138	677069	23	0.793	0.835	-0.042	non-DMR
chr1	677088	678092	25	0.434	0.202	0.232	good-DMR
chr1	678578	679479	19	0.154	0.107	0.047	non-DMR
chr1	679578	680584	27	0.414	0.655	-0.241	good-DMR
chr1	681107	682184	24	0.777	0.821	-0.045	non-DMR
chr1	682262	683171	23	0.744	0.952	-0.208	good-DMR
chr1	683650	684603	24	0.219	0.044	0.175	good-DMR
chr1	684983	685759	19	0.789	0.835	-0.046	non-DMR
chr1	685855	686826	23	0.595	0.274	0.321	good-DMR
chr1	687351	688378	26	0.596	0.64	-0.044	non-DMR
chr1	688479	689289	18	0.803	0.846	-0.043	non-DMR
chr1	689413	690302	23	0.854	0.883	-0.029	non-DMR
chr1	690418	691298	24	0.795	0.834	-0.038	non-DMR
chr1	691342	692458	25	0.093	0.053	0.04	non-DMR
chr1	692482	693352	20	0.722	0.83	-0.108	sub-DMR
chr1	693797	694733	21	0.356	0.107	0.249	good-DMR
chr1	695237	696058	20	0.615	0.632	-0.017	inconsistent-DMR
chr1	696179	697090	24	0.739	0.791	-0.052	non-DMR
chr1	697183	698090	22	0.662	0.699	-0.038	non-DMR
chr1	698226	699141	21	0.773	0.815	-0.041	non-DMR
chr1	699196	700080	20	0.401	0.133	0.268	good-DMR
chr1	700615	701730	27	0.603	0.638	-0.034	non-DMR
chr1	701819	702874	24	0.523	0.763	-0.24	good-DMR
chr1	703377	704301	22	0.818	0.85	-0.033	non-DMR
chr1	704391	705273	23	0.41	0.776	-0.366	good-DMR
chr1	705607	706530	21	0.445	0.741	-0.296	good-DMR
chr1	707045	708220	30	0.67	0.713	-0.043	non-DMR
chr1	708291	709262	24	0.654	0.696	-0.042	non-DMR
chr1	709294	710372	23	0.687	0.722	-0.034	non-DMR
chr1	710499	711451	24	0.906	0.952	-0.046	non-DMR
chr1	711519	712538	24	0.816	0.854	-0.038	non-DMR
chr1	712601	713666	24	0.57	0.89	-0.32	good-DMR
chr1	714167	715143	22	0.529	0.796	-0.267	good-DMR
chr1	715629	716655	24	0.519	0.797	-0.278	good-DMR
chr1	716989	717613	16	0.72	0.754	-0.033	non-DMR
chr1	717720	718736	24	0.477	0.185	0.291	good-DMR
chr1	719185	720139	20	0.552	0.836	-0.284	good-DMR
chr1	720640	721642	26	0.645	0.688	-0.043	non-DMR
chr1	721705	722588	22	0.654	0.695	-0.041	non-DMR
chr1	722622	723671	24	0.15	0.11	0.041	non-DMR
chr1	723724	724748	23	0.426	0.294	0.132	good-DMR
chr1	725161	726249	25	0.774	0.818	-0.043	non-DMR
chr1	726261	727155	22	0.56	0.769	-0.209	good-DMR
chr1	727635	728639	22	0.728	0.763	-0.034	non-DMR
chr1	728711	729672	24	0.788	0.82	-0.032	non-DMR
chr1	729777	730582	18	0.394	0.217	0.177	good-DMR
chr1	731037	732064	27	0.826	0.869	-0.043	non-DMR
chr1	732116	733047	24	0.075	0.036	0.039	non-DMR
chr1	733091	734102	25	0.785	0.833	-0.048	non-DMR
chr1	734136	735134	27	0.823	0.859	-0.036	non-DMR
chr1	735182	736219	21	0.609	0.851	-0.242	good-DMR
chr1	736707	737744	23	0.762	0.808	-0.046	non-DMR
chr1	737844	738801	24	0.653	0.85	-0.197	good-DMR
chr1	739279	740302	26	0.658	0.701	-0.043	non-DMR
chr1	740435	741553	28	0.158	0.117	0.041	non-DMR
chr1	741655	742810	29	0.634	0.677	-0.042	non-DMR
chr1	742840	743902	23	0.172	0.13	0.041	non-DMR
chr1	744025	744926	20	0.601	0.636	-0.035	non-DMR
chr1	745023	746183	27	0.565	0.606	-0.041	non-DMR
chr1	746249	747057	18	0.505	0.775	-0.27	good-DMR
chr1	747596	748787	29	0.348	0.319	0.029	non-DMR
chr1	748877	749821	22	0.406	0.646	-0.239	good-DMR
chr1	750326	751261	23	0.157	0.109	0.048	non-DMR
chr1	751401	752560	26	0.663	0.705	-0.042	non-DMR
chr1	752675	753548	20	0.155	0.108	0.046	non-DMR
chr1	753566	754483	23	0.675	0.847	-0.172	good-DMR
chr1	754950	755976	22	0.667	0.854	-0.188	good-DMR
chr1	756458	757435	24	0.669	0.715	-0.047	non-DMR
chr1	757502	758392	22	0.742	0.782	-0.04	non-DMR
chr1	758414	759282	21	0.429	0.767	-0.338	notable-DMR
chr1	759414	760494	26	0.705	0.745	-0.04	non-DMR
chr1	760600	761621	23	0.558	0.602	-0.043	non-DMR
chr1	761692	762546	19	0.685	0.789	-0.105	sub-DMR
chr1	763020	764093	28	0.145	0.107	0.038	non-DMR
chr1	764173	764840	16	0.643	0.879	-0.237	good-DMR
chr1	765331	766075	17	0.596	0.638	-0.042	non-DMR
chr1	766124	767102	24	0.266	0.225	0.04	non-DMR
chr1	767216	767989	16	0.731	0.77	-0.039	non-DMR
chr1	768059	769128	25	0.652	0.929	-0.277	good-DMR
chr1	769597	770376	19	0.469	0.839	-0.37	good-DMR
chr1	770858	771792	22	0.425	0.453	-0.028	inconsistent-DMR
chr1	771899	772883	26	0.328	0.106	0.223	good-DMR
chr1	773411	774296	21	0.349	0.307	0.042	non-DMR
chr1	774427	775300	22	0.639	0.679	-0.04	non-DMR
chr1	775377	776430	25	0.583	0.614	-0.031	non-DMR
chr1	776500	777481	24	0.651	0.685	-0.034	non-DMR
chr1	777572	778507	28	0.516	0.744	-0.228	good-DMR
chr1	779034	779970	20	0.666	0.703	-0.037	non-DMR
chr1	780056	781036	23	0.572	0.617	-0.045	non-DMR
chr1	781069	781869	20	0.907	0.945	-0.038	non-DMR
chr1	781966	782902	24	0.733	0.773	-0.04	non-DMR
chr1	782976	783968	25	0.615	0.659	-0.044	non-DMR
chr1	784067	784873	19	0.394	0.804	-0.41	good-DMR
chr1	785338	786331	23	0.759	0.797	-0.038	non-DMR
chr1	786397	787190	18	0.134	0.087	0.047	non-DMR
chr1	787284	788342	24	0.763	0.805	-0.042	non-DMR
chr1	788403	789469	24	0.311	0.616	-0.305	good-DMR
chr1	789905	790855	22	0.662	0.617	0.045	non-DMR
chr1	790967	791879	26	0.865	0.904	-0.039	non-DMR
chr1	792007	792824	19	0.072	0.035	0.037	non-DMR
chr1	792954	793914	21	0.734	0.78	-0.046	non-DMR
chr1	793947	795029	27	0.313	0.595	-0.282	good-DMR
chr1	795481	796480	23	0.889	0.939	-0.05	non-DMR
chr1	797688	798545	21	0.558	0.57	-0.012	inconsistent-DMR
chr1	798728	799564	17	0.874	0.906	-0.031	non-DMR
chr1	799643	800636	22	0.499	0.317	0.182	good-DMR
chr1	801140	802389	29	0.205	0.054	0.151	good-DMR
chr1	802864	803803	24	0.612	0.825	-0.213	good-DMR
chr1	804246	805305	22	0.317	0.109	0.208	good-DMR
chr1	805792	806548	18	0.229	0.196	0.032	non-DMR
chr1	806568	807530	21	0.552	0.863	-0.311	good-DMR
chr1	807930	808923	25	0.425	0.594	-0.169	good-DMR
chr1	809414	810408	21	0.524	0.491	0.032	non-DMR
chr1	810492	811473	24	0.702	0.74	-0.038	non-DMR
chr1	811598	812565	26	0.85	0.893	-0.042	non-DMR
chr1	812688	813694	23	0.641	0.677	-0.035	non-DMR
chr1	813763	814772	26	0.707	0.743	-0.036	non-DMR
chr1	814898	815806	20	0.17	0.125	0.046	non-DMR
chr1	815888	816982	28	0.805	0.844	-0.039	non-DMR
chr1	817050	817902	22	0.891	0.928	-0.038	non-DMR
chr1	818023	819124	27	0.672	0.713	-0.041	non-DMR
chr1	819218	820232	25	0.594	0.704	-0.11	sub-DMR
chr1	820607	821606	25	0.871	0.915	-0.044	non-DMR
chr1	821711	822475	22	0.766	0.798	-0.033	inconsistent-DMR
chr1	822640	823618	26	0.802	0.846	-0.045	non-DMR
chr1	823716	824605	21	0.428	0.801	-0.372	good-DMR
chr1	825001	825986	22	0.258	0.125	0.133	good-DMR
chr1	826397	827330	23	0.644	0.746	-0.102	sub-DMR
chr1	827758	828772	25	0.814	0.856	-0.042	non-DMR
chr1	828863	829800	22	0.148	0.038	0.11	sub-DMR
chr1	830312	831502	28	0.724	0.762	-0.038	non-DMR
chr1	831586	832535	23	0.364	0.61	-0.247	good-DMR
chr1	833048	833962	23	0.586	0.552	0.034	non-DMR
chr1	834044	834863	18	0.618	0.857	-0.239	good-DMR
chr1	835265	836322	24	0.261	0.215	0.045	non-DMR
chr1	837363	838294	20	0.541	0.854	-0.312	good-DMR
chr1	838807	839661	20	0.823	0.872	-0.049	non-DMR
chr1	839715	840474	16	0.737	0.774	-0.036	non-DMR
chr1	840621	841463	23	0.126	0.082	0.044	non-DMR
chr1	841500	842499	21	0.568	0.804	-0.236	notable-DMR
chr1	842623	843512	20	0.723	0.764	-0.041	non-DMR
chr1	843565	844457	21	0.66	0.696	-0.035	non-DMR
chr1	844546	845560	25	0.756	0.789	-0.033	non-DMR
chr1	845617	846560	24	0.616	0.652	-0.036	non-DMR
chr1	846687	847641	23	0.717	0.758	-0.042	non-DMR
chr1	847754	848883	23	0.202	0.154	0.048	non-DMR
chr1	848958	849762	18	0.423	0.666	-0.243	good-DMR
chr1	850288	851290	23	0.81	0.848	-0.039	non-DMR
chr1	851375	852402	24	0.648	0.915	-0.268	good-DMR
chr1	852869	853752	23	0.751	0.793	-0.042	non-DMR
chr1	853768	854815	24	0.235	0.532	-0.297	good-DMR
chr1	855304	856254	22	0.321	0.14	0.181	good-DMR
chr1	856789	857698	20	0.287	0.24	0.046	non-DMR
chr1	857812	858773	21	0.894	0.927	-0.033	non-DMR
chr1	858857	859804	23	0.321	0.025	0.297	good-DMR
chr1	861218	862096	21	0.588	0.693	-0.105	sub-DMR
chr1	862433	863565	27	0.759	0.798	-0.039	non-DMR
chr1	863641	864488	22	0.582	0.73	-0.148	good-DMR
chr1	864998	866120	26	0.817	0.855	-0.037	non-DMR
chr1	866200	866996	20	0.548	0.566	-0.019	inconsistent-DMR
chr1	867176	867983	18	0.261	0.552	-0.291	good-DMR
chr1	868425	869417	24	0.651	0.695	-0.044	non-DMR
chr1	869467	870279	21	0.535	0.781	-0.246	good-DMR
chr1	870775	871640	20	0.678	0.791	-0.113	sub-DMR
chr1	872128	873100	21	0.719	0.75	-0.031	non-DMR
chr1	873208	874058	21	0.306	0.262	0.044	non-DMR
chr1	874099	874994	22	0.319	0.277	0.042	non-DMR
chr1	875029	875764	19	0.201	0.152	0.049	non-DMR
chr1	875866	876833	27	0.706	0.75	-0.044	non-DMR
chr1	876888	877856	23	0.43	0.769	-0.34	good-DMR
chr1	878370	879297	21	0.118	0.076	0.041	non-DMR
chr1	879386	880348	22	0.158	0.12	0.038	non-DMR
chr1	880488	881384	20	0.894	0.935	-0.04	non-DMR
chr1	881437	882388	23	0.198	0.154	0.044	non-DMR
chr1	882519	883619	27	0.725	0.767	-0.042	non-DMR
chr1	883656	884677	25	0.644	0.894	-0.25	good-DMR
chr1	885171	886178	24	0.198	0.153	0.044	non-DMR
chr1	886305	887283	23	0.707	0.736	-0.029	inconsistent-DMR
chr1	887344	888389	24	0.64	0.678	-0.038	non-DMR
chr1	888481	889490	24	0.748	0.785	-0.037	non-DMR
chr1	889596	890561	21	0.426	0.735	-0.31	good-DMR
chr1	891071	892200	25	0.79	0.827	-0.037	non-DMR
chr1	894116	895125	26	0.742	0.782	-0.04	non-DMR
chr1	895221	896381	27	0.753	0.788	-0.035	non-DMR
chr1	896457	897517	27	0.621	0.663	-0.042	non-DMR
chr1	897637	898484	16	0.912	0.962	-0.05	non-DMR
chr1	898571	899413	19	0.118	0.072	0.046	non-DMR
chr1	899497	900551	28	0.754	0.79	-0.036	non-DMR
chr1	900665	901762	21	0.103	0.058	0.045	non-DMR
chr1	901825	902884	25	0.842	0.884	-0.041	non-DMR
chr1	902991	903795	19	0.686	0.496	0.19	good-DMR
chr1	904327	905283	23	0.627	0.67	-0.043	non-DMR
chr1	905363	906304	23	0.759	0.868	-0.109	sub-DMR
chr1	906727	907687	22	0.657	0.702	-0.045	non-DMR
chr1	907790	908574	17	0.511	0.788	-0.278	good-DMR
chr1	909073	909936	19	0.805	0.843	-0.038	non-DMR
chr1	910060	910999	23	0.706	0.746	-0.041	non-DMR
chr1	911048	911909	19	0.345	0.334	0.011	inconsistent-DMR
chr1	912027	912964	23	0.585	0.637	-0.053	non-DMR
chr1	913003	913881	23	0.704	0.742	-0.037	non-DMR
chr1	913997	914941	20	0.816	0.858	-0.042	non-DMR
chr1	915013	916149	27	0.64	0.68	-0.04	non-DMR
chr1	916236	917284	26	0.675	0.717	-0.042	non-DMR
chr1	917363	918402	24	0.597	0.83	-0.233	good-DMR
chr1	918878	919610	19	0.794	0.833	-0.039	non-DMR
chr1	919631	920685	24	0.761	0.802	-0.04	non-DMR
chr1	920726	921616	23	0.628	0.676	-0.048	non-DMR
chr1	921684	922533	20	0.767	0.744	0.023	inconsistent-DMR
chr1	922600	923727	28	0.603	0.638	-0.035	non-DMR
chr1	923807	924812	28	0.796	0.833	-0.038	non-DMR
chr1	924833	925735	25	0.592	0.639	-0.047	non-DMR
chr1	925827	926753	22	0.622	0.905	-0.283	good-DMR
chr1	928425	929232	21	0.728	0.835	-0.106	sub-DMR
chr1	929683	930701	23	0.733	0.777	-0.044	non-DMR
chr1	930808	931782	23	0.723	0.855	-0.132	good-DMR
chr1	932195	933096	23	0.447	0.237	0.211	good-DMR
chr1	933599	934562	23	0.647	0.833	-0.186	good-DMR
chr1	935031	936158	30	0.665	0.708	-0.043	non-DMR
chr1	937356	938218	25	0.205	0.171	0.035	non-DMR
chr1	938342	939271	20	0.178	0.138	0.04	non-DMR
chr1	939322	940365	27	0.683	0.728	-0.045	non-DMR
chr1	940432	941319	23	0.432	0.72	-0.289	good-DMR
chr1	941749	942770	22	0.68	0.719	-0.039	non-DMR
chr1	942829	943914	27	0.844	0.879	-0.035	non-DMR
chr1	943960	944926	21	0.38	0.626	-0.246	good-DMR
chr1	945441	946276	19	0.739	0.784	-0.045	non-DMR
chr1	946361	947509	26	0.591	0.625	-0.034	non-DMR
chr1	947564	948520	22	0.604	0.648	-0.045	non-DMR
chr1	948616	949472	23	0.861	0.906	-0.045	non-DMR
chr1	949502	950493	27	0.152	0.115	0.037	non-DMR
chr1	950618	951724	24	0.241	0.2	0.041	non-DMR
chr1	951750	952682	22	0.392	0.73	-0.338	good-DMR
chr1	953031	953873	18	0.673	0.709	-0.036	non-DMR
chr1	953979	954756	16	0.683	0.719	-0.036	non-DMR
chr1	954867	955794	23	0.607	0.566	0.04	non-DMR
chr1	955884	956815	23	0.872	0.915	-0.043	non-DMR
chr1	956953	958081	28	0.788	0.826	-0.038	non-DMR
chr1	958121	959165	25	0.59	0.629	-0.04	non-DMR
chr1	959306	960269	23	0.243	0.205	0.039	non-DMR
chr1	960353	961474	27	0.203	0.156	0.047	non-DMR
chr1	961585	962542	23	0.629	0.672	-0.043	non-DMR
chr1	962607	963491	22	0.342	0.045	0.296	good-DMR
chr1	963892	964779	21	0.701	0.736	-0.035	non-DMR
chr1	964887	965798	24	0.427	0.667	-0.24	good-DMR
chr1	966325	967261	23	0.768	0.804	-0.036	non-DMR
chr1	967315	968419	26	0.374	0.044	0.329	good-DMR
chr1	968844	969820	21	0.846	0.881	-0.035	non-DMR
chr1	969939	970865	23	0.797	0.838	-0.041	non-DMR
chr1	970953	972051	26	0.734	0.765	-0.031	non-DMR
chr1	972148	973220	26	0.829	0.871	-0.042	non-DMR
chr1	973324	974354	25	0.674	0.717	-0.043	non-DMR
chr1	974437	975384	21	0.346	0.078	0.268	good-DMR
chr1	975831	976911	29	0.692	0.736	-0.045	non-DMR
chr1	977032	978010	23	0.54	0.567	-0.027	inconsistent-DMR
chr1	978104	979002	19	0.742	0.786	-0.044	non-DMR
chr1	979110	979786	17	0.648	0.685	-0.037	non-DMR
chr1	979872	980717	22	0.832	0.867	-0.035	non-DMR
chr1	980855	981741	25	0.587	0.629	-0.042	non-DMR
chr1	981812	982838	27	0.507	0.726	-0.219	notable-DMR
chr1	982974	984155	28	0.839	0.87	-0.031	non-DMR
chr1	984295	985371	26	0.255	0.22	0.035	non-DMR
chr1	985401	986166	18	0.116	0.078	0.038	non-DMR
chr1	986277	987403	27	0.751	0.785	-0.034	non-DMR
chr1	987527	988588	26	0.726	0.767	-0.041	non-DMR
chr1	988649	989593	22	0.579	0.619	-0.041	non-DMR
chr1	989689	990512	18	0.676	0.702	-0.027	non-DMR
chr1	990611	991503	21	0.559	0.853	-0.295	good-DMR
chr1	992029	992810	22	0.809	0.86	-0.051	non-DMR
chr1	992920	993702	18	0.192	0.15	0.042	non-DMR
chr1	993796	994807	25	0.857	0.904	-0.047	non-DMR
chr1	994917	995848	23	0.339	0.621	-0.282	good-DMR
chr1	996348	997280	23	0.839	0.88	-0.041	non-DMR
chr1	997341	998417	28	0.154	0.105	0.049	non-DMR
chr1	998522	999448	22	0.64	0.684	-0.044	non-DMR
chr1	999576	1000561	22	0.156	0.116	0.04	non-DMR
chr1	1000670	1001506	18	0.212	0.169	0.043	non-DMR
chr1	1001530	1002416	22	0.38	0.103	0.277	good-DMR
chr1	1002754	1003726	21	0.629	0.841	-0.211	good-DMR
chr1	1004225	1005201	20	0.757	0.802	-0.044	non-DMR
chr1	1005295	1006242	22	0.166	0.12	0.046	non-DMR
chr1	1006327	1007147	20	0.832	0.936	-0.104	sub-DMR
chr1	1007615	1008719	27	0.64	0.685	-0.045	non-DMR
chr1	1008770	1009727	22	0.518	0.814	-0.296	good-DMR
chr1	1010231	1011218	25	0.226	0.187	0.04	non-DMR
chr1	1011297	1012126	22	0.532	0.782	-0.25	good-DMR
chr1	1012579	1013469	22	0.825	0.927	-0.102	sub-DMR
chr1	1014014	1014975	22	0.155	0.114	0.042	non-DMR
chr1	1015075	1015957	22	0.484	0.758	-0.274	good-DMR
chr1	1016381	1017196	21	0.498	0.69	-0.192	good-DMR
chr1	1017712	1018615	20	0.12	0.076	0.044	non-DMR
chr1	1018727	1019572	22	0.133	0.089	0.044	non-DMR
chr1	1019660	1020656	24	0.847	0.89	-0.043	non-DMR
chr1	1020708	1021676	19	0.325	0.062	0.262	good-DMR
chr1	1022178	1023395	28	0.628	0.675	-0.046	inconsistent-DMR
chr1	1023473	1024720	28	0.277	0.236	0.041	non-DMR
chr1	1024839	1025833	23	0.755	0.8	-0.045	inconsistent-DMR
chr1	1026010	1027054	26	0.738	0.785	-0.046	non-DMR
chr1	1027150	1028245	29	0.246	0.207	0.039	non-DMR
chr1	1028358	1029321	23	0.801	0.831	-0.031	non-DMR
chr1	1029394	1030380	22	0.739	0.78	-0.041	non-DMR
chr1	1030462	1031331	24	0.529	0.721	-0.192	good-DMR
chr1	1031842	1032700	21	0.104	0.064	0.039	non-DMR
chr1	1032798	1033876	25	0.148	0.043	0.105	sub-DMR
chr1	1034153	1035139	24	0.109	0.064	0.045	non-DMR
chr1	1035244	1036179	24	0.71	0.938	-0.228	good-DMR
chr1	1036676	1037664	22	0.783	0.822	-0.039	non-DMR
chr1	1037756	1038817	25	0.725	0.767	-0.042	non-DMR
chr1	1038958	1040028	25	0.208	0.163	0.045	non-DMR
chr1	1040075	1041220	26	0.67	0.71	-0.04	non-DMR
chr1	1041300	1042289	23	0.208	0.163	0.045	non-DMR
chr1	1042391	1043413	27	0.674	0.708	-0.035	non-DMR
chr1	1043455	1044392	25	0.364	0.647	-0.282	good-DMR
chr1	1044893	1045823	22	0.703	0.81	-0.107	sub-DMR
chr1	1046260	1047185	20	0.613	0.655	-0.042	non-DMR
chr1	1047263	1048033	19	0.741	0.775	-0.034	non-DMR
chr1	1048162	1048960	22	0.402	0.161	0.241	notable-DMR
chr1	1049072	1050093	21	0.863	0.913	-0.049	non-DMR
chr1	1050196	1051030	20	0.449	0.728	-0.279	good-DMR
chr1	1051484	1052367	20	0.824	0.866	-0.042	non-DMR
chr1	1052421	1053277	22	0.118	0.082	0.036	non-DMR
chr1	1053309	1054202	21	0.756	0.795	-0.039	non-DMR
chr1	1054287	1055392	26	0.642	0.974	-0.331	good-DMR
chr1	1055918	1056946	23	0.183	0.145	0.038	non-DMR
chr1	1057043	1057923	23	0.262	0.228	0.034	non-DMR
chr1	1058029	1058803	20	0.777	0.814	-0.037	non-DMR
chr1	1058917	1059761	19	0.671	0.708	-0.036	non-DMR
chr1	1059860	1060598	21	0.251	0.207	0.044	non-DMR
chr1	1060663	1061760	27	0.66	0.698	-0.038	non-DMR
chr1	1061877	1062755	23	0.157	0.114	0.043	non-DMR
chr1	1062881	1063749	20	0.832	0.872	-0.04	non-DMR
chr1	1063844	1064882	24	0.12	0.081	0.039	non-DMR
chr1	1064928	1065874	21	0.193	0.158	0.035	non-DMR
chr1	1065980	1067010	24	0.759	0.796	-0.037	non-DMR
chr1	1067104	1067938	20	0.918	0.961	-0.043	non-DMR
chr1	1067999	1069084	24	0.673	0.718	-0.045	non-DMR
chr1	1069203	1070211	23	0.856	0.891	-0.035	non-DMR
chr1	1070312	1070978	18	0.273	0.238	0.035	non-DMR
chr1	1071062	1071903	21	0.78	0.888	-0.107	sub-DMR
chr1	1072438	1073496	23	0.753	0.798	-0.045	non-DMR
chr1	1073619	1074376	17	0.142	0.108	0.034	non-DMR
chr1	1074463	1075284	20	0.581	0.618	-0.037	non-DMR
chr1	1075327	1076254	21	0.622	0.883	-0.261	good-DMR
chr1	1076757	1077723	26	0.278	0.243	0.035	non-DMR
chr1	1077836	1078800	26	0.762	0.801	-0.039	non-DMR
chr1	1078912	1079888	28	0.645	0.605	0.04	non-DMR
chr1	1080008	1080939	21	0.667	0.716	-0.049	non-DMR
chr1	1080987	1081952	23	0.424	0.669	-0.246	good-DMR
chr1	1082457	1083518	25	0.711	0.759	-0.048	non-DMR
chr1	1083574	1084498	23	0.475	0.691	-0.216	good-DMR
chr1	1085026	1086117	27	0.654	0.697	-0.044	non-DMR
chr1	1086225	1087428	27	0.147	0.104	0.042	non-DMR
chr1	1087570	1088495	24	0.754	0.791	-0.038	non-DMR
chr1	1088543	1089589	24	0.549	0.49	0.059	inconsistent-DMR
chr1	1089735	1090627	23	0.751	0.796	-0.045	non-DMR
chr1	1090730	1091429	19	0.802	0.842	-0.041	non-DMR
chr1	1091567	1092714	26	0.606	0.642	-0.036	non-DMR
chr1	1092771	1093768	26	0.195	0.15	0.045	non-DMR
chr1	1093817	1094852	24	0.158	0.117	0.041	non-DMR
chr1	1094937	1096026	25	0.433	0.654	-0.221	good-DMR
chr1	1096495	1097465	22	0.576	0.677	-0.101	sub-DMR
chr1	1097898	1098864	27	0.769	0.803	-0.034	non-DMR
chr1	1098990	1099960	22	0.372	0.322	0.05	non-DMR
chr1	1100041	1100874	20	0.314	0.213	0.101	sub-DMR
chr1	1101397	1102531	27	0.719	0.763	-0.044	non-DMR
chr1	1102617	1103724	25	0.71	0.753	-0.043	non-DMR
chr1	1103793	1104919	28	0.559	0.606	-0.047	non-DMR
chr1	1106095	1107048	24	0.687	0.727	-0.04	non-DMR
chr1	1107125	1107969	24	0.758	0.432	0.326	good-DMR
chr1	1108452	1109294	21	0.338	0.078	0.26	good-DMR
chr1	1109810	1110542	17	0.164	0.123	0.041	non-DMR
chr1	1110654	1111634	20	0.72	0.762	-0.042	non-DMR
chr1	1111763	1112655	22	0.684	0.722	-0.037	non-DMR
chr1	1112758	1113450	16	0.305	0.268	0.038	non-DMR
chr1	1113531	1114411	22	0.551	0.919	-0.368	good-DMR
chr1	1114929	1115907	26	0.354	0.311	0.043	non-DMR
chr1	1116025	1117061	23	0.739	0.783	-0.044	non-DMR
chr1	1117156	1118077	23	0.101	0.067	0.034	non-DMR
chr1	1118113	1118860	18	0.718	0.765	-0.047	non-DMR
chr1	1118936	1119776	19	0.453	0.725	-0.272	good-DMR
chr1	1120248	1121080	22	0.745	0.789	-0.044	non-DMR
chr1	1121197	1122067	21	0.741	0.781	-0.04	non-DMR
chr1	1122194	1123209	22	0.727	0.772	-0.045	non-DMR
chr1	1123310	1124139	18	0.174	0.126	0.048	non-DMR
chr1	1124208	1125092	19	0.16	0.122	0.037	non-DMR
chr1	1125201	1126138	21	0.773	0.818	-0.045	non-DMR
chr1	1126218	1127066	20	0.912	0.947	-0.035	non-DMR
chr1	1127112	1127980	22	0.769	0.82	-0.051	non-DMR
chr1	1128071	1128915	20	0.566	0.862	-0.296	good-DMR
chr1	1129434	1130428	26	0.67	0.71	-0.041	non-DMR
chr1	1130538	1131396	20	0.625	0.589	0.036	non-DMR
chr1	1131504	1132397	22	0.696	0.736	-0.04	non-DMR
chr1	1132524	1133598	22	0.657	0.723	-0.066	inconsistent-DMR
chr1	1133674	1134857	27	0.847	0.884	-0.037	non-DMR
chr1	1134911	1135893	24	0.634	0.892	-0.258	good-DMR
chr1	1136435	1137458	23	0.782	0.825	-0.043	non-DMR
chr1	1137580	1138515	23	0.149	0.106	0.043	non-DMR
chr1	1138569	1139573	22	0.521	0.738	-0.217	good-DMR
chr1	1140104	1141159	26	0.849	0.892	-0.044	non-DMR
chr1	1141270	1142290	26	0.713	0.714	-0.001	inconsistent-DMR
chr1	1143588	1144748	27	0.566	0.804	-0.238	good-DMR
chr1	1145240	1146300	26	0.846	0.892	-0.045	non-DMR
chr1	1146428	1147393	23	0.285	0.246	0.039	non-DMR
chr1	1147497	1148519	24	0.329	0.129	0.201	good-DMR
chr1	1149024	1150086	26	0.195	0.153	0.043	non-DMR
chr1	1150139	1151061	27	0.862	0.896	-0.035	non-DMR
chr1	1151170	1152058	21	0.71	0.746	-0.037	non-DMR
chr1	1152186	1153088	21	0.098	0.057	0.041	non-DMR
chr1	1153130	1153975	19	0.745	0.792	-0.046	non-DMR
chr1	1154069	1155037	23	0.68	0.716	-0.036	non-DMR
chr1	1155084	1155835	19	0.75	0.787	-0.037	non-DMR
chr1	1155917	1156943	24	0.279	0.088	0.192	good-DMR
chr1	1157354	1158270	23	0.677	0.722	-0.045	non-DMR
chr1	1158304	1159269	20	0.742	0.845	-0.103	sub-DMR
chr1	1159786	1160560	16	0.229	0.197	0.032	non-DMR
chr1	1160619	1161510	20	0.638	0.841	-0.203	good-DMR
chr1	1162042	1163104	25	0.658	0.699	-0.041	non-DMR
chr1	1163172	1164239	25	0.133	0.084	0.049	non-DMR
chr1	1164344	1165396	24	0.843	0.88	-0.037	non-DMR
chr1	1165428	1166351	21	0.768	0.803	-0.035	non-DMR
chr1	1166386	1167214	22	0.463	0.359	0.105	sub-DMR
chr1	1167699	1168667	24	0.772	0.813	-0.04	non-DMR
chr1	1168781	1169786	25	0.129	0.084	0.045	non-DMR
chr1	1169858	1170774	24	0.206	0.161	0.044	non-DMR
chr1	1170820	1171797	27	0.569	0.671	-0.102	sub-DMR
chr1	1172286	1173375	24	0.587	0.63	-0.043	non-DMR
chr1	1173480	1174549	25	0.874	0.611	0.263	good-DMR
chr1	1175000	1175787	22	0.87	0.918	-0.048	non-DMR
chr1	1175888	1176770	21	0.759	0.803	-0.044	non-DMR
chr1	1176834	1177832	21	0.627	0.661	-0.034	non-DMR
chr1	1177925	1179020	27	0.289	0.242	0.047	non-DMR
chr1	1179151	1180274	25	0.759	0.805	-0.045	non-DMR
chr1	1180400	1181404	25	0.711	0.755	-0.044	non-DMR
chr1	1181526	1182392	21	0.809	0.838	-0.029	non-DMR
chr1	1182440	1183270	22	0.109	0.071	0.038	non-DMR
chr1	1183368	1184357	24	0.709	0.744	-0.035	non-DMR
chr1	1184448	1185305	19	0.597	0.629	-0.032	non-DMR
chr1	1185386	1186348	21	0.463	0.572	-0.109	sub-DMR
chr1	1186839	1187805	24	0.648	0.867	-0.219	good-DMR
chr1	1188329	1189344	23	0.144	0.107	0.037	non-DMR
chr1	1189389	1190411	27	0.879	0.914	-0.035	non-DMR
chr1	1190538	1191298	16	0.576	0.606	-0.03	non-DMR
chr1	1191413	1192463	24	0.734	0.779	-0.045	non-DMR
chr1	1192567	1193708	28	0.756	0.799	-0.044	non-DMR
chr1	1193821	1194787	23	0.821	0.865	-0.044	non-DMR
chr1	1194852	1195789	21	0.605	0.825	-0.219	good-DMR
chr1	1196152	1197132	24	0.673	0.719	-0.046	non-DMR
chr1	1197210	1198218	23	0.81	0.857	-0.046	non-DMR
chr1	1198236	1199225	24	0.597	0.787	-0.19	good-DMR
chr1	1199755	1200788	22	0.761	0.79	-0.029	non-DMR
chr1	1200926	1201924	27	0.626	0.669	-0.043	non-DMR
chr1	1201984	1202964	22	0.713	0.752	-0.039	non-DMR
chr1	1203051	1203957	23	0.716	0.755	-0.039	non-DMR
chr1	1204052	1204984	23	0.755	0.789	-0.034	non-DMR
chr1	1205104	1206060	23	0.286	0.248	0.038	non-DMR
chr1	1206097	1206951	21	0.599	0.645	-0.047	non-DMR
chr1	1207040	1207922	20	0.562	0.786	-0.223	good-DMR
chr1	1208336	1209322	22	0.547	0.683	-0.136	good-DMR
chr1	1209797	1210744	23	0.544	0.749	-0.206	good-DMR
chr1	1211215	1212247	24	0.415	0.75	-0.335	good-DMR
chr1	1212562	1213581	27	0.561	0.813	-0.252	good-DMR
chr1	1214062	1215071	23	0.669	0.711	-0.042	non-DMR
chr1	1215160	1216240	27	0.504	0.491	0.014	inconsistent-DMR
chr1	1216434	1217482	23	0.797	0.831	-0.034	non-DMR
chr1	1217590	1218795	28	0.66	0.697	-0.037	non-DMR
chr1	1218855	1219888	24	0.302	0.192	0.11	sub-DMR
chr1	1220389	1221317	23	0.801	0.834	-0.033	non-DMR
chr1	1221429	1222416	21	0.759	0.797	-0.038	non-DMR
chr1	1222539	1223468	21	0.808	0.846	-0.038	non-DMR
chr1	1223604	1224707	25	0.383	0.329	0.054	inconsistent-DMR
chr1	1224829	1225843	22	0.822	0.866	-0.044	non-DMR
chr1	1225887	1226758	19	0.104	0.07	0.034	non-DMR
chr1	1226888	1227720	20	0.15	0.113	0.037	non-DMR
chr1	1227799	1228747	24	0.087	0.041	0.046	non-DMR
chr1	1228809	1229676	21	0.286	0.016	0.27	good-DMR
chr1	1230208	1231092	22	0.714	0.751	-0.036	non-DMR
chr1	1231206	1232317	28	0.604	0.853	-0.249	notable-DMR
chr1	1232442	1233365	23	0.721	0.765	-0.043	non-DMR
chr1	1233427	1234229	18	0.6	0.632	-0.032	non-DMR
chr1	1234252	1235312	25	0.721	0.825	-0.103	sub-DMR
chr1	1235823	1236749	21	0.711	0.755	-0.043	non-DMR
chr1	1236856	1237805	24	0.678	0.709	-0.032	non-DMR
chr1	1237921	1238962	24	0.844	0.886	-0.042	non-DMR
chr1	1239068	1239962	25	0.507	0.61	-0.103	sub-DMR
chr1	1240377	1241620	26	0.753	0.79	-0.037	non-DMR
chr1	1241675	1242698	21	0.75	0.79	-0.04	non-DMR
chr1	1242842	1243674	18	0.131	0.088	0.043	non-DMR
chr1	1243751	1244760	26	0.577	0.863	-0.286	good-DMR
chr1	1245271	1246046	20	0.727	0.774	-0.046	non-DMR
chr1	1246127	1247305	28	0.782	0.823	-0.041	non-DMR
chr1	1247418	1248350	21	0.259	0.219	0.04	non-DMR
chr1	1248464	1249293	19	0.137	0.098	0.04	non-DMR
chr1	1249351	1250294	23	0.682	0.723	-0.042	non-DMR
chr1	1250397	1251289	20	0.759	0.806	-0.047	non-DMR
chr1	1251429	1252375	22	0.81	0.848	-0.038	non-DMR
chr1	1252493	1253617	26	0.511	0.843	-0.332	notable-DMR
chr1	1253732	1254835	27	0.099	0.059	0.04	non-DMR
chr1	1254905	1255785	22	0.659	0.874	-0.215	good-DMR
chr1	1256262	1257278	26	0.591	0.91	-0.319	good-DMR
chr1	1257698	1258803	26	0.711	0.748	-0.037	non-DMR
chr1	1258853	1259885	26	0.801	0.839	-0.038	non-DMR
chr1	1259930	1260820	24	0.435	0.718	-0.283	good-DMR
chr1	1261258	1262320	28	0.908	0.953	-0.045	non-DMR
chr1	1262434	1263302	21	0.137	0.086	0.051	non-DMR
chr1	1263396	1264254	23	0.602	0.851	-0.25	good-DMR
chr1	1264734	1265550	17	0.727	0.766	-0.039	non-DMR
chr1	1265630	1266650	25	0.638	0.679	-0.041	non-DMR
chr1	1266691	1267591	20	0.731	0.764	-0.033	non-DMR
chr1	1267643	1268608	22	0.547	0.765	-0.218	good-DMR
chr1	1269082	1270093	26	0.773	0.81	-0.037	non-DMR
chr1	1270156	1271196	24	0.85	0.886	-0.036	non-DMR
chr1	1271312	1272257	23	0.135	0.097	0.037	non-DMR
chr1	1272333	1273286	22	0.584	0.858	-0.275	good-DMR
chr1	1273808	1274811	25	0.709	0.745	-0.036	non-DMR
chr1	1274945	1276142	26	0.805	0.852	-0.047	non-DMR
chr1	1276251	1277207	24	0.602	0.772	-0.17	good-DMR
chr1	1277695	1278426	18	0.699	0.746	-0.048	non-DMR
chr1	1278498	1279568	24	0.565	0.608	-0.044	non-DMR
chr1	1279628	1280612	22	0.31	0.263	0.047	non-DMR
chr1	1280650	1281614	22	0.815	0.928	-0.113	sub-DMR
