chr	start	end	CpG_count	treatment_methylation	control_methylation	mean_delta_methylation	category
chr1	100011	100524	11	0.502	0.538	-0.036	non-DMR
chr1	100626	101118	14	0.818	0.859	-0.041	non-DMR
chr1	101708	102211	14	0.859	0.898	-0.039	non-DMR
chr1	102295	102832	14	0.831	0.881	-0.05	non-DMR
chr1	102961	103375	11	0.242	0.2	0.041	non-DMR
chr1	103437	103869	12	0.726	0.761	-0.035	non-DMR
chr1	103949	104332	12	0.227	0.181	0.046	non-DMR
chr1	104406	104875	11	0.8	0.838	-0.037	non-DMR
chr1	105021	105440	13	0.749	0.792	-0.043	non-DMR
chr1	105513	105979	12	0.229	0.187	0.042	non-DMR
chr1	106065	106539	15	0.618	0.637	-0.019	inconsistent-DMR
chr1	106667	107039	10	0.16	0.117	0.042	non-DMR
chr1	107070	107673	17	0.317	0.054	0.263	good-DMR
chr1	108164	108593	10	0.55	0.8	-0.25	good-DMR
chr1	109107	109552	11	0.64	0.68	-0.04	non-DMR
chr1	109651	110124	12	0.759	0.799	-0.04	non-DMR
chr1	110158	110696	13	0.27	0.017	0.254	good-DMR
chr1	111214	111593	10	0.762	0.791	-0.029	non-DMR
chr1	111736	112158	12	0.875	0.922	-0.047	non-DMR
chr1	112264	112700	10	0.672	0.928	-0.256	good-DMR
chr1	113166	113690	14	0.571	0.792	-0.222	good-DMR
chr1	114080	114518	11	0.698	0.74	-0.042	non-DMR
chr1	114611	115053	11	0.586	0.626	-0.04	non-DMR
chr1	115136	115516	10	0.691	0.729	-0.037	non-DMR
chr1	115655	116094	12	0.201	0.166	0.036	non-DMR
chr1	116165	116633	12	0.619	0.769	-0.15	good-DMR
chr1	117110	117484	10	0.687	0.735	-0.048	non-DMR
chr1	117549	118068	11	0.689	0.849	-0.16	good-DMR
chr1	118519	118999	14	0.835	0.877	-0.042	non-DMR
chr1	119119	119621	13	0.79	0.825	-0.035	non-DMR
chr1	119655	120160	12	0.475	0.661	-0.186	good-DMR
chr1	120664	121091	10	0.767	0.796	-0.029	non-DMR
chr1	121205	121637	11	0.659	0.696	-0.037	non-DMR
chr1	121720	122232	14	0.316	0.082	0.234	good-DMR
chr1	122699	123141	13	0.184	0.133	0.052	non-DMR
chr1	123281	123673	10	0.68	0.717	-0.037	non-DMR
chr1	123750	124217	11	0.763	0.806	-0.043	non-DMR
chr1	124345	124741	13	0.397	0.566	-0.169	notable-DMR
chr1	124793	125236	10	0.779	0.825	-0.046	non-DMR
chr1	125318	125725	11	0.264	0.255	0.009	inconsistent-DMR
chr1	125852	126395	15	0.576	0.746	-0.17	good-DMR
chr1	126872	127257	10	0.091	0.051	0.039	non-DMR
chr1	127316	127683	9	0.759	0.795	-0.035	non-DMR
chr1	127801	128277	14	0.577	0.618	-0.042	non-DMR
chr1	128414	128842	11	0.902	0.943	-0.041	non-DMR
chr1	128908	129330	12	0.353	0.312	0.041	non-DMR
chr1	130030	130460	9	0.174	0.132	0.042	non-DMR
chr1	130530	130968	13	0.107	0.062	0.045	non-DMR
chr1	130987	131469	11	0.365	0.675	-0.31	good-DMR
chr1	131988	132400	10	0.637	0.679	-0.042	non-DMR
chr1	132492	132845	9	0.547	0.814	-0.267	good-DMR
chr1	133372	133928	13	0.214	0.161	0.053	non-DMR
chr1	134024	134579	14	0.396	0.12	0.277	good-DMR
chr1	135093	135642	15	0.573	0.627	-0.054	non-DMR
chr1	135731	136174	11	0.564	0.593	-0.029	inconsistent-DMR
chr1	136305	136768	14	0.496	0.76	-0.264	good-DMR
chr1	137273	137817	16	0.443	0.783	-0.34	good-DMR
chr1	138298	138763	11	0.553	0.78	-0.227	good-DMR
chr1	139211	139661	11	0.151	0.111	0.04	non-DMR
chr1	139776	140181	11	0.692	0.732	-0.041	non-DMR
chr1	140280	140742	12	0.15	0.12	0.03	non-DMR
chr1	140880	141310	11	0.374	0.302	0.072	inconsistent-DMR
chr1	141423	141850	10	0.725	0.774	-0.049	non-DMR
chr1	141968	142506	15	0.698	0.742	-0.044	non-DMR
chr1	142542	142926	9	0.813	0.859	-0.046	non-DMR
chr1	143056	143551	13	0.731	0.788	-0.057	non-DMR
chr1	143612	144086	16	0.786	0.828	-0.042	non-DMR
chr1	144135	144650	14	0.524	0.792	-0.268	good-DMR
chr1	145126	145638	12	0.822	0.866	-0.044	non-DMR
chr1	145763	146189	10	0.738	0.775	-0.037	non-DMR
chr1	146223	146657	12	0.734	0.77	-0.036	non-DMR
chr1	146774	147267	13	0.802	0.835	-0.033	non-DMR
chr1	147343	147715	11	0.713	0.765	-0.053	non-DMR
chr1	147792	148275	12	0.375	0.133	0.242	good-DMR
chr1	148794	149218	12	0.119	0.075	0.044	non-DMR
chr1	149326	149825	12	0.698	0.923	-0.225	good-DMR
chr1	150301	150764	12	0.714	0.732	-0.018	inconsistent-DMR
chr1	151415	151918	13	0.725	0.828	-0.103	good-DMR
chr1	152401	152797	9	0.651	0.898	-0.247	good-DMR
chr1	153322	153790	11	0.695	0.723	-0.028	non-DMR
chr1	153893	154352	11	0.342	0.087	0.255	good-DMR
chr1	154856	155358	12	0.135	0.091	0.044	non-DMR
chr1	155448	155912	10	0.845	0.885	-0.04	non-DMR
chr1	155959	156366	10	0.543	0.593	-0.05	non-DMR
chr1	156449	156914	15	0.476	0.719	-0.243	good-DMR
chr1	157437	157897	13	0.699	0.738	-0.038	non-DMR
chr1	157961	158464	15	0.586	0.853	-0.267	notable-DMR
chr1	158519	159000	12	0.905	0.952	-0.047	non-DMR
chr1	159092	159581	14	0.686	0.724	-0.038	non-DMR
chr1	159637	160146	12	0.732	0.77	-0.038	non-DMR
chr1	160746	161107	10	0.658	0.614	0.044	non-DMR
chr1	161119	161626	14	0.803	0.835	-0.032	non-DMR
chr1	161721	162209	12	0.705	0.736	-0.031	non-DMR
chr1	162234	162798	15	0.23	0.189	0.041	non-DMR
chr1	162928	163360	11	0.731	0.768	-0.037	non-DMR
chr1	163459	163789	11	0.61	0.645	-0.035	non-DMR
chr1	163839	164284	11	0.688	0.932	-0.244	good-DMR
chr1	164691	165120	11	0.811	0.847	-0.036	non-DMR
chr1	165201	165765	13	0.644	0.891	-0.247	good-DMR
chr1	166197	166648	12	0.264	0.216	0.048	non-DMR
chr1	166676	167116	12	0.639	0.663	-0.024	non-DMR
chr1	167227	167734	14	0.661	0.705	-0.044	non-DMR
chr1	167839	168259	11	0.673	0.911	-0.238	good-DMR
chr1	168770	169379	14	0.872	0.917	-0.045	non-DMR
chr1	169488	170017	12	0.791	0.838	-0.047	non-DMR
chr1	170126	170556	11	0.797	0.83	-0.034	non-DMR
chr1	170628	171052	12	0.567	0.817	-0.25	good-DMR
chr1	171465	171860	12	0.174	0.129	0.045	non-DMR
chr1	171943	172496	12	0.367	0.12	0.247	good-DMR
chr1	172911	173348	11	0.787	0.825	-0.038	non-DMR
chr1	173438	173862	11	0.545	0.797	-0.252	good-DMR
chr1	174322	174725	10	0.378	0.338	0.041	non-DMR
chr1	174805	175305	14	0.841	0.874	-0.033	non-DMR
chr1	175435	175962	14	0.201	0.163	0.038	non-DMR
chr1	176109	176563	12	0.841	0.884	-0.043	non-DMR
chr1	176637	177086	12	0.757	0.797	-0.04	non-DMR
chr1	177146	177680	14	0.862	0.898	-0.036	non-DMR
chr1	177798	178178	12	0.737	0.782	-0.044	non-DMR
chr1	178309	178844	15	0.748	0.8	-0.052	non-DMR
chr1	178900	179424	13	0.097	0.06	0.037	non-DMR
chr1	179463	179890	11	0.512	0.78	-0.268	good-DMR
chr1	180249	180803	12	0.808	0.851	-0.042	non-DMR
chr1	180848	181313	12	0.544	0.583	-0.039	non-DMR
chr1	181448	181912	11	0.667	0.698	-0.031	non-DMR
chr1	181974	182367	11	0.782	0.828	-0.046	non-DMR
chr1	182381	182868	11	0.546	0.786	-0.24	good-DMR
chr1	183314	183773	12	0.758	0.793	-0.034	non-DMR
chr1	183895	184498	15	0.595	0.744	-0.149	notable-DMR
chr1	184534	184947	11	0.704	0.741	-0.038	non-DMR
chr1	185007	185405	11	0.805	0.794	0.011	inconsistent-DMR
chr1	185619	186095	12	0.715	0.746	-0.03	non-DMR
chr1	186179	186469	10	0.35	0.641	-0.29	good-DMR
chr1	186932	187335	12	0.103	0.068	0.035	non-DMR
chr1	187383	187817	11	0.337	0.069	0.268	notable-DMR
chr1	187896	188329	11	0.124	0.079	0.045	non-DMR
chr1	188401	188837	11	0.715	0.693	0.022	inconsistent-DMR
chr1	188977	189455	12	0.659	0.69	-0.031	non-DMR
chr1	189586	190030	10	0.755	0.793	-0.038	non-DMR
chr1	190118	190573	12	0.592	0.802	-0.21	good-DMR
chr1	191090	191591	11	0.655	0.696	-0.041	non-DMR
chr1	191692	192096	10	0.134	0.103	0.031	non-DMR
chr1	192214	192722	13	0.191	0.148	0.043	non-DMR
chr1	192809	193200	11	0.626	0.87	-0.244	good-DMR
chr1	193608	194066	10	0.484	0.681	-0.197	good-DMR
chr1	194349	194799	12	0.369	0.677	-0.308	good-DMR
chr1	195281	195730	11	0.198	0.152	0.045	non-DMR
chr1	195776	196227	12	0.631	0.676	-0.045	non-DMR
chr1	196285	196784	14	0.802	0.846	-0.044	non-DMR
chr1	196891	197271	11	0.338	0.621	-0.282	good-DMR
chr1	197760	198149	9	0.745	0.786	-0.041	non-DMR
chr1	198274	198651	11	0.062	0.025	0.037	non-DMR
chr1	198748	199210	12	0.469	0.52	-0.051	non-DMR
chr1	199319	199842	12	0.763	0.796	-0.034	non-DMR
chr1	199966	200420	11	0.699	0.735	-0.036	non-DMR
chr1	200503	201007	14	0.496	0.748	-0.252	good-DMR
chr1	201511	202029	14	0.623	0.577	0.047	non-DMR
chr1	202124	202592	13	0.252	0.22	0.032	inconsistent-DMR
chr1	202695	203170	12	0.188	0.116	0.072	inconsistent-DMR
chr1	203333	203758	12	0.262	0.216	0.046	non-DMR
chr1	203895	204358	15	0.473	0.76	-0.287	notable-DMR
chr1	204466	204931	12	0.256	0.224	0.031	non-DMR
chr1	205035	205508	15	0.101	0.048	0.053	non-DMR
chr1	205526	206046	16	0.533	0.291	0.242	good-DMR
chr1	206570	207161	16	0.867	0.906	-0.04	non-DMR
chr1	207224	207680	14	0.783	0.819	-0.036	non-DMR
chr1	207772	208251	13	0.769	0.811	-0.042	non-DMR
chr1	208365	208871	14	0.636	0.68	-0.045	non-DMR
chr1	208921	209386	10	0.658	0.701	-0.043	non-DMR
chr1	209408	209922	11	0.779	0.82	-0.041	non-DMR
chr1	209958	210401	13	0.637	0.686	-0.049	non-DMR
chr1	210457	210864	10	0.186	0.145	0.041	non-DMR
chr1	210904	211401	13	0.449	0.72	-0.271	good-DMR
chr1	211768	212150	12	0.442	0.672	-0.229	good-DMR
chr1	212646	213035	10	0.829	0.87	-0.042	non-DMR
chr1	213135	213557	13	0.68	0.716	-0.036	non-DMR
chr1	213598	214111	15	0.107	0.073	0.034	non-DMR
chr1	214194	214635	13	0.599	0.925	-0.326	good-DMR
chr1	215034	215494	12	0.518	0.294	0.224	good-DMR
chr1	215966	216485	15	0.659	0.846	-0.187	good-DMR
chr1	216896	217420	15	0.84	0.879	-0.039	non-DMR
chr1	217524	217918	12	0.487	0.592	-0.105	inconsistent-DMR
chr1	218065	218595	12	0.548	0.777	-0.229	good-DMR
chr1	219012	219396	10	0.695	0.729	-0.034	non-DMR
chr1	219499	220004	14	0.865	0.911	-0.046	non-DMR
chr1	220137	220558	12	0.588	0.845	-0.257	notable-DMR
chr1	220655	221036	10	0.622	0.664	-0.042	non-DMR
chr1	221118	221581	12	0.65	0.687	-0.037	non-DMR
chr1	221660	222144	11	0.852	0.885	-0.033	non-DMR
chr1	222218	222703	14	0.752	0.796	-0.045	non-DMR
chr1	222766	223200	9	0.452	0.679	-0.227	good-DMR
chr1	223722	224236	14	0.815	0.853	-0.038	non-DMR
chr1	224339	224806	13	0.882	0.924	-0.042	non-DMR
chr1	224864	225323	12	0.589	0.905	-0.316	good-DMR
chr1	225727	226174	12	0.783	0.819	-0.036	non-DMR
chr1	226236	226772	13	0.647	0.824	-0.177	good-DMR
chr1	227190	227680	15	0.741	0.776	-0.035	non-DMR
chr1	227768	228255	13	0.799	0.831	-0.032	non-DMR
chr1	228326	228755	10	0.868	0.916	-0.048	non-DMR
chr1	228814	229268	12	0.678	0.723	-0.045	non-DMR
chr1	229370	229721	10	0.454	0.153	0.301	good-DMR
chr1	230194	230618	11	0.664	0.702	-0.038	non-DMR
chr1	230754	231135	10	0.831	0.867	-0.036	non-DMR
chr1	231152	231592	12	0.531	0.815	-0.284	good-DMR
chr1	232090	232555	14	0.538	0.792	-0.254	good-DMR
chr1	233083	233613	15	0.88	0.925	-0.046	non-DMR
chr1	233730	234166	11	0.919	0.965	-0.046	non-DMR
chr1	234269	234798	14	0.673	0.716	-0.043	non-DMR
chr1	234915	235322	13	0.516	0.667	-0.152	notable-DMR
chr1	235376	235861	12	0.83	0.864	-0.034	non-DMR
chr1	235887	236269	14	0.326	0.033	0.293	good-DMR
chr1	236762	237155	13	0.771	0.824	-0.052	non-DMR
chr1	237214	237511	8	0.825	0.788	0.036	inconsistent-DMR
chr1	237720	238190	11	0.647	0.7	-0.053	non-DMR
chr1	238261	238799	13	0.326	0.655	-0.329	good-DMR
chr1	239140	239509	10	0.212	0.173	0.039	non-DMR
chr1	239610	240027	10	0.422	0.688	-0.266	good-DMR
chr1	240537	241018	12	0.788	0.828	-0.04	non-DMR
chr1	241080	241536	14	0.836	0.886	-0.05	non-DMR
chr1	241674	242101	10	0.548	0.716	-0.169	notable-DMR
chr1	242187	242520	10	0.774	0.815	-0.041	non-DMR
chr1	242567	243018	12	0.802	0.834	-0.032	non-DMR
chr1	243151	243687	14	0.824	0.868	-0.044	non-DMR
chr1	243791	244258	11	0.523	0.87	-0.346	good-DMR
chr1	244651	245059	10	0.26	0.227	0.033	non-DMR
chr1	245178	245610	15	0.416	0.375	0.041	non-DMR
chr1	245729	246145	10	0.713	0.754	-0.041	non-DMR
chr1	246229	246641	8	0.2	0.565	-0.365	good-DMR
chr1	247113	247663	14	0.632	0.851	-0.218	good-DMR
chr1	248161	248685	12	0.118	0.085	0.033	non-DMR
chr1	248722	249123	12	0.438	0.643	-0.205	notable-DMR
chr1	249220	249577	10	0.691	0.731	-0.04	non-DMR
chr1	249615	250028	10	0.214	0.165	0.049	non-DMR
chr1	250068	250543	12	0.692	0.742	-0.05	non-DMR
chr1	250643	251018	10	0.89	0.936	-0.046	non-DMR
chr1	251055	251528	13	0.741	0.789	-0.048	non-DMR
chr1	251603	252012	13	0.87	0.917	-0.047	non-DMR
chr1	252092	252564	12	0.538	0.81	-0.272	good-DMR
chr1	252970	253404	11	0.62	0.661	-0.041	non-DMR
chr1	253520	253977	13	0.606	0.65	-0.044	non-DMR
chr1	254107	254476	11	0.16	0.111	0.049	non-DMR
chr1	254485	254838	10	0.337	0.645	-0.308	good-DMR
chr1	255287	255729	13	0.373	0.084	0.289	good-DMR
chr1	256213	256669	12	0.858	0.561	0.297	good-DMR
chr1	257169	257642	12	0.754	0.793	-0.039	non-DMR
chr1	257673	258038	11	0.568	0.829	-0.261	good-DMR
chr1	258542	259053	14	0.667	0.934	-0.266	good-DMR
chr1	259466	259986	13	0.253	0.489	-0.236	good-DMR
chr1	260454	260890	10	0.747	0.788	-0.04	non-DMR
chr1	260948	261463	16	0.619	0.932	-0.312	good-DMR
chr1	261910	262372	14	0.801	0.846	-0.045	non-DMR
chr1	262409	262854	10	0.124	0.082	0.042	non-DMR
chr1	262923	263320	13	0.166	0.119	0.047	non-DMR
chr1	263434	263891	11	0.836	0.885	-0.049	non-DMR
chr1	263987	264451	12	0.708	0.745	-0.037	non-DMR
chr1	264572	265076	13	0.73	0.777	-0.047	non-DMR
chr1	265187	265647	11	0.839	0.877	-0.038	non-DMR
chr1	265749	266225	10	0.824	0.863	-0.04	non-DMR
chr1	266329	266794	11	0.892	0.935	-0.043	non-DMR
chr1	266938	267406	11	0.674	0.712	-0.038	non-DMR
chr1	267446	267832	12	0.5	0.738	-0.238	good-DMR
chr1	268345	268722	11	0.097	0.065	0.033	non-DMR
chr1	268851	269433	13	0.794	0.84	-0.047	non-DMR
chr1	269482	269895	12	0.544	0.812	-0.267	notable-DMR
chr1	270459	270858	12	0.614	0.654	-0.039	non-DMR
chr1	270930	271376	13	0.57	0.89	-0.32	notable-DMR
chr1	271467	271942	14	0.686	0.735	-0.049	non-DMR
chr1	271997	272386	11	0.677	0.733	-0.056	non-DMR
chr1	272428	272940	12	0.109	0.067	0.042	non-DMR
chr1	273019	273490	12	0.184	0.151	0.033	non-DMR
chr1	273564	273984	11	0.812	0.848	-0.037	non-DMR
chr1	274111	274560	12	0.843	0.876	-0.033	non-DMR
chr1	274678	275129	13	0.824	0.86	-0.036	non-DMR
chr1	275181	275574	10	0.648	0.887	-0.239	good-DMR
chr1	275979	276387	11	0.701	0.736	-0.035	non-DMR
chr1	276457	276977	13	0.071	0.044	0.027	non-DMR
chr1	277060	277517	15	0.707	0.746	-0.039	non-DMR
chr1	277635	278084	11	0.147	0.114	0.033	non-DMR
chr1	278116	278666	15	0.253	0.074	0.179	good-DMR
chr1	279147	279633	14	0.352	0.141	0.21	good-DMR
chr1	280127	280632	13	0.467	0.211	0.256	good-DMR
chr1	281042	281491	14	0.565	0.609	-0.044	non-DMR
chr1	281525	281967	11	0.506	0.754	-0.248	good-DMR
chr1	282453	283031	15	0.175	0.133	0.041	non-DMR
chr1	283090	283551	11	0.787	0.826	-0.039	non-DMR
chr1	283638	284023	9	0.514	0.57	-0.056	non-DMR
chr1	284056	284581	12	0.407	0.13	0.277	good-DMR
chr1	285008	285587	12	0.495	0.836	-0.34	good-DMR
chr1	286116	286577	12	0.899	0.943	-0.044	non-DMR
chr1	286684	287255	15	0.16	0.125	0.035	non-DMR
chr1	287327	287775	12	0.095	0.049	0.046	non-DMR
chr1	287893	288318	11	0.649	0.687	-0.038	non-DMR
chr1	288427	288875	12	0.785	0.824	-0.038	non-DMR
chr1	288974	289484	13	0.464	0.588	-0.124	good-DMR
chr1	290033	290501	11	0.489	0.507	-0.017	inconsistent-DMR
chr1	290651	291032	9	0.251	0.202	0.048	non-DMR
chr1	291103	291525	10	0.31	0.051	0.259	good-DMR
chr1	292004	292370	11	0.823	0.85	-0.027	non-DMR
chr1	292516	292969	12	0.683	0.724	-0.041	non-DMR
chr1	293070	293454	10	0.728	0.775	-0.047	non-DMR
chr1	293501	293968	12	0.685	0.724	-0.039	non-DMR
chr1	294048	294486	10	0.603	0.835	-0.232	good-DMR
chr1	294931	295385	14	0.162	0.132	0.03	non-DMR
chr1	295515	296006	13	0.767	0.808	-0.041	non-DMR
chr1	296119	296610	13	0.663	0.716	-0.053	non-DMR
chr1	296694	297197	12	0.843	0.878	-0.035	non-DMR
chr1	297326	297714	12	0.255	0.22	0.035	non-DMR
chr1	297827	298287	11	0.224	0.189	0.034	non-DMR
chr1	298377	298726	9	0.463	0.174	0.289	good-DMR
chr1	298973	299500	13	0.378	0.618	-0.239	good-DMR
chr1	299896	300308	12	0.862	0.902	-0.041	non-DMR
chr1	300338	300714	11	0.425	0.147	0.278	good-DMR
chr1	301162	301721	15	0.745	0.781	-0.036	non-DMR
chr1	301766	302188	12	0.65	0.862	-0.212	good-DMR
chr1	302654	303016	9	0.703	0.739	-0.036	non-DMR
chr1	303090	303545	14	0.107	0.072	0.035	non-DMR
chr1	303607	304049	11	0.401	0.659	-0.258	good-DMR
chr1	304408	304851	11	0.805	0.85	-0.044	non-DMR
chr1	304967	305347	12	0.243	0.2	0.044	inconsistent-DMR
chr1	305478	305997	13	0.796	0.829	-0.032	non-DMR
chr1	306047	306593	13	0.614	0.862	-0.248	good-DMR
chr1	307051	307486	12	0.116	0.071	0.044	non-DMR
chr1	307550	307986	12	0.808	0.835	-0.027	non-DMR
chr1	308106	308622	13	0.613	0.564	0.049	non-DMR
chr1	308726	309176	11	0.634	0.876	-0.242	good-DMR
chr1	309698	310146	13	0.235	0.204	0.031	non-DMR
chr1	310222	310667	10	0.139	0.094	0.045	non-DMR
chr1	310733	311235	14	0.664	0.71	-0.047	non-DMR
chr1	311314	311710	11	0.43	0.124	0.306	good-DMR
chr1	312222	312722	12	0.837	0.864	-0.026	non-DMR
chr1	312845	313294	12	0.854	0.888	-0.033	non-DMR
chr1	313357	313786	13	0.68	0.727	-0.047	non-DMR
chr1	313887	314337	11	0.833	0.87	-0.037	non-DMR
chr1	315111	315514	13	0.754	0.801	-0.047	non-DMR
chr1	315621	316024	12	0.699	0.748	-0.049	non-DMR
chr1	316091	316595	15	0.586	0.63	-0.044	non-DMR
chr1	316718	317134	10	0.669	0.709	-0.039	non-DMR
chr1	317185	317665	13	0.693	0.74	-0.047	non-DMR
chr1	317741	318322	13	0.552	0.715	-0.164	good-DMR
chr1	318816	319219	10	0.84	0.875	-0.035	non-DMR
chr1	319250	319707	12	0.34	0.693	-0.354	good-DMR
chr1	320161	320587	11	0.825	0.872	-0.047	non-DMR
chr1	320656	321159	11	0.235	0.195	0.04	non-DMR
chr1	321268	321683	11	0.673	0.713	-0.04	non-DMR
chr1	321779	322228	12	0.698	0.897	-0.198	good-DMR
chr1	322747	323165	14	0.146	0.108	0.038	non-DMR
chr1	323225	323614	10	0.73	0.768	-0.038	non-DMR
chr1	323706	324188	14	0.168	0.118	0.05	non-DMR
chr1	324252	324541	8	0.629	0.753	-0.124	inconsistent-DMR
chr1	324754	325288	14	0.644	0.674	-0.03	non-DMR
chr1	325363	325884	14	0.711	0.96	-0.248	good-DMR
chr1	326281	326738	13	0.605	0.905	-0.3	good-DMR
chr1	327258	327738	14	0.26	0.228	0.032	non-DMR
chr1	327825	328208	11	0.61	0.654	-0.044	non-DMR
chr1	328269	328722	10	0.349	0.738	-0.389	good-DMR
chr1	329223	329753	13	0.164	0.109	0.055	non-DMR
chr1	329860	330348	12	0.796	0.833	-0.037	non-DMR
chr1	330386	330771	11	0.385	0.666	-0.281	good-DMR
chr1	331252	331651	10	0.786	0.819	-0.032	non-DMR
chr1	331733	332021	10	0.572	0.822	-0.25	good-DMR
chr1	332515	332875	10	0.699	0.733	-0.035	non-DMR
chr1	332933	333478	13	0.737	0.777	-0.04	non-DMR
chr1	333565	334026	11	0.317	0.085	0.232	good-DMR
chr1	334387	334948	12	0.575	0.851	-0.276	good-DMR
chr1	335455	335893	13	0.12	0.075	0.046	non-DMR
chr1	336024	336470	10	0.769	0.811	-0.042	non-DMR
chr1	336575	337088	14	0.138	0.092	0.046	non-DMR
chr1	337127	337532	13	0.179	0.131	0.048	non-DMR
chr1	337596	338076	14	0.132	0.097	0.035	non-DMR
chr1	338124	338531	10	0.316	0.052	0.264	notable-DMR
chr1	338597	339043	11	0.739	0.785	-0.046	non-DMR
chr1	339141	339720	16	0.536	0.576	-0.04	non-DMR
chr1	339801	340260	11	0.406	0.626	-0.22	good-DMR
chr1	340743	341170	10	0.612	0.846	-0.234	good-DMR
chr1	341622	342069	10	0.589	0.634	-0.045	non-DMR
chr1	342085	342513	11	0.448	0.725	-0.278	good-DMR
chr1	342997	343516	14	0.621	0.88	-0.259	good-DMR
chr1	343990	344450	13	0.75	0.788	-0.039	non-DMR
chr1	344530	344982	13	0.569	0.809	-0.24	notable-DMR
chr1	345084	345656	14	0.839	0.874	-0.034	non-DMR
chr1	346275	346781	12	0.141	0.1	0.041	non-DMR
chr1	346804	347298	13	0.628	0.661	-0.034	non-DMR
chr1	347378	347896	13	0.736	0.761	-0.025	non-DMR
chr1	347952	348400	12	0.863	0.896	-0.033	non-DMR
chr1	348459	348821	9	0.662	0.855	-0.193	good-DMR
chr1	349284	349740	12	0.855	0.903	-0.047	non-DMR
chr1	349880	350356	10	0.72	0.757	-0.036	non-DMR
chr1	350448	350843	11	0.706	0.735	-0.029	non-DMR
chr1	350959	351363	10	0.682	0.726	-0.044	non-DMR
chr1	351424	351893	13	0.722	0.759	-0.038	non-DMR
chr1	352012	352538	12	0.798	0.85	-0.052	non-DMR
chr1	352608	353126	13	0.111	0.068	0.043	non-DMR
chr1	353239	353679	11	0.882	0.922	-0.04	non-DMR
chr1	353771	354318	14	0.708	0.741	-0.033	non-DMR
chr1	354394	354834	10	0.311	0.076	0.236	good-DMR
chr1	355367	355856	12	0.761	0.805	-0.044	non-DMR
chr1	355938	356389	11	0.656	0.688	-0.032	non-DMR
chr1	356467	356985	14	0.825	0.874	-0.049	non-DMR
chr1	357070	357546	14	0.58	0.844	-0.265	good-DMR
chr1	358060	358460	11	0.869	0.909	-0.04	non-DMR
chr1	358544	359007	12	0.776	0.82	-0.044	non-DMR
chr1	359092	359636	12	0.735	0.782	-0.047	non-DMR
chr1	359682	360287	14	0.829	0.867	-0.038	non-DMR
chr1	360367	360809	10	0.762	0.815	-0.053	non-DMR
chr1	360933	361381	11	0.676	0.711	-0.035	non-DMR
chr1	361488	361944	13	0.75	0.791	-0.04	non-DMR
chr1	361985	362402	10	0.113	0.074	0.04	non-DMR
chr1	362506	362965	11	0.829	0.853	-0.024	non-DMR
chr1	363010	363492	12	0.38	0.654	-0.274	good-DMR
chr1	363984	364430	14	0.698	0.739	-0.041	non-DMR
chr1	364527	364903	11	0.179	0.14	0.04	non-DMR
chr1	365016	365513	12	0.826	0.871	-0.045	non-DMR
chr1	365595	366043	12	0.824	0.866	-0.041	non-DMR
chr1	366112	366637	12	0.561	0.273	0.288	good-DMR
chr1	367116	367565	12	0.829	0.873	-0.044	non-DMR
chr1	367642	368149	12	0.903	0.935	-0.032	non-DMR
chr1	368188	368648	10	0.425	0.678	-0.254	good-DMR
chr1	369063	369491	10	0.705	0.754	-0.049	non-DMR
chr1	369590	369988	10	0.816	0.861	-0.045	non-DMR
chr1	370089	370576	12	0.696	0.734	-0.039	non-DMR
chr1	370704	371192	12	0.121	0.079	0.042	non-DMR
chr1	371302	371741	12	0.184	0.135	0.049	non-DMR
chr1	371840	372319	12	0.794	0.833	-0.039	non-DMR
chr1	372404	372827	12	0.468	0.709	-0.241	good-DMR
chr1	373285	373711	11	0.741	0.784	-0.043	non-DMR
chr1	373795	374237	13	0.381	0.101	0.279	good-DMR
chr1	374751	375159	10	0.154	0.115	0.038	non-DMR
chr1	375268	375779	13	0.487	0.685	-0.198	notable-DMR
chr1	375888	376369	14	0.863	0.902	-0.04	non-DMR
chr1	376501	376933	14	0.749	0.789	-0.039	non-DMR
chr1	377001	377370	11	0.761	0.798	-0.037	non-DMR
chr1	378095	378618	13	0.817	0.858	-0.041	non-DMR
chr1	378728	379117	13	0.843	0.878	-0.035	non-DMR
chr1	379252	379671	10	0.603	0.635	-0.032	non-DMR
chr1	379723	380133	12	0.65	0.684	-0.034	non-DMR
chr1	380236	380754	14	0.646	0.689	-0.044	non-DMR
chr1	380826	381279	11	0.113	0.072	0.041	non-DMR
chr1	381331	381781	12	0.53	0.75	-0.22	good-DMR
chr1	382251	382675	11	0.675	0.871	-0.196	good-DMR
chr1	383153	383557	11	0.773	0.825	-0.051	non-DMR
chr1	383700	384190	14	0.696	0.784	-0.088	inconsistent-DMR
chr1	384279	384682	9	0.111	0.08	0.03	non-DMR
chr1	384745	385228	11	0.357	0.31	0.046	non-DMR
chr1	385362	385874	13	0.837	0.871	-0.034	non-DMR
chr1	385945	386392	11	0.814	0.859	-0.044	non-DMR
chr1	386517	387011	13	0.679	0.718	-0.039	non-DMR
chr1	387058	387373	8	0.641	0.695	-0.054	non-DMR
chr1	387421	387833	13	0.824	0.862	-0.038	non-DMR
chr1	387930	388255	9	0.802	0.854	-0.052	non-DMR
chr1	388362	388855	13	0.817	0.854	-0.037	non-DMR
chr1	388924	389448	14	0.56	0.593	-0.033	non-DMR
chr1	389558	389941	11	0.131	0.09	0.041	non-DMR
chr1	390004	390404	9	0.675	0.686	-0.012	inconsistent-DMR
chr1	390614	391069	10	0.775	0.808	-0.033	non-DMR
chr1	391153	391586	12	0.505	0.746	-0.242	good-DMR
chr1	392072	392606	13	0.156	0.114	0.042	non-DMR
chr1	392704	393097	12	0.763	0.798	-0.035	non-DMR
chr1	393149	393655	12	0.62	0.849	-0.229	good-DMR
chr1	394108	394580	13	0.815	0.862	-0.046	non-DMR
chr1	394694	395224	16	0.653	0.617	0.035	non-DMR
chr1	395314	395760	10	0.859	0.906	-0.047	non-DMR
chr1	395849	396259	13	0.671	0.704	-0.033	non-DMR
chr1	396313	396813	14	0.646	0.677	-0.032	non-DMR
chr1	396914	397347	13	0.868	0.905	-0.037	non-DMR
chr1	397400	397680	8	0.458	0.789	-0.332	good-DMR
chr1	398092	398461	11	0.668	0.703	-0.034	non-DMR
chr1	398555	399000	13	0.446	0.227	0.219	notable-DMR
chr1	399064	399579	14	0.098	0.063	0.034	non-DMR
chr1	399616	400036	10	0.368	0.138	0.23	good-DMR
chr1	400519	400949	11	0.319	0.169	0.15	good-DMR
chr1	401463	401804	11	0.172	0.122	0.05	non-DMR
chr1	401883	402326	14	0.824	0.869	-0.045	non-DMR
chr1	402384	402888	13	0.824	0.864	-0.04	non-DMR
chr1	403013	403454	11	0.8	0.846	-0.046	non-DMR
chr1	403558	403974	11	0.368	0.316	0.052	non-DMR
chr1	404084	404530	13	0.648	0.692	-0.045	non-DMR
chr1	404571	405025	12	0.802	0.836	-0.034	non-DMR
chr1	405075	405483	12	0.653	0.687	-0.034	non-DMR
chr1	405533	405958	12	0.73	0.775	-0.045	non-DMR
chr1	406002	406534	16	0.231	0.202	0.028	inconsistent-DMR
chr1	406665	407035	9	0.198	0.177	0.021	non-DMR
chr1	407135	407552	10	0.623	0.896	-0.273	good-DMR
chr1	408020	408407	12	0.416	0.082	0.334	good-DMR
chr1	408830	409164	11	0.407	0.641	-0.233	good-DMR
chr1	409691	410289	17	0.565	0.617	-0.052	non-DMR
chr1	410378	410873	12	0.795	0.832	-0.036	non-DMR
chr1	410972	411381	12	0.847	0.885	-0.038	non-DMR
chr1	411424	411844	13	0.793	0.839	-0.046	non-DMR
chr1	411929	412332	10	0.827	0.866	-0.039	non-DMR
chr1	412393	412829	11	0.271	0.225	0.047	non-DMR
chr1	412935	413463	15	0.568	0.615	-0.047	non-DMR
chr1	413515	413964	13	0.589	0.629	-0.041	non-DMR
chr1	414078	414572	12	0.442	0.65	-0.208	notable-DMR
chr1	414632	415146	15	0.3	0.256	0.044	non-DMR
chr1	415226	415609	9	0.6	0.808	-0.208	good-DMR
chr1	416123	416564	13	0.513	0.581	-0.068	inconsistent-DMR
chr1	416649	417175	14	0.342	0.082	0.26	good-DMR
chr1	417683	418193	13	0.903	0.951	-0.048	non-DMR
chr1	418291	418800	12	0.659	0.624	0.035	non-DMR
chr1	418859	419376	13	0.74	0.778	-0.038	non-DMR
chr1	419502	419895	11	0.833	0.886	-0.053	non-DMR
chr1	419941	420380	10	0.803	0.842	-0.039	non-DMR
chr1	420460	420872	10	0.82	0.866	-0.047	non-DMR
chr1	420954	421403	11	0.562	0.76	-0.198	good-DMR
chr1	421923	422407	15	0.839	0.881	-0.043	non-DMR
chr1	422507	422941	12	0.646	0.902	-0.257	good-DMR
chr1	423383	423874	11	0.667	0.844	-0.177	good-DMR
chr1	424344	424855	13	0.718	0.756	-0.037	non-DMR
chr1	424992	425499	13	0.131	0.089	0.042	non-DMR
chr1	425612	426022	9	0.132	0.078	0.054	non-DMR
chr1	426078	426503	9	0.818	0.867	-0.05	non-DMR
chr1	426593	427091	16	0.445	0.488	-0.043	non-DMR
chr1	427176	427613	10	0.647	0.8	-0.153	good-DMR
chr1	428079	428566	13	0.208	0.177	0.031	non-DMR
chr1	428625	429093	11	0.136	0.104	0.032	non-DMR
chr1	429148	429690	13	0.78	0.821	-0.041	non-DMR
chr1	429767	430228	13	0.594	0.721	-0.128	good-DMR
chr1	430632	430996	12	0.736	0.788	-0.052	non-DMR
chr1	431066	431477	10	0.79	0.825	-0.035	non-DMR
chr1	431585	432019	14	0.499	0.175	0.324	good-DMR
chr1	432542	433059	11	0.219	0.18	0.039	non-DMR
chr1	433115	433649	15	0.72	0.764	-0.044	non-DMR
chr1	433736	434208	13	0.472	0.514	-0.042	non-DMR
chr1	434278	434686	10	0.707	0.745	-0.039	non-DMR
chr1	434811	435231	11	0.877	0.909	-0.033	non-DMR
chr1	435333	435782	12	0.811	0.846	-0.036	non-DMR
chr1	435857	436267	11	0.413	0.686	-0.274	good-DMR
chr1	436706	437277	15	0.253	0.214	0.038	non-DMR
chr1	437355	437824	15	0.214	0.161	0.052	non-DMR
chr1	437869	438276	12	0.415	0.68	-0.265	good-DMR
chr1	438743	439159	10	0.738	0.786	-0.047	non-DMR
chr1	439182	439595	12	0.522	0.771	-0.249	good-DMR
chr1	440139	440674	12	0.727	0.775	-0.048	non-DMR
chr1	440711	441067	9	0.443	0.807	-0.364	good-DMR
chr1	441531	441947	11	0.704	0.941	-0.237	good-DMR
chr1	442457	442885	11	0.805	0.843	-0.038	non-DMR
chr1	442960	443406	11	0.181	0.133	0.048	non-DMR
chr1	443499	444054	15	0.847	0.884	-0.037	non-DMR
chr1	444174	444721	13	0.572	0.616	-0.044	non-DMR
chr1	444850	445332	15	0.897	0.935	-0.038	non-DMR
chr1	445457	445988	14	0.746	0.792	-0.046	non-DMR
chr1	446057	446464	11	0.547	0.837	-0.29	good-DMR
chr1	446963	447373	10	0.362	0.65	-0.288	good-DMR
chr1	447848	448291	10	0.186	0.145	0.041	non-DMR
chr1	448384	448790	9	0.615	0.649	-0.034	non-DMR
chr1	448900	449284	11	0.752	0.784	-0.032	non-DMR
chr1	449392	449818	12	0.764	0.795	-0.031	non-DMR
chr1	449887	450310	13	0.615	0.653	-0.039	non-DMR
chr1	450382	450880	12	0.58	0.601	-0.021	inconsistent-DMR
chr1	450986	451410	12	0.833	0.893	-0.059	non-DMR
chr1	451506	451941	12	0.148	0.1	0.048	non-DMR
chr1	452066	452499	11	0.635	0.676	-0.042	non-DMR
chr1	452584	452987	8	0.783	0.841	-0.058	non-DMR
chr1	453031	453522	13	0.784	0.831	-0.046	non-DMR
chr1	453613	454161	13	0.263	0.053	0.209	good-DMR
chr1	454625	455068	11	0.787	0.84	-0.054	non-DMR
chr1	455134	455542	10	0.6	0.641	-0.041	non-DMR
chr1	455596	456131	15	0.696	0.738	-0.042	non-DMR
chr1	456254	456689	11	0.689	0.729	-0.04	non-DMR
chr1	456784	457309	13	0.526	0.834	-0.308	good-DMR
chr1	457771	458235	10	0.398	0.641	-0.243	good-DMR
chr1	458670	459183	14	0.705	0.744	-0.039	non-DMR
chr1	459285	459791	12	0.164	0.432	-0.269	good-DMR
chr1	460267	460681	9	0.784	0.805	-0.021	non-DMR
chr1	460808	461236	12	0.855	0.894	-0.038	non-DMR
chr1	461341	461859	13	0.778	0.816	-0.039	non-DMR
chr1	461938	462442	15	0.816	0.845	-0.029	non-DMR
chr1	462544	463028	15	0.887	0.943	-0.055	non-DMR
chr1	463062	463506	10	0.543	0.852	-0.308	good-DMR
chr1	464008	464377	13	0.836	0.886	-0.05	non-DMR
chr1	464496	464867	11	0.746	0.788	-0.043	non-DMR
chr1	464963	465413	14	0.812	0.858	-0.045	non-DMR
chr1	465453	465924	12	0.348	0.09	0.258	good-DMR
chr1	466449	466835	12	0.892	0.92	-0.028	non-DMR
chr1	466939	467458	14	0.65	0.693	-0.042	non-DMR
chr1	467480	467951	13	0.537	0.787	-0.25	good-DMR
chr1	468445	468874	10	0.703	0.745	-0.042	non-DMR
chr1	468934	469399	11	0.82	0.864	-0.044	non-DMR
chr1	469509	469975	13	0.521	0.551	-0.03	inconsistent-DMR
chr1	470092	470386	10	0.471	0.717	-0.246	good-DMR
chr1	470889	471307	11	0.701	0.746	-0.045	non-DMR
chr1	471351	471776	10	0.432	0.114	0.318	good-DMR
chr1	472316	472693	12	0.893	0.938	-0.045	non-DMR
chr1	472780	473190	14	0.82	0.862	-0.042	non-DMR
chr1	473234	473679	13	0.484	0.76	-0.276	good-DMR
chr1	474151	474678	13	0.531	0.821	-0.29	good-DMR
chr1	475098	475534	11	0.144	0.104	0.04	non-DMR
chr1	475651	476084	10	0.522	0.571	-0.049	non-DMR
chr1	476148	476710	16	0.598	0.813	-0.214	notable-DMR
chr1	476848	477260	10	0.691	0.732	-0.041	non-DMR
chr1	477402	477831	13	0.839	0.817	0.022	inconsistent-DMR
chr1	477985	478450	14	0.645	0.684	-0.039	non-DMR
chr1	478523	478982	12	0.681	0.733	-0.052	non-DMR
chr1	479078	479561	12	0.758	0.798	-0.04	non-DMR
chr1	479676	480108	12	0.805	0.844	-0.039	non-DMR
chr1	480213	480783	17	0.669	0.699	-0.031	non-DMR
chr1	480896	481364	12	0.836	0.875	-0.04	non-DMR
chr1	481471	481996	12	0.734	0.77	-0.036	non-DMR
chr1	482044	482438	10	0.145	0.111	0.034	non-DMR
chr1	482491	482935	12	0.613	0.663	-0.05	non-DMR
chr1	482969	483358	12	0.303	0.056	0.246	good-DMR
chr1	483883	484378	13	0.68	0.724	-0.044	non-DMR
chr1	484505	484972	12	0.783	0.832	-0.049	non-DMR
chr1	485029	485516	11	0.836	0.88	-0.044	non-DMR
chr1	485617	486025	10	0.624	0.662	-0.037	non-DMR
chr1	486065	486463	12	0.803	0.839	-0.036	non-DMR
chr1	486584	486982	9	0.694	0.733	-0.039	non-DMR
chr1	487047	487471	11	0.558	0.794	-0.236	good-DMR
chr1	487727	488202	11	0.811	0.855	-0.044	non-DMR
chr1	488304	488689	11	0.665	0.719	-0.054	non-DMR
chr1	488790	489311	13	0.605	0.647	-0.042	non-DMR
chr1	489394	489902	15	0.888	0.933	-0.045	non-DMR
chr1	489988	490418	11	0.469	0.755	-0.286	good-DMR
chr1	490765	491167	10	0.42	0.721	-0.301	good-DMR
chr1	491633	491914	9	0.306	0.256	0.05	non-DMR
chr1	492027	492412	11	0.136	0.098	0.038	non-DMR
chr1	492465	492959	12	0.548	0.695	-0.147	good-DMR
chr1	493405	493767	11	0.213	0.175	0.038	non-DMR
chr1	493884	494276	13	0.699	0.745	-0.046	non-DMR
chr1	494388	494930	14	0.256	0.214	0.042	non-DMR
chr1	495058	495487	13	0.803	0.836	-0.033	non-DMR
chr1	495596	496065	12	0.654	0.798	-0.144	good-DMR
chr1	496582	497047	12	0.799	0.841	-0.042	non-DMR
chr1	497183	497652	10	0.79	0.835	-0.045	non-DMR
chr1	497752	498137	12	0.733	0.774	-0.041	non-DMR
chr1	498225	498670	12	0.811	0.855	-0.044	non-DMR
chr1	498763	499283	15	0.707	0.751	-0.044	non-DMR
chr1	499354	499803	12	0.691	0.727	-0.037	non-DMR
chr1	499896	500353	12	0.576	0.767	-0.191	good-DMR
chr1	500820	501214	9	0.21	0.176	0.034	non-DMR
chr1	501247	501744	13	0.768	0.801	-0.032	non-DMR
chr1	501845	502409	14	0.765	0.805	-0.04	non-DMR
chr1	502480	502902	11	0.573	0.852	-0.279	good-DMR
chr1	503355	503844	11	0.51	0.821	-0.311	good-DMR
chr1	504242	504634	12	0.678	0.714	-0.036	non-DMR
chr1	504738	505184	12	0.587	0.64	-0.052	non-DMR
chr1	505240	505712	11	0.547	0.522	0.026	inconsistent-DMR
chr1	505804	506294	11	0.525	0.788	-0.263	good-DMR
chr1	506800	507206	10	0.322	0.136	0.186	good-DMR
chr1	507575	507990	12	0.567	0.889	-0.321	good-DMR
chr1	508470	508945	12	0.639	0.882	-0.243	good-DMR
chr1	509445	509878	9	0.753	0.79	-0.038	non-DMR
chr1	509922	510334	9	0.715	0.756	-0.042	non-DMR
chr1	510472	511008	13	0.716	0.756	-0.04	non-DMR
chr1	511144	511657	13	0.293	0.248	0.046	non-DMR
chr1	511700	512135	11	0.432	0.212	0.22	good-DMR
chr1	512646	513203	13	0.794	0.833	-0.039	non-DMR
chr1	513278	513628	8	0.895	0.927	-0.032	non-DMR
chr1	513661	514131	12	0.463	0.285	0.178	good-DMR
chr1	514615	515102	13	0.509	0.673	-0.164	good-DMR
chr1	515615	516149	14	0.719	0.758	-0.039	non-DMR
chr1	516263	516711	11	0.298	0.256	0.042	non-DMR
chr1	516756	517207	11	0.836	0.864	-0.028	non-DMR
chr1	517283	517702	13	0.774	0.817	-0.043	non-DMR
chr1	517811	518177	10	0.773	0.81	-0.037	non-DMR
chr1	518258	518662	11	0.475	0.676	-0.201	good-DMR
chr1	519153	519640	14	0.809	0.85	-0.041	non-DMR
chr1	519666	520041	11	0.668	0.709	-0.041	non-DMR
chr1	520123	520565	12	0.22	0.178	0.042	non-DMR
chr1	520606	520960	11	0.425	0.641	-0.216	good-DMR
chr1	521470	522004	15	0.158	0.117	0.041	non-DMR
chr1	522108	522521	10	0.295	0.251	0.043	non-DMR
chr1	522624	523114	14	0.835	0.883	-0.048	non-DMR
chr1	523184	523656	14	0.732	0.776	-0.044	non-DMR
chr1	523734	524123	10	0.758	0.791	-0.033	non-DMR
chr1	524207	524782	14	0.644	0.68	-0.035	non-DMR
chr1	524910	525332	13	0.898	0.937	-0.039	non-DMR
chr1	525396	525960	15	0.864	0.91	-0.046	non-DMR
chr1	526042	526503	14	0.466	0.788	-0.322	good-DMR
chr1	527009	527432	12	0.621	0.654	-0.033	non-DMR
chr1	527512	527952	10	0.623	0.674	-0.051	non-DMR
chr1	528082	528461	9	0.23	0.199	0.031	non-DMR
chr1	528587	529112	13	0.183	0.163	0.02	inconsistent-DMR
chr1	529183	529692	14	0.463	0.716	-0.254	good-DMR
chr1	530132	530639	13	0.436	0.184	0.252	good-DMR
chr1	531058	531490	10	0.115	0.071	0.045	non-DMR
chr1	531608	532086	14	0.152	0.109	0.043	non-DMR
chr1	532133	532665	16	0.818	0.856	-0.038	non-DMR
chr1	532732	533237	13	0.683	0.728	-0.044	non-DMR
chr1	533314	533713	11	0.595	0.646	-0.051	non-DMR
chr1	533816	534306	13	0.261	0.065	0.195	good-DMR
chr1	534768	535280	14	0.779	0.81	-0.031	non-DMR
chr1	535327	535716	10	0.443	0.723	-0.28	good-DMR
chr1	536230	536833	16	0.865	0.906	-0.041	non-DMR
chr1	536915	537380	11	0.422	0.087	0.335	good-DMR
chr1	537838	538366	12	0.722	0.76	-0.038	non-DMR
chr1	538446	538841	12	0.469	0.747	-0.279	good-DMR
chr1	539324	539815	12	0.69	0.722	-0.032	non-DMR
chr1	539884	540402	13	0.776	0.819	-0.043	non-DMR
chr1	540495	540977	12	0.761	0.796	-0.035	non-DMR
chr1	541059	541557	12	0.8	0.861	-0.06	non-DMR
chr1	541639	542050	11	0.418	0.678	-0.261	good-DMR
chr1	542531	542970	11	0.753	0.801	-0.048	non-DMR
chr1	543059	543565	13	0.735	0.782	-0.047	non-DMR
chr1	543673	544107	11	0.794	0.833	-0.039	non-DMR
chr1	544140	544581	11	0.553	0.209	0.344	good-DMR
chr1	545086	545530	12	0.169	0.133	0.036	non-DMR
chr1	545614	546073	14	0.795	0.842	-0.047	non-DMR
chr1	546188	546709	13	0.188	0.146	0.043	non-DMR
chr1	546726	547245	11	0.788	0.579	0.208	good-DMR
chr1	547735	548230	11	0.749	0.793	-0.043	non-DMR
chr1	548280	548736	10	0.771	0.802	-0.031	non-DMR
chr1	548793	549305	14	0.59	0.635	-0.046	non-DMR
chr1	549435	549865	12	0.797	0.824	-0.027	non-DMR
chr1	549927	550369	11	0.791	0.819	-0.029	non-DMR
chr1	550478	550983	11	0.793	0.831	-0.038	non-DMR
chr1	551696	552202	11	0.095	0.044	0.051	non-DMR
chr1	552289	552835	14	0.24	0.245	-0.005	inconsistent-DMR
chr1	552948	553329	10	0.644	0.682	-0.038	non-DMR
chr1	553446	553970	15	0.586	0.552	0.034	non-DMR
chr1	554042	554534	14	0.678	0.721	-0.043	non-DMR
chr1	554655	555080	12	0.805	0.853	-0.047	non-DMR
chr1	555163	555695	13	0.719	0.88	-0.16	good-DMR
chr1	556145	556530	11	0.117	0.083	0.034	non-DMR
chr1	556610	557046	10	0.229	0.187	0.042	non-DMR
chr1	557153	557715	13	0.838	0.885	-0.047	non-DMR
chr1	557806	558264	13	0.799	0.925	-0.126	good-DMR
chr1	558720	559175	13	0.607	0.845	-0.238	good-DMR
chr1	559698	560126	12	0.883	0.923	-0.04	non-DMR
chr1	560235	560685	10	0.212	0.13	0.082	inconsistent-DMR
chr1	560786	561234	11	0.596	0.797	-0.201	good-DMR
chr1	561751	562134	8	0.18	0.15	0.03	non-DMR
chr1	562203	562573	11	0.251	0.204	0.047	non-DMR
chr1	562615	563125	13	0.726	0.775	-0.049	non-DMR
chr1	563239	563696	11	0.787	0.831	-0.044	non-DMR
chr1	563753	564292	15	0.739	0.785	-0.046	non-DMR
chr1	564404	564892	13	0.736	0.783	-0.048	non-DMR
chr1	564969	565353	10	0.487	0.738	-0.251	good-DMR
chr1	565885	566348	12	0.099	0.055	0.044	non-DMR
chr1	566407	566894	13	0.64	0.683	-0.043	non-DMR
chr1	566937	567569	15	0.773	0.814	-0.041	non-DMR
chr1	567592	568094	13	0.825	0.866	-0.041	non-DMR
chr1	568151	568587	12	0.844	0.877	-0.033	non-DMR
chr1	568663	569108	10	0.741	0.771	-0.03	non-DMR
chr1	569235	569794	16	0.795	0.845	-0.05	non-DMR
chr1	569882	570383	14	0.496	0.754	-0.258	notable-DMR
chr1	570462	570994	14	0.741	0.789	-0.048	non-DMR
chr1	571075	571506	10	0.3	0.262	0.038	non-DMR
chr1	571607	572134	14	0.594	0.83	-0.236	good-DMR
chr1	572562	573074	12	0.538	0.849	-0.311	good-DMR
chr1	573493	573957	10	0.597	0.639	-0.042	non-DMR
chr1	574060	574469	9	0.836	0.877	-0.041	non-DMR
chr1	574488	574927	11	0.185	0.132	0.053	non-DMR
chr1	574969	575473	16	0.517	0.772	-0.255	good-DMR
chr1	575973	576418	11	0.508	0.815	-0.307	good-DMR
chr1	576965	577491	11	0.644	0.679	-0.035	non-DMR
chr1	577520	577919	9	0.64	0.897	-0.258	good-DMR
chr1	578248	578712	11	0.352	0.611	-0.258	good-DMR
chr1	579013	579441	11	0.463	0.223	0.24	good-DMR
chr1	579953	580404	11	0.866	0.905	-0.039	non-DMR
chr1	580516	580964	13	0.295	0.253	0.042	non-DMR
chr1	581064	581530	13	0.426	0.383	0.043	non-DMR
chr1	581588	582029	10	0.913	0.605	0.308	good-DMR
chr1	582538	582993	11	0.267	0.227	0.041	non-DMR
chr1	583026	583426	11	0.726	0.768	-0.042	non-DMR
chr1	583511	583941	9	0.481	0.705	-0.224	good-DMR
chr1	584440	584855	13	0.072	0.042	0.031	non-DMR
chr1	584945	585411	15	0.74	0.783	-0.042	non-DMR
chr1	585542	586064	16	0.797	0.841	-0.044	non-DMR
chr1	586160	586636	15	0.771	0.807	-0.036	non-DMR
chr1	586699	587185	13	0.433	0.174	0.259	good-DMR
chr1	587731	588264	13	0.741	0.778	-0.038	non-DMR
chr1	588405	588857	12	0.714	0.759	-0.045	non-DMR
chr1	588969	589371	13	0.25	0.207	0.043	non-DMR
chr1	589408	589822	11	0.703	0.744	-0.041	non-DMR
chr1	589835	590216	12	0.504	0.719	-0.215	good-DMR
chr1	590668	591077	10	0.746	0.79	-0.044	non-DMR
chr1	591159	591616	12	0.672	0.717	-0.044	non-DMR
chr1	591702	592106	11	0.823	0.862	-0.038	non-DMR
chr1	592145	592567	10	0.426	0.71	-0.284	good-DMR
chr1	593041	593425	10	0.267	0.225	0.043	non-DMR
chr1	593535	594036	13	0.24	0.196	0.044	non-DMR
chr1	594085	594538	11	0.631	0.903	-0.272	good-DMR
chr1	594974	595356	12	0.832	0.871	-0.039	non-DMR
chr1	595457	595945	11	0.757	0.797	-0.039	non-DMR
chr1	596083	596513	10	0.463	0.681	-0.218	notable-DMR
chr1	596626	597079	11	0.827	0.866	-0.038	non-DMR
chr1	597178	597725	13	0.884	0.917	-0.033	non-DMR
chr1	597795	598340	14	0.697	0.742	-0.045	non-DMR
chr1	598420	598846	11	0.671	0.722	-0.051	non-DMR
chr1	598910	599359	12	0.5	0.729	-0.228	good-DMR
chr1	599884	600356	12	0.821	0.856	-0.035	non-DMR
chr1	600438	600892	12	0.76	0.808	-0.049	non-DMR
chr1	601008	601387	9	0.618	0.663	-0.045	non-DMR
chr1	601471	601922	14	0.756	0.798	-0.043	non-DMR
chr1	601998	602452	13	0.529	0.829	-0.3	good-DMR
chr1	602950	603358	13	0.71	0.756	-0.046	non-DMR
chr1	603472	603901	13	0.725	0.767	-0.043	non-DMR
chr1	603983	604375	10	0.689	0.73	-0.041	non-DMR
chr1	604430	604846	10	0.686	0.728	-0.041	non-DMR
chr1	604912	605354	11	0.685	0.722	-0.036	non-DMR
chr1	605427	605874	12	0.764	0.72	0.044	inconsistent-DMR
chr1	606008	606474	14	0.839	0.888	-0.048	non-DMR
chr1	606574	607107	15	0.178	0.139	0.039	non-DMR
chr1	607166	607547	11	0.48	0.166	0.314	good-DMR
chr1	608046	608470	12	0.667	0.709	-0.042	non-DMR
chr1	608530	609018	13	0.733	0.783	-0.05	non-DMR
chr1	609155	609582	12	0.837	0.878	-0.041	non-DMR
chr1	609694	610217	13	0.482	0.768	-0.287	notable-DMR
chr1	610311	610843	14	0.772	0.811	-0.039	non-DMR
chr1	610956	611359	9	0.65	0.696	-0.046	non-DMR
chr1	611466	612057	12	0.359	0.654	-0.295	good-DMR
chr1	612559	612960	12	0.108	0.068	0.039	non-DMR
chr1	613003	613417	9	0.605	0.828	-0.223	good-DMR
chr1	613854	614293	12	0.205	0.166	0.039	non-DMR
chr1	614340	614870	12	0.562	0.803	-0.242	good-DMR
chr1	615369	615811	11	0.243	0.056	0.187	good-DMR
chr1	616289	616768	16	0.307	0.674	-0.367	good-DMR
chr1	617285	617688	10	0.705	0.75	-0.045	non-DMR
chr1	617731	618234	13	0.722	0.758	-0.036	non-DMR
chr1	618317	618879	14	0.122	0.081	0.042	non-DMR
chr1	618956	619337	11	0.421	0.203	0.218	good-DMR
chr1	619839	620359	13	0.221	0.185	0.036	non-DMR
chr1	620494	621023	12	0.722	0.767	-0.044	non-DMR
chr1	621099	621648	11	0.838	0.886	-0.048	non-DMR
chr1	621764	622213	11	0.742	0.781	-0.04	non-DMR
chr1	622295	622741	11	0.851	0.889	-0.037	non-DMR
chr1	622802	623224	12	0.293	0.073	0.22	good-DMR
chr1	623740	624172	10	0.826	0.853	-0.027	non-DMR
chr1	624187	624746	15	0.556	0.831	-0.275	good-DMR
chr1	625125	625547	13	0.697	0.867	-0.17	good-DMR
chr1	625927	626477	14	0.798	0.837	-0.039	non-DMR
chr1	626572	627013	12	0.088	0.046	0.042	non-DMR
chr1	627068	627504	11	0.225	0.023	0.202	good-DMR
chr1	628005	628488	13	0.157	0.119	0.038	non-DMR
chr1	628591	629018	13	0.846	0.887	-0.041	non-DMR
chr1	629156	629571	9	0.147	0.103	0.044	non-DMR
chr1	629691	630155	12	0.104	0.061	0.043	non-DMR
chr1	630258	630794	14	0.282	0.052	0.23	good-DMR
chr1	631203	631587	12	0.759	0.795	-0.036	non-DMR
chr1	631653	632098	12	0.598	0.805	-0.207	good-DMR
chr1	632447	632885	13	0.747	0.779	-0.032	non-DMR
chr1	632993	633410	12	0.302	0.261	0.041	non-DMR
chr1	633500	633937	11	0.584	0.535	0.049	non-DMR
chr1	634034	634485	12	0.543	0.818	-0.275	good-DMR
chr1	634992	635493	13	0.113	0.068	0.044	non-DMR
chr1	635593	636107	11	0.596	0.827	-0.231	good-DMR
chr1	636611	637117	13	0.803	0.835	-0.032	non-DMR
chr1	637227	637670	12	0.846	0.887	-0.041	non-DMR
chr1	637755	638207	10	0.845	0.876	-0.031	non-DMR
chr1	638257	638754	13	0.574	0.783	-0.209	good-DMR
chr1	639133	639582	11	0.819	0.863	-0.044	non-DMR
chr1	639674	640110	12	0.137	0.099	0.038	non-DMR
chr1	640202	640717	15	0.296	0.252	0.044	non-DMR
chr1	640767	641244	12	0.826	0.866	-0.04	non-DMR
chr1	641286	641715	11	0.641	0.271	0.37	good-DMR
chr1	642222	642687	12	0.148	0.111	0.037	non-DMR
chr1	642707	643109	12	0.882	0.918	-0.036	non-DMR
chr1	643181	643677	14	0.338	0.141	0.197	good-DMR
chr1	644168	644628	11	0.476	0.789	-0.313	good-DMR
chr1	645080	645537	14	0.687	0.734	-0.047	non-DMR
chr1	645626	646111	13	0.367	0.203	0.163	good-DMR
chr1	646498	646910	11	0.808	0.851	-0.043	non-DMR
chr1	646963	647527	14	0.586	0.618	-0.032	non-DMR
chr1	647676	648183	12	0.722	0.762	-0.039	non-DMR
chr1	648225	648635	10	0.398	0.645	-0.247	good-DMR
chr1	649171	649587	11	0.165	0.114	0.051	non-DMR
chr1	649704	650162	12	0.708	0.693	0.014	inconsistent-DMR
chr1	650262	650633	12	0.606	0.884	-0.278	good-DMR
chr1	651058	651575	13	0.905	0.94	-0.034	non-DMR
chr1	651651	652066	10	0.215	0.167	0.048	non-DMR
chr1	652126	652667	12	0.204	0.075	0.129	good-DMR
chr1	653102	653538	11	0.496	0.719	-0.223	good-DMR
chr1	654060	654489	11	0.846	0.875	-0.03	non-DMR
chr1	654547	654947	11	0.695	0.733	-0.038	non-DMR
chr1	655029	655480	11	0.745	0.787	-0.042	non-DMR
chr1	655566	656080	13	0.779	0.813	-0.034	non-DMR
chr1	656170	656522	10	0.718	0.766	-0.048	non-DMR
chr1	656612	657101	13	0.783	0.836	-0.053	non-DMR
chr1	657206	657621	11	0.676	0.887	-0.21	good-DMR
chr1	658124	658592	11	0.863	0.903	-0.04	non-DMR
chr1	658709	659291	16	0.736	0.741	-0.005	inconsistent-DMR
chr1	659394	659927	13	0.126	0.075	0.052	non-DMR
chr1	659972	660554	14	0.359	0.679	-0.32	good-DMR
chr1	661019	661484	14	0.35	0.6	-0.249	good-DMR
chr1	661931	662361	12	0.798	0.832	-0.034	non-DMR
chr1	662470	662951	14	0.702	0.742	-0.04	non-DMR
chr1	663087	663552	14	0.786	0.825	-0.039	non-DMR
chr1	663625	664027	10	0.852	0.891	-0.039	non-DMR
chr1	664131	664674	14	0.591	0.634	-0.043	non-DMR
chr1	664756	665267	11	0.819	0.859	-0.039	non-DMR
chr1	665293	665748	12	0.68	0.722	-0.041	non-DMR
chr1	665761	666051	10	0.53	0.793	-0.264	good-DMR
chr1	666494	666907	13	0.343	0.067	0.277	good-DMR
chr1	667327	667676	9	0.795	0.832	-0.037	non-DMR
chr1	667793	668395	16	0.826	0.858	-0.031	non-DMR
chr1	669008	669333	9	0.771	0.803	-0.032	non-DMR
chr1	669458	669900	9	0.582	0.633	-0.051	non-DMR
chr1	670027	670520	11	0.754	0.798	-0.044	non-DMR
chr1	670634	671095	14	0.833	0.875	-0.042	non-DMR
chr1	671204	671634	11	0.684	0.725	-0.041	non-DMR
chr1	671658	672034	11	0.453	0.755	-0.302	good-DMR
chr1	672391	672828	11	0.799	0.84	-0.041	non-DMR
chr1	672868	673268	11	0.597	0.837	-0.24	good-DMR
chr1	673614	673985	10	0.569	0.897	-0.328	good-DMR
chr1	674510	675054	14	0.854	0.9	-0.046	non-DMR
chr1	675112	675623	13	0.154	0.111	0.044	non-DMR
chr1	675720	676109	8	0.486	0.771	-0.285	good-DMR
chr1	676609	677118	13	0.302	0.064	0.238	good-DMR
chr1	677522	677995	14	0.321	0.586	-0.265	good-DMR
chr1	678494	678972	11	0.624	0.662	-0.038	non-DMR
chr1	679087	679424	10	0.883	0.92	-0.037	non-DMR
chr1	679479	679932	13	0.321	0.12	0.202	good-DMR
chr1	680426	680875	13	0.236	0.199	0.038	non-DMR
chr1	680903	681332	13	0.397	0.105	0.292	good-DMR
chr1	681831	682225	12	0.709	0.905	-0.196	good-DMR
chr1	682720	683251	14	0.52	0.749	-0.228	good-DMR
chr1	683648	684165	13	0.717	0.759	-0.042	non-DMR
chr1	684248	684714	14	0.828	0.861	-0.033	non-DMR
chr1	684812	685226	11	0.269	0.231	0.038	non-DMR
chr1	685266	685710	11	0.503	0.696	-0.193	good-DMR
chr1	686119	686547	11	0.093	0.048	0.045	non-DMR
chr1	686653	687117	13	0.335	0.079	0.256	good-DMR
chr1	687592	688028	10	0.795	0.847	-0.051	non-DMR
chr1	688142	688476	12	0.713	0.749	-0.036	non-DMR
chr1	688582	689017	13	0.803	0.844	-0.041	non-DMR
chr1	689109	689568	13	0.393	0.669	-0.276	good-DMR
chr1	690096	690473	11	0.737	0.771	-0.034	non-DMR
chr1	690600	691013	10	0.684	0.73	-0.047	non-DMR
chr1	691149	691580	11	0.314	0.271	0.044	non-DMR
chr1	691636	692086	12	0.7	0.891	-0.19	good-DMR
chr1	692617	693082	14	0.862	0.901	-0.039	non-DMR
chr1	693193	693666	13	0.693	0.73	-0.037	non-DMR
chr1	693764	694289	13	0.44	0.72	-0.281	good-DMR
chr1	694642	695103	13	0.163	0.122	0.04	non-DMR
chr1	695233	695742	14	0.693	0.718	-0.024	non-DMR
chr1	695834	696272	13	0.545	0.821	-0.276	good-DMR
chr1	696576	697019	13	0.531	0.755	-0.225	good-DMR
chr1	697544	698130	15	0.81	0.846	-0.035	non-DMR
chr1	698200	698684	11	0.103	0.068	0.035	non-DMR
chr1	698817	699208	13	0.665	0.705	-0.041	non-DMR
chr1	699242	699725	13	0.221	0.17	0.05	non-DMR
chr1	699817	700345	14	0.51	0.79	-0.28	good-DMR
chr1	700832	701238	13	0.779	0.811	-0.032	inconsistent-DMR
chr1	701397	701869	12	0.85	0.889	-0.039	non-DMR
chr1	701911	702437	11	0.678	0.722	-0.044	non-DMR
chr1	702474	702914	13	0.696	0.738	-0.041	non-DMR
chr1	702982	703397	12	0.187	0.14	0.046	non-DMR
chr1	703452	703929	11	0.111	0.062	0.049	non-DMR
chr1	703979	704470	12	0.587	0.629	-0.041	non-DMR
chr1	704529	704928	11	0.465	0.2	0.266	good-DMR
chr1	705403	705853	11	0.827	0.861	-0.033	non-DMR
chr1	705971	706439	12	0.205	0.167	0.039	non-DMR
chr1	706501	706954	11	0.689	0.88	-0.191	good-DMR
chr1	707480	707908	12	0.8	0.831	-0.031	non-DMR
chr1	708024	708455	10	0.783	0.825	-0.043	non-DMR
chr1	708503	709045	12	0.313	0.036	0.276	good-DMR
chr1	709484	709978	13	0.703	0.74	-0.037	non-DMR
chr1	710046	710501	10	0.196	0.158	0.038	non-DMR
chr1	710550	710999	11	0.706	0.746	-0.04	non-DMR
chr1	711054	711594	14	0.202	0.155	0.048	non-DMR
chr1	711718	712237	15	0.884	0.917	-0.033	non-DMR
chr1	712368	712812	12	0.927	0.961	-0.034	non-DMR
chr1	712895	713493	15	0.431	0.16	0.27	good-DMR
chr1	714015	714561	13	0.15	0.111	0.039	non-DMR
chr1	714632	715063	11	0.739	0.792	-0.053	non-DMR
chr1	715163	715649	11	0.554	0.881	-0.327	good-DMR
chr1	716172	716730	14	0.601	0.637	-0.035	non-DMR
chr1	716776	717202	12	0.63	0.248	0.382	good-DMR
chr1	717720	718078	10	0.108	0.066	0.042	non-DMR
chr1	718193	718719	12	0.556	0.608	-0.052	non-DMR
chr1	718861	719367	12	0.646	0.69	-0.044	non-DMR
chr1	719502	719913	10	0.779	0.815	-0.035	non-DMR
chr1	719953	720402	13	0.188	0.164	0.024	non-DMR
chr1	720514	720888	12	0.116	0.081	0.035	non-DMR
chr1	720985	721523	15	0.621	0.885	-0.264	good-DMR
chr1	721935	722347	11	0.691	0.742	-0.051	non-DMR
chr1	722379	722811	11	0.59	0.926	-0.336	good-DMR
chr1	723318	723699	13	0.132	0.083	0.049	non-DMR
chr1	723800	724264	11	0.824	0.855	-0.031	non-DMR
chr1	724358	724728	10	0.626	0.657	-0.031	non-DMR
chr1	724846	725337	13	0.112	0.061	0.051	non-DMR
chr1	725396	725832	11	0.602	0.634	-0.032	non-DMR
chr1	725913	726380	13	0.747	0.796	-0.049	non-DMR
chr1	726465	726964	13	0.631	0.661	-0.03	non-DMR
chr1	727022	727470	11	0.09	0.05	0.04	non-DMR
chr1	727561	728085	13	0.759	0.8	-0.041	non-DMR
chr1	728201	728753	15	0.635	0.675	-0.041	non-DMR
chr1	728803	729221	12	0.754	0.792	-0.038	non-DMR
chr1	729365	729795	13	0.679	0.721	-0.042	non-DMR
chr1	729898	730488	14	0.564	0.609	-0.045	non-DMR
chr1	730556	730986	13	0.645	0.688	-0.043	non-DMR
chr1	731065	731481	13	0.785	0.821	-0.036	non-DMR
chr1	731558	732089	16	0.52	0.823	-0.303	good-DMR
chr1	732516	732912	9	0.815	0.863	-0.048	non-DMR
chr1	733020	733549	15	0.878	0.921	-0.044	non-DMR
chr1	733634	734037	10	0.71	0.929	-0.218	good-DMR
chr1	734486	734940	11	0.488	0.76	-0.273	good-DMR
chr1	735285	735740	13	0.267	0.22	0.046	non-DMR
chr1	735807	736256	11	0.587	0.638	-0.051	non-DMR
chr1	736371	736795	13	0.142	0.117	0.025	non-DMR
chr1	736899	737405	13	0.611	0.639	-0.028	inconsistent-DMR
chr1	737535	737920	14	0.118	0.073	0.045	non-DMR
chr1	738006	738483	13	0.601	0.789	-0.189	good-DMR
chr1	738889	739405	14	0.716	0.772	-0.055	non-DMR
chr1	739522	739939	13	0.618	0.653	-0.035	non-DMR
chr1	740052	740657	15	0.147	0.101	0.047	non-DMR
chr1	740719	741160	13	0.565	0.601	-0.036	non-DMR
chr1	741263	741726	14	0.839	0.882	-0.043	non-DMR
chr1	741858	742300	14	0.637	0.684	-0.048	non-DMR
chr1	742389	743000	14	0.425	0.711	-0.285	good-DMR
