chr	start	end	CpG_count	treatment_methylation	control_methylation	mean_delta_methylation	category
chr1	100005	102050	51	0.502	0.751	-0.25	good-DMR
chr1	102550	104247	36	0.78	0.824	-0.044	non-DMR
chr1	104363	105967	36	0.659	0.704	-0.045	non-DMR
chr1	106075	108005	40	0.769	0.807	-0.038	non-DMR
chr1	108073	110147	50	0.783	0.826	-0.043	non-DMR
chr1	110258	111871	34	0.122	0.085	0.038	non-DMR
chr1	111982	113770	41	0.783	0.818	-0.035	non-DMR
chr1	113854	116010	46	0.798	0.839	-0.04	non-DMR
chr1	116055	117542	35	0.21	0.166	0.045	non-DMR
chr1	117633	119691	51	0.323	0.053	0.27	good-DMR
chr1	120181	122111	45	0.707	0.748	-0.041	non-DMR
chr1	122171	124102	47	0.796	0.834	-0.038	non-DMR
chr1	124219	126049	42	0.833	0.869	-0.037	non-DMR
chr1	126135	128159	48	0.691	0.792	-0.101	sub-DMR
chr1	128688	130537	45	0.361	0.319	0.043	non-DMR
chr1	130613	132653	45	0.765	0.802	-0.037	non-DMR
chr1	132732	134595	43	0.532	0.816	-0.284	good-DMR
chr1	135085	136862	42	0.762	0.796	-0.034	non-DMR
chr1	136886	139001	47	0.79	0.832	-0.042	non-DMR
chr1	139091	140940	48	0.43	0.153	0.277	good-DMR
chr1	141422	143729	51	0.631	0.665	-0.034	non-DMR
chr1	143773	145670	45	0.111	0.07	0.041	non-DMR
chr1	145789	147509	41	0.856	0.9	-0.044	non-DMR
chr1	147623	149530	48	0.14	0.094	0.046	non-DMR
chr1	149616	151688	44	0.703	0.739	-0.037	non-DMR
chr1	151746	153588	43	0.71	0.752	-0.042	non-DMR
chr1	153681	155441	40	0.624	0.861	-0.237	good-DMR
chr1	155937	157557	35	0.608	0.28	0.328	good-DMR
chr1	158058	159968	44	0.701	0.739	-0.038	non-DMR
chr1	160040	161950	45	0.7	0.744	-0.044	non-DMR
chr1	162010	163808	40	0.647	0.69	-0.043	non-DMR
chr1	163897	165500	37	0.836	0.871	-0.035	non-DMR
chr1	165586	167455	41	0.386	0.095	0.29	good-DMR
chr1	167863	169942	46	0.687	0.789	-0.103	sub-DMR
chr1	170410	172515	49	0.217	0.505	-0.288	good-DMR
chr1	172884	174888	45	0.808	0.844	-0.036	non-DMR
chr1	174940	176869	46	0.173	0.132	0.042	non-DMR
chr1	176970	178597	34	0.65	0.84	-0.19	good-DMR
chr1	179064	180742	40	0.137	0.101	0.036	non-DMR
chr1	180875	182833	44	0.265	0.229	0.036	non-DMR
chr1	184933	186826	43	0.863	0.898	-0.035	non-DMR
chr1	186881	188635	40	0.489	0.819	-0.33	good-DMR
chr1	189080	191091	49	0.678	0.703	-0.025	inconsistent-DMR
chr1	191233	193307	46	0.751	0.794	-0.043	non-DMR
chr1	193434	195315	44	0.747	0.793	-0.045	non-DMR
chr1	195377	197491	46	0.621	0.799	-0.178	good-DMR
chr1	197849	199767	47	0.755	0.795	-0.04	non-DMR
chr1	199838	201779	43	0.612	0.815	-0.203	good-DMR
chr1	202241	204017	42	0.493	0.768	-0.274	good-DMR
chr1	204484	206033	37	0.661	0.764	-0.103	sub-DMR
chr1	206466	208458	40	0.746	0.794	-0.048	non-DMR
chr1	208569	210474	47	0.815	0.851	-0.036	non-DMR
chr1	210579	212272	39	0.532	0.767	-0.234	good-DMR
chr1	212802	214714	44	0.241	0.196	0.044	non-DMR
chr1	214802	216859	46	0.172	0.135	0.037	non-DMR
chr1	216970	219041	50	0.64	0.683	-0.043	non-DMR
chr1	219161	221096	43	0.715	0.757	-0.041	non-DMR
chr1	221113	223061	45	0.513	0.747	-0.234	good-DMR
chr1	223560	225342	42	0.57	0.824	-0.255	good-DMR
chr1	225839	227886	44	0.163	0.122	0.041	non-DMR
chr1	227956	230097	51	0.687	0.731	-0.044	non-DMR
chr1	230243	232192	40	0.709	0.752	-0.043	non-DMR
chr1	232295	234088	46	0.756	0.794	-0.038	non-DMR
chr1	234217	236184	45	0.747	0.79	-0.042	non-DMR
chr1	236324	238009	40	0.167	0.13	0.037	non-DMR
chr1	238064	239771	37	0.688	0.699	-0.011	inconsistent-DMR
chr1	239963	241965	44	0.172	0.126	0.046	non-DMR
chr1	242010	244055	49	0.67	0.712	-0.042	non-DMR
chr1	244144	246019	40	0.304	0.08	0.224	good-DMR
chr1	246471	248654	48	0.663	0.7	-0.037	non-DMR
chr1	248762	250655	41	0.611	0.88	-0.269	good-DMR
chr1	251170	253329	48	0.136	0.097	0.038	non-DMR
chr1	253464	255441	46	0.867	0.901	-0.034	non-DMR
chr1	255532	257785	54	0.874	0.918	-0.043	non-DMR
chr1	257925	259911	46	0.562	0.602	-0.04	non-DMR
chr1	259997	262088	51	0.773	0.813	-0.04	non-DMR
chr1	262190	263952	40	0.714	0.758	-0.044	non-DMR
chr1	263982	265578	36	0.471	0.686	-0.215	good-DMR
chr1	266089	267735	40	0.84	0.878	-0.039	non-DMR
chr1	267835	269934	51	0.589	0.833	-0.244	good-DMR
chr1	270425	272360	43	0.572	0.76	-0.188	good-DMR
chr1	272747	274689	43	0.804	0.845	-0.041	non-DMR
chr1	274754	276754	47	0.782	0.821	-0.039	non-DMR
chr1	276802	278977	47	0.569	0.84	-0.272	notable-DMR
chr1	279029	280982	42	0.736	0.781	-0.045	non-DMR
chr1	281061	283220	46	0.621	0.805	-0.183	good-DMR
chr1	283740	285637	45	0.645	0.681	-0.036	non-DMR
chr1	285699	287950	51	0.86	0.899	-0.039	non-DMR
chr1	288016	289668	37	0.784	0.886	-0.102	sub-DMR
chr1	290081	291924	41	0.514	0.79	-0.276	good-DMR
chr1	292350	294252	46	0.59	0.694	-0.104	sub-DMR
chr1	294731	296649	42	0.677	0.779	-0.102	sub-DMR
chr1	297146	299118	47	0.853	0.898	-0.045	non-DMR
chr1	299146	301386	51	0.616	0.718	-0.103	sub-DMR
chr1	301890	303658	41	0.399	0.706	-0.307	good-DMR
chr1	304114	305762	35	0.782	0.82	-0.038	non-DMR
chr1	305866	308137	53	0.692	0.732	-0.04	non-DMR
chr1	308231	310135	47	0.751	0.736	0.015	inconsistent-DMR
chr1	310310	311950	39	0.187	0.148	0.039	non-DMR
chr1	312006	314265	52	0.597	0.636	-0.039	non-DMR
chr1	314353	316641	50	0.744	0.787	-0.043	non-DMR
chr1	316684	318583	40	0.629	0.829	-0.199	good-DMR
chr1	318923	321015	52	0.668	0.708	-0.04	non-DMR
chr1	321084	323012	46	0.762	0.804	-0.042	non-DMR
chr1	323114	324890	40	0.603	0.647	-0.044	non-DMR
chr1	324921	327174	52	0.473	0.692	-0.219	good-DMR
chr1	327661	329538	40	0.596	0.629	-0.033	non-DMR
chr1	329577	331438	43	0.625	0.663	-0.039	non-DMR
chr1	331539	333138	33	0.708	0.751	-0.044	non-DMR
chr1	333211	335097	43	0.177	0.135	0.043	non-DMR
chr1	335138	336980	43	0.521	0.822	-0.301	good-DMR
chr1	337490	339038	36	0.812	0.86	-0.047	non-DMR
chr1	339150	341261	46	0.792	0.83	-0.038	non-DMR
chr1	341378	343224	42	0.301	0.26	0.041	non-DMR
chr1	343302	345351	48	0.424	0.686	-0.261	good-DMR
chr1	345865	347349	37	0.628	0.671	-0.043	non-DMR
chr1	347418	349145	41	0.18	0.141	0.038	non-DMR
chr1	349187	351117	47	0.62	0.577	0.043	non-DMR
chr1	351204	353123	40	0.777	0.815	-0.038	non-DMR
chr1	353245	355142	42	0.538	0.578	-0.04	non-DMR
chr1	355214	357266	45	0.728	0.771	-0.042	non-DMR
chr1	357335	359347	49	0.801	0.842	-0.041	non-DMR
chr1	359383	361331	42	0.612	0.779	-0.168	good-DMR
chr1	361834	363504	36	0.54	0.711	-0.171	good-DMR
chr1	364031	365878	41	0.742	0.781	-0.04	non-DMR
chr1	365923	367716	40	0.811	0.848	-0.037	non-DMR
chr1	367794	370098	52	0.557	0.741	-0.184	good-DMR
chr1	370536	372476	44	0.735	0.779	-0.044	non-DMR
chr1	372592	375096	59	0.185	0.147	0.037	non-DMR
chr1	375204	377033	41	0.752	0.792	-0.04	non-DMR
chr1	377094	378906	47	0.775	0.814	-0.039	non-DMR
chr1	379013	381130	52	0.496	0.835	-0.339	good-DMR
chr1	381649	383618	47	0.6	0.641	-0.042	non-DMR
chr1	385705	387600	40	0.27	0.168	0.102	sub-DMR
chr1	388100	390218	48	0.77	0.809	-0.039	non-DMR
chr1	390338	391944	35	0.742	0.777	-0.035	non-DMR
chr1	392054	394299	51	0.725	0.762	-0.037	non-DMR
chr1	394387	396475	47	0.466	0.764	-0.298	good-DMR
chr1	396988	398896	41	0.786	0.824	-0.038	non-DMR
chr1	399023	400801	38	0.093	0.058	0.036	non-DMR
chr1	400882	403052	49	0.762	0.804	-0.042	non-DMR
chr1	403178	405191	45	0.675	0.721	-0.045	non-DMR
chr1	405226	407374	49	0.644	0.682	-0.038	non-DMR
chr1	407470	409187	40	0.474	0.711	-0.238	notable-DMR
chr1	409303	411308	45	0.283	0.239	0.044	non-DMR
chr1	411364	413523	49	0.731	0.77	-0.039	non-DMR
chr1	413566	415352	42	0.153	0.11	0.043	non-DMR
chr1	415468	417647	49	0.205	0.161	0.043	non-DMR
chr1	417772	419437	43	0.527	0.806	-0.279	notable-DMR
chr1	419554	421377	41	0.896	0.937	-0.04	non-DMR
chr1	421472	423818	51	0.893	0.933	-0.041	non-DMR
chr1	423907	425943	51	0.755	0.794	-0.039	non-DMR
chr1	425970	428134	50	0.809	0.851	-0.043	non-DMR
chr1	428208	430114	45	0.842	0.88	-0.039	non-DMR
chr1	430167	432332	49	0.642	0.806	-0.164	good-DMR
chr1	434425	436386	45	0.88	0.922	-0.042	non-DMR
chr1	436501	438360	44	0.62	0.665	-0.045	non-DMR
chr1	438439	440454	48	0.603	0.846	-0.243	good-DMR
chr1	440943	443191	53	0.824	0.865	-0.041	non-DMR
chr1	443279	445369	47	0.516	0.734	-0.218	good-DMR
chr1	445812	447867	47	0.787	0.831	-0.045	non-DMR
chr1	449798	451728	43	0.815	0.856	-0.041	non-DMR
chr1	451759	453555	39	0.259	0.102	0.157	good-DMR
chr1	454008	455774	41	0.608	0.843	-0.235	good-DMR
chr1	456262	457910	39	0.872	0.915	-0.042	non-DMR
chr1	458036	460009	45	0.725	0.761	-0.036	non-DMR
chr1	460107	462064	45	0.722	0.764	-0.041	non-DMR
chr1	462116	464236	49	0.359	0.141	0.218	good-DMR
chr1	464720	466538	43	0.583	0.844	-0.26	good-DMR
chr1	467017	468877	42	0.659	0.762	-0.103	sub-DMR
chr1	469378	470969	38	0.697	0.556	0.141	good-DMR
chr1	471447	473395	41	0.579	0.819	-0.24	good-DMR
chr1	473886	476129	53	0.784	0.815	-0.031	non-DMR
chr1	476243	478334	46	0.199	0.158	0.041	non-DMR
chr1	478440	480365	47	0.8	0.839	-0.039	non-DMR
chr1	480435	482374	44	0.787	0.827	-0.04	non-DMR
chr1	482508	484547	45	0.719	0.758	-0.039	non-DMR
chr1	486585	488255	38	0.779	0.822	-0.042	non-DMR
chr1	488337	490385	43	0.416	0.568	-0.152	good-DMR
chr1	493115	495124	43	0.254	0.215	0.039	non-DMR
chr1	495236	497542	51	0.191	0.145	0.046	non-DMR
chr1	497606	499457	40	0.123	0.084	0.039	non-DMR
chr1	499515	501518	43	0.163	0.124	0.039	non-DMR
chr1	501546	503337	45	0.576	0.315	0.261	good-DMR
chr1	503762	505745	45	0.866	0.906	-0.039	non-DMR
chr1	505855	507843	43	0.485	0.15	0.335	notable-DMR
chr1	507890	509441	39	0.865	0.911	-0.045	non-DMR
chr1	509561	511583	46	0.169	0.131	0.038	non-DMR
chr1	511663	513159	34	0.12	0.081	0.039	non-DMR
chr1	513203	515458	56	0.434	0.178	0.256	good-DMR
chr1	515971	517809	44	0.681	0.715	-0.034	non-DMR
chr1	517922	520220	50	0.641	0.681	-0.04	non-DMR
chr1	520273	522185	43	0.562	0.849	-0.287	good-DMR
chr1	522670	524196	40	0.669	0.707	-0.038	non-DMR
chr1	524266	526435	47	0.103	0.061	0.042	non-DMR
chr1	526470	528509	45	0.677	0.722	-0.045	non-DMR
chr1	528638	530597	47	0.704	0.74	-0.035	non-DMR
chr1	530635	532794	49	0.515	0.704	-0.19	good-DMR
chr1	533290	534965	36	0.656	0.697	-0.041	non-DMR
chr1	535042	536741	38	0.73	0.921	-0.192	good-DMR
chr1	537158	538910	40	0.165	0.122	0.043	non-DMR
chr1	538985	540835	42	0.563	0.843	-0.281	good-DMR
chr1	541316	543091	39	0.243	0.203	0.04	non-DMR
chr1	543215	545116	42	0.748	0.79	-0.042	non-DMR
chr1	545219	546820	36	0.726	0.761	-0.035	non-DMR
chr1	546926	548991	43	0.614	0.715	-0.101	sub-DMR
chr1	549470	551551	44	0.896	0.934	-0.038	non-DMR
chr1	551608	553690	46	0.269	0.167	0.102	sub-DMR
chr1	554079	555764	39	0.778	0.816	-0.038	non-DMR
chr1	555820	557690	41	0.747	0.784	-0.037	non-DMR
chr1	557754	559773	47	0.705	0.744	-0.039	non-DMR
chr1	559886	561642	39	0.64	0.68	-0.041	non-DMR
chr1	561747	564048	50	0.168	0.131	0.037	non-DMR
chr1	564127	566222	49	0.501	0.742	-0.24	good-DMR
chr1	566698	568571	41	0.572	0.846	-0.274	good-DMR
chr1	569076	571215	46	0.572	0.613	-0.041	non-DMR
chr1	571300	573425	52	0.557	0.795	-0.239	good-DMR
chr1	573941	575953	41	0.805	0.842	-0.037	non-DMR
chr1	576063	577812	37	0.203	0.154	0.049	non-DMR
chr1	577904	580052	45	0.788	0.827	-0.04	non-DMR
chr1	580127	581848	43	0.74	0.782	-0.042	non-DMR
chr1	581899	584136	55	0.519	0.751	-0.232	good-DMR
chr1	584568	586105	37	0.799	0.837	-0.037	non-DMR
chr1	586140	588184	47	0.777	0.88	-0.103	sub-DMR
chr1	588624	590631	45	0.761	0.863	-0.102	sub-DMR
chr1	591070	593264	46	0.85	0.889	-0.04	non-DMR
chr1	593349	595338	43	0.822	0.856	-0.035	non-DMR
chr1	595431	597176	41	0.237	0.242	-0.004	inconsistent-DMR
chr1	597226	599237	47	0.573	0.738	-0.165	good-DMR
chr1	599726	601755	48	0.174	0.071	0.102	sub-DMR
chr1	602236	604447	51	0.725	0.763	-0.038	non-DMR
chr1	604571	606604	44	0.243	0.205	0.038	non-DMR
chr1	606699	608343	37	0.696	0.738	-0.042	non-DMR
chr1	608456	610402	43	0.493	0.716	-0.222	notable-DMR
chr1	612629	614643	45	0.73	0.753	-0.023	inconsistent-DMR
chr1	614736	616451	42	0.637	0.785	-0.148	good-DMR
chr1	616891	618815	46	0.476	0.77	-0.294	good-DMR
chr1	619346	621346	48	0.583	0.614	-0.031	non-DMR
chr1	621419	623519	51	0.446	0.736	-0.29	good-DMR
chr1	623904	626090	50	0.392	0.148	0.245	good-DMR
chr1	626575	628211	39	0.849	0.883	-0.035	non-DMR
chr1	628318	629935	38	0.548	0.829	-0.281	good-DMR
chr1	632375	634394	46	0.776	0.817	-0.041	non-DMR
chr1	634490	636526	48	0.195	0.156	0.039	non-DMR
chr1	636565	638258	40	0.608	0.901	-0.292	good-DMR
chr1	638508	640676	45	0.636	0.861	-0.225	good-DMR
chr1	641184	642924	38	0.666	0.708	-0.042	non-DMR
chr1	642970	644941	43	0.115	0.073	0.041	non-DMR
chr1	644980	647118	45	0.692	0.794	-0.102	sub-DMR
chr1	647521	649352	42	0.613	0.645	-0.032	non-DMR
chr1	649497	651386	41	0.7	0.744	-0.043	non-DMR
chr1	651457	653413	45	0.559	0.832	-0.272	notable-DMR
chr1	653552	655780	53	0.651	0.693	-0.042	non-DMR
chr1	655869	658183	49	0.622	0.661	-0.039	non-DMR
chr1	658287	660240	46	0.288	0.249	0.039	non-DMR
chr1	662397	664419	48	0.725	0.763	-0.038	non-DMR
chr1	664492	666181	41	0.264	0.64	-0.375	good-DMR
chr1	666580	668298	41	0.712	0.757	-0.046	non-DMR
chr1	668398	670355	44	0.667	0.716	-0.049	non-DMR
chr1	670446	672671	53	0.618	0.631	-0.013	inconsistent-DMR
chr1	672842	674923	47	0.848	0.896	-0.047	non-DMR
chr1	675004	676715	43	0.516	0.414	0.101	sub-DMR
chr1	677234	678907	38	0.809	0.845	-0.036	non-DMR
chr1	679005	681277	53	0.788	0.83	-0.042	non-DMR
chr1	681328	683147	46	0.628	0.903	-0.275	good-DMR
chr1	683635	685699	44	0.359	0.143	0.216	good-DMR
chr1	686154	688125	44	0.729	0.702	0.027	inconsistent-DMR
chr1	688214	690201	44	0.578	0.872	-0.294	good-DMR
chr1	690569	692853	52	0.478	0.704	-0.226	good-DMR
chr1	693342	695268	40	0.687	0.948	-0.261	good-DMR
chr1	695752	697642	44	0.55	0.812	-0.262	good-DMR
chr1	698103	700034	45	0.856	0.894	-0.039	non-DMR
chr1	700096	701800	42	0.666	0.707	-0.041	non-DMR
chr1	701861	703867	49	0.526	0.83	-0.303	good-DMR
chr1	704361	706620	51	0.331	0.081	0.25	good-DMR
chr1	707130	709224	49	0.111	0.075	0.036	non-DMR
chr1	709300	711239	42	0.569	0.836	-0.267	good-DMR
chr1	711754	713985	51	0.768	0.803	-0.035	non-DMR
chr1	714090	716309	52	0.704	0.745	-0.041	non-DMR
chr1	716400	718131	37	0.691	0.734	-0.042	non-DMR
chr1	718254	719936	35	0.798	0.841	-0.042	non-DMR
chr1	720077	721875	40	0.205	0.159	0.046	non-DMR
chr1	721991	724018	45	0.666	0.708	-0.042	non-DMR
chr1	724126	725923	42	0.603	0.623	-0.02	inconsistent-DMR
chr1	726038	728205	47	0.532	0.287	0.244	good-DMR
chr1	730532	732277	41	0.305	0.057	0.248	good-DMR
chr1	732675	734450	38	0.528	0.246	0.282	good-DMR
chr1	734796	737112	51	0.742	0.79	-0.048	non-DMR
chr1	737163	739355	46	0.726	0.766	-0.04	non-DMR
chr1	739440	741396	45	0.569	0.562	0.007	inconsistent-DMR
chr1	741514	743541	44	0.119	0.082	0.038	non-DMR
chr1	743635	745626	42	0.311	0.208	0.103	sub-DMR
chr1	746070	747950	43	0.347	0.679	-0.332	good-DMR
chr1	748446	750173	41	0.532	0.551	-0.018	inconsistent-DMR
chr1	750354	752223	44	0.716	0.755	-0.04	non-DMR
chr1	752333	754074	40	0.822	0.863	-0.04	non-DMR
chr1	754155	756330	51	0.186	0.143	0.043	non-DMR
chr1	756406	758286	45	0.801	0.842	-0.041	non-DMR
chr1	758385	760075	38	0.557	0.659	-0.102	sub-DMR
chr1	762894	764611	41	0.719	0.762	-0.043	non-DMR
chr1	764675	766716	47	0.438	0.718	-0.28	good-DMR
chr1	767230	769218	47	0.736	0.782	-0.046	non-DMR
chr1	769339	771014	40	0.229	0.183	0.046	non-DMR
chr1	771065	773376	51	0.49	0.804	-0.314	good-DMR
chr1	775801	778092	54	0.794	0.838	-0.044	non-DMR
chr1	778128	780123	44	0.624	0.905	-0.282	good-DMR
chr1	780662	782904	53	0.891	0.927	-0.036	non-DMR
chr1	782997	784983	45	0.853	0.892	-0.04	non-DMR
chr1	785107	786767	41	0.708	0.721	-0.013	inconsistent-DMR
chr1	786878	788591	40	0.882	0.922	-0.04	non-DMR
chr1	788682	790582	42	0.865	0.906	-0.041	non-DMR
chr1	790715	792810	46	0.344	0.3	0.043	non-DMR
chr1	792955	795450	56	0.798	0.838	-0.04	non-DMR
chr1	795546	797424	45	0.777	0.816	-0.04	non-DMR
chr1	797514	799340	41	0.563	0.836	-0.273	notable-DMR
chr1	799422	801461	40	0.777	0.824	-0.047	non-DMR
chr1	801544	803423	44	0.619	0.58	0.039	non-DMR
chr1	803517	805427	47	0.675	0.874	-0.199	good-DMR
chr1	805931	808258	53	0.587	0.628	-0.041	non-DMR
chr1	810595	812623	45	0.17	0.127	0.044	non-DMR
chr1	812664	814564	44	0.506	0.705	-0.199	good-DMR
chr1	815069	816801	44	0.46	0.742	-0.282	good-DMR
chr1	817229	819061	40	0.838	0.873	-0.035	non-DMR
chr1	819160	821191	48	0.463	0.73	-0.267	good-DMR
chr1	821655	823450	39	0.761	0.806	-0.045	non-DMR
chr1	823561	825292	37	0.887	0.928	-0.041	non-DMR
chr1	825374	827458	46	0.168	0.134	0.035	non-DMR
chr1	827550	829635	47	0.539	0.775	-0.236	good-DMR
chr1	830137	832485	53	0.47	0.234	0.237	good-DMR
chr1	832922	835072	55	0.75	0.788	-0.038	non-DMR
chr1	835141	837091	44	0.667	0.918	-0.25	good-DMR
chr1	837513	839750	47	0.734	0.781	-0.047	non-DMR
chr1	839861	841998	48	0.811	0.848	-0.038	non-DMR
chr1	842078	844199	48	0.478	0.762	-0.285	good-DMR
chr1	844700	846692	48	0.388	0.103	0.285	good-DMR
chr1	847168	848849	39	0.529	0.766	-0.238	good-DMR
chr1	849302	851523	49	0.591	0.555	0.036	non-DMR
chr1	851586	853441	41	0.899	0.939	-0.04	non-DMR
chr1	853549	855262	41	0.764	0.808	-0.043	non-DMR
chr1	855380	857750	52	0.827	0.868	-0.041	non-DMR
chr1	857821	860088	55	0.51	0.546	-0.036	non-DMR
chr1	860151	861975	41	0.674	0.716	-0.042	non-DMR
chr1	862027	863941	41	0.707	0.748	-0.041	non-DMR
chr1	864042	865623	35	0.812	0.847	-0.035	non-DMR
chr1	865683	867949	54	0.762	0.801	-0.039	non-DMR
chr1	868041	870273	46	0.246	0.082	0.165	good-DMR
chr1	870627	872549	42	0.433	0.723	-0.29	good-DMR
chr1	873024	875086	50	0.781	0.885	-0.104	sub-DMR
chr1	875634	877718	42	0.719	0.732	-0.013	inconsistent-DMR
chr1	877845	879810	45	0.495	0.808	-0.313	good-DMR
chr1	880300	881925	34	0.42	0.614	-0.193	good-DMR
chr1	882411	884720	52	0.528	0.82	-0.293	good-DMR
chr1	885188	887128	45	0.782	0.822	-0.041	non-DMR
chr1	887186	889066	36	0.594	0.794	-0.2	good-DMR
chr1	889496	891163	36	0.589	0.632	-0.043	non-DMR
chr1	891240	892819	38	0.708	0.754	-0.046	non-DMR
chr1	892838	894881	49	0.601	0.795	-0.194	good-DMR
chr1	895332	897241	43	0.139	0.101	0.038	non-DMR
chr1	897297	899308	47	0.656	0.693	-0.037	non-DMR
chr1	899333	901020	39	0.714	0.755	-0.041	non-DMR
chr1	901109	903320	49	0.744	0.788	-0.043	non-DMR
chr1	905572	907451	44	0.655	0.698	-0.043	non-DMR
chr1	907580	909546	42	0.685	0.66	0.025	inconsistent-DMR
chr1	909683	911651	44	0.637	0.678	-0.041	non-DMR
chr1	911746	913683	42	0.663	0.706	-0.044	non-DMR
chr1	913720	915591	45	0.66	0.699	-0.039	non-DMR
chr1	915681	917680	41	0.56	0.662	-0.102	sub-DMR
chr1	918186	919746	37	0.717	0.756	-0.04	non-DMR
chr1	919768	921963	48	0.126	0.08	0.047	non-DMR
chr1	922029	923577	38	0.802	0.848	-0.046	non-DMR
chr1	923622	925788	48	0.21	0.167	0.042	non-DMR
chr1	925834	927445	34	0.455	0.494	-0.039	non-DMR
chr1	927551	929499	43	0.709	0.909	-0.2	good-DMR
chr1	929993	932152	47	0.249	0.59	-0.34	good-DMR
chr1	932666	934464	41	0.864	0.904	-0.04	non-DMR
chr1	934498	936350	40	0.108	0.072	0.037	non-DMR
chr1	936458	938432	46	0.78	0.818	-0.038	non-DMR
chr1	938540	940865	51	0.627	0.67	-0.042	non-DMR
chr1	940956	942869	44	0.745	0.787	-0.042	non-DMR
chr1	942939	945007	47	0.351	0.305	0.045	non-DMR
chr1	945093	947354	53	0.827	0.867	-0.039	non-DMR
chr1	947427	949227	40	0.749	0.785	-0.037	non-DMR
chr1	949311	951610	54	0.668	0.831	-0.163	good-DMR
chr1	952078	954004	46	0.425	0.471	-0.046	non-DMR
chr1	954102	956246	47	0.606	0.854	-0.247	good-DMR
chr1	956588	958546	43	0.636	0.796	-0.16	good-DMR
chr1	959064	961174	50	0.74	0.785	-0.044	non-DMR
chr1	961294	963250	45	0.746	0.783	-0.037	non-DMR
chr1	963326	965312	46	0.379	0.131	0.248	good-DMR
chr1	965791	967490	43	0.728	0.773	-0.045	non-DMR
chr1	967500	969317	39	0.352	0.123	0.228	good-DMR
chr1	969692	971788	51	0.621	0.769	-0.148	good-DMR
chr1	972276	974194	41	0.603	0.939	-0.337	good-DMR
chr1	974702	977064	56	0.133	0.094	0.039	non-DMR
chr1	977151	979137	48	0.1	0.065	0.035	non-DMR
chr1	979205	980988	40	0.358	0.053	0.305	good-DMR
chr1	981528	983660	42	0.14	0.104	0.035	non-DMR
chr1	983781	985738	41	0.789	0.833	-0.044	non-DMR
chr1	985812	987699	45	0.643	0.685	-0.042	non-DMR
chr1	987761	989414	39	0.687	0.736	-0.048	non-DMR
chr1	989513	991200	36	0.315	0.275	0.04	non-DMR
chr1	991308	993091	42	0.86	0.905	-0.045	non-DMR
chr1	993182	995414	51	0.352	0.617	-0.265	good-DMR
chr1	995954	997886	44	0.78	0.816	-0.036	non-DMR
chr1	997923	1000163	49	0.745	0.787	-0.042	non-DMR
chr1	1000292	1002447	49	0.156	0.121	0.035	non-DMR
chr1	1002550	1004504	42	0.699	0.736	-0.037	non-DMR
chr1	1004565	1006437	42	0.636	0.883	-0.246	good-DMR
chr1	1006941	1008685	41	0.645	0.622	0.022	inconsistent-DMR
chr1	1008822	1011017	50	0.72	0.761	-0.041	non-DMR
chr1	1011050	1013136	49	0.386	0.102	0.284	good-DMR
chr1	1013611	1015592	45	0.845	0.886	-0.041	non-DMR
chr1	1015646	1017745	47	0.835	0.872	-0.037	non-DMR
chr1	1017824	1019713	46	0.833	0.872	-0.039	non-DMR
chr1	1019755	1021965	45	0.748	0.787	-0.039	non-DMR
chr1	1022045	1024194	49	0.749	0.789	-0.04	non-DMR
chr1	1024284	1026318	44	0.865	0.906	-0.041	non-DMR
chr1	1026448	1028198	42	0.611	0.661	-0.05	inconsistent-DMR
chr1	1028382	1029900	36	0.146	0.041	0.104	sub-DMR
chr1	1030365	1032397	43	0.447	0.147	0.3	good-DMR
chr1	1032889	1034767	40	0.148	0.106	0.042	non-DMR
chr1	1034913	1036970	50	0.275	0.238	0.037	non-DMR
chr1	1037039	1039079	48	0.576	0.899	-0.323	good-DMR
chr1	1039526	1041706	50	0.19	0.146	0.044	non-DMR
chr1	1041764	1043283	37	0.623	0.667	-0.044	non-DMR
chr1	1043413	1045136	39	0.837	0.874	-0.037	non-DMR
chr1	1045205	1046947	38	0.662	0.83	-0.168	good-DMR
chr1	1047472	1049457	41	0.694	0.735	-0.041	non-DMR
chr1	1049548	1051504	47	0.724	0.767	-0.043	non-DMR
chr1	1051602	1053591	49	0.484	0.625	-0.141	notable-DMR
chr1	1053673	1055637	44	0.651	0.691	-0.04	non-DMR
chr1	1055725	1058053	50	0.58	0.811	-0.231	good-DMR
chr1	1058502	1060577	45	0.59	0.632	-0.042	non-DMR
chr1	1060690	1062542	42	0.839	0.879	-0.04	non-DMR
chr1	1062641	1064735	47	0.843	0.879	-0.036	non-DMR
chr1	1064816	1067249	54	0.256	0.212	0.044	non-DMR
chr1	1067347	1069401	45	0.688	0.689	-0.001	inconsistent-DMR
chr1	1069473	1071184	41	0.719	0.761	-0.043	non-DMR
chr1	1071271	1073386	44	0.759	0.861	-0.102	sub-DMR
chr1	1073716	1075503	39	0.109	0.068	0.041	non-DMR
chr1	1075517	1077841	56	0.592	0.851	-0.259	good-DMR
chr1	1078359	1080392	45	0.842	0.88	-0.038	non-DMR
chr1	1080518	1082713	50	0.65	0.695	-0.045	non-DMR
chr1	1082817	1084806	49	0.589	0.626	-0.037	non-DMR
chr1	1084914	1087012	51	0.458	0.218	0.241	notable-DMR
chr1	1087073	1088720	39	0.21	0.172	0.037	non-DMR
chr1	1088851	1091047	48	0.844	0.885	-0.042	non-DMR
chr1	1091086	1092984	44	0.59	0.821	-0.231	good-DMR
chr1	1093490	1095446	44	0.76	0.863	-0.103	sub-DMR
chr1	1095820	1097737	43	0.629	0.588	0.042	non-DMR
chr1	1097849	1099601	39	0.837	0.883	-0.045	non-DMR
chr1	1099740	1101968	54	0.259	0.218	0.04	non-DMR
chr1	1103987	1105856	41	0.427	0.724	-0.297	good-DMR
chr1	1106292	1108294	48	0.272	0.231	0.041	non-DMR
chr1	1108422	1110614	49	0.698	0.739	-0.041	non-DMR
chr1	1110677	1112633	42	0.85	0.893	-0.043	non-DMR
chr1	1112695	1114451	40	0.512	0.832	-0.32	good-DMR
chr1	1114849	1116621	39	0.643	0.685	-0.042	non-DMR
chr1	1116666	1118444	43	0.799	0.839	-0.04	non-DMR
chr1	1118503	1120469	43	0.567	0.889	-0.322	notable-DMR
chr1	1120574	1122490	46	0.107	0.07	0.037	non-DMR
chr1	1122551	1124709	47	0.531	0.841	-0.31	notable-DMR
chr1	1124822	1127116	51	0.832	0.872	-0.04	non-DMR
chr1	1127172	1129258	45	0.251	0.038	0.213	good-DMR
chr1	1129721	1131758	48	0.844	0.883	-0.039	non-DMR
chr1	1131827	1133867	49	0.8	0.841	-0.041	non-DMR
chr1	1133900	1136450	62	0.776	0.877	-0.101	sub-DMR
chr1	1136939	1138817	39	0.455	0.802	-0.347	good-DMR
chr1	1139325	1141324	47	0.744	0.785	-0.042	non-DMR
chr1	1141371	1143625	49	0.697	0.737	-0.04	non-DMR
chr1	1143669	1145592	45	0.631	0.677	-0.045	non-DMR
chr1	1145667	1147641	50	0.727	0.766	-0.039	non-DMR
chr1	1147745	1150058	54	0.806	0.849	-0.044	non-DMR
chr1	1150121	1152201	45	0.72	0.758	-0.038	non-DMR
chr1	1152274	1154097	41	0.819	0.863	-0.044	non-DMR
chr1	1154219	1156104	42	0.653	0.695	-0.042	non-DMR
chr1	1156175	1158532	56	0.732	0.773	-0.042	non-DMR
chr1	1158595	1160802	50	0.477	0.706	-0.229	good-DMR
chr1	1161228	1163540	52	0.502	0.808	-0.306	good-DMR
chr1	1164025	1166114	45	0.189	0.145	0.044	non-DMR
chr1	1166173	1167921	41	0.799	0.847	-0.048	non-DMR
chr1	1168009	1169924	42	0.836	0.881	-0.045	non-DMR
chr1	1170014	1171783	42	0.44	0.746	-0.306	good-DMR
chr1	1172312	1174400	50	0.18	0.141	0.039	non-DMR
chr1	1174477	1176139	34	0.714	0.75	-0.036	non-DMR
chr1	1176238	1178257	45	0.349	0.069	0.28	good-DMR
chr1	1178760	1180686	40	0.837	0.877	-0.041	non-DMR
chr1	1180784	1182841	48	0.136	0.092	0.044	non-DMR
chr1	1182885	1184962	48	0.462	0.235	0.226	good-DMR
chr1	1185449	1187185	37	0.736	0.93	-0.193	good-DMR
chr1	1187690	1189600	43	0.216	0.173	0.042	non-DMR
chr1	1189643	1192032	57	0.532	0.766	-0.235	good-DMR
chr1	1192272	1193889	38	0.743	0.778	-0.035	non-DMR
chr1	1193994	1196117	47	0.626	0.661	-0.035	non-DMR
chr1	1196197	1198158	45	0.542	0.746	-0.204	good-DMR
chr1	1198659	1200575	45	0.783	0.822	-0.039	non-DMR
chr1	1200649	1202586	46	0.47	0.69	-0.22	good-DMR
chr1	1203049	1205209	48	0.85	0.899	-0.049	non-DMR
chr1	1205254	1207428	53	0.772	0.813	-0.041	non-DMR
chr1	1207514	1209822	53	0.622	0.725	-0.103	sub-DMR
chr1	1210225	1212341	41	0.659	0.701	-0.042	non-DMR
chr1	1212408	1214533	46	0.543	0.764	-0.221	good-DMR
chr1	1214909	1217034	50	0.731	0.923	-0.192	good-DMR
chr1	1217437	1219469	46	0.401	0.172	0.229	good-DMR
chr1	1219826	1221711	40	0.255	0.575	-0.32	good-DMR
chr1	1222215	1224281	46	0.45	0.701	-0.251	good-DMR
chr1	1224739	1226509	42	0.632	0.336	0.296	good-DMR
chr1	1226961	1228876	42	0.73	0.774	-0.044	non-DMR
chr1	1228970	1231328	49	0.176	0.136	0.04	non-DMR
chr1	1231397	1233582	49	0.254	0.056	0.199	good-DMR
chr1	1234054	1235900	42	0.516	0.271	0.245	good-DMR
chr1	1236399	1238435	41	0.38	0.173	0.206	good-DMR
chr1	1238875	1241175	51	0.751	0.786	-0.035	non-DMR
chr1	1241249	1243151	46	0.808	0.844	-0.037	non-DMR
chr1	1243250	1245019	39	0.391	0.112	0.279	notable-DMR
chr1	1245119	1247070	47	0.749	0.793	-0.044	non-DMR
chr1	1247129	1248967	42	0.552	0.787	-0.236	good-DMR
chr1	1249463	1251710	49	0.643	0.684	-0.041	non-DMR
chr1	1251798	1253703	43	0.488	0.782	-0.294	good-DMR
chr1	1254106	1256332	51	0.533	0.573	-0.04	non-DMR
chr1	1256411	1258213	43	0.833	0.875	-0.041	non-DMR
chr1	1258279	1259854	36	0.685	0.719	-0.035	non-DMR
chr1	1259967	1261871	44	0.85	0.888	-0.038	non-DMR
chr1	1261977	1264083	51	0.655	0.69	-0.036	non-DMR
chr1	1264122	1266150	45	0.776	0.881	-0.105	sub-DMR
chr1	1266484	1268297	38	0.145	0.099	0.046	non-DMR
chr1	1268396	1270267	44	0.862	0.908	-0.046	non-DMR
chr1	1270346	1272200	42	0.823	0.865	-0.043	non-DMR
chr1	1272298	1274004	37	0.497	0.798	-0.301	good-DMR
chr1	1274507	1276361	41	0.552	0.79	-0.238	good-DMR
chr1	1276815	1279107	52	0.889	0.927	-0.038	non-DMR
chr1	1279156	1281101	44	0.651	0.696	-0.045	non-DMR
chr1	1281215	1282915	39	0.739	0.782	-0.043	non-DMR
chr1	1282961	1284937	44	0.557	0.766	-0.208	notable-DMR
chr1	1284992	1286910	42	0.628	0.667	-0.039	non-DMR
chr1	1287034	1289337	50	0.228	0.19	0.038	non-DMR
chr1	1289414	1291325	45	0.289	0.272	0.017	inconsistent-DMR
chr1	1291489	1293149	39	0.673	0.713	-0.04	non-DMR
chr1	1293264	1295255	41	0.619	0.659	-0.04	non-DMR
chr1	1295331	1297355	45	0.784	0.825	-0.042	non-DMR
chr1	1297415	1299747	55	0.636	0.598	0.038	non-DMR
chr1	1299828	1302107	51	0.608	0.841	-0.233	good-DMR
chr1	1302625	1304745	47	0.105	0.068	0.037	non-DMR
chr1	1304804	1306864	49	0.604	0.619	-0.014	inconsistent-DMR
chr1	1307018	1308888	43	0.691	0.735	-0.045	non-DMR
chr1	1308962	1310801	41	0.617	0.883	-0.266	good-DMR
chr1	1311143	1313221	46	0.643	0.315	0.328	good-DMR
chr1	1313702	1315906	53	0.593	0.886	-0.292	good-DMR
chr1	1316446	1318132	37	0.143	0.1	0.042	non-DMR
chr1	1318194	1320235	49	0.713	0.746	-0.033	non-DMR
chr1	1320322	1322751	54	0.718	0.761	-0.044	non-DMR
chr1	1322857	1325116	50	0.788	0.822	-0.034	non-DMR
chr1	1325152	1327132	46	0.103	0.064	0.038	non-DMR
chr1	1327213	1329065	40	0.602	0.897	-0.294	good-DMR
chr1	1329535	1331524	44	0.474	0.515	-0.041	non-DMR
chr1	1331597	1333417	45	0.15	0.112	0.037	non-DMR
chr1	1333490	1335427	46	0.785	0.888	-0.103	sub-DMR
chr1	1335954	1337655	41	0.699	0.74	-0.042	non-DMR
chr1	1337762	1340142	52	0.759	0.802	-0.043	non-DMR
chr1	1340222	1342609	56	0.816	0.859	-0.043	non-DMR
chr1	1342661	1344358	38	0.643	0.682	-0.04	non-DMR
chr1	1344457	1346054	39	0.769	0.815	-0.046	non-DMR
chr1	1346187	1348448	51	0.166	0.122	0.044	non-DMR
chr1	1348562	1350388	39	0.722	0.762	-0.04	non-DMR
chr1	1350420	1352371	46	0.109	0.066	0.043	non-DMR
chr1	1352483	1354193	43	0.635	0.893	-0.258	notable-DMR
chr1	1354288	1356382	47	0.509	0.462	0.047	non-DMR
chr1	1356469	1358633	52	0.79	0.831	-0.041	non-DMR
chr1	1358702	1360879	52	0.621	0.855	-0.234	good-DMR
chr1	1361319	1363349	46	0.819	0.861	-0.042	non-DMR
chr1	1363395	1365100	44	0.79	0.835	-0.045	non-DMR
chr1	1365207	1367319	47	0.787	0.826	-0.039	non-DMR
chr1	1367446	1369264	41	0.697	0.732	-0.035	non-DMR
chr1	1369377	1371503	42	0.707	0.75	-0.043	non-DMR
chr1	1371632	1373982	56	0.393	0.683	-0.29	notable-DMR
chr1	1374105	1376209	46	0.884	0.93	-0.045	non-DMR
chr1	1376300	1378536	51	0.317	0.039	0.278	good-DMR
chr1	1379063	1380924	44	0.796	0.836	-0.04	non-DMR
chr1	1380959	1382644	39	0.333	0.662	-0.329	good-DMR
chr1	1383114	1385095	48	0.205	0.169	0.036	non-DMR
chr1	1385187	1387315	48	0.868	0.913	-0.045	non-DMR
chr1	1387405	1389436	44	0.501	0.658	-0.156	good-DMR
chr1	1389887	1391677	43	0.171	0.132	0.04	non-DMR
chr1	1391770	1394048	52	0.608	0.837	-0.229	good-DMR
chr1	1394532	1396340	40	0.723	0.759	-0.036	non-DMR
chr1	1396449	1398320	43	0.763	0.959	-0.196	good-DMR
chr1	1398712	1400570	45	0.15	0.111	0.039	non-DMR
chr1	1400673	1402681	43	0.274	0.228	0.046	non-DMR
chr1	1402765	1404517	41	0.301	0.266	0.035	non-DMR
chr1	1404553	1406441	46	0.426	0.676	-0.25	good-DMR
chr1	1406840	1408481	39	0.503	0.501	0.002	inconsistent-DMR
chr1	1408590	1410625	44	0.585	0.827	-0.242	good-DMR
chr1	1411110	1413545	53	0.655	0.883	-0.228	good-DMR
chr1	1414019	1415868	43	0.837	0.872	-0.036	non-DMR
chr1	1415992	1418165	49	0.782	0.827	-0.044	non-DMR
chr1	1418214	1420275	47	0.655	0.69	-0.035	non-DMR
chr1	1420383	1422193	38	0.445	0.648	-0.204	good-DMR
chr1	1422723	1424724	46	0.7	0.739	-0.039	non-DMR
chr1	1424813	1426497	40	0.895	0.936	-0.041	non-DMR
chr1	1426571	1428594	45	0.873	0.908	-0.035	non-DMR
chr1	1428702	1430647	44	0.108	0.071	0.037	non-DMR
chr1	1430710	1432404	40	0.722	0.895	-0.173	good-DMR
chr1	1432872	1434911	43	0.841	0.612	0.229	good-DMR
chr1	1435409	1437265	45	0.623	0.842	-0.219	good-DMR
chr1	1437792	1439654	43	0.803	0.847	-0.044	non-DMR
chr1	1441878	1443660	39	0.673	0.895	-0.222	good-DMR
chr1	1444161	1446484	52	0.709	0.744	-0.035	non-DMR
chr1	1446571	1448778	47	0.446	0.648	-0.202	good-DMR
chr1	1449246	1451199	44	0.594	0.638	-0.044	non-DMR
chr1	1451297	1453278	41	0.59	0.811	-0.222	good-DMR
chr1	1453612	1455809	48	0.85	0.891	-0.041	non-DMR
chr1	1455888	1458038	57	0.858	0.9	-0.041	non-DMR
chr1	1458138	1460162	43	0.585	0.82	-0.234	good-DMR
chr1	1460645	1462630	45	0.687	0.729	-0.042	non-DMR
chr1	1462722	1464561	45	0.578	0.84	-0.261	good-DMR
chr1	1464960	1466792	43	0.566	0.822	-0.256	good-DMR
chr1	1467340	1469160	42	0.785	0.821	-0.036	non-DMR
chr1	1469212	1471265	45	0.51	0.799	-0.288	good-DMR
chr1	1471679	1473615	46	0.68	0.725	-0.045	non-DMR
chr1	1473689	1475500	45	0.627	0.671	-0.045	non-DMR
chr1	1475576	1477679	48	0.105	0.067	0.038	non-DMR
chr1	1477785	1480021	50	0.698	0.743	-0.045	non-DMR
chr1	1480127	1482052	40	0.714	0.753	-0.04	non-DMR
chr1	1482153	1483856	38	0.786	0.826	-0.04	non-DMR
chr1	1483932	1485984	46	0.265	0.225	0.041	non-DMR
chr1	1486046	1487912	42	0.871	0.911	-0.04	non-DMR
chr1	1488025	1490171	51	0.324	0.035	0.289	notable-DMR
chr1	1490246	1492040	40	0.204	0.163	0.041	non-DMR
chr1	1492110	1494045	46	0.103	0.062	0.041	non-DMR
chr1	1494077	1496123	45	0.617	0.807	-0.19	good-DMR
chr1	1496642	1498947	52	0.661	0.707	-0.047	non-DMR
chr1	1499044	1500745	39	0.819	0.864	-0.046	non-DMR
chr1	1500878	1503125	48	0.633	0.671	-0.038	non-DMR
chr1	1503232	1504972	36	0.1	0.059	0.041	non-DMR
chr1	1505076	1507266	49	0.666	0.705	-0.039	non-DMR
chr1	1507343	1509150	46	0.485	0.244	0.24	good-DMR
chr1	1509650	1511361	41	0.142	0.101	0.041	non-DMR
chr1	1511400	1513322	42	0.78	0.815	-0.035	non-DMR
chr1	1513402	1515836	59	0.237	0.056	0.181	notable-DMR
chr1	1515930	1518135	58	0.654	0.698	-0.044	non-DMR
chr1	1518246	1520000	41	0.613	0.651	-0.037	non-DMR
chr1	1520127	1522004	44	0.736	0.777	-0.041	non-DMR
chr1	1522031	1523968	47	0.646	0.9	-0.254	notable-DMR
chr1	1524095	1526304	44	0.643	0.681	-0.038	non-DMR
chr1	1526422	1528486	43	0.216	0.173	0.042	non-DMR
chr1	1528616	1530730	54	0.71	0.751	-0.04	non-DMR
chr1	1530760	1532686	45	0.666	0.907	-0.241	good-DMR
chr1	1533207	1535224	43	0.13	0.084	0.046	non-DMR
chr1	1535314	1537164	42	0.56	0.603	-0.043	non-DMR
chr1	1537270	1539377	51	0.845	0.885	-0.039	non-DMR
chr1	1539430	1541385	44	0.652	0.847	-0.195	good-DMR
chr1	1541915	1543697	43	0.599	0.639	-0.039	non-DMR
chr1	1543801	1545725	43	0.327	0.289	0.039	non-DMR
chr1	1545816	1547438	32	0.403	0.161	0.242	good-DMR
chr1	1547901	1549947	48	0.83	0.934	-0.104	sub-DMR
chr1	1550434	1552425	43	0.572	0.811	-0.238	good-DMR
chr1	1552913	1555094	46	0.547	0.799	-0.252	good-DMR
chr1	1555584	1557569	46	0.782	0.822	-0.039	non-DMR
chr1	1557651	1559311	38	0.524	0.244	0.28	good-DMR
chr1	1559847	1561779	43	0.719	0.762	-0.043	non-DMR
chr1	1561827	1564092	51	0.508	0.742	-0.234	good-DMR
chr1	1564609	1566207	36	0.715	0.758	-0.043	non-DMR
chr1	1566275	1568288	44	0.825	0.864	-0.038	non-DMR
chr1	1568411	1570346	51	0.722	0.763	-0.041	non-DMR
chr1	1570368	1572153	44	0.364	0.657	-0.293	good-DMR
chr1	1572656	1574587	47	0.465	0.175	0.29	good-DMR
chr1	1575071	1576620	35	0.359	0.121	0.239	good-DMR
chr1	1576984	1579001	45	0.618	0.857	-0.239	good-DMR
chr1	1579391	1580843	33	0.577	0.826	-0.25	good-DMR
chr1	1581368	1583319	40	0.725	0.766	-0.042	non-DMR
chr1	1583385	1585010	37	0.797	0.834	-0.037	non-DMR
chr1	1585121	1586845	42	0.784	0.829	-0.045	non-DMR
chr1	1586885	1588807	38	0.554	0.758	-0.204	good-DMR
chr1	1589154	1590992	46	0.661	0.698	-0.037	non-DMR
chr1	1591076	1592833	42	0.862	0.904	-0.042	non-DMR
chr1	1592880	1594872	46	0.256	0.031	0.225	good-DMR
chr1	1595353	1597552	44	0.179	0.142	0.038	non-DMR
chr1	1597598	1599454	44	0.662	0.709	-0.047	non-DMR
chr1	1599537	1601780	52	0.128	0.091	0.037	non-DMR
chr1	1603935	1605801	39	0.66	0.762	-0.102	sub-DMR
chr1	1606261	1608345	45	0.329	0.288	0.041	non-DMR
chr1	1608434	1610181	40	0.732	0.769	-0.036	non-DMR
chr1	1610319	1612341	44	0.126	0.084	0.042	non-DMR
chr1	1612434	1614618	45	0.798	0.837	-0.039	non-DMR
chr1	1614691	1616091	28	0.802	0.84	-0.038	non-DMR
chr1	1616174	1617852	35	0.823	0.868	-0.046	non-DMR
chr1	1617954	1619903	48	0.262	0.538	-0.276	good-DMR
chr1	1620343	1622152	41	0.722	0.76	-0.038	non-DMR
chr1	1622243	1624517	52	0.824	0.865	-0.041	non-DMR
chr1	1624555	1626550	41	0.795	0.836	-0.042	non-DMR
chr1	1626571	1628541	43	0.787	0.833	-0.046	non-DMR
chr1	1628623	1630518	40	0.59	0.842	-0.252	good-DMR
chr1	1630954	1632960	47	0.705	0.746	-0.04	non-DMR
chr1	1633030	1634694	40	0.735	0.779	-0.044	non-DMR
chr1	1634837	1636773	42	0.769	0.81	-0.041	non-DMR
chr1	1636848	1638836	44	0.765	0.806	-0.041	non-DMR
chr1	1638918	1640782	38	0.745	0.788	-0.043	non-DMR
chr1	1640858	1642930	50	0.593	0.848	-0.255	good-DMR
chr1	1643417	1645454	45	0.723	0.767	-0.044	non-DMR
chr1	1645539	1647679	50	0.528	0.768	-0.24	good-DMR
chr1	1647928	1649576	38	0.775	0.813	-0.039	non-DMR
chr1	1649647	1651447	37	0.574	0.678	-0.104	sub-DMR
chr1	1651944	1653729	37	0.566	0.798	-0.233	good-DMR
chr1	1654197	1655938	40	0.752	0.854	-0.102	sub-DMR
chr1	1656444	1658117	41	0.174	0.13	0.044	non-DMR
chr1	1658231	1660299	46	0.677	0.672	0.006	inconsistent-DMR
chr1	1660476	1662560	46	0.721	0.765	-0.044	non-DMR
chr1	1662648	1664795	47	0.549	0.842	-0.293	good-DMR
chr1	1665302	1666945	38	0.758	0.794	-0.036	non-DMR
chr1	1667033	1669154	48	0.681	0.727	-0.045	non-DMR
chr1	1669238	1671558	57	0.724	0.768	-0.043	non-DMR
chr1	1671666	1673645	46	0.572	0.613	-0.041	non-DMR
chr1	1673775	1675845	48	0.691	0.685	0.007	inconsistent-DMR
chr1	1675927	1677754	40	0.131	0.162	-0.031	inconsistent-DMR
chr1	1677862	1679871	40	0.487	0.552	-0.065	inconsistent-DMR
chr1	1679992	1681677	38	0.613	0.651	-0.038	non-DMR
chr1	1681731	1683568	42	0.786	0.831	-0.044	non-DMR
chr1	1683606	1685501	40	0.833	0.87	-0.037	non-DMR
chr1	1685591	1687571	44	0.595	0.781	-0.186	good-DMR
chr1	1688046	1690043	49	0.624	0.661	-0.037	non-DMR
chr1	1690151	1692104	49	0.487	0.772	-0.285	good-DMR
chr1	1692603	1694667	47	0.759	0.8	-0.042	non-DMR
chr1	1694775	1696952	46	0.242	0.139	0.103	sub-DMR
chr1	1697383	1699218	41	0.287	0.081	0.206	good-DMR
chr1	1699706	1701645	44	0.853	0.893	-0.04	non-DMR
chr1	1701757	1703806	46	0.699	0.738	-0.039	non-DMR
chr1	1703939	1705874	40	0.853	0.889	-0.037	non-DMR
chr1	1705972	1707878	42	0.139	0.097	0.041	non-DMR
chr1	1708002	1709870	44	0.623	0.9	-0.277	notable-DMR
chr1	1709929	1711961	44	0.861	0.906	-0.045	non-DMR
chr1	1712037	1714208	49	0.212	0.17	0.042	non-DMR
chr1	1714220	1715953	38	0.555	0.747	-0.191	good-DMR
chr1	1716321	1717978	34	0.549	0.848	-0.298	good-DMR
chr1	1718369	1720377	44	0.785	0.888	-0.103	sub-DMR
chr1	1720862	1722997	49	0.239	0.223	0.015	inconsistent-DMR
chr1	1723098	1725073	45	0.814	0.855	-0.041	non-DMR
chr1	1725164	1727178	48	0.673	0.777	-0.104	sub-DMR
chr1	1727685	1729663	43	0.649	0.695	-0.046	non-DMR
chr1	1729690	1731451	42	0.633	0.595	0.038	non-DMR
chr1	1731555	1733218	39	0.774	0.812	-0.038	non-DMR
chr1	1733300	1734986	42	0.568	0.243	0.325	good-DMR
chr1	1735524	1737484	51	0.666	0.708	-0.042	non-DMR
chr1	1737577	1739619	53	0.581	0.62	-0.039	non-DMR
chr1	1739667	1741541	43	0.822	0.864	-0.042	non-DMR
chr1	1741569	1743802	48	0.597	0.639	-0.043	non-DMR
chr1	1743907	1745525	40	0.241	0.203	0.038	non-DMR
chr1	1745593	1747420	46	0.617	0.658	-0.041	non-DMR
chr1	1747444	1749402	45	0.839	0.873	-0.034	non-DMR
chr1	1749473	1751240	39	0.821	0.857	-0.036	non-DMR
chr1	1751256	1753333	56	0.517	0.815	-0.298	good-DMR
chr1	1753621	1755272	41	0.748	0.85	-0.102	sub-DMR
chr1	1755784	1757491	43	0.214	0.173	0.04	non-DMR
chr1	1757546	1759566	41	0.272	0.046	0.226	good-DMR
chr1	1760026	1762223	50	0.668	0.706	-0.038	non-DMR
chr1	1762330	1764314	42	0.163	0.12	0.042	non-DMR
chr1	1764450	1766462	45	0.109	0.064	0.045	non-DMR
chr1	1766592	1768747	46	0.308	0.263	0.045	non-DMR
chr1	1768825	1770824	43	0.795	0.838	-0.042	non-DMR
chr1	1770949	1772421	33	0.151	0.102	0.048	non-DMR
chr1	1772516	1774358	41	0.667	0.703	-0.036	inconsistent-DMR
chr1	1774524	1776668	49	0.731	0.775	-0.044	non-DMR
chr1	1776760	1778686	44	0.856	0.898	-0.042	non-DMR
chr1	1778771	1780718	42	0.162	0.124	0.038	non-DMR
chr1	1780770	1782854	48	0.618	0.901	-0.283	good-DMR
chr1	1783332	1785587	53	0.673	0.711	-0.038	non-DMR
chr1	1785607	1787545	44	0.419	0.646	-0.227	good-DMR
chr1	1788032	1790036	43	0.223	0.181	0.042	non-DMR
chr1	1790088	1792225	49	0.206	0.156	0.05	non-DMR
chr1	1792322	1794236	43	0.503	0.705	-0.202	good-DMR
chr1	1797037	1799085	49	0.522	0.56	-0.038	non-DMR
chr1	1799170	1801283	46	0.436	0.691	-0.255	good-DMR
chr1	1801603	1803280	39	0.751	0.788	-0.036	inconsistent-DMR
chr1	1803426	1805266	41	0.19	0.147	0.044	non-DMR
chr1	1805383	1807221	43	0.845	0.888	-0.043	non-DMR
chr1	1807358	1809078	42	0.695	0.729	-0.033	non-DMR
chr1	1809178	1811100	44	0.401	0.132	0.269	good-DMR
chr1	1813831	1815924	46	0.127	0.088	0.039	non-DMR
chr1	1816033	1817990	42	0.838	0.878	-0.04	non-DMR
chr1	1818134	1819679	36	0.793	0.833	-0.041	non-DMR
chr1	1819743	1821819	45	0.804	0.843	-0.038	non-DMR
chr1	1821872	1824124	53	0.717	0.761	-0.043	non-DMR
chr1	1824136	1825991	40	0.783	0.82	-0.038	non-DMR
chr1	1826015	1827988	47	0.264	0.225	0.038	non-DMR
chr1	1828135	1830284	45	0.62	0.659	-0.039	non-DMR
chr1	1830396	1832116	37	0.662	0.708	-0.046	non-DMR
chr1	1832183	1834187	47	0.205	0.167	0.038	non-DMR
chr1	1834237	1836439	50	0.644	0.889	-0.245	good-DMR
chr1	1836943	1839056	46	0.829	0.872	-0.043	non-DMR
chr1	1839125	1841207	48	0.46	0.716	-0.256	good-DMR
chr1	1841710	1843858	46	0.392	0.153	0.239	good-DMR
chr1	1844211	1846376	50	0.384	0.05	0.334	good-DMR
chr1	1846768	1848580	43	0.656	0.822	-0.166	good-DMR
chr1	1849073	1851433	51	0.859	0.901	-0.042	non-DMR
chr1	1851546	1853101	37	0.193	0.153	0.04	non-DMR
chr1	1853128	1855025	46	0.825	0.866	-0.04	non-DMR
chr1	1855067	1856923	44	0.719	0.762	-0.042	non-DMR
chr1	1857023	1858735	40	0.492	0.699	-0.207	good-DMR
chr1	1859182	1860869	38	0.52	0.621	-0.101	sub-DMR
chr1	1861279	1863205	42	0.758	0.805	-0.047	non-DMR
chr1	1863254	1865463	50	0.732	0.769	-0.037	non-DMR
chr1	1865587	1867592	46	0.744	0.786	-0.041	non-DMR
chr1	1867668	1869770	50	0.713	0.754	-0.041	non-DMR
chr1	1869860	1871986	51	0.216	0.171	0.044	non-DMR
chr1	1872091	1873622	36	0.829	0.87	-0.041	non-DMR
chr1	1873765	1875496	37	0.194	0.152	0.042	non-DMR
chr1	1875546	1877640	44	0.748	0.778	-0.03	non-DMR
chr1	1877768	1879910	51	0.723	0.764	-0.042	non-DMR
chr1	1880035	1881861	39	0.423	0.624	-0.202	notable-DMR
chr1	1881954	1883898	43	0.679	0.712	-0.033	non-DMR
chr1	1883975	1885822	42	0.382	0.143	0.24	good-DMR
chr1	1886348	1888043	39	0.796	0.829	-0.033	non-DMR
chr1	1888173	1890025	44	0.073	0.033	0.04	non-DMR
chr1	1890113	1892149	46	0.76	0.803	-0.043	non-DMR
chr1	1892220	1894408	44	0.56	0.666	-0.107	sub-DMR
chr1	1894727	1896595	40	0.543	0.788	-0.244	good-DMR
chr1	1897097	1899308	49	0.624	0.664	-0.04	non-DMR
chr1	1899434	1901236	36	0.863	0.905	-0.042	non-DMR
chr1	1901327	1903298	46	0.593	0.638	-0.044	non-DMR
chr1	1903379	1905428	44	0.268	0.278	-0.01	inconsistent-DMR
chr1	1905502	1907319	42	0.566	0.667	-0.101	sub-DMR
chr1	1907837	1909996	47	0.61	0.645	-0.034	non-DMR
chr1	1910099	1911765	36	0.653	0.699	-0.046	non-DMR
chr1	1911879	1913902	45	0.588	0.547	0.041	non-DMR
chr1	1914000	1915734	39	0.519	0.182	0.337	good-DMR
chr1	1916240	1918036	37	0.511	0.768	-0.257	good-DMR
chr1	1918350	1920353	47	0.584	0.624	-0.039	non-DMR
chr1	1920402	1922224	40	0.549	0.884	-0.335	good-DMR
chr1	1922692	1924612	49	0.728	0.767	-0.04	non-DMR
chr1	1924725	1926534	39	0.333	0.294	0.04	non-DMR
chr1	1926638	1928499	44	0.693	0.733	-0.04	non-DMR
chr1	1928568	1930428	44	0.126	0.092	0.034	non-DMR
chr1	1930547	1932267	38	0.81	0.855	-0.045	non-DMR
chr1	1932379	1934416	49	0.828	0.87	-0.042	non-DMR
chr1	1934487	1936136	39	0.823	0.866	-0.044	non-DMR
chr1	1936228	1938518	48	0.579	0.542	0.037	non-DMR
chr1	1938588	1940375	40	0.669	0.894	-0.225	good-DMR
chr1	1940834	1942832	46	0.762	0.802	-0.04	non-DMR
chr1	1942893	1944524	36	0.476	0.719	-0.243	good-DMR
chr1	1945047	1946773	39	0.777	0.82	-0.043	non-DMR
chr1	1946888	1948900	42	0.233	0.192	0.041	non-DMR
chr1	1948984	1950868	40	0.758	0.799	-0.041	non-DMR
chr1	1951002	1952554	35	0.745	0.78	-0.034	non-DMR
chr1	1952637	1954548	40	0.553	0.592	-0.039	non-DMR
chr1	1954636	1956329	39	0.807	0.849	-0.043	non-DMR
chr1	1956372	1958409	48	0.876	0.914	-0.039	non-DMR
chr1	1958514	1959857	34	0.764	0.798	-0.034	non-DMR
chr1	1959960	1962054	48	0.644	0.676	-0.032	non-DMR
chr1	1962179	1964027	40	0.15	0.108	0.042	non-DMR
chr1	1966193	1968199	45	0.506	0.234	0.272	good-DMR
chr1	1968702	1970553	37	0.287	0.256	0.032	non-DMR
chr1	1970646	1972621	45	0.804	0.847	-0.043	non-DMR
chr1	1972758	1974585	39	0.852	0.889	-0.037	non-DMR
chr1	1974686	1976270	36	0.581	0.624	-0.043	non-DMR
chr1	1976357	1978665	53	0.765	0.802	-0.037	non-DMR
chr1	1978706	1980692	43	0.299	0.198	0.101	sub-DMR
chr1	1981198	1983131	41	0.462	0.169	0.293	good-DMR
chr1	1983568	1985760	51	0.753	0.793	-0.04	non-DMR
chr1	1985848	1987805	45	0.238	0.196	0.041	non-DMR
chr1	1987891	1989684	42	0.094	0.054	0.04	non-DMR
chr1	1989808	1991216	34	0.654	0.688	-0.034	non-DMR
chr1	1991259	1993023	41	0.166	0.059	0.106	sub-DMR
chr1	1993465	1995368	40	0.085	0.043	0.042	non-DMR
chr1	1995478	1997226	41	0.382	0.647	-0.265	good-DMR
chr1	1997757	1999831	50	0.781	0.824	-0.043	non-DMR
chr1	1999925	2002135	51	0.77	0.75	0.019	inconsistent-DMR
chr1	2002230	2004289	45	0.187	0.147	0.04	non-DMR
chr1	2004399	2006346	43	0.841	0.88	-0.039	non-DMR
chr1	2006376	2008197	45	0.375	0.079	0.296	good-DMR
chr1	2008622	2010333	37	0.475	0.807	-0.332	good-DMR
chr1	2010665	2012894	49	0.667	0.77	-0.103	sub-DMR
chr1	2013424	2015086	37	0.719	0.763	-0.044	non-DMR
chr1	2015124	2017292	51	0.781	0.817	-0.036	non-DMR
chr1	2017320	2019477	50	0.562	0.784	-0.222	good-DMR
chr1	2019885	2021745	44	0.679	0.72	-0.04	non-DMR
chr1	2021832	2023761	50	0.457	0.558	-0.101	sub-DMR
chr1	2024264	2026132	41	0.72	0.756	-0.037	non-DMR
chr1	2026274	2028125	43	0.75	0.792	-0.042	non-DMR
chr1	2028270	2030369	49	0.648	0.693	-0.045	non-DMR
chr1	2030433	2031971	33	0.296	0.647	-0.351	good-DMR
chr1	2032480	2034289	42	0.603	0.636	-0.033	non-DMR
chr1	2036637	2038486	41	0.814	0.855	-0.041	non-DMR
chr1	2038524	2040507	42	0.685	0.896	-0.211	good-DMR
chr1	2041024	2043249	50	0.812	0.856	-0.044	non-DMR
chr1	2043336	2045409	47	0.839	0.878	-0.039	non-DMR
chr1	2045492	2047189	41	0.84	0.878	-0.039	non-DMR
chr1	2047292	2048842	33	0.461	0.744	-0.283	good-DMR
chr1	2049314	2051434	46	0.604	0.498	0.106	sub-DMR
chr1	2051892	2053862	45	0.274	0.064	0.21	good-DMR
chr1	2054288	2056557	49	0.731	0.766	-0.036	non-DMR
chr1	2056640	2058781	44	0.787	0.825	-0.038	non-DMR
chr1	2058833	2060596	38	0.59	0.631	-0.042	non-DMR
chr1	2060691	2062779	50	0.71	0.752	-0.041	non-DMR
chr1	2062919	2064828	42	0.811	0.85	-0.039	non-DMR
chr1	2064892	2066936	49	0.844	0.886	-0.042	non-DMR
chr1	2067005	2069359	52	0.547	0.75	-0.203	good-DMR
chr1	2069633	2071606	47	0.187	0.083	0.104	sub-DMR
chr1	2072121	2074048	44	0.686	0.723	-0.037	non-DMR
chr1	2074181	2075842	39	0.223	0.186	0.036	non-DMR
chr1	2075969	2077639	40	0.828	0.875	-0.047	non-DMR
chr1	2077751	2079519	45	0.258	0.216	0.042	non-DMR
chr1	2079613	2081645	45	0.151	0.116	0.035	non-DMR
chr1	2081761	2083501	35	0.774	0.809	-0.036	non-DMR
chr1	2083526	2085819	48	0.456	0.792	-0.337	good-DMR
chr1	2086281	2088316	42	0.656	0.694	-0.038	non-DMR
chr1	2088452	2090219	41	0.272	0.288	-0.017	inconsistent-DMR
chr1	2090402	2092360	45	0.743	0.784	-0.041	non-DMR
chr1	2092437	2094472	45	0.557	0.79	-0.232	good-DMR
chr1	2094922	2097134	53	0.124	0.084	0.039	non-DMR
chr1	2097165	2099479	55	0.539	0.807	-0.267	good-DMR
chr1	2099938	2101825	40	0.716	0.759	-0.043	non-DMR
chr1	2101888	2103822	47	0.183	0.144	0.039	non-DMR
chr1	2103891	2105650	41	0.378	0.69	-0.312	good-DMR
chr1	2106022	2107981	45	0.757	0.797	-0.04	non-DMR
chr1	2108052	2110272	50	0.752	0.796	-0.043	non-DMR
chr1	2110386	2112516	51	0.818	0.854	-0.036	non-DMR
chr1	2112611	2114877	51	0.895	0.938	-0.042	non-DMR
chr1	2115009	2116785	39	0.795	0.838	-0.043	non-DMR
chr1	2116798	2118579	41	0.411	0.684	-0.273	good-DMR
chr1	2119107	2120856	37	0.656	0.704	-0.048	non-DMR
chr1	2120973	2123187	49	0.712	0.753	-0.041	non-DMR
chr1	2123281	2125270	46	0.719	0.764	-0.044	non-DMR
chr1	2125316	2127373	50	0.503	0.757	-0.254	good-DMR
chr1	2127661	2130008	50	0.778	0.818	-0.039	non-DMR
chr1	2130093	2132089	42	0.507	0.187	0.32	good-DMR
chr1	2132561	2134787	51	0.853	0.897	-0.043	non-DMR
chr1	2134890	2136929	48	0.618	0.339	0.28	good-DMR
chr1	2137399	2139215	38	0.507	0.544	-0.037	non-DMR
chr1	2139238	2141173	42	0.258	0.053	0.206	good-DMR
chr1	2141688	2143441	43	0.646	0.682	-0.036	non-DMR
chr1	2143493	2145421	42	0.12	0.081	0.039	non-DMR
chr1	2145473	2147695	48	0.834	0.875	-0.041	non-DMR
chr1	2147797	2149604	44	0.362	0.676	-0.314	good-DMR
chr1	2150021	2151968	44	0.765	0.806	-0.04	non-DMR
chr1	2152073	2153948	44	0.475	0.215	0.26	good-DMR
chr1	2154433	2156264	44	0.661	0.763	-0.102	sub-DMR
chr1	2156631	2158711	45	0.739	0.842	-0.103	sub-DMR
chr1	2159213	2161389	47	0.445	0.7	-0.255	good-DMR
chr1	2161897	2164143	48	0.585	0.629	-0.044	non-DMR
chr1	2164235	2166665	59	0.533	0.774	-0.241	good-DMR
chr1	2167174	2169329	50	0.855	0.897	-0.042	non-DMR
chr1	2169369	2171482	44	0.569	0.613	-0.044	non-DMR
chr1	2171504	2173343	40	0.717	0.758	-0.041	non-DMR
chr1	2173411	2175590	46	0.556	0.599	-0.043	non-DMR
chr1	2175639	2177568	45	0.831	0.874	-0.043	non-DMR
chr1	2177650	2179485	43	0.128	0.092	0.036	non-DMR
chr1	2179562	2181689	45	0.775	0.813	-0.037	non-DMR
chr1	2181745	2183483	42	0.513	0.221	0.292	good-DMR
chr1	2184014	2185716	44	0.796	0.833	-0.036	non-DMR
chr1	2185774	2187728	47	0.573	0.775	-0.202	good-DMR
chr1	2188232	2190006	43	0.533	0.88	-0.346	good-DMR
chr1	2190483	2192155	40	0.803	0.844	-0.041	non-DMR
chr1	2192228	2193979	38	0.444	0.168	0.276	good-DMR
chr1	2194425	2196379	45	0.655	0.883	-0.228	good-DMR
chr1	2196803	2199016	54	0.824	0.862	-0.038	non-DMR
chr1	2199104	2200905	43	0.729	0.77	-0.041	non-DMR
chr1	2200944	2202667	40	0.518	0.81	-0.292	good-DMR
chr1	2203179	2205172	46	0.773	0.816	-0.043	non-DMR
chr1	2205287	2207185	40	0.225	0.183	0.043	non-DMR
chr1	2207327	2209421	48	0.227	0.186	0.042	non-DMR
chr1	2209525	2211427	44	0.567	0.612	-0.044	non-DMR
chr1	2211500	2213358	45	0.68	0.716	-0.036	non-DMR
chr1	2213472	2215575	48	0.162	0.122	0.04	non-DMR
chr1	2215666	2217564	40	0.761	0.802	-0.04	non-DMR
chr1	2217697	2219340	37	0.759	0.795	-0.037	non-DMR
chr1	2219458	2221209	40	0.748	0.79	-0.042	non-DMR
chr1	2221325	2223374	50	0.327	0.283	0.045	non-DMR
chr1	2223511	2225345	39	0.246	0.206	0.04	non-DMR
chr1	2225462	2227515	48	0.648	0.69	-0.041	non-DMR
chr1	2227546	2229420	42	0.547	0.651	-0.104	sub-DMR
chr1	2229837	2231451	34	0.557	0.669	-0.111	good-DMR
chr1	2231931	2234157	51	0.615	0.717	-0.102	sub-DMR
chr1	2234667	2236727	52	0.815	0.861	-0.046	non-DMR
chr1	2236823	2238703	45	0.883	0.929	-0.046	non-DMR
chr1	2238751	2240743	42	0.459	0.702	-0.243	good-DMR
chr1	2241236	2242937	41	0.131	0.092	0.039	non-DMR
chr1	2243056	2245224	48	0.711	0.747	-0.036	non-DMR
chr1	2245306	2247082	45	0.636	0.679	-0.043	non-DMR
chr1	2247214	2249387	55	0.773	0.808	-0.035	non-DMR
chr1	2249410	2251815	53	0.441	0.706	-0.264	good-DMR
chr1	2252333	2254228	42	0.609	0.568	0.041	non-DMR
chr1	2254322	2256374	42	0.195	0.15	0.045	non-DMR
chr1	2256519	2258518	44	0.169	0.135	0.035	non-DMR
chr1	2258649	2260804	49	0.767	0.811	-0.044	non-DMR
chr1	2260846	2262672	43	0.215	0.173	0.041	non-DMR
chr1	2262750	2265106	51	0.825	0.864	-0.038	non-DMR
chr1	2265202	2266769	35	0.766	0.813	-0.046	non-DMR
chr1	2266845	2269205	51	0.665	0.847	-0.182	good-DMR
chr1	2269658	2271752	47	0.656	0.915	-0.259	good-DMR
chr1	2272271	2274320	45	0.865	0.897	-0.031	non-DMR
chr1	2274396	2276618	51	0.317	0.09	0.227	good-DMR
chr1	2277126	2278671	32	0.677	0.779	-0.102	sub-DMR
chr1	2279174	2281273	47	0.131	0.088	0.043	non-DMR
chr1	2281387	2283245	42	0.727	0.73	-0.004	inconsistent-DMR
chr1	2283370	2285585	45	0.795	0.838	-0.043	non-DMR
chr1	2285663	2287367	41	0.601	0.557	0.044	non-DMR
chr1	2287437	2289566	48	0.78	0.882	-0.102	sub-DMR
chr1	2290092	2292192	48	0.706	0.747	-0.042	non-DMR
chr1	2292281	2294220	48	0.693	0.738	-0.046	non-DMR
chr1	2294292	2296382	49	0.614	0.834	-0.22	good-DMR
