chr	start	end	CpG_count	treatment_methylation	control_methylation	mean_delta_methylation	category
chr1	100036	101017	24	0.192	0.161	0.031	non-DMR
chr1	101128	101989	22	0.732	0.766	-0.034	non-DMR
chr1	102043	102934	23	0.703	0.729	-0.025	non-DMR
chr1	102981	103754	17	0.51	0.781	-0.271	good-DMR
chr1	104209	105184	22	0.762	0.801	-0.039	non-DMR
chr1	105270	106062	18	0.851	0.899	-0.048	non-DMR
chr1	106176	107107	21	0.734	0.767	-0.034	non-DMR
chr1	107151	108024	19	0.725	0.761	-0.036	non-DMR
chr1	108141	109230	27	0.841	0.88	-0.039	non-DMR
chr1	109360	110346	23	0.766	0.807	-0.042	non-DMR
chr1	110431	111178	22	0.779	0.82	-0.041	non-DMR
chr1	111238	112041	17	0.194	0.149	0.044	non-DMR
chr1	112124	112944	21	0.779	0.818	-0.039	non-DMR
chr1	113058	113940	22	0.766	0.809	-0.043	non-DMR
chr1	114017	114916	24	0.765	0.804	-0.039	non-DMR
chr1	115019	116055	24	0.868	0.91	-0.042	non-DMR
chr1	116199	117241	25	0.24	0.2	0.04	non-DMR
chr1	117330	118281	23	0.159	0.115	0.044	non-DMR
chr1	118351	119405	24	0.701	0.75	-0.049	non-DMR
chr1	119517	120518	24	0.686	0.738	-0.052	non-DMR
chr1	120633	121475	21	0.806	0.841	-0.035	non-DMR
chr1	121569	122522	23	0.528	0.786	-0.258	good-DMR
chr1	122984	123903	24	0.538	0.763	-0.225	good-DMR
chr1	124415	125440	24	0.78	0.818	-0.038	non-DMR
chr1	125546	126526	22	0.811	0.855	-0.045	non-DMR
chr1	126573	127757	26	0.711	0.749	-0.038	non-DMR
chr1	127850	128768	22	0.69	0.738	-0.048	non-DMR
chr1	128888	129884	25	0.871	0.914	-0.043	non-DMR
chr1	129932	131060	27	0.795	0.902	-0.106	sub-DMR
chr1	131447	132277	18	0.157	0.121	0.037	non-DMR
chr1	132320	133289	22	0.244	0.197	0.047	non-DMR
chr1	133379	134360	25	0.824	0.876	-0.051	non-DMR
chr1	134446	135396	21	0.693	0.737	-0.044	inconsistent-DMR
chr1	135604	136544	22	0.632	0.671	-0.04	non-DMR
chr1	136628	137677	24	0.594	0.628	-0.034	non-DMR
chr1	137708	138860	27	0.621	0.661	-0.04	non-DMR
chr1	138961	139793	19	0.192	0.158	0.034	non-DMR
chr1	139888	140977	27	0.765	0.807	-0.042	non-DMR
chr1	141096	142342	30	0.302	0.254	0.049	non-DMR
chr1	142404	143244	21	0.588	0.633	-0.045	non-DMR
chr1	143370	144348	23	0.808	0.845	-0.037	non-DMR
chr1	144441	145405	27	0.738	0.778	-0.04	non-DMR
chr1	145542	146394	21	0.62	0.66	-0.04	non-DMR
chr1	146459	147303	23	0.714	0.756	-0.041	non-DMR
chr1	147397	148250	23	0.742	0.785	-0.043	non-DMR
chr1	148348	149153	18	0.506	0.725	-0.219	good-DMR
chr1	149618	150573	24	0.809	0.842	-0.033	non-DMR
chr1	150699	151701	24	0.489	0.521	-0.032	non-DMR
chr1	151800	152728	24	0.469	0.211	0.258	good-DMR
chr1	153226	154292	28	0.659	0.693	-0.033	non-DMR
chr1	154407	155317	23	0.856	0.905	-0.048	non-DMR
chr1	155437	156521	24	0.428	0.208	0.22	notable-DMR
chr1	156562	157404	22	0.658	0.699	-0.041	non-DMR
chr1	157502	158486	22	0.748	0.787	-0.039	non-DMR
chr1	158586	159526	25	0.661	0.703	-0.042	non-DMR
chr1	159631	160616	21	0.277	0.129	0.148	good-DMR
chr1	161061	162065	26	0.766	0.808	-0.042	non-DMR
chr1	162108	163110	24	0.854	0.889	-0.035	non-DMR
chr1	163210	164166	22	0.171	0.127	0.044	non-DMR
chr1	164253	165308	25	0.528	0.855	-0.327	good-DMR
chr1	165821	166909	26	0.209	0.166	0.043	non-DMR
chr1	167010	167852	22	0.774	0.821	-0.047	non-DMR
chr1	167956	168790	22	0.842	0.891	-0.049	non-DMR
chr1	168883	169985	27	0.336	0.118	0.219	good-DMR
chr1	170508	171474	26	0.785	0.822	-0.037	non-DMR
chr1	171555	172401	21	0.539	0.771	-0.232	good-DMR
chr1	172902	173901	24	0.439	0.724	-0.285	good-DMR
chr1	174325	175467	27	0.273	0.223	0.05	non-DMR
chr1	175581	176602	25	0.264	0.212	0.053	non-DMR
chr1	176744	177689	24	0.627	0.58	0.047	inconsistent-DMR
chr1	177834	178842	26	0.676	0.719	-0.043	non-DMR
chr1	178916	179772	21	0.645	0.61	0.035	non-DMR
chr1	179849	180762	21	0.319	0.039	0.28	good-DMR
chr1	182217	183191	23	0.734	0.779	-0.046	non-DMR
chr1	183250	184089	19	0.388	0.359	0.029	non-DMR
chr1	184204	185201	23	0.889	0.936	-0.047	non-DMR
chr1	185292	186214	21	0.7	0.841	-0.141	notable-DMR
chr1	186339	187309	21	0.77	0.801	-0.031	non-DMR
chr1	187334	188277	22	0.443	0.776	-0.332	good-DMR
chr1	188547	189501	22	0.728	0.773	-0.045	non-DMR
chr1	189537	190477	21	0.656	0.703	-0.047	non-DMR
chr1	190557	191533	25	0.473	0.681	-0.208	good-DMR
chr1	192042	192832	21	0.707	0.755	-0.048	non-DMR
chr1	192926	193874	25	0.481	0.22	0.262	good-DMR
chr1	194362	195299	23	0.204	0.156	0.048	non-DMR
chr1	195367	196270	20	0.731	0.773	-0.042	non-DMR
chr1	196334	197233	21	0.13	0.096	0.034	non-DMR
chr1	197276	198267	25	0.825	0.863	-0.038	non-DMR
chr1	198330	199346	25	0.638	0.936	-0.298	good-DMR
chr1	199752	200903	28	0.612	0.652	-0.04	non-DMR
chr1	200918	201744	20	0.303	0.07	0.233	good-DMR
chr1	202232	203130	21	0.678	0.718	-0.041	non-DMR
chr1	203185	204073	23	0.211	0.169	0.042	non-DMR
chr1	204129	205009	22	0.312	0.105	0.207	good-DMR
chr1	205520	206434	24	0.606	0.572	0.033	non-DMR
chr1	206509	207420	24	0.203	0.152	0.051	non-DMR
chr1	207478	208532	27	0.344	0.027	0.317	good-DMR
chr1	208935	209783	22	0.826	0.857	-0.032	non-DMR
chr1	209873	210815	21	0.392	0.084	0.308	good-DMR
chr1	211310	212283	21	0.556	0.596	-0.04	non-DMR
chr1	212381	213361	23	0.693	0.876	-0.183	good-DMR
chr1	213897	214887	25	0.764	0.806	-0.041	non-DMR
chr1	216218	217020	20	0.715	0.757	-0.042	non-DMR
chr1	217090	218028	22	0.318	0.072	0.246	good-DMR
chr1	218519	219462	22	0.366	0.744	-0.378	good-DMR
chr1	219906	220818	19	0.175	0.066	0.109	sub-DMR
chr1	221264	222025	17	0.628	0.729	-0.101	sub-DMR
chr1	222518	223279	20	0.657	0.691	-0.034	non-DMR
chr1	223405	224384	22	0.842	0.882	-0.04	non-DMR
chr1	224511	225461	21	0.828	0.865	-0.037	non-DMR
chr1	225519	226505	23	0.54	0.737	-0.197	good-DMR
chr1	226970	227924	25	0.158	0.404	-0.246	good-DMR
chr1	228392	229341	24	0.493	0.222	0.272	good-DMR
chr1	229787	230838	24	0.542	0.804	-0.262	good-DMR
chr1	231238	232070	23	0.175	0.137	0.038	non-DMR
chr1	232152	232955	19	0.648	0.924	-0.276	good-DMR
chr1	233433	234320	20	0.515	0.798	-0.283	good-DMR
chr1	234801	235776	26	0.21	0.175	0.035	non-DMR
chr1	235846	236801	25	0.604	0.646	-0.042	non-DMR
chr1	236860	237947	25	0.615	0.658	-0.043	non-DMR
chr1	238051	238946	20	0.7	0.737	-0.037	non-DMR
chr1	239002	239902	23	0.315	0.057	0.258	good-DMR
chr1	240289	241198	22	0.688	0.912	-0.224	good-DMR
chr1	241657	242663	24	0.814	0.855	-0.04	non-DMR
chr1	242702	243806	26	0.413	0.675	-0.262	good-DMR
chr1	244270	245339	26	0.229	0.189	0.04	non-DMR
chr1	245389	246329	26	0.731	0.835	-0.105	sub-DMR
chr1	246822	247778	23	0.754	0.802	-0.047	non-DMR
chr1	247866	248686	19	0.833	0.88	-0.047	non-DMR
chr1	248757	249630	21	0.319	0.334	-0.016	inconsistent-DMR
chr1	249798	250831	24	0.363	0.183	0.18	good-DMR
chr1	251379	252200	19	0.158	0.128	0.03	non-DMR
chr1	252274	253037	18	0.316	0.209	0.107	sub-DMR
chr1	253518	254319	20	0.793	0.83	-0.037	non-DMR
chr1	254397	255076	15	0.774	0.814	-0.04	non-DMR
chr1	255201	256298	26	0.641	0.683	-0.042	non-DMR
chr1	256374	257476	22	0.627	0.665	-0.038	non-DMR
chr1	257496	258524	24	0.466	0.249	0.217	good-DMR
chr1	258951	259844	23	0.472	0.732	-0.26	good-DMR
chr1	260316	261222	24	0.792	0.831	-0.039	non-DMR
chr1	261327	262289	22	0.83	0.876	-0.046	non-DMR
chr1	262390	263372	22	0.42	0.239	0.181	good-DMR
chr1	263922	265071	28	0.828	0.87	-0.042	non-DMR
chr1	265153	265969	20	0.261	0.207	0.054	non-DMR
chr1	266025	266943	24	0.848	0.888	-0.041	non-DMR
chr1	267044	267976	22	0.335	0.625	-0.29	good-DMR
chr1	268406	269279	20	0.631	0.363	0.267	good-DMR
chr1	269785	270699	21	0.175	0.131	0.044	non-DMR
chr1	270807	271893	26	0.105	0.062	0.043	non-DMR
chr1	271948	272865	22	0.687	0.686	0.0	inconsistent-DMR
chr1	272971	273899	23	0.59	0.628	-0.038	non-DMR
chr1	274016	275002	22	0.742	0.775	-0.032	non-DMR
chr1	275048	275952	21	0.211	0.175	0.036	non-DMR
chr1	276049	277214	26	0.807	0.843	-0.036	non-DMR
chr1	277350	278205	22	0.69	0.734	-0.044	non-DMR
chr1	278280	279269	23	0.527	0.828	-0.3	notable-DMR
chr1	279375	280432	23	0.718	0.763	-0.045	non-DMR
chr1	280484	281312	22	0.534	0.779	-0.245	good-DMR
chr1	281771	282671	21	0.736	0.78	-0.043	non-DMR
chr1	282750	283766	20	0.782	0.818	-0.036	non-DMR
chr1	283900	284836	23	0.189	0.152	0.038	non-DMR
chr1	284966	285954	25	0.823	0.865	-0.041	non-DMR
chr1	285985	286847	21	0.271	0.237	0.034	non-DMR
chr1	286857	287880	23	0.505	0.777	-0.272	good-DMR
chr1	288220	289083	21	0.699	0.744	-0.045	non-DMR
chr1	289191	290077	20	0.719	0.755	-0.036	non-DMR
chr1	290096	290971	19	0.349	0.081	0.268	good-DMR
chr1	291407	292464	24	0.127	0.087	0.04	non-DMR
chr1	292586	293500	24	0.712	0.743	-0.031	non-DMR
chr1	293576	294514	21	0.153	0.112	0.04	non-DMR
chr1	294613	295551	20	0.599	0.851	-0.252	good-DMR
chr1	296075	297105	25	0.67	0.706	-0.036	non-DMR
chr1	297178	298172	24	0.385	0.09	0.295	good-DMR
chr1	298664	299675	26	0.155	0.11	0.045	non-DMR
chr1	299705	300506	18	0.419	0.136	0.283	good-DMR
chr1	300985	301989	23	0.432	0.11	0.322	good-DMR
chr1	302503	303258	18	0.702	0.74	-0.038	non-DMR
chr1	303349	304318	22	0.556	0.656	-0.101	sub-DMR
chr1	304704	305611	22	0.126	0.092	0.034	non-DMR
chr1	305705	306450	19	0.47	0.71	-0.24	good-DMR
chr1	306962	307863	20	0.61	0.568	0.041	non-DMR
chr1	307887	308829	24	0.587	0.689	-0.102	sub-DMR
chr1	309255	310246	22	0.616	0.658	-0.042	non-DMR
chr1	310299	311012	16	0.577	0.625	-0.048	inconsistent-DMR
chr1	311220	312228	26	0.647	0.685	-0.038	non-DMR
chr1	312288	313200	20	0.697	0.739	-0.042	non-DMR
chr1	313273	314278	24	0.896	0.938	-0.042	non-DMR
chr1	314324	315214	22	0.727	0.779	-0.052	non-DMR
chr1	315311	316338	25	0.467	0.684	-0.217	good-DMR
chr1	316801	317657	20	0.557	0.555	0.003	inconsistent-DMR
chr1	317868	318833	25	0.854	0.892	-0.038	non-DMR
chr1	318930	320095	27	0.681	0.733	-0.052	non-DMR
chr1	320151	321386	32	0.77	0.805	-0.034	non-DMR
chr1	321408	322270	23	0.472	0.172	0.299	good-DMR
chr1	322744	323754	25	0.363	0.096	0.267	good-DMR
chr1	324256	325017	18	0.885	0.917	-0.032	non-DMR
chr1	325121	326178	28	0.69	0.882	-0.192	good-DMR
chr1	326674	327522	20	0.77	0.812	-0.043	non-DMR
chr1	327576	328695	26	0.82	0.852	-0.032	non-DMR
chr1	328781	329582	19	0.665	0.707	-0.042	non-DMR
chr1	329678	330603	21	0.759	0.803	-0.044	non-DMR
chr1	330707	331786	23	0.655	0.702	-0.047	non-DMR
chr1	331850	332520	16	0.34	0.297	0.043	non-DMR
chr1	332610	333411	20	0.773	0.811	-0.039	non-DMR
chr1	333429	334352	20	0.16	0.115	0.045	non-DMR
chr1	334377	335317	20	0.301	0.081	0.219	good-DMR
chr1	335821	336783	23	0.614	0.871	-0.257	good-DMR
chr1	337279	338072	21	0.508	0.786	-0.279	good-DMR
chr1	338554	339531	19	0.268	0.283	-0.015	inconsistent-DMR
chr1	339671	340687	21	0.303	0.262	0.041	non-DMR
chr1	340817	341791	25	0.153	0.113	0.04	non-DMR
chr1	341827	342805	23	0.825	0.87	-0.046	non-DMR
chr1	342914	343860	20	0.644	0.684	-0.039	non-DMR
chr1	343964	344941	23	0.237	0.201	0.036	non-DMR
chr1	345040	345952	23	0.722	0.914	-0.192	good-DMR
chr1	346441	347400	22	0.732	0.773	-0.041	non-DMR
chr1	347459	348684	30	0.733	0.773	-0.039	non-DMR
chr1	348790	349926	27	0.179	0.136	0.043	non-DMR
chr1	349971	350957	26	0.577	0.775	-0.198	good-DMR
chr1	351283	352102	19	0.854	0.893	-0.039	non-DMR
chr1	352181	353083	26	0.874	0.913	-0.039	non-DMR
chr1	353180	354119	22	0.782	0.826	-0.044	non-DMR
chr1	354221	355161	23	0.788	0.826	-0.038	non-DMR
chr1	355223	356288	24	0.307	0.272	0.035	non-DMR
chr1	356347	357412	26	0.564	0.812	-0.247	good-DMR
chr1	357883	358811	24	0.735	0.783	-0.048	non-DMR
chr1	358933	359967	26	0.849	0.89	-0.041	non-DMR
chr1	359999	360797	19	0.142	0.102	0.039	non-DMR
chr1	360808	361627	18	0.636	0.74	-0.104	sub-DMR
chr1	361998	362900	21	0.16	0.12	0.041	non-DMR
chr1	363008	363961	21	0.326	0.062	0.264	good-DMR
chr1	364447	365493	24	0.757	0.792	-0.035	non-DMR
chr1	365567	366434	22	0.611	0.807	-0.196	good-DMR
chr1	366869	367821	24	0.526	0.875	-0.349	good-DMR
chr1	368262	369176	26	0.554	0.746	-0.192	good-DMR
chr1	369682	370788	26	0.725	0.765	-0.04	non-DMR
chr1	370865	371656	18	0.795	0.835	-0.04	non-DMR
chr1	371765	372569	18	0.653	0.691	-0.038	non-DMR
chr1	372603	373536	19	0.645	0.543	0.102	sub-DMR
chr1	374044	374986	23	0.571	0.916	-0.345	good-DMR
chr1	376467	377257	19	0.764	0.805	-0.041	non-DMR
chr1	377331	378147	20	0.636	0.898	-0.262	good-DMR
chr1	378651	379749	27	0.143	0.107	0.036	non-DMR
chr1	379848	381029	27	0.89	0.929	-0.039	non-DMR
chr1	381138	382144	22	0.833	0.871	-0.038	non-DMR
chr1	382231	383267	24	0.471	0.756	-0.285	good-DMR
chr1	383778	384681	21	0.814	0.86	-0.046	non-DMR
chr1	384738	385684	24	0.85	0.892	-0.042	non-DMR
chr1	385741	386773	23	0.714	0.761	-0.047	non-DMR
chr1	386878	387705	18	0.889	0.926	-0.037	non-DMR
chr1	387788	388729	23	0.343	0.126	0.217	good-DMR
chr1	389216	390077	21	0.717	0.757	-0.04	non-DMR
chr1	390176	390939	16	0.446	0.737	-0.291	good-DMR
chr1	391287	392102	20	0.729	0.775	-0.046	non-DMR
chr1	392175	393177	24	0.726	0.766	-0.041	non-DMR
chr1	393244	394188	24	0.366	0.127	0.239	good-DMR
chr1	394665	395669	23	0.709	0.813	-0.104	sub-DMR
chr1	396185	397150	24	0.178	0.135	0.043	non-DMR
chr1	397176	398184	21	0.344	0.31	0.034	non-DMR
chr1	398323	399194	23	0.636	0.675	-0.039	non-DMR
chr1	399247	400363	26	0.728	0.772	-0.044	non-DMR
chr1	400433	401435	24	0.756	0.764	-0.009	inconsistent-DMR
chr1	401627	402577	24	0.703	0.743	-0.04	non-DMR
chr1	402642	403692	27	0.773	0.811	-0.038	non-DMR
chr1	403776	404685	23	0.711	0.751	-0.04	non-DMR
chr1	404768	405501	17	0.248	0.212	0.036	non-DMR
chr1	405581	406570	23	0.615	0.827	-0.212	good-DMR
chr1	407078	407990	20	0.145	0.106	0.039	non-DMR
chr1	408042	408846	17	0.376	0.336	0.04	non-DMR
chr1	408933	409904	25	0.513	0.252	0.261	notable-DMR
chr1	409945	410871	22	0.776	0.816	-0.041	non-DMR
chr1	410990	411836	20	0.137	0.099	0.038	non-DMR
chr1	411906	412849	22	0.629	0.605	0.023	inconsistent-DMR
chr1	412994	414019	24	0.667	0.701	-0.034	non-DMR
chr1	414119	415175	23	0.773	0.811	-0.038	non-DMR
chr1	415226	416106	20	0.436	0.193	0.243	good-DMR
chr1	416583	417471	19	0.33	0.616	-0.286	good-DMR
chr1	417872	418885	23	0.674	0.385	0.289	good-DMR
chr1	419371	420289	21	0.491	0.667	-0.176	good-DMR
chr1	420815	421938	26	0.145	0.099	0.046	non-DMR
chr1	422056	422961	24	0.389	0.425	-0.036	non-DMR
chr1	423023	423929	22	0.829	0.868	-0.039	non-DMR
chr1	423974	424762	23	0.594	0.64	-0.046	non-DMR
chr1	424864	425748	19	0.488	0.743	-0.255	good-DMR
chr1	426248	427451	26	0.689	0.728	-0.039	non-DMR
chr1	427508	428467	20	0.881	0.922	-0.041	non-DMR
chr1	428549	429477	20	0.736	0.932	-0.196	notable-DMR
chr1	429592	430402	22	0.733	0.772	-0.039	non-DMR
chr1	430470	431480	24	0.752	0.794	-0.041	non-DMR
chr1	431508	432492	25	0.63	0.932	-0.302	notable-DMR
chr1	432568	433385	18	0.821	0.858	-0.036	non-DMR
chr1	433490	434470	25	0.689	0.911	-0.223	good-DMR
chr1	434960	435913	22	0.713	0.758	-0.045	non-DMR
chr1	436039	437211	28	0.094	0.059	0.034	non-DMR
chr1	437357	438343	22	0.625	0.666	-0.041	non-DMR
chr1	438375	439339	21	0.493	0.734	-0.241	good-DMR
chr1	439837	440874	23	0.116	0.073	0.043	non-DMR
chr1	440984	441903	22	0.716	0.751	-0.036	non-DMR
chr1	441996	442913	21	0.701	0.934	-0.233	good-DMR
chr1	443411	444450	23	0.643	0.679	-0.035	non-DMR
chr1	444494	445436	20	0.435	0.775	-0.339	good-DMR
chr1	445937	446755	19	0.454	0.786	-0.333	good-DMR
chr1	447225	448309	27	0.809	0.85	-0.041	non-DMR
chr1	448352	449506	28	0.731	0.837	-0.106	sub-DMR
chr1	450036	451140	27	0.357	0.393	-0.036	inconsistent-DMR
chr1	451282	452113	21	0.762	0.812	-0.05	non-DMR
chr1	452234	453205	25	0.848	0.891	-0.043	non-DMR
chr1	453303	454353	24	0.561	0.704	-0.143	good-DMR
chr1	454798	455873	25	0.294	0.017	0.277	good-DMR
chr1	456352	457386	25	0.531	0.812	-0.281	good-DMR
chr1	457870	458870	23	0.634	0.867	-0.233	good-DMR
chr1	459378	460285	23	0.396	0.132	0.265	good-DMR
chr1	460784	461767	23	0.583	0.619	-0.036	non-DMR
chr1	461855	462897	25	0.744	0.777	-0.033	non-DMR
chr1	462967	463930	21	0.322	0.146	0.177	good-DMR
chr1	464239	465194	24	0.64	0.677	-0.037	non-DMR
chr1	465219	466087	24	0.809	0.851	-0.042	non-DMR
chr1	466227	467290	28	0.626	0.897	-0.271	notable-DMR
chr1	467337	468140	18	0.811	0.844	-0.033	non-DMR
chr1	468228	469229	23	0.782	0.827	-0.046	non-DMR
chr1	469354	470314	21	0.675	0.714	-0.039	non-DMR
chr1	470425	471420	26	0.574	0.615	-0.041	non-DMR
chr1	471503	472386	21	0.741	0.843	-0.101	sub-DMR
chr1	472830	473792	23	0.637	0.677	-0.04	non-DMR
chr1	473862	474809	22	0.715	0.816	-0.102	sub-DMR
chr1	475267	476254	24	0.266	0.219	0.047	non-DMR
chr1	476333	477193	23	0.54	0.759	-0.218	good-DMR
chr1	477649	478700	22	0.788	0.824	-0.036	non-DMR
chr1	478821	479697	22	0.834	0.869	-0.035	non-DMR
chr1	479778	480768	21	0.773	0.812	-0.039	non-DMR
chr1	480791	481816	24	0.615	0.849	-0.235	good-DMR
chr1	482314	483520	22	0.162	0.113	0.049	non-DMR
chr1	483595	484630	23	0.662	0.909	-0.247	good-DMR
chr1	485096	486177	25	0.796	0.839	-0.043	non-DMR
chr1	486241	487048	20	0.542	0.741	-0.199	good-DMR
chr1	487492	488279	20	0.733	0.767	-0.034	non-DMR
chr1	488304	489298	23	0.32	0.283	0.037	non-DMR
chr1	489395	490266	18	0.91	0.951	-0.04	non-DMR
chr1	490385	491335	22	0.82	0.858	-0.038	non-DMR
chr1	491447	492623	27	0.828	0.867	-0.039	non-DMR
chr1	492693	493730	24	0.169	0.127	0.041	non-DMR
chr1	493790	494703	22	0.784	0.818	-0.034	non-DMR
chr1	494814	495640	20	0.763	0.804	-0.041	non-DMR
chr1	495734	496848	26	0.561	0.752	-0.191	good-DMR
chr1	497316	498383	25	0.616	0.621	-0.005	inconsistent-DMR
chr1	498464	499389	21	0.641	0.688	-0.047	non-DMR
chr1	499514	500465	22	0.744	0.785	-0.041	non-DMR
chr1	500572	501502	24	0.698	0.672	0.026	inconsistent-DMR
chr1	501660	502513	21	0.573	0.674	-0.102	sub-DMR
chr1	503019	503850	20	0.819	0.855	-0.036	non-DMR
chr1	503932	504716	20	0.191	0.143	0.048	non-DMR
chr1	504835	505759	22	0.665	0.717	-0.052	non-DMR
chr1	505877	506961	23	0.151	0.11	0.041	non-DMR
chr1	507084	508099	22	0.317	0.274	0.043	non-DMR
chr1	508143	509243	31	0.847	0.884	-0.037	non-DMR
chr1	509331	510196	24	0.728	0.769	-0.041	non-DMR
chr1	510244	511012	20	0.115	0.068	0.048	non-DMR
chr1	511121	512164	26	0.807	0.842	-0.035	non-DMR
chr1	512214	513150	23	0.529	0.575	-0.046	non-DMR
chr1	513226	514212	25	0.789	0.827	-0.038	non-DMR
chr1	514248	514945	18	0.385	0.654	-0.269	good-DMR
chr1	515437	516445	25	0.386	0.082	0.304	good-DMR
chr1	516977	517866	20	0.84	0.884	-0.043	non-DMR
chr1	517913	518698	18	0.47	0.76	-0.29	good-DMR
chr1	519218	519965	17	0.88	0.918	-0.038	non-DMR
chr1	520073	521081	23	0.769	0.805	-0.036	non-DMR
chr1	521209	522198	23	0.801	0.849	-0.048	non-DMR
chr1	522309	523226	23	0.793	0.833	-0.04	non-DMR
chr1	523308	524245	23	0.7	0.74	-0.04	non-DMR
chr1	524334	525368	27	0.728	0.774	-0.046	non-DMR
chr1	525447	526352	20	0.824	0.865	-0.041	non-DMR
chr1	526412	527386	22	0.321	0.06	0.261	good-DMR
chr1	527883	528675	21	0.723	0.762	-0.038	non-DMR
chr1	528786	529759	22	0.155	0.114	0.041	non-DMR
chr1	529801	530736	23	0.755	0.79	-0.035	non-DMR
chr1	530796	531653	17	0.87	0.905	-0.036	non-DMR
chr1	531762	532704	20	0.773	0.821	-0.048	non-DMR
chr1	532756	533721	22	0.859	0.898	-0.038	non-DMR
chr1	533752	534889	29	0.465	0.701	-0.235	good-DMR
chr1	535378	536210	23	0.774	0.819	-0.045	non-DMR
chr1	536331	537297	24	0.771	0.818	-0.047	non-DMR
chr1	537360	538345	23	0.837	0.877	-0.04	non-DMR
chr1	538379	539461	23	0.791	0.829	-0.038	non-DMR
chr1	539584	540340	19	0.149	0.114	0.035	non-DMR
chr1	540416	541494	26	0.467	0.775	-0.308	good-DMR
chr1	542021	543128	26	0.783	0.828	-0.046	non-DMR
chr1	543155	544093	20	0.755	0.8	-0.045	non-DMR
chr1	544215	545163	26	0.554	0.833	-0.279	notable-DMR
chr1	545307	546172	20	0.168	0.114	0.054	non-DMR
chr1	546248	547117	24	0.5	0.543	-0.043	non-DMR
chr1	547166	548116	24	0.834	0.876	-0.042	non-DMR
chr1	548209	549232	22	0.53	0.721	-0.191	good-DMR
chr1	549740	550805	26	0.276	0.236	0.04	non-DMR
chr1	550864	551728	17	0.473	0.709	-0.236	good-DMR
chr1	552169	553173	24	0.906	0.943	-0.037	non-DMR
chr1	553249	554224	22	0.172	0.126	0.046	non-DMR
chr1	554308	555132	20	0.69	0.74	-0.05	non-DMR
chr1	555230	556171	22	0.707	0.753	-0.045	non-DMR
chr1	556196	556917	17	0.741	0.781	-0.039	non-DMR
chr1	557023	557966	21	0.721	0.758	-0.037	non-DMR
chr1	558037	559093	28	0.716	0.761	-0.045	non-DMR
chr1	559110	559870	21	0.429	0.06	0.369	good-DMR
chr1	560365	561326	21	0.173	0.12	0.053	non-DMR
chr1	561406	562380	24	0.681	0.72	-0.039	non-DMR
chr1	562431	563453	21	0.648	0.889	-0.241	good-DMR
chr1	563880	564726	21	0.88	0.923	-0.043	non-DMR
chr1	564837	565479	18	0.714	0.756	-0.042	non-DMR
chr1	565547	566328	20	0.672	0.779	-0.107	sub-DMR
chr1	566693	567634	24	0.165	0.119	0.046	non-DMR
chr1	567661	568630	23	0.489	0.812	-0.323	good-DMR
chr1	569144	569845	17	0.589	0.632	-0.043	non-DMR
chr1	569908	570849	22	0.738	0.772	-0.033	non-DMR
chr1	570886	571783	22	0.773	0.808	-0.035	non-DMR
chr1	571833	572928	28	0.152	0.112	0.04	non-DMR
chr1	573023	573933	21	0.786	0.836	-0.05	non-DMR
chr1	573988	574997	26	0.742	0.787	-0.045	non-DMR
chr1	575134	575983	21	0.367	0.15	0.217	notable-DMR
chr1	576034	576963	22	0.845	0.882	-0.037	non-DMR
chr1	576979	577929	22	0.457	0.697	-0.24	good-DMR
chr1	578392	579333	21	0.105	0.07	0.034	non-DMR
chr1	579371	580277	23	0.545	0.219	0.326	notable-DMR
chr1	580385	581227	21	0.748	0.778	-0.03	non-DMR
chr1	581273	582273	22	0.696	0.903	-0.207	good-DMR
chr1	582714	583470	19	0.726	0.765	-0.038	non-DMR
chr1	583566	584418	21	0.828	0.871	-0.043	non-DMR
chr1	584501	585514	21	0.724	0.709	0.015	inconsistent-DMR
chr1	585614	586583	21	0.596	0.639	-0.042	non-DMR
chr1	586669	587787	29	0.811	0.848	-0.037	non-DMR
chr1	588838	589716	22	0.56	0.759	-0.199	notable-DMR
chr1	589769	590825	24	0.238	0.197	0.041	non-DMR
chr1	590923	592032	26	0.869	0.908	-0.039	non-DMR
chr1	592105	592897	17	0.209	0.034	0.175	good-DMR
chr1	593422	594403	22	0.724	0.765	-0.041	non-DMR
chr1	594448	595390	24	0.871	0.913	-0.041	non-DMR
chr1	595486	596551	28	0.463	0.761	-0.298	good-DMR
chr1	596963	597852	20	0.843	0.885	-0.042	non-DMR
chr1	597927	598991	26	0.73	0.77	-0.039	non-DMR
chr1	599081	599857	19	0.719	0.761	-0.042	non-DMR
chr1	599924	601047	25	0.785	0.82	-0.036	non-DMR
chr1	601152	602258	25	0.779	0.886	-0.106	sub-DMR
chr1	602764	603733	22	0.827	0.866	-0.04	non-DMR
chr1	603782	604717	21	0.74	0.777	-0.037	non-DMR
chr1	604845	605740	24	0.916	0.953	-0.037	non-DMR
chr1	605833	606801	23	0.536	0.732	-0.196	good-DMR
chr1	607267	608148	20	0.722	0.772	-0.05	non-DMR
chr1	608191	609018	20	0.666	0.696	-0.03	non-DMR
chr1	609088	610005	24	0.746	0.791	-0.045	non-DMR
chr1	610093	610959	22	0.71	0.909	-0.199	good-DMR
chr1	611448	612371	21	0.108	0.061	0.047	non-DMR
chr1	612478	613586	26	0.835	0.844	-0.009	inconsistent-DMR
chr1	613703	614854	26	0.403	0.727	-0.324	good-DMR
chr1	615352	616153	18	0.724	0.762	-0.038	non-DMR
chr1	616259	617248	25	0.669	0.706	-0.037	non-DMR
chr1	617329	618208	20	0.859	0.91	-0.051	non-DMR
chr1	618328	619238	25	0.611	0.649	-0.039	non-DMR
chr1	619291	620341	23	0.313	0.271	0.042	non-DMR
chr1	620456	621365	21	0.695	0.731	-0.036	non-DMR
chr1	621471	622498	27	0.45	0.729	-0.279	good-DMR
chr1	622998	623928	21	0.212	0.161	0.051	non-DMR
chr1	624039	624986	25	0.71	0.757	-0.047	non-DMR
chr1	625087	625973	21	0.572	0.803	-0.231	good-DMR
chr1	626482	627472	27	0.798	0.833	-0.035	non-DMR
chr1	627569	628574	24	0.7	0.737	-0.037	non-DMR
chr1	629851	630875	26	0.553	0.712	-0.159	notable-DMR
chr1	630925	631922	23	0.832	0.869	-0.037	non-DMR
chr1	632020	633073	22	0.524	0.632	-0.108	sub-DMR
chr1	633557	634767	30	0.76	0.802	-0.042	non-DMR
chr1	634874	635876	26	0.437	0.694	-0.257	good-DMR
chr1	636237	637151	24	0.649	0.69	-0.041	non-DMR
chr1	637271	638150	23	0.678	0.718	-0.04	non-DMR
chr1	638281	639188	19	0.146	0.099	0.047	non-DMR
chr1	639283	640223	24	0.78	0.828	-0.048	non-DMR
chr1	640252	641355	25	0.309	0.624	-0.315	good-DMR
chr1	641736	642554	19	0.351	0.092	0.26	good-DMR
chr1	643020	644114	26	0.509	0.201	0.307	good-DMR
chr1	644558	645583	27	0.519	0.77	-0.251	good-DMR
chr1	646105	647007	23	0.784	0.822	-0.039	non-DMR
chr1	647125	648041	23	0.842	0.88	-0.037	non-DMR
chr1	648097	648989	22	0.776	0.819	-0.044	non-DMR
chr1	649031	650017	24	0.759	0.865	-0.105	sub-DMR
chr1	650462	651387	24	0.754	0.801	-0.046	non-DMR
chr1	651455	652373	23	0.588	0.747	-0.159	good-DMR
chr1	652836	653616	19	0.638	0.683	-0.045	non-DMR
chr1	653690	654577	23	0.686	0.72	-0.034	non-DMR
chr1	654664	655678	26	0.801	0.851	-0.05	non-DMR
chr1	655728	656755	23	0.29	0.036	0.254	good-DMR
chr1	657248	658209	20	0.476	0.126	0.35	good-DMR
chr1	658707	659683	25	0.54	0.79	-0.251	good-DMR
chr1	660112	661155	27	0.569	0.764	-0.195	good-DMR
chr1	661648	662606	20	0.301	0.263	0.037	non-DMR
chr1	662641	663729	27	0.579	0.681	-0.102	sub-DMR
chr1	664194	665221	22	0.858	0.902	-0.044	non-DMR
chr1	665332	666321	23	0.668	0.701	-0.033	non-DMR
chr1	666403	667238	20	0.453	0.764	-0.311	good-DMR
chr1	667733	668561	21	0.572	0.607	-0.035	non-DMR
chr1	668698	669585	22	0.682	0.728	-0.046	non-DMR
chr1	669719	670530	19	0.17	0.131	0.039	non-DMR
chr1	670630	671684	25	0.562	0.829	-0.267	good-DMR
chr1	672135	673033	21	0.453	0.468	-0.015	inconsistent-DMR
chr1	673115	673981	20	0.778	0.82	-0.042	non-DMR
chr1	675007	675866	19	0.711	0.764	-0.053	non-DMR
chr1	675897	676817	23	0.739	0.778	-0.039	non-DMR
chr1	676919	677950	23	0.697	0.743	-0.046	non-DMR
chr1	678008	679134	26	0.75	0.786	-0.036	non-DMR
chr1	679237	680206	25	0.517	0.702	-0.184	good-DMR
chr1	680679	681806	25	0.721	0.77	-0.049	non-DMR
chr1	681887	682895	24	0.774	0.82	-0.045	non-DMR
chr1	682995	683986	21	0.723	0.771	-0.048	non-DMR
chr1	684060	685090	27	0.588	0.794	-0.206	good-DMR
chr1	685583	686653	26	0.782	0.827	-0.045	non-DMR
chr1	686783	687688	22	0.164	0.123	0.04	non-DMR
chr1	687765	688624	19	0.804	0.85	-0.046	non-DMR
chr1	688686	689605	25	0.672	0.9	-0.228	notable-DMR
chr1	689655	690538	21	0.571	0.615	-0.043	non-DMR
chr1	690561	691470	21	0.618	0.722	-0.104	sub-DMR
chr1	691874	692833	23	0.745	0.846	-0.101	sub-DMR
chr1	693322	694350	23	0.461	0.759	-0.298	good-DMR
chr1	694834	695873	26	0.382	0.656	-0.274	good-DMR
chr1	696382	697270	22	0.308	0.261	0.047	non-DMR
chr1	697372	698315	22	0.689	0.727	-0.039	non-DMR
chr1	698380	699458	26	0.74	0.786	-0.045	non-DMR
chr1	699586	700651	28	0.655	0.681	-0.027	inconsistent-DMR
chr1	700686	701602	22	0.829	0.865	-0.035	non-DMR
chr1	701667	702441	17	0.357	0.639	-0.282	notable-DMR
chr1	702477	703720	27	0.749	0.794	-0.045	non-DMR
chr1	703812	704816	23	0.35	0.111	0.24	good-DMR
chr1	705171	706045	22	0.843	0.883	-0.041	non-DMR
chr1	706119	707151	26	0.671	0.655	0.016	inconsistent-DMR
chr1	707283	708192	22	0.75	0.79	-0.04	non-DMR
chr1	708273	709210	22	0.546	0.824	-0.278	notable-DMR
chr1	709277	710191	21	0.15	0.105	0.044	non-DMR
chr1	710312	711344	22	0.639	0.679	-0.04	non-DMR
chr1	711430	712287	20	0.695	0.73	-0.035	non-DMR
chr1	712406	713285	22	0.651	0.69	-0.039	non-DMR
chr1	713312	714301	24	0.446	0.66	-0.214	good-DMR
chr1	714816	715930	27	0.619	0.673	-0.054	non-DMR
chr1	716032	717070	22	0.733	0.77	-0.038	non-DMR
chr1	717157	718072	22	0.386	0.087	0.299	good-DMR
chr1	718622	719444	20	0.093	0.047	0.046	non-DMR
chr1	719555	720429	21	0.669	0.708	-0.039	non-DMR
chr1	720475	721365	21	0.393	0.731	-0.338	good-DMR
chr1	721723	722636	25	0.546	0.647	-0.101	sub-DMR
chr1	723082	723977	21	0.837	0.871	-0.034	non-DMR
chr1	724077	725124	24	0.161	0.118	0.044	non-DMR
chr1	725232	726036	17	0.21	0.17	0.04	non-DMR
chr1	726120	726999	21	0.654	0.91	-0.257	good-DMR
chr1	727502	728501	24	0.727	0.834	-0.108	sub-DMR
chr1	728925	729923	21	0.646	0.867	-0.221	good-DMR
chr1	730425	731427	25	0.637	0.794	-0.157	good-DMR
chr1	731880	732872	22	0.661	0.705	-0.044	non-DMR
chr1	732965	734058	25	0.144	0.11	0.034	non-DMR
chr1	734152	735120	24	0.877	0.925	-0.049	non-DMR
chr1	735167	736003	18	0.54	0.756	-0.216	good-DMR
chr1	736487	737443	24	0.874	0.906	-0.031	non-DMR
chr1	737524	738462	22	0.753	0.86	-0.107	sub-DMR
chr1	738930	739915	23	0.121	0.081	0.04	non-DMR
chr1	740047	741022	24	0.78	0.819	-0.039	non-DMR
chr1	741110	742122	24	0.767	0.803	-0.036	non-DMR
chr1	742217	743042	21	0.553	0.759	-0.206	good-DMR
chr1	744479	745450	24	0.131	0.092	0.039	non-DMR
chr1	745505	746439	24	0.923	0.607	0.316	good-DMR
chr1	746788	747718	19	0.813	0.848	-0.036	non-DMR
chr1	747793	748654	20	0.765	0.808	-0.043	non-DMR
chr1	748719	749910	28	0.165	0.124	0.041	non-DMR
chr1	749979	750883	20	0.201	0.199	0.002	inconsistent-DMR
chr1	750995	751956	26	0.134	0.092	0.042	non-DMR
chr1	752031	752983	24	0.591	0.636	-0.044	non-DMR
chr1	753012	754022	22	0.606	0.644	-0.037	non-DMR
chr1	754072	755099	23	0.772	0.807	-0.035	non-DMR
chr1	755209	755880	16	0.771	0.801	-0.03	non-DMR
chr1	755899	756844	22	0.454	0.71	-0.255	good-DMR
chr1	757348	758227	21	0.822	0.867	-0.044	non-DMR
chr1	758276	759288	25	0.13	0.089	0.041	non-DMR
chr1	759381	760367	24	0.654	0.756	-0.102	sub-DMR
chr1	760846	761727	20	0.082	0.04	0.042	non-DMR
chr1	761812	762787	23	0.7	0.735	-0.034	non-DMR
chr1	762901	763791	22	0.216	0.169	0.047	non-DMR
chr1	763905	764852	24	0.683	0.714	-0.03	non-DMR
chr1	764947	765971	24	0.658	0.885	-0.227	notable-DMR
chr1	766030	766950	22	0.892	0.929	-0.038	non-DMR
chr1	766980	767970	24	0.872	0.916	-0.043	non-DMR
chr1	768033	769120	25	0.697	0.742	-0.045	non-DMR
chr1	769217	770385	29	0.627	0.666	-0.039	non-DMR
chr1	770503	771465	22	0.087	0.044	0.043	non-DMR
chr1	771544	772435	22	0.443	0.393	0.049	non-DMR
chr1	772509	773443	21	0.767	0.811	-0.044	non-DMR
chr1	773543	774577	27	0.664	0.701	-0.037	non-DMR
chr1	774641	775937	29	0.709	0.863	-0.154	good-DMR
chr1	776441	777353	24	0.861	0.903	-0.042	non-DMR
chr1	777436	778094	17	0.422	0.751	-0.329	good-DMR
chr1	778484	779410	21	0.652	0.696	-0.044	non-DMR
chr1	779515	780457	22	0.666	0.879	-0.213	good-DMR
chr1	780953	781817	21	0.509	0.753	-0.244	good-DMR
chr1	782221	783195	23	0.526	0.766	-0.24	good-DMR
chr1	783712	784665	24	0.19	0.144	0.046	non-DMR
chr1	784689	785810	25	0.468	0.828	-0.361	good-DMR
chr1	786328	787263	23	0.716	0.756	-0.04	non-DMR
chr1	787352	788366	22	0.563	0.237	0.326	good-DMR
chr1	788873	789896	21	0.859	0.899	-0.04	non-DMR
chr1	789982	790918	20	0.476	0.734	-0.258	good-DMR
chr1	792491	793475	24	0.158	0.115	0.043	non-DMR
chr1	793541	794418	20	0.663	0.795	-0.132	good-DMR
chr1	794929	795864	22	0.124	0.085	0.039	non-DMR
chr1	795934	796859	21	0.665	0.709	-0.044	non-DMR
chr1	796896	797755	20	0.818	0.854	-0.036	non-DMR
chr1	797868	798735	18	0.816	0.86	-0.044	non-DMR
chr1	798810	800013	29	0.644	0.838	-0.194	good-DMR
chr1	800536	801473	21	0.759	0.8	-0.04	non-DMR
chr1	801582	802385	19	0.664	0.702	-0.038	non-DMR
chr1	802453	803425	24	0.71	0.919	-0.209	good-DMR
chr1	803916	804975	26	0.724	0.764	-0.04	non-DMR
chr1	805088	806026	23	0.125	0.092	0.033	non-DMR
chr1	806111	807180	25	0.755	0.8	-0.045	non-DMR
chr1	807273	808146	22	0.247	0.212	0.034	non-DMR
chr1	808225	809040	20	0.284	0.119	0.165	good-DMR
chr1	809570	810456	21	0.871	0.904	-0.032	non-DMR
chr1	810491	811360	20	0.763	0.804	-0.041	non-DMR
chr1	811507	812294	22	0.733	0.778	-0.045	non-DMR
chr1	812360	813405	24	0.831	0.874	-0.043	non-DMR
chr1	813443	814434	24	0.76	0.797	-0.037	non-DMR
chr1	814464	815361	22	0.214	0.105	0.109	sub-DMR
chr1	815751	816498	19	0.515	0.731	-0.216	good-DMR
chr1	816900	817854	24	0.505	0.85	-0.345	good-DMR
chr1	818323	819342	23	0.335	0.651	-0.316	good-DMR
chr1	819843	820915	22	0.604	0.639	-0.035	non-DMR
chr1	822111	822857	16	0.241	0.203	0.038	non-DMR
chr1	822935	823862	23	0.619	0.664	-0.045	non-DMR
chr1	823944	824929	24	0.234	0.185	0.049	non-DMR
chr1	825033	825870	18	0.824	0.863	-0.039	non-DMR
chr1	825975	826961	22	0.866	0.905	-0.039	non-DMR
chr1	827082	828075	22	0.595	0.637	-0.042	non-DMR
chr1	828156	829253	26	0.86	0.894	-0.034	non-DMR
chr1	829347	830555	30	0.339	0.685	-0.346	notable-DMR
chr1	830620	831592	24	0.847	0.888	-0.041	non-DMR
chr1	831729	832653	19	0.683	0.72	-0.037	non-DMR
chr1	832769	833625	22	0.723	0.763	-0.04	non-DMR
chr1	833734	834826	24	0.602	0.555	0.047	non-DMR
chr1	834952	835715	17	0.622	0.581	0.041	non-DMR
chr1	835805	836728	22	0.621	0.818	-0.197	good-DMR
chr1	837188	838101	23	0.578	0.617	-0.038	non-DMR
chr1	838170	839249	29	0.681	0.861	-0.181	good-DMR
chr1	839796	840720	20	0.83	0.873	-0.043	non-DMR
chr1	840755	841787	22	0.787	0.832	-0.044	non-DMR
chr1	841879	842987	25	0.762	0.798	-0.037	non-DMR
chr1	843099	844053	22	0.646	0.681	-0.035	non-DMR
chr1	844156	845178	22	0.72	0.762	-0.042	non-DMR
chr1	845231	846393	26	0.719	0.757	-0.038	non-DMR
chr1	846494	847439	25	0.781	0.819	-0.038	non-DMR
chr1	847502	848578	28	0.81	0.851	-0.041	non-DMR
chr1	848677	849681	23	0.201	0.161	0.041	non-DMR
chr1	849771	850690	21	0.726	0.769	-0.043	non-DMR
chr1	850784	851639	22	0.726	0.768	-0.042	non-DMR
chr1	851729	852831	27	0.501	0.763	-0.262	good-DMR
chr1	853238	854347	28	0.479	0.516	-0.037	non-DMR
chr1	854453	855637	27	0.149	0.109	0.041	non-DMR
chr1	855677	856741	23	0.727	0.766	-0.039	inconsistent-DMR
chr1	856908	857875	22	0.251	0.201	0.05	non-DMR
chr1	857922	858900	25	0.776	0.81	-0.034	non-DMR
chr1	858982	859962	21	0.222	0.118	0.104	sub-DMR
chr1	860410	861384	26	0.686	0.729	-0.042	non-DMR
chr1	861469	862593	24	0.828	0.87	-0.042	non-DMR
chr1	862681	863539	21	0.629	0.674	-0.045	non-DMR
chr1	863647	864626	24	0.184	0.143	0.041	non-DMR
chr1	864696	865703	25	0.571	0.861	-0.29	good-DMR
chr1	866214	867180	23	0.816	0.85	-0.034	non-DMR
chr1	867271	868339	26	0.776	0.831	-0.055	non-DMR
chr1	868355	869144	20	0.623	0.9	-0.276	good-DMR
chr1	869630	870411	19	0.77	0.813	-0.043	non-DMR
chr1	870512	871417	21	0.849	0.895	-0.047	non-DMR
chr1	871476	872570	29	0.883	0.918	-0.034	non-DMR
chr1	872661	873781	27	0.799	0.841	-0.042	non-DMR
chr1	873853	874651	21	0.815	0.856	-0.041	non-DMR
chr1	874727	875817	26	0.385	0.16	0.225	good-DMR
chr1	876207	877244	23	0.501	0.61	-0.108	sub-DMR
chr1	877742	878568	20	0.713	0.756	-0.043	non-DMR
chr1	878706	879511	21	0.502	0.541	-0.038	non-DMR
chr1	879650	880695	27	0.757	0.802	-0.045	non-DMR
chr1	880771	881822	23	0.642	0.909	-0.267	good-DMR
chr1	882325	883484	28	0.445	0.476	-0.031	non-DMR
chr1	883558	884453	21	0.654	0.923	-0.269	good-DMR
chr1	884987	885946	21	0.231	0.188	0.043	non-DMR
chr1	886052	887193	28	0.836	0.882	-0.046	non-DMR
chr1	887277	888143	25	0.45	0.551	-0.101	sub-DMR
chr1	888629	889588	24	0.515	0.791	-0.276	good-DMR
chr1	890002	890939	23	0.769	0.812	-0.043	non-DMR
chr1	891016	891922	20	0.847	0.888	-0.041	non-DMR
chr1	892069	892791	18	0.726	0.774	-0.048	non-DMR
chr1	892920	893900	24	0.907	0.951	-0.045	non-DMR
chr1	893990	894984	25	0.724	0.831	-0.107	sub-DMR
chr1	895503	896363	21	0.725	0.771	-0.046	non-DMR
chr1	896433	897482	23	0.768	0.804	-0.036	non-DMR
chr1	897533	898424	19	0.778	0.819	-0.041	non-DMR
chr1	898484	899445	25	0.384	0.146	0.238	good-DMR
chr1	899925	900950	22	0.803	0.84	-0.037	non-DMR
chr1	901011	901899	25	0.739	0.778	-0.039	non-DMR
chr1	901994	902920	21	0.148	0.11	0.038	non-DMR
chr1	902986	903974	22	0.813	0.859	-0.046	non-DMR
chr1	904094	905061	22	0.467	0.434	0.033	non-DMR
chr1	905146	906148	24	0.658	0.704	-0.046	non-DMR
chr1	906167	907058	22	0.316	0.078	0.238	good-DMR
chr1	907568	908650	26	0.564	0.811	-0.247	good-DMR
chr1	909142	910078	23	0.384	0.7	-0.316	good-DMR
chr1	910545	911613	24	0.832	0.868	-0.036	non-DMR
chr1	911683	912717	24	0.451	0.171	0.28	good-DMR
chr1	913214	914079	21	0.267	0.229	0.038	non-DMR
chr1	914222	915263	25	0.204	0.164	0.04	non-DMR
chr1	915389	916355	23	0.764	0.792	-0.028	non-DMR
chr1	916373	917416	27	0.569	0.254	0.315	good-DMR
chr1	917843	918694	21	0.338	0.051	0.287	good-DMR
chr1	919237	920237	25	0.69	0.732	-0.042	non-DMR
chr1	920341	921169	20	0.575	0.808	-0.233	good-DMR
chr1	921663	922634	23	0.691	0.73	-0.039	non-DMR
chr1	922676	923716	24	0.139	0.098	0.041	non-DMR
chr1	923840	924654	23	0.717	0.757	-0.04	non-DMR
chr1	924688	925622	21	0.625	0.899	-0.273	good-DMR
chr1	925946	926989	23	0.336	0.134	0.202	good-DMR
chr1	928527	929585	25	0.631	0.669	-0.038	non-DMR
chr1	929691	930685	23	0.134	0.099	0.035	non-DMR
chr1	930738	931888	27	0.494	0.757	-0.262	good-DMR
chr1	932415	933187	21	0.745	0.79	-0.045	non-DMR
chr1	933275	934163	19	0.222	0.007	0.215	good-DMR
chr1	934564	935690	26	0.483	0.242	0.241	good-DMR
chr1	936136	937198	23	0.869	0.912	-0.043	non-DMR
chr1	937309	938264	24	0.649	0.688	-0.04	non-DMR
chr1	938363	939160	18	0.73	0.767	-0.037	non-DMR
chr1	939243	940180	20	0.319	0.323	-0.004	inconsistent-DMR
chr1	940279	941482	27	0.186	0.151	0.035	non-DMR
chr1	941609	942659	25	0.69	0.736	-0.046	non-DMR
chr1	942708	943528	19	0.537	0.579	-0.043	non-DMR
chr1	943607	944428	20	0.875	0.588	0.287	good-DMR
chr1	944904	945965	26	0.191	0.148	0.043	non-DMR
chr1	946055	946888	20	0.377	0.728	-0.351	good-DMR
chr1	947178	948122	23	0.826	0.864	-0.038	non-DMR
chr1	948224	949124	21	0.705	0.742	-0.037	non-DMR
chr1	949232	950212	26	0.894	0.932	-0.038	non-DMR
chr1	950291	951177	22	0.535	0.878	-0.343	good-DMR
chr1	951681	952392	17	0.216	0.048	0.167	good-DMR
chr1	952919	953911	21	0.268	0.238	0.03	non-DMR
chr1	954018	954890	19	0.132	0.095	0.037	non-DMR
chr1	954936	956006	26	0.317	0.039	0.278	good-DMR
chr1	956374	957344	24	0.361	0.607	-0.246	good-DMR
chr1	957831	958719	24	0.224	0.182	0.043	non-DMR
chr1	958766	959717	20	0.873	0.921	-0.048	non-DMR
chr1	959867	960661	19	0.204	0.166	0.038	non-DMR
chr1	960712	961652	22	0.554	0.815	-0.261	good-DMR
chr1	962182	963202	22	0.771	0.818	-0.047	non-DMR
chr1	963242	964094	20	0.606	0.648	-0.041	inconsistent-DMR
chr1	964255	965259	22	0.821	0.857	-0.036	non-DMR
chr1	965347	966256	21	0.336	0.665	-0.329	good-DMR
chr1	966697	967659	23	0.595	0.705	-0.11	sub-DMR
chr1	968055	969106	25	0.676	0.716	-0.04	non-DMR
chr1	969163	970124	25	0.701	0.85	-0.149	good-DMR
chr1	970309	971353	26	0.7	0.737	-0.037	non-DMR
chr1	971454	972386	21	0.83	0.871	-0.04	non-DMR
chr1	972459	973236	19	0.671	0.72	-0.049	non-DMR
chr1	973356	974455	24	0.147	0.104	0.043	non-DMR
chr1	974506	975363	18	0.162	0.122	0.04	non-DMR
chr1	975391	976425	25	0.162	0.118	0.045	non-DMR
chr1	976514	977374	20	0.771	0.811	-0.04	non-DMR
chr1	977451	978430	24	0.731	0.774	-0.043	non-DMR
chr1	978552	979393	20	0.178	0.143	0.035	non-DMR
chr1	979510	980270	19	0.671	0.708	-0.037	non-DMR
chr1	980369	981431	26	0.611	0.776	-0.166	good-DMR
chr1	981932	982938	25	0.563	0.665	-0.102	sub-DMR
chr1	983434	984602	27	0.648	0.885	-0.237	good-DMR
chr1	985108	985943	19	0.234	0.193	0.041	non-DMR
chr1	986017	986956	22	0.68	0.706	-0.026	non-DMR
chr1	987057	988100	25	0.607	0.834	-0.227	good-DMR
chr1	988640	989453	21	0.8	0.835	-0.034	non-DMR
chr1	989561	990542	21	0.722	0.832	-0.11	sub-DMR
chr1	991040	991889	23	0.301	0.061	0.239	good-DMR
chr1	992397	993373	26	0.166	0.132	0.034	non-DMR
chr1	993438	994317	21	0.896	0.928	-0.032	non-DMR
chr1	994411	995444	23	0.569	0.746	-0.177	good-DMR
chr1	995936	996915	24	0.641	0.868	-0.227	good-DMR
chr1	997407	998196	20	0.66	0.712	-0.052	non-DMR
chr1	998273	999281	21	0.85	0.891	-0.041	non-DMR
chr1	999378	1000275	21	0.237	0.191	0.046	non-DMR
chr1	1000360	1001253	21	0.725	0.834	-0.109	sub-DMR
chr1	1001767	1002722	22	0.802	0.84	-0.038	non-DMR
chr1	1002807	1003879	28	0.302	0.165	0.136	good-DMR
chr1	1004316	1005288	26	0.729	0.767	-0.039	non-DMR
chr1	1005401	1006616	28	0.24	0.198	0.042	non-DMR
chr1	1006729	1007698	24	0.209	0.168	0.041	non-DMR
chr1	1007773	1008792	21	0.776	0.819	-0.044	non-DMR
chr1	1008863	1009732	22	0.093	0.058	0.036	non-DMR
chr1	1009854	1010947	25	0.706	0.754	-0.048	non-DMR
chr1	1011048	1012150	25	0.695	0.746	-0.051	non-DMR
chr1	1012231	1013069	20	0.833	0.873	-0.04	non-DMR
chr1	1013187	1014124	22	0.615	0.658	-0.042	non-DMR
chr1	1014243	1015019	19	0.608	0.65	-0.042	non-DMR
chr1	1015084	1015960	19	0.675	0.902	-0.228	good-DMR
chr1	1016436	1017368	20	0.682	0.784	-0.102	sub-DMR
chr1	1017911	1018827	21	0.837	0.875	-0.038	non-DMR
chr1	1018901	1019940	24	0.557	0.827	-0.27	good-DMR
chr1	1020413	1021241	21	0.795	0.837	-0.042	non-DMR
chr1	1021345	1022354	24	0.627	0.674	-0.047	non-DMR
chr1	1022415	1023531	27	0.271	0.237	0.035	non-DMR
chr1	1023631	1024540	19	0.643	0.657	-0.014	inconsistent-DMR
chr1	1025677	1026783	27	0.37	0.227	0.143	good-DMR
chr1	1027200	1028249	25	0.864	0.902	-0.038	non-DMR
chr1	1028379	1029477	25	0.716	0.751	-0.034	non-DMR
chr1	1029496	1030399	22	0.401	0.123	0.278	good-DMR
chr1	1030798	1031832	23	0.255	0.467	-0.211	good-DMR
chr1	1032228	1033089	24	0.336	0.293	0.043	non-DMR
chr1	1033205	1034081	20	0.814	0.859	-0.046	non-DMR
chr1	1034090	1034972	23	0.63	0.732	-0.102	sub-DMR
chr1	1035458	1036360	21	0.813	0.854	-0.041	non-DMR
chr1	1036484	1037176	17	0.657	0.695	-0.038	non-DMR
chr1	1037261	1038473	30	0.424	0.677	-0.253	good-DMR
chr1	1038961	1039917	23	0.625	0.669	-0.044	non-DMR
chr1	1039953	1040874	20	0.328	0.075	0.254	good-DMR
chr1	1041403	1042274	20	0.688	0.73	-0.042	non-DMR
chr1	1042323	1043287	25	0.641	0.868	-0.227	good-DMR
chr1	1043671	1044454	18	0.504	0.554	-0.05	non-DMR
chr1	1044543	1045668	24	0.65	0.689	-0.039	non-DMR
chr1	1045714	1046575	21	0.852	0.896	-0.044	non-DMR
chr1	1046677	1047648	22	0.694	0.798	-0.104	sub-DMR
chr1	1049183	1050285	25	0.423	0.666	-0.244	good-DMR
chr1	1050666	1051519	20	0.097	0.053	0.044	non-DMR
chr1	1051538	1052675	29	0.394	0.687	-0.294	good-DMR
chr1	1053180	1054011	19	0.472	0.696	-0.224	good-DMR
chr1	1054485	1055371	21	0.849	0.884	-0.035	non-DMR
chr1	1055408	1056499	25	0.868	0.909	-0.041	non-DMR
chr1	1056553	1057475	24	0.437	0.729	-0.292	good-DMR
chr1	1057977	1058957	23	0.719	0.758	-0.039	non-DMR
chr1	1059019	1060035	23	0.644	0.815	-0.171	good-DMR
chr1	1060532	1061421	21	0.769	0.809	-0.04	non-DMR
chr1	1061505	1062390	21	0.82	0.849	-0.029	non-DMR
chr1	1062516	1063640	25	0.139	0.099	0.04	non-DMR
chr1	1063744	1064765	24	0.548	0.797	-0.249	good-DMR
chr1	1065144	1066244	25	0.499	0.722	-0.223	good-DMR
chr1	1066692	1067633	21	0.228	0.179	0.05	non-DMR
chr1	1067718	1068676	24	0.596	0.641	-0.045	non-DMR
chr1	1068741	1069597	25	0.162	0.12	0.042	non-DMR
chr1	1069724	1070643	24	0.627	0.596	0.031	inconsistent-DMR
chr1	1070752	1071534	22	0.637	0.682	-0.044	non-DMR
chr1	1071638	1072730	24	0.745	0.798	-0.053	non-DMR
chr1	1072843	1073796	25	0.692	0.733	-0.041	non-DMR
chr1	1073876	1074938	25	0.696	0.737	-0.04	non-DMR
chr1	1075041	1075980	22	0.593	0.847	-0.255	notable-DMR
chr1	1076079	1077109	24	0.832	0.876	-0.044	non-DMR
chr1	1077213	1078031	18	0.43	0.164	0.267	good-DMR
chr1	1078530	1079587	27	0.357	0.679	-0.322	good-DMR
chr1	1080011	1080832	20	0.531	0.805	-0.274	good-DMR
chr1	1081268	1081946	16	0.762	0.804	-0.042	non-DMR
chr1	1082037	1083139	26	0.732	0.777	-0.046	non-DMR
chr1	1083248	1084171	25	0.692	0.734	-0.042	non-DMR
chr1	1084221	1085241	22	0.618	0.724	-0.106	sub-DMR
chr1	1085612	1086510	24	0.143	0.099	0.044	non-DMR
chr1	1086588	1087580	22	0.203	0.164	0.038	non-DMR
chr1	1087703	1088710	25	0.576	0.613	-0.038	non-DMR
chr1	1088752	1089702	23	0.418	0.316	0.102	sub-DMR
chr1	1090116	1090954	18	0.646	0.891	-0.245	good-DMR
chr1	1091260	1092261	25	0.789	0.828	-0.04	non-DMR
chr1	1092367	1093451	25	0.765	0.872	-0.107	sub-DMR
chr1	1093923	1094949	23	0.625	0.668	-0.043	non-DMR
chr1	1095070	1095907	22	0.357	0.356	0.001	inconsistent-DMR
chr1	1096123	1097047	25	0.87	0.907	-0.037	non-DMR
chr1	1097166	1098132	25	0.737	0.78	-0.043	non-DMR
chr1	1098246	1099258	22	0.783	0.825	-0.042	non-DMR
chr1	1099308	1100081	19	0.745	0.853	-0.108	sub-DMR
chr1	1100539	1101727	29	0.7	0.739	-0.039	non-DMR
chr1	1101793	1102838	28	0.904	0.944	-0.04	non-DMR
chr1	1102921	1103788	22	0.691	0.732	-0.041	non-DMR
chr1	1103870	1104827	21	0.873	0.921	-0.048	non-DMR
chr1	1104923	1105958	24	0.769	0.811	-0.042	non-DMR
chr1	1105984	1106861	21	0.748	0.786	-0.037	non-DMR
chr1	1106905	1107802	23	0.302	0.254	0.048	non-DMR
chr1	1107863	1108769	21	0.695	0.728	-0.033	non-DMR
chr1	1108819	1109542	20	0.159	0.117	0.042	non-DMR
chr1	1109642	1110567	22	0.709	0.894	-0.185	good-DMR
chr1	1111052	1111973	22	0.678	0.736	-0.058	inconsistent-DMR
chr1	1112099	1113256	25	0.268	0.23	0.038	non-DMR
chr1	1113381	1114429	27	0.759	0.802	-0.042	non-DMR
chr1	1114518	1115518	24	0.661	0.82	-0.159	good-DMR
chr1	1116019	1116981	22	0.588	0.867	-0.279	good-DMR
chr1	1117464	1118489	26	0.381	0.068	0.313	good-DMR
chr1	1119010	1119764	18	0.813	0.855	-0.041	non-DMR
chr1	1119894	1120906	25	0.577	0.62	-0.043	non-DMR
chr1	1121018	1121940	23	0.87	0.905	-0.035	non-DMR
chr1	1122026	1122865	21	0.734	0.772	-0.038	non-DMR
chr1	1122918	1123871	24	0.829	0.863	-0.034	non-DMR
chr1	1124012	1125025	21	0.438	0.668	-0.23	notable-DMR
chr1	1125161	1126043	23	0.638	0.684	-0.046	non-DMR
chr1	1126127	1127142	24	0.734	0.778	-0.044	non-DMR
chr1	1127254	1128362	26	0.773	0.795	-0.023	inconsistent-DMR
chr1	1128411	1129440	22	0.106	0.064	0.042	non-DMR
chr1	1129470	1130407	20	0.363	0.081	0.282	good-DMR
chr1	1130907	1131572	15	0.36	0.11	0.25	good-DMR
chr1	1132066	1133087	24	0.677	0.913	-0.237	good-DMR
chr1	1133602	1134527	21	0.683	0.661	0.022	inconsistent-DMR
chr1	1134638	1135626	24	0.362	0.691	-0.329	good-DMR
chr1	1136103	1137005	20	0.678	0.786	-0.108	sub-DMR
chr1	1137396	1138096	20	0.169	0.138	0.031	non-DMR
chr1	1138166	1139213	23	0.712	0.749	-0.037	non-DMR
chr1	1139345	1140379	22	0.769	0.804	-0.035	non-DMR
chr1	1140496	1141440	24	0.748	0.784	-0.036	non-DMR
chr1	1141462	1142407	20	0.77	0.872	-0.102	sub-DMR
chr1	1142831	1143572	16	0.768	0.805	-0.037	non-DMR
chr1	1143610	1144709	29	0.593	0.792	-0.199	good-DMR
chr1	1145177	1146125	22	0.512	0.75	-0.237	good-DMR
chr1	1146407	1147303	21	0.549	0.215	0.335	good-DMR
chr1	1147781	1148845	27	0.606	0.64	-0.034	non-DMR
chr1	1148911	1149999	27	0.665	0.829	-0.164	good-DMR
chr1	1150506	1151480	24	0.706	0.755	-0.049	non-DMR
chr1	1151572	1152595	25	0.793	0.83	-0.037	non-DMR
chr1	1152699	1153754	25	0.4	0.149	0.251	good-DMR
chr1	1154207	1155141	20	0.699	0.913	-0.215	good-DMR
chr1	1155451	1156266	19	0.388	0.107	0.281	good-DMR
chr1	1156713	1157839	28	0.87	0.916	-0.046	non-DMR
chr1	1157951	1158824	22	0.707	0.75	-0.043	non-DMR
chr1	1158972	1159913	23	0.156	0.121	0.035	non-DMR
chr1	1160009	1160755	20	0.758	0.865	-0.107	sub-DMR
chr1	1161137	1161961	21	0.709	0.814	-0.106	sub-DMR
chr1	1162439	1163543	25	0.689	0.735	-0.045	non-DMR
chr1	1163691	1164787	25	0.734	0.781	-0.047	non-DMR
chr1	1164867	1165606	19	0.12	0.076	0.044	non-DMR
chr1	1165707	1166994	30	0.855	0.901	-0.046	non-DMR
chr1	1167130	1168027	19	0.741	0.784	-0.044	non-DMR
chr1	1168103	1169115	24	0.662	0.704	-0.042	non-DMR
chr1	1169139	1170048	20	0.589	0.853	-0.264	good-DMR
chr1	1170511	1171631	26	0.85	0.574	0.275	good-DMR
chr1	1172031	1173000	23	0.817	0.859	-0.042	non-DMR
chr1	1173052	1174152	25	0.638	0.884	-0.246	good-DMR
chr1	1174528	1175357	23	0.229	0.032	0.197	good-DMR
chr1	1175849	1176660	20	0.471	0.702	-0.231	good-DMR
chr1	1177127	1178057	23	0.744	0.789	-0.045	non-DMR
chr1	1178117	1179280	27	0.123	0.083	0.041	non-DMR
chr1	1179384	1180370	24	0.505	0.782	-0.278	good-DMR
chr1	1180818	1181766	24	0.526	0.825	-0.299	good-DMR
chr1	1182209	1183267	28	0.654	0.925	-0.271	good-DMR
chr1	1183705	1184577	21	0.823	0.868	-0.045	non-DMR
chr1	1184649	1185374	18	0.815	0.849	-0.034	non-DMR
chr1	1185460	1186288	23	0.765	0.805	-0.041	non-DMR
chr1	1186372	1187407	28	0.184	0.148	0.035	non-DMR
chr1	1187510	1188593	23	0.785	0.891	-0.106	sub-DMR
chr1	1189013	1189931	23	0.085	0.046	0.039	non-DMR
chr1	1189945	1190851	23	0.44	0.711	-0.271	good-DMR
chr1	1191345	1192144	18	0.504	0.254	0.25	good-DMR
chr1	1192647	1193406	16	0.365	0.093	0.272	good-DMR
chr1	1193896	1194974	27	0.62	0.882	-0.262	good-DMR
chr1	1195466	1196636	29	0.775	0.808	-0.033	non-DMR
chr1	1196719	1197631	23	0.585	0.827	-0.242	good-DMR
chr1	1198100	1199138	23	0.674	0.708	-0.034	non-DMR
chr1	1199224	1200130	22	0.83	0.865	-0.035	non-DMR
chr1	1200206	1201089	25	0.638	0.672	-0.034	non-DMR
chr1	1201217	1202118	24	0.764	0.799	-0.035	non-DMR
chr1	1202175	1203210	22	0.548	0.82	-0.271	good-DMR
chr1	1203647	1204869	26	0.452	0.751	-0.299	good-DMR
chr1	1205344	1206505	27	0.177	0.138	0.039	non-DMR
chr1	1206592	1207604	25	0.518	0.731	-0.212	good-DMR
chr1	1207961	1208745	21	0.593	0.876	-0.283	good-DMR
chr1	1209189	1210275	25	0.389	0.571	-0.183	good-DMR
chr1	1210773	1211733	22	0.596	0.634	-0.039	non-DMR
chr1	1211851	1212940	26	0.672	0.712	-0.04	non-DMR
chr1	1213043	1213976	23	0.462	0.727	-0.265	good-DMR
chr1	1214486	1215525	25	0.876	0.914	-0.039	non-DMR
chr1	1215600	1216404	21	0.368	0.114	0.254	good-DMR
chr1	1216917	1217927	23	0.735	0.768	-0.033	non-DMR
chr1	1218055	1218798	16	0.699	0.894	-0.196	notable-DMR
chr1	1218844	1219761	24	0.838	0.886	-0.047	non-DMR
chr1	1219851	1220952	25	0.65	0.693	-0.043	non-DMR
chr1	1221003	1222016	26	0.891	0.933	-0.042	non-DMR
chr1	1222101	1223104	25	0.763	0.807	-0.044	non-DMR
chr1	1223186	1223949	19	0.737	0.84	-0.103	sub-DMR
chr1	1224267	1225367	24	0.738	0.839	-0.101	sub-DMR
chr1	1225866	1226816	22	0.494	0.77	-0.276	good-DMR
chr1	1227322	1228297	23	0.741	0.794	-0.053	non-DMR
chr1	1228361	1229635	31	0.501	0.173	0.328	good-DMR
chr1	1230072	1230959	22	0.244	0.043	0.201	good-DMR
chr1	1231482	1232540	24	0.268	0.22	0.048	non-DMR
chr1	1232593	1233582	25	0.163	0.126	0.037	non-DMR
chr1	1233708	1234660	24	0.501	0.522	-0.021	inconsistent-DMR
chr1	1234822	1235786	22	0.767	0.813	-0.046	non-DMR
chr1	1235905	1236821	21	0.757	0.803	-0.046	non-DMR
chr1	1236927	1237802	22	0.662	0.706	-0.044	non-DMR
chr1	1237870	1238923	26	0.677	0.779	-0.102	sub-DMR
chr1	1239334	1240236	22	0.234	0.19	0.044	non-DMR
chr1	1240274	1241311	25	0.627	0.638	-0.011	inconsistent-DMR
chr1	1241425	1242301	20	0.654	0.687	-0.033	non-DMR
chr1	1242380	1243192	18	0.569	0.785	-0.216	good-DMR
chr1	1243699	1244804	25	0.692	0.733	-0.042	non-DMR
chr1	1244841	1245629	20	0.801	0.84	-0.038	non-DMR
chr1	1245711	1246531	19	0.679	0.897	-0.219	good-DMR
chr1	1246869	1247827	24	0.392	0.68	-0.288	good-DMR
chr1	1248358	1249300	23	0.576	0.578	-0.002	inconsistent-DMR
chr1	1249481	1250500	22	0.184	0.137	0.047	non-DMR
chr1	1250631	1251554	23	0.636	0.671	-0.035	non-DMR
chr1	1251633	1252528	22	0.591	0.832	-0.24	good-DMR
chr1	1252785	1253637	21	0.623	0.802	-0.179	good-DMR
chr1	1254085	1255144	29	0.665	0.704	-0.039	non-DMR
chr1	1255252	1256264	22	0.136	0.035	0.101	sub-DMR
chr1	1256727	1257666	24	0.165	0.124	0.04	non-DMR
chr1	1257696	1258641	23	0.688	0.726	-0.039	non-DMR
chr1	1258706	1259720	26	0.835	0.877	-0.042	non-DMR
chr1	1259805	1260915	25	0.521	0.793	-0.272	good-DMR
