chr	start	end	CpG_count	treatment_methylation	control_methylation	mean_delta_methylation	category
chr1	100047	101013	24	0.216	0.166	0.05	non-DMR
chr1	101072	101786	18	0.395	0.178	0.218	notable-DMR
chr1	101890	103051	26	0.738	0.773	-0.035	non-DMR
chr1	103188	104209	24	0.751	0.785	-0.034	non-DMR
chr1	104293	105303	29	0.773	0.813	-0.04	non-DMR
chr1	105441	106428	22	0.385	0.343	0.042	non-DMR
chr1	106508	107463	23	0.814	0.848	-0.034	non-DMR
chr1	107551	108527	22	0.444	0.672	-0.228	notable-DMR
chr1	108631	109594	23	0.097	0.055	0.043	non-DMR
chr1	109692	110582	22	0.462	0.509	-0.047	non-DMR
chr1	110698	111550	20	0.745	0.779	-0.034	non-DMR
chr1	111593	112529	22	0.76	0.803	-0.043	non-DMR
chr1	112598	113352	18	0.715	0.78	-0.065	inconsistent-DMR
chr1	113527	114564	27	0.561	0.609	-0.048	non-DMR
chr1	114667	115778	25	0.649	0.693	-0.044	non-DMR
chr1	115918	116795	21	0.692	0.726	-0.034	non-DMR
chr1	116890	117875	23	0.751	0.8	-0.049	non-DMR
chr1	117936	118858	22	0.696	0.845	-0.149	good-DMR
chr1	119273	120151	21	0.616	0.662	-0.046	non-DMR
chr1	120237	120964	17	0.701	0.804	-0.103	sub-DMR
chr1	121374	122276	22	0.422	0.131	0.291	good-DMR
chr1	122728	123816	24	0.599	0.802	-0.203	good-DMR
chr1	124310	125275	22	0.849	0.89	-0.041	non-DMR
chr1	125398	126332	22	0.793	0.835	-0.042	non-DMR
chr1	126418	127166	17	0.546	0.651	-0.104	sub-DMR
chr1	127692	128520	22	0.683	0.725	-0.042	non-DMR
chr1	128589	129688	25	0.909	0.947	-0.038	non-DMR
chr1	129778	130729	21	0.695	0.8	-0.105	sub-DMR
chr1	131215	132206	26	0.88	0.922	-0.042	non-DMR
chr1	132256	133230	23	0.563	0.773	-0.21	good-DMR
chr1	133712	134712	27	0.643	0.942	-0.298	good-DMR
chr1	135195	136152	21	0.723	0.769	-0.046	non-DMR
chr1	136224	137081	21	0.756	0.802	-0.046	non-DMR
chr1	137128	137933	21	0.894	0.939	-0.046	non-DMR
chr1	138061	138902	21	0.738	0.782	-0.044	non-DMR
chr1	138968	139825	20	0.799	0.835	-0.036	non-DMR
chr1	139859	140688	22	0.448	0.703	-0.255	good-DMR
chr1	141190	142019	23	0.596	0.8	-0.204	good-DMR
chr1	142492	143523	28	0.713	0.753	-0.039	non-DMR
chr1	143615	144372	20	0.388	0.689	-0.301	good-DMR
chr1	144880	145893	25	0.74	0.783	-0.043	non-DMR
chr1	145980	147079	25	0.155	0.109	0.046	non-DMR
chr1	147150	148175	24	0.846	0.895	-0.049	non-DMR
chr1	148222	149142	22	0.766	0.798	-0.032	non-DMR
chr1	149172	150222	24	0.718	0.759	-0.041	non-DMR
chr1	150279	151236	21	0.872	0.91	-0.038	non-DMR
chr1	151333	152498	28	0.756	0.8	-0.044	non-DMR
chr1	152596	153588	23	0.621	0.666	-0.045	non-DMR
chr1	153722	154860	26	0.163	0.126	0.038	non-DMR
chr1	154942	155801	22	0.803	0.846	-0.043	non-DMR
chr1	155925	156839	18	0.099	0.062	0.037	non-DMR
chr1	156944	157843	22	0.183	0.146	0.036	non-DMR
chr1	157904	158906	23	0.605	0.711	-0.106	sub-DMR
chr1	159306	160415	26	0.237	0.206	0.031	non-DMR
chr1	160518	161561	25	0.523	0.743	-0.22	good-DMR
chr1	161879	162698	20	0.916	0.953	-0.037	non-DMR
chr1	162776	163766	25	0.825	0.861	-0.037	non-DMR
chr1	163871	164940	24	0.53	0.756	-0.226	good-DMR
chr1	165448	166581	26	0.735	0.772	-0.037	non-DMR
chr1	166666	167535	23	0.617	0.819	-0.202	good-DMR
chr1	167981	168819	19	0.758	0.866	-0.108	sub-DMR
chr1	169351	170291	23	0.641	0.683	-0.042	non-DMR
chr1	170402	171288	23	0.739	0.778	-0.039	non-DMR
chr1	171382	172278	19	0.47	0.732	-0.262	good-DMR
chr1	172548	173394	20	0.64	0.676	-0.036	non-DMR
chr1	173521	174568	24	0.846	0.882	-0.036	non-DMR
chr1	174581	175736	25	0.479	0.743	-0.264	good-DMR
chr1	176216	177182	25	0.704	0.743	-0.038	non-DMR
chr1	177233	178243	24	0.507	0.71	-0.203	good-DMR
chr1	178758	179536	18	0.131	0.095	0.036	non-DMR
chr1	179644	180523	20	0.148	0.109	0.039	non-DMR
chr1	180643	181612	23	0.764	0.81	-0.046	non-DMR
chr1	181738	182382	15	0.84	0.889	-0.049	non-DMR
chr1	182485	183420	21	0.683	0.721	-0.038	non-DMR
chr1	183511	184445	22	0.219	0.115	0.105	sub-DMR
chr1	184964	185918	22	0.821	0.874	-0.053	non-DMR
chr1	186007	186955	20	0.784	0.557	0.227	good-DMR
chr1	187401	188358	23	0.838	0.878	-0.04	non-DMR
chr1	188435	189422	26	0.83	0.862	-0.032	non-DMR
chr1	189509	190532	25	0.44	0.683	-0.243	good-DMR
chr1	191018	192018	21	0.764	0.807	-0.043	non-DMR
chr1	192058	192870	16	0.635	0.681	-0.046	non-DMR
chr1	192896	193717	24	0.787	0.823	-0.036	non-DMR
chr1	193807	194611	19	0.752	0.798	-0.046	non-DMR
chr1	194698	195781	29	0.733	0.772	-0.039	non-DMR
chr1	195850	196581	18	0.666	0.707	-0.041	non-DMR
chr1	196641	197743	24	0.733	0.769	-0.035	non-DMR
chr1	197819	198592	19	0.629	0.829	-0.2	good-DMR
chr1	199112	200083	21	0.82	0.861	-0.042	non-DMR
chr1	200121	201054	23	0.831	0.875	-0.044	non-DMR
chr1	201181	202077	21	0.675	0.71	-0.035	inconsistent-DMR
chr1	202190	203233	24	0.726	0.764	-0.038	non-DMR
chr1	203250	204301	24	0.646	0.797	-0.151	good-DMR
chr1	204739	205638	22	0.656	0.852	-0.196	good-DMR
chr1	206167	207281	26	0.813	0.849	-0.036	non-DMR
chr1	207354	208321	23	0.16	0.118	0.042	non-DMR
chr1	208429	209414	20	0.632	0.67	-0.038	non-DMR
chr1	209522	210393	22	0.434	0.331	0.102	sub-DMR
chr1	210901	211869	26	0.722	0.757	-0.035	non-DMR
chr1	211988	212771	19	0.703	0.744	-0.041	non-DMR
chr1	212875	214005	27	0.73	0.771	-0.04	non-DMR
chr1	214124	215112	23	0.185	0.154	0.03	non-DMR
chr1	215166	216080	20	0.759	0.8	-0.041	non-DMR
chr1	216175	216982	19	0.663	0.85	-0.186	good-DMR
chr1	217441	218442	26	0.25	0.212	0.038	non-DMR
chr1	218484	219447	22	0.788	0.83	-0.041	non-DMR
chr1	219509	220482	21	0.439	0.189	0.25	good-DMR
chr1	220973	222092	26	0.118	0.079	0.04	non-DMR
chr1	222195	223089	25	0.653	0.666	-0.013	inconsistent-DMR
chr1	223243	224106	22	0.833	0.885	-0.052	non-DMR
chr1	224185	225292	24	0.559	0.606	-0.047	non-DMR
chr1	225339	226487	26	0.557	0.782	-0.225	good-DMR
chr1	226955	227836	20	0.707	0.744	-0.037	non-DMR
chr1	227882	228928	26	0.201	0.155	0.046	non-DMR
chr1	228993	229907	21	0.807	0.845	-0.039	non-DMR
chr1	230005	230984	19	0.652	0.7	-0.048	non-DMR
chr1	231062	232107	26	0.668	0.705	-0.037	non-DMR
chr1	232238	233109	22	0.14	0.096	0.044	non-DMR
chr1	233249	234314	28	0.829	0.867	-0.039	non-DMR
chr1	234370	235443	23	0.332	0.051	0.281	good-DMR
chr1	235929	236939	26	0.088	0.042	0.045	non-DMR
chr1	236992	237896	20	0.673	0.702	-0.029	non-DMR
chr1	238005	238884	23	0.847	0.888	-0.041	non-DMR
chr1	238939	239794	21	0.309	0.208	0.101	sub-DMR
chr1	240291	241386	24	0.369	0.646	-0.277	good-DMR
chr1	241651	242515	18	0.686	0.723	-0.037	non-DMR
chr1	242585	243365	19	0.178	0.136	0.042	non-DMR
chr1	243467	244423	24	0.642	0.676	-0.034	non-DMR
chr1	244453	245309	18	0.623	0.864	-0.241	good-DMR
chr1	245776	246745	23	0.536	0.751	-0.215	good-DMR
chr1	247214	248245	25	0.572	0.614	-0.042	non-DMR
chr1	248347	249142	20	0.569	0.839	-0.27	good-DMR
chr1	249636	250619	23	0.632	0.931	-0.299	good-DMR
chr1	251007	251872	22	0.702	0.741	-0.039	non-DMR
chr1	251917	252807	18	0.259	0.22	0.038	non-DMR
chr1	252893	253814	22	0.542	0.868	-0.327	good-DMR
chr1	254305	255199	21	0.907	0.94	-0.034	non-DMR
chr1	255313	256059	18	0.205	0.174	0.031	non-DMR
chr1	256127	257172	28	0.453	0.746	-0.293	good-DMR
chr1	257559	258345	19	0.806	0.842	-0.036	non-DMR
chr1	258450	259389	25	0.095	0.059	0.036	non-DMR
chr1	259445	260356	23	0.519	0.186	0.334	good-DMR
chr1	260853	261745	19	0.638	0.742	-0.104	sub-DMR
chr1	262205	263088	22	0.784	0.826	-0.042	non-DMR
chr1	263115	263954	20	0.313	0.057	0.256	good-DMR
chr1	264461	265448	25	0.652	0.696	-0.044	non-DMR
chr1	265557	266490	22	0.875	0.921	-0.046	non-DMR
chr1	266518	267445	21	0.444	0.744	-0.301	good-DMR
chr1	267888	268826	22	0.865	0.912	-0.047	non-DMR
chr1	268903	269877	21	0.879	0.915	-0.036	non-DMR
chr1	269954	271165	28	0.759	0.86	-0.102	sub-DMR
chr1	271552	272434	22	0.437	0.628	-0.191	good-DMR
chr1	272826	273765	23	0.292	0.248	0.044	non-DMR
chr1	273869	274787	26	0.215	0.175	0.04	non-DMR
chr1	274825	275963	26	0.556	0.811	-0.255	good-DMR
chr1	276387	277272	21	0.831	0.867	-0.036	non-DMR
chr1	277373	278256	20	0.47	0.268	0.202	good-DMR
chr1	278720	279619	22	0.602	0.577	0.025	inconsistent-DMR
chr1	279778	280666	21	0.502	0.736	-0.234	good-DMR
chr1	281185	282039	22	0.691	0.734	-0.043	non-DMR
chr1	282113	283114	25	0.614	0.648	-0.034	non-DMR
chr1	283198	284204	21	0.582	0.618	-0.035	non-DMR
chr1	284294	285074	18	0.775	0.817	-0.042	non-DMR
chr1	285132	285972	22	0.768	0.88	-0.112	sub-DMR
chr1	286480	287622	27	0.224	0.187	0.037	non-DMR
chr1	287639	288492	20	0.77	0.821	-0.051	non-DMR
chr1	288524	289549	23	0.702	0.74	-0.038	non-DMR
chr1	289576	290453	19	0.103	0.068	0.035	non-DMR
chr1	290562	291473	20	0.673	0.876	-0.204	notable-DMR
chr1	291609	292519	21	0.152	0.104	0.047	non-DMR
chr1	292603	293674	25	0.672	0.653	0.019	inconsistent-DMR
chr1	293792	294769	26	0.665	0.706	-0.041	non-DMR
chr1	294858	295977	25	0.138	0.101	0.037	non-DMR
chr1	296071	297139	24	0.798	0.835	-0.037	non-DMR
chr1	297225	298190	20	0.142	0.106	0.036	non-DMR
chr1	298289	299320	21	0.596	0.637	-0.041	non-DMR
chr1	299397	300397	24	0.224	0.18	0.044	non-DMR
chr1	300417	301344	22	0.304	0.07	0.234	good-DMR
chr1	301830	303018	26	0.798	0.839	-0.041	non-DMR
chr1	303108	304069	25	0.763	0.798	-0.035	non-DMR
chr1	304144	305049	22	0.215	0.17	0.045	non-DMR
chr1	305150	306158	23	0.154	0.109	0.045	non-DMR
chr1	306293	307361	26	0.242	0.207	0.035	non-DMR
chr1	307428	308357	19	0.412	0.713	-0.301	good-DMR
chr1	308844	309811	23	0.122	0.084	0.039	non-DMR
chr1	309908	310878	23	0.275	0.236	0.039	non-DMR
chr1	310952	311726	19	0.13	0.088	0.042	non-DMR
chr1	311745	312646	22	0.83	0.936	-0.106	sub-DMR
chr1	313141	313975	21	0.724	0.769	-0.045	non-DMR
chr1	314109	315126	23	0.781	0.808	-0.027	non-DMR
chr1	315208	315983	19	0.899	0.566	0.333	good-DMR
chr1	316458	317398	21	0.704	0.809	-0.106	sub-DMR
chr1	317916	318813	22	0.698	0.735	-0.037	non-DMR
chr1	318845	319882	23	0.127	0.09	0.036	non-DMR
chr1	319952	320846	19	0.688	0.726	-0.038	non-DMR
chr1	320968	321928	25	0.092	0.048	0.044	non-DMR
chr1	321985	322939	21	0.526	0.567	-0.041	inconsistent-DMR
chr1	323108	324095	23	0.688	0.723	-0.036	non-DMR
chr1	324195	325208	26	0.676	0.721	-0.046	non-DMR
chr1	325298	326170	19	0.861	0.901	-0.04	non-DMR
chr1	326247	327149	22	0.635	0.847	-0.212	notable-DMR
chr1	327283	328299	24	0.631	0.67	-0.039	non-DMR
chr1	328368	329212	21	0.656	0.905	-0.249	good-DMR
chr1	329668	330644	24	0.296	0.027	0.269	good-DMR
chr1	331152	331939	17	0.771	0.881	-0.11	sub-DMR
chr1	332392	333232	22	0.79	0.83	-0.04	non-DMR
chr1	333270	334033	17	0.654	0.376	0.278	good-DMR
chr1	334483	335394	21	0.823	0.864	-0.041	non-DMR
chr1	335503	336414	23	0.381	0.651	-0.27	good-DMR
chr1	336890	338043	30	0.402	0.672	-0.27	good-DMR
chr1	338499	339454	24	0.734	0.767	-0.034	non-DMR
chr1	339532	340459	26	0.57	0.795	-0.226	good-DMR
chr1	340964	341829	23	0.417	0.692	-0.275	good-DMR
chr1	342248	343044	18	0.415	0.661	-0.246	good-DMR
chr1	343543	344481	24	0.24	0.593	-0.353	good-DMR
chr1	344967	346206	27	0.138	0.105	0.033	non-DMR
chr1	346300	347337	25	0.701	0.744	-0.043	non-DMR
chr1	347399	348430	25	0.773	0.811	-0.038	non-DMR
chr1	348488	349281	19	0.752	0.794	-0.041	non-DMR
chr1	349300	350349	26	0.822	0.863	-0.041	non-DMR
chr1	350418	351269	21	0.081	0.049	0.032	non-DMR
chr1	351289	352241	21	0.653	0.693	-0.04	non-DMR
chr1	352305	353302	25	0.798	0.839	-0.041	non-DMR
chr1	353319	354205	23	0.832	0.873	-0.041	non-DMR
chr1	354263	355181	18	0.687	0.723	-0.036	non-DMR
chr1	355256	356241	21	0.297	0.248	0.049	non-DMR
chr1	356359	357396	25	0.841	0.879	-0.038	non-DMR
chr1	357506	358486	25	0.861	0.904	-0.043	non-DMR
chr1	358581	359431	20	0.096	0.05	0.046	non-DMR
chr1	359540	360406	20	0.549	0.515	0.035	non-DMR
chr1	360493	361526	25	0.755	0.788	-0.033	non-DMR
chr1	361615	362503	21	0.105	0.064	0.041	non-DMR
chr1	362578	363484	20	0.796	0.842	-0.045	non-DMR
chr1	363562	364381	22	0.495	0.651	-0.155	good-DMR
chr1	364807	365781	24	0.815	0.848	-0.033	non-DMR
chr1	365876	366971	22	0.238	0.193	0.045	non-DMR
chr1	367019	367844	21	0.623	0.66	-0.037	non-DMR
chr1	367878	368877	23	0.734	0.772	-0.039	non-DMR
chr1	368922	369977	25	0.833	0.875	-0.043	non-DMR
chr1	370047	371054	27	0.82	0.859	-0.039	non-DMR
chr1	371152	372147	22	0.6	0.757	-0.157	good-DMR
chr1	372542	373401	18	0.213	0.043	0.17	good-DMR
chr1	373888	374961	28	0.579	0.849	-0.27	good-DMR
chr1	375443	376446	25	0.342	0.669	-0.327	good-DMR
chr1	376855	377902	24	0.751	0.794	-0.043	non-DMR
chr1	377964	378913	22	0.56	0.668	-0.108	sub-DMR
chr1	379352	380351	23	0.664	0.703	-0.038	non-DMR
chr1	380428	381317	22	0.759	0.86	-0.101	sub-DMR
chr1	381821	382892	26	0.605	0.797	-0.192	good-DMR
chr1	383399	384444	24	0.615	0.834	-0.22	good-DMR
chr1	384877	385764	20	0.817	0.857	-0.04	non-DMR
chr1	385793	386681	22	0.725	0.766	-0.041	non-DMR
chr1	386738	387760	22	0.731	0.833	-0.102	sub-DMR
chr1	388173	388982	18	0.2	0.153	0.047	non-DMR
chr1	389021	389997	22	0.634	0.855	-0.222	good-DMR
chr1	390372	391346	23	0.762	0.8	-0.037	non-DMR
chr1	391458	392328	22	0.746	0.783	-0.036	non-DMR
chr1	392388	393496	28	0.202	0.167	0.036	non-DMR
chr1	393587	394606	23	0.815	0.859	-0.044	non-DMR
chr1	394713	395552	21	0.471	0.738	-0.267	good-DMR
chr1	396059	396926	22	0.532	0.573	-0.041	non-DMR
chr1	396971	397955	23	0.818	0.86	-0.042	non-DMR
chr1	397987	399048	23	0.688	0.728	-0.04	non-DMR
chr1	399150	400226	24	0.765	0.81	-0.046	non-DMR
chr1	400313	401407	24	0.365	0.258	0.107	sub-DMR
chr1	401830	402846	25	0.312	0.207	0.105	sub-DMR
chr1	403339	404209	22	0.076	0.037	0.039	non-DMR
chr1	404302	405202	21	0.463	0.804	-0.342	good-DMR
chr1	405671	406623	22	0.173	0.134	0.038	non-DMR
chr1	406710	407719	22	0.579	0.823	-0.244	good-DMR
chr1	408140	409150	26	0.516	0.801	-0.285	good-DMR
chr1	409682	410683	24	0.226	0.188	0.038	non-DMR
chr1	410757	411788	24	0.787	0.825	-0.037	non-DMR
chr1	411923	412785	20	0.406	0.621	-0.215	notable-DMR
chr1	412869	413763	22	0.629	0.674	-0.045	non-DMR
chr1	413894	414775	24	0.848	0.886	-0.039	non-DMR
chr1	414867	415676	18	0.778	0.826	-0.048	non-DMR
chr1	415764	416738	24	0.826	0.865	-0.039	non-DMR
chr1	416802	417798	26	0.762	0.801	-0.039	non-DMR
chr1	417896	418896	24	0.837	0.886	-0.049	non-DMR
chr1	419026	420014	25	0.81	0.853	-0.043	non-DMR
chr1	421171	422059	23	0.766	0.814	-0.048	non-DMR
chr1	422186	423243	25	0.898	0.936	-0.039	non-DMR
chr1	423322	424182	20	0.372	0.168	0.203	good-DMR
chr1	424703	425594	23	0.798	0.84	-0.041	non-DMR
chr1	425669	426677	24	0.466	0.721	-0.254	good-DMR
chr1	427045	428070	24	0.813	0.85	-0.037	non-DMR
chr1	428195	429135	21	0.656	0.692	-0.036	non-DMR
chr1	429224	430243	25	0.565	0.666	-0.101	sub-DMR
chr1	430747	431889	29	0.737	0.78	-0.044	non-DMR
chr1	431959	432954	26	0.777	0.814	-0.036	non-DMR
chr1	433051	434055	26	0.633	0.921	-0.288	good-DMR
chr1	434570	435570	23	0.711	0.758	-0.047	non-DMR
chr1	435632	436613	25	0.625	0.728	-0.103	sub-DMR
chr1	437112	438037	20	0.542	0.748	-0.205	good-DMR
chr1	438570	439456	21	0.826	0.852	-0.026	non-DMR
chr1	439540	440469	21	0.811	0.844	-0.033	non-DMR
chr1	440598	441484	23	0.86	0.905	-0.046	non-DMR
chr1	442587	443380	21	0.824	0.865	-0.041	non-DMR
chr1	443483	444519	26	0.488	0.76	-0.272	good-DMR
chr1	444952	445812	19	0.811	0.847	-0.036	non-DMR
chr1	445858	446732	23	0.771	0.812	-0.041	non-DMR
chr1	446770	447631	19	0.153	0.117	0.036	non-DMR
chr1	447725	448596	23	0.405	0.776	-0.371	good-DMR
chr1	449066	450063	25	0.446	0.766	-0.32	good-DMR
chr1	450578	451571	25	0.617	0.667	-0.049	inconsistent-DMR
chr1	451694	452658	22	0.765	0.811	-0.046	non-DMR
chr1	452729	453712	24	0.648	0.846	-0.198	good-DMR
chr1	454089	454891	18	0.739	0.777	-0.038	non-DMR
chr1	455034	456049	22	0.579	0.617	-0.038	non-DMR
chr1	456142	456960	17	0.674	0.708	-0.034	non-DMR
chr1	457031	457978	22	0.731	0.766	-0.035	non-DMR
chr1	458084	459021	22	0.081	0.038	0.042	non-DMR
chr1	459036	460028	23	0.774	0.875	-0.101	sub-DMR
chr1	460462	461280	21	0.601	0.809	-0.209	good-DMR
chr1	461757	462915	28	0.698	0.741	-0.043	non-DMR
chr1	464038	464974	18	0.663	0.704	-0.041	non-DMR
chr1	464992	465945	22	0.365	0.154	0.211	good-DMR
chr1	466429	467207	18	0.482	0.759	-0.277	good-DMR
chr1	467700	468610	24	0.71	0.811	-0.101	sub-DMR
chr1	469142	470008	21	0.727	0.746	-0.019	inconsistent-DMR
chr1	470206	471011	21	0.217	0.179	0.037	non-DMR
chr1	471060	471942	20	0.592	0.816	-0.223	good-DMR
chr1	472330	473148	17	0.195	0.151	0.044	non-DMR
chr1	473244	474367	26	0.332	0.058	0.274	notable-DMR
chr1	474387	475293	24	0.108	0.066	0.042	non-DMR
chr1	475392	476315	23	0.671	0.908	-0.237	good-DMR
chr1	476809	477668	19	0.391	0.723	-0.332	good-DMR
chr1	478142	478962	19	0.148	0.108	0.04	non-DMR
chr1	479033	480095	25	0.554	0.881	-0.328	good-DMR
chr1	480564	481561	25	0.668	0.711	-0.043	non-DMR
chr1	481644	482610	22	0.734	0.739	-0.005	inconsistent-DMR
chr1	482817	483834	24	0.772	0.815	-0.042	non-DMR
chr1	483917	484758	20	0.626	0.816	-0.19	good-DMR
chr1	485250	486219	21	0.282	0.242	0.04	non-DMR
chr1	486309	487341	22	0.25	0.212	0.038	non-DMR
chr1	487439	488527	26	0.757	0.796	-0.039	non-DMR
chr1	488591	489576	24	0.465	0.26	0.204	good-DMR
chr1	490045	490883	20	0.112	0.07	0.042	non-DMR
chr1	491016	491994	24	0.859	0.898	-0.039	non-DMR
chr1	492068	492870	18	0.52	0.793	-0.273	good-DMR
chr1	493318	494314	24	0.545	0.791	-0.247	good-DMR
chr1	494862	495846	22	0.797	0.832	-0.035	non-DMR
chr1	495968	497207	30	0.706	0.745	-0.04	non-DMR
chr1	497216	498007	18	0.674	0.837	-0.163	good-DMR
chr1	498467	499433	25	0.599	0.636	-0.037	non-DMR
chr1	499550	500430	20	0.301	0.26	0.041	non-DMR
chr1	500529	501385	20	0.686	0.726	-0.04	non-DMR
chr1	501460	502256	20	0.612	0.648	-0.036	non-DMR
chr1	502356	503456	30	0.518	0.741	-0.222	notable-DMR
chr1	503520	504351	21	0.731	0.771	-0.04	non-DMR
chr1	504456	505539	24	0.603	0.562	0.041	non-DMR
chr1	505648	506528	19	0.756	0.801	-0.045	non-DMR
chr1	506590	507690	24	0.833	0.875	-0.042	non-DMR
chr1	507731	508617	20	0.439	0.675	-0.235	good-DMR
chr1	509048	509841	20	0.618	0.581	0.037	non-DMR
chr1	509974	510795	21	0.763	0.8	-0.037	non-DMR
chr1	510853	511734	20	0.237	0.193	0.043	non-DMR
chr1	511853	512829	23	0.368	0.33	0.038	non-DMR
chr1	512870	513790	23	0.342	0.133	0.209	good-DMR
chr1	514171	515134	26	0.543	0.711	-0.168	good-DMR
chr1	515622	516800	27	0.68	0.722	-0.042	non-DMR
chr1	516817	517938	28	0.773	0.815	-0.042	non-DMR
chr1	518074	519130	23	0.506	0.548	-0.042	non-DMR
chr1	519229	520242	22	0.605	0.65	-0.044	non-DMR
chr1	520318	521267	24	0.831	0.861	-0.03	non-DMR
chr1	521380	522385	26	0.628	0.665	-0.037	non-DMR
chr1	522411	523424	21	0.566	0.521	0.046	non-DMR
chr1	523540	524337	21	0.494	0.533	-0.039	non-DMR
chr1	525337	526323	22	0.564	0.885	-0.321	notable-DMR
chr1	526398	527218	22	0.094	0.059	0.035	non-DMR
chr1	527244	528096	22	0.813	0.855	-0.042	non-DMR
chr1	528197	529166	22	0.851	0.894	-0.042	non-DMR
chr1	529181	530220	24	0.617	0.891	-0.273	good-DMR
chr1	530653	531492	18	0.78	0.818	-0.037	non-DMR
chr1	531566	532291	15	0.203	0.167	0.036	non-DMR
chr1	532376	533182	20	0.733	0.623	0.11	sub-DMR
chr1	533590	534531	25	0.85	0.892	-0.042	non-DMR
chr1	534602	535633	27	0.372	0.1	0.272	good-DMR
chr1	536144	537332	29	0.718	0.757	-0.039	non-DMR
chr1	537401	538223	17	0.108	0.07	0.037	non-DMR
chr1	538348	539168	18	0.897	0.938	-0.041	non-DMR
chr1	539291	540312	25	0.816	0.863	-0.047	non-DMR
chr1	540380	541463	26	0.848	0.89	-0.042	non-DMR
chr1	541564	542715	28	0.575	0.62	-0.044	non-DMR
chr1	542806	543638	20	0.333	0.638	-0.305	notable-DMR
chr1	544762	545696	23	0.743	0.787	-0.044	non-DMR
chr1	545792	546852	24	0.827	0.933	-0.106	sub-DMR
chr1	547348	548110	18	0.391	0.695	-0.304	good-DMR
chr1	548624	549600	21	0.661	0.702	-0.041	non-DMR
chr1	549678	550663	24	0.593	0.628	-0.035	non-DMR
chr1	550760	551754	25	0.308	0.064	0.244	good-DMR
chr1	552123	552943	21	0.715	0.869	-0.154	good-DMR
chr1	553451	554492	23	0.624	0.73	-0.106	sub-DMR
chr1	554965	555745	18	0.494	0.756	-0.261	good-DMR
chr1	556269	557256	24	0.144	0.101	0.043	non-DMR
chr1	557402	558482	25	0.642	0.686	-0.044	non-DMR
chr1	558611	559624	23	0.16	0.122	0.038	non-DMR
chr1	559729	560848	27	0.823	0.864	-0.041	non-DMR
chr1	560914	561739	20	0.753	0.792	-0.038	non-DMR
chr1	561827	562826	25	0.574	0.794	-0.22	good-DMR
chr1	563204	564206	21	0.665	0.859	-0.194	good-DMR
chr1	564692	565596	25	0.66	0.705	-0.045	non-DMR
chr1	565655	566502	19	0.134	0.089	0.045	non-DMR
chr1	566551	567373	18	0.29	0.069	0.222	good-DMR
chr1	567857	568766	20	0.526	0.812	-0.286	good-DMR
chr1	569165	569851	16	0.287	0.249	0.038	non-DMR
chr1	569944	570839	21	0.599	0.636	-0.037	non-DMR
chr1	570950	571907	21	0.092	0.056	0.036	non-DMR
chr1	571969	572890	26	0.845	0.881	-0.035	non-DMR
chr1	572974	574027	24	0.737	0.777	-0.04	non-DMR
chr1	574073	575112	25	0.788	0.826	-0.038	non-DMR
chr1	575220	576108	22	0.677	0.707	-0.03	non-DMR
chr1	576185	577371	27	0.696	0.943	-0.247	good-DMR
chr1	577838	578504	21	0.528	0.847	-0.319	good-DMR
chr1	579052	579905	23	0.625	0.648	-0.023	inconsistent-DMR
chr1	579987	581086	27	0.653	0.894	-0.241	good-DMR
chr1	581473	582433	22	0.26	0.104	0.155	good-DMR
chr1	582897	583910	23	0.736	0.776	-0.04	non-DMR
chr1	583999	584815	18	0.54	0.781	-0.241	good-DMR
chr1	585297	586210	22	0.523	0.732	-0.209	good-DMR
chr1	586691	587739	24	0.152	0.114	0.038	non-DMR
chr1	587851	588801	23	0.763	0.802	-0.039	non-DMR
chr1	588915	589979	26	0.744	0.784	-0.04	non-DMR
chr1	590007	590912	24	0.594	0.63	-0.036	non-DMR
chr1	590982	591774	21	0.61	0.655	-0.045	non-DMR
chr1	591828	592711	20	0.653	0.701	-0.048	non-DMR
chr1	592807	593708	22	0.146	0.102	0.044	non-DMR
chr1	593808	594840	22	0.52	0.342	0.178	good-DMR
chr1	595258	596187	23	0.814	0.852	-0.038	non-DMR
chr1	596206	597165	22	0.571	0.608	-0.037	non-DMR
chr1	597254	598172	21	0.767	0.823	-0.055	non-DMR
chr1	598303	599156	20	0.674	0.737	-0.063	inconsistent-DMR
chr1	599328	600248	19	0.192	0.144	0.048	non-DMR
chr1	600327	601232	22	0.83	0.869	-0.039	non-DMR
chr1	601317	602269	25	0.728	0.737	-0.009	inconsistent-DMR
chr1	602390	603126	18	0.576	0.845	-0.269	good-DMR
chr1	603506	604558	26	0.7	0.743	-0.043	non-DMR
chr1	604641	605665	23	0.806	0.848	-0.041	non-DMR
chr1	605769	606777	22	0.51	0.743	-0.232	good-DMR
chr1	607288	608150	21	0.66	0.701	-0.04	non-DMR
chr1	608243	609231	23	0.092	0.049	0.043	non-DMR
chr1	609261	610111	21	0.883	0.925	-0.042	non-DMR
chr1	610181	611234	27	0.46	0.713	-0.253	good-DMR
chr1	611766	612751	21	0.113	0.07	0.043	non-DMR
chr1	612862	613919	26	0.129	0.09	0.039	non-DMR
chr1	613953	615010	26	0.725	0.773	-0.049	non-DMR
chr1	615096	615833	20	0.608	0.653	-0.045	non-DMR
chr1	615920	616728	19	0.717	0.763	-0.046	non-DMR
chr1	616776	617807	25	0.713	0.818	-0.105	sub-DMR
chr1	618255	619185	24	0.791	0.832	-0.041	non-DMR
chr1	619270	620202	21	0.622	0.848	-0.227	good-DMR
chr1	620653	621689	26	0.272	0.234	0.037	non-DMR
chr1	621798	622561	15	0.113	0.07	0.043	non-DMR
chr1	622671	623785	25	0.401	0.359	0.041	non-DMR
chr1	623892	624683	18	0.221	0.186	0.035	non-DMR
chr1	624819	625766	23	0.862	0.9	-0.037	non-DMR
chr1	625870	626722	22	0.707	0.815	-0.108	sub-DMR
chr1	627104	627996	22	0.438	0.642	-0.204	good-DMR
chr1	628482	629448	22	0.412	0.623	-0.211	good-DMR
chr1	629908	630973	24	0.725	0.759	-0.034	non-DMR
chr1	631039	631873	22	0.732	0.78	-0.048	non-DMR
chr1	631906	632901	23	0.547	0.756	-0.209	good-DMR
chr1	633331	634290	24	0.091	0.043	0.048	non-DMR
chr1	635415	636398	21	0.561	0.753	-0.193	notable-DMR
chr1	636498	637282	19	0.107	0.074	0.033	non-DMR
chr1	637352	638199	19	0.847	0.879	-0.033	non-DMR
chr1	638249	639223	25	0.087	0.051	0.036	non-DMR
chr1	639352	640418	28	0.623	0.558	0.065	inconsistent-DMR
chr1	640559	641685	24	0.559	0.784	-0.225	good-DMR
chr1	642205	643156	24	0.71	0.758	-0.048	non-DMR
chr1	643221	644388	28	0.583	0.847	-0.265	good-DMR
chr1	644845	646026	29	0.657	0.692	-0.035	non-DMR
chr1	646082	647097	21	0.484	0.213	0.271	good-DMR
chr1	647594	648632	26	0.561	0.83	-0.269	good-DMR
chr1	649004	650038	25	0.55	0.59	-0.04	non-DMR
chr1	650066	650907	22	0.784	0.886	-0.102	sub-DMR
chr1	651387	652385	28	0.61	0.77	-0.16	good-DMR
chr1	652837	653863	23	0.346	0.621	-0.275	good-DMR
chr1	654264	655266	24	0.77	0.814	-0.044	non-DMR
chr1	655369	656279	22	0.149	0.113	0.036	non-DMR
chr1	656332	657255	26	0.417	0.722	-0.305	good-DMR
chr1	657712	658590	21	0.7	0.748	-0.048	non-DMR
chr1	658706	659386	17	0.146	0.106	0.04	non-DMR
chr1	659472	660430	23	0.197	0.158	0.039	non-DMR
chr1	660541	661431	20	0.792	0.832	-0.04	non-DMR
chr1	661516	662297	21	0.799	0.843	-0.043	non-DMR
chr1	662429	663416	25	0.644	0.688	-0.044	non-DMR
chr1	663520	664602	29	0.844	0.884	-0.04	non-DMR
chr1	664628	665626	24	0.703	0.752	-0.049	non-DMR
chr1	665685	666646	19	0.134	0.091	0.044	non-DMR
chr1	666745	667727	23	0.581	0.231	0.35	good-DMR
chr1	668238	669304	23	0.094	0.057	0.037	non-DMR
chr1	669395	670418	22	0.714	0.748	-0.033	non-DMR
chr1	670485	671508	24	0.603	0.877	-0.273	notable-DMR
chr1	671598	672482	21	0.728	0.761	-0.033	non-DMR
chr1	672542	673438	23	0.567	0.814	-0.247	good-DMR
chr1	673946	674904	25	0.679	0.898	-0.219	good-DMR
chr1	675423	676358	27	0.776	0.817	-0.041	non-DMR
chr1	676454	677431	26	0.728	0.777	-0.049	non-DMR
chr1	677497	678517	25	0.809	0.854	-0.045	non-DMR
chr1	678591	679708	24	0.57	0.609	-0.039	non-DMR
chr1	679756	680735	21	0.631	0.948	-0.317	good-DMR
chr1	681232	682144	27	0.265	0.323	-0.059	inconsistent-DMR
chr1	682263	683274	24	0.596	0.638	-0.041	non-DMR
chr1	683339	684313	21	0.792	0.834	-0.042	non-DMR
chr1	684414	685389	23	0.744	0.783	-0.039	non-DMR
chr1	685499	686453	20	0.724	0.768	-0.045	non-DMR
chr1	686538	687469	22	0.535	0.826	-0.291	good-DMR
chr1	687872	688826	21	0.699	0.736	-0.037	non-DMR
chr1	688910	689837	24	0.173	0.134	0.038	non-DMR
chr1	689939	690894	23	0.326	0.074	0.253	good-DMR
chr1	691303	692103	19	0.624	0.881	-0.257	good-DMR
chr1	692637	693547	21	0.222	0.238	-0.016	inconsistent-DMR
chr1	693658	694522	24	0.628	0.675	-0.046	non-DMR
chr1	694604	695329	19	0.57	0.197	0.373	good-DMR
chr1	695795	696748	22	0.784	0.831	-0.047	non-DMR
chr1	696870	697767	21	0.68	0.72	-0.04	non-DMR
chr1	697805	698800	24	0.847	0.894	-0.047	non-DMR
chr1	698826	699681	19	0.76	0.863	-0.103	sub-DMR
chr1	700195	701289	27	0.281	0.241	0.04	non-DMR
chr1	701327	702256	24	0.631	0.672	-0.041	non-DMR
chr1	702365	703493	26	0.668	0.711	-0.043	non-DMR
chr1	703594	704741	27	0.805	0.85	-0.045	non-DMR
chr1	704819	705746	23	0.433	0.696	-0.263	good-DMR
chr1	706137	707008	20	0.703	0.683	0.02	inconsistent-DMR
chr1	707082	708155	24	0.485	0.766	-0.281	good-DMR
chr1	708380	709591	27	0.674	0.711	-0.037	non-DMR
chr1	709735	710695	23	0.163	0.117	0.046	non-DMR
chr1	710717	711741	25	0.645	0.966	-0.32	good-DMR
chr1	712227	713122	23	0.485	0.681	-0.197	good-DMR
chr1	713658	714446	20	0.099	0.051	0.047	non-DMR
chr1	714526	715415	22	0.741	0.779	-0.038	non-DMR
chr1	715428	716533	25	0.348	0.11	0.239	good-DMR
chr1	717024	718010	19	0.452	0.75	-0.298	good-DMR
chr1	718427	719433	25	0.519	0.753	-0.235	good-DMR
chr1	719920	720848	23	0.597	0.868	-0.272	good-DMR
chr1	721320	722200	21	0.159	0.124	0.035	non-DMR
chr1	722271	723178	21	0.817	0.862	-0.045	non-DMR
chr1	723273	724273	24	0.745	0.782	-0.037	non-DMR
chr1	724355	725572	27	0.634	0.676	-0.042	non-DMR
chr1	725641	726580	25	0.235	0.197	0.038	non-DMR
chr1	726606	727564	20	0.444	0.786	-0.343	good-DMR
chr1	728012	728788	20	0.58	0.787	-0.207	good-DMR
chr1	729282	730174	19	0.793	0.837	-0.044	non-DMR
chr1	730306	731377	22	0.278	0.234	0.044	non-DMR
chr1	731426	732436	24	0.686	0.728	-0.043	non-DMR
chr1	732557	733551	26	0.209	0.164	0.044	non-DMR
chr1	733612	734644	23	0.336	0.118	0.218	good-DMR
chr1	735161	736224	25	0.841	0.889	-0.048	non-DMR
chr1	736279	737290	24	0.696	0.798	-0.101	sub-DMR
chr1	738955	739956	23	0.57	0.61	-0.04	non-DMR
chr1	739980	741125	27	0.712	0.753	-0.041	non-DMR
chr1	741216	742104	19	0.771	0.808	-0.037	non-DMR
chr1	742237	743215	24	0.138	0.096	0.042	non-DMR
chr1	743308	744344	24	0.347	0.077	0.27	good-DMR
chr1	744728	745726	25	0.398	0.713	-0.314	good-DMR
chr1	746212	747002	20	0.781	0.818	-0.036	non-DMR
chr1	747125	748156	23	0.728	0.766	-0.039	non-DMR
chr1	748213	749226	22	0.618	0.816	-0.198	good-DMR
chr1	749684	750615	22	0.222	0.115	0.107	sub-DMR
chr1	751012	752029	22	0.781	0.826	-0.045	non-DMR
chr1	752148	753099	20	0.156	0.111	0.045	non-DMR
chr1	753151	753862	18	0.598	0.64	-0.042	non-DMR
chr1	753960	755073	25	0.662	0.7	-0.038	non-DMR
chr1	755184	756168	27	0.821	0.864	-0.043	non-DMR
chr1	756289	757240	22	0.177	0.213	-0.036	inconsistent-DMR
chr1	757355	758268	20	0.231	0.026	0.205	good-DMR
chr1	758759	759826	26	0.832	0.871	-0.04	non-DMR
chr1	759898	760787	20	0.654	0.864	-0.21	good-DMR
chr1	761277	762216	21	0.15	0.117	0.034	non-DMR
chr1	762297	763478	30	0.207	0.166	0.041	non-DMR
chr1	763568	764580	21	0.892	0.94	-0.048	non-DMR
chr1	764683	765502	19	0.657	0.695	-0.038	non-DMR
chr1	765642	766574	21	0.698	0.742	-0.043	non-DMR
chr1	766718	767725	23	0.82	0.859	-0.039	non-DMR
chr1	767865	768895	24	0.712	0.751	-0.04	non-DMR
chr1	768994	769963	23	0.687	0.73	-0.043	non-DMR
chr1	769993	770944	22	0.801	0.843	-0.042	non-DMR
chr1	770970	771764	20	0.334	0.091	0.243	notable-DMR
chr1	771881	772786	20	0.821	0.869	-0.048	non-DMR
chr1	772879	773827	23	0.809	0.858	-0.049	non-DMR
chr1	773924	774942	24	0.599	0.703	-0.104	sub-DMR
chr1	775456	776398	22	0.743	0.784	-0.041	non-DMR
chr1	776508	777601	26	0.517	0.788	-0.271	notable-DMR
chr1	777632	778455	19	0.21	0.162	0.049	non-DMR
chr1	778540	779590	24	0.374	0.734	-0.359	good-DMR
chr1	780081	781100	21	0.572	0.763	-0.192	good-DMR
chr1	781621	782515	20	0.759	0.797	-0.038	non-DMR
chr1	782569	783438	20	0.771	0.802	-0.031	non-DMR
chr1	783550	784604	26	0.472	0.776	-0.303	notable-DMR
chr1	784663	785650	24	0.708	0.741	-0.032	non-DMR
chr1	785733	786656	21	0.757	0.805	-0.049	non-DMR
chr1	786694	787681	24	0.471	0.69	-0.219	good-DMR
chr1	788188	789075	19	0.859	0.897	-0.039	non-DMR
chr1	789094	790211	27	0.447	0.148	0.298	good-DMR
chr1	790739	791477	20	0.827	0.872	-0.045	non-DMR
chr1	791580	792678	25	0.487	0.717	-0.23	good-DMR
chr1	793180	794202	22	0.751	0.794	-0.042	non-DMR
chr1	794250	795280	23	0.576	0.775	-0.199	good-DMR
chr1	796708	797545	20	0.21	0.17	0.041	inconsistent-DMR
chr1	797671	798731	24	0.431	0.157	0.274	good-DMR
chr1	798989	799993	23	0.676	0.719	-0.043	non-DMR
chr1	800041	801040	26	0.531	0.842	-0.311	good-DMR
chr1	801477	802342	23	0.752	0.794	-0.043	non-DMR
chr1	802419	803223	24	0.721	0.875	-0.154	good-DMR
chr1	803716	804797	28	0.521	0.81	-0.289	good-DMR
chr1	805308	806240	21	0.138	0.097	0.041	non-DMR
chr1	806305	807208	21	0.62	0.659	-0.039	non-DMR
chr1	807269	808114	19	0.786	0.89	-0.104	sub-DMR
chr1	808582	809532	24	0.714	0.749	-0.036	non-DMR
chr1	809624	810599	22	0.314	0.088	0.226	good-DMR
chr1	810896	812011	24	0.759	0.76	-0.001	inconsistent-DMR
chr1	812066	812865	19	0.295	0.029	0.266	good-DMR
chr1	813380	814465	25	0.713	0.752	-0.039	non-DMR
chr1	814523	815555	26	0.453	0.695	-0.242	good-DMR
chr1	816039	816995	24	0.661	0.706	-0.044	non-DMR
chr1	817071	818078	23	0.702	0.746	-0.044	non-DMR
chr1	818177	819011	19	0.592	0.871	-0.279	notable-DMR
chr1	819118	819843	20	0.208	0.165	0.043	non-DMR
chr1	819940	821044	24	0.746	0.787	-0.04	non-DMR
chr1	821140	822194	26	0.668	0.707	-0.039	non-DMR
chr1	822212	823057	22	0.518	0.812	-0.294	good-DMR
chr1	823483	824417	20	0.758	0.798	-0.04	non-DMR
chr1	824525	825406	21	0.096	0.061	0.035	non-DMR
chr1	825500	826465	22	0.626	0.903	-0.277	good-DMR
chr1	827961	828858	22	0.905	0.947	-0.042	non-DMR
chr1	828922	829727	21	0.405	0.213	0.193	good-DMR
chr1	830246	831162	23	0.762	0.805	-0.043	non-DMR
chr1	831263	832168	21	0.268	0.058	0.211	good-DMR
chr1	832611	833422	20	0.625	0.885	-0.261	good-DMR
chr1	833955	834908	25	0.748	0.772	-0.024	non-DMR
chr1	835014	836039	26	0.483	0.838	-0.356	good-DMR
chr1	836532	837323	20	0.403	0.671	-0.268	good-DMR
chr1	837776	838544	20	0.421	0.689	-0.268	good-DMR
chr1	839021	840114	23	0.636	0.679	-0.043	non-DMR
chr1	840143	841154	23	0.499	0.69	-0.191	good-DMR
chr1	841663	842580	20	0.209	0.174	0.035	non-DMR
chr1	842673	843563	21	0.445	0.706	-0.261	good-DMR
chr1	844069	845022	25	0.521	0.633	-0.111	sub-DMR
chr1	845526	846555	23	0.154	0.113	0.041	non-DMR
chr1	846675	847396	22	0.143	0.097	0.046	non-DMR
chr1	847532	848450	21	0.193	0.154	0.04	non-DMR
chr1	848548	849481	22	0.826	0.865	-0.039	non-DMR
chr1	849586	850578	24	0.757	0.78	-0.023	inconsistent-DMR
chr1	850681	851713	23	0.69	0.801	-0.111	sub-DMR
chr1	852252	853295	27	0.791	0.837	-0.045	non-DMR
chr1	853376	854326	22	0.617	0.658	-0.041	non-DMR
chr1	854422	855309	21	0.087	0.038	0.049	non-DMR
chr1	855395	856418	23	0.611	0.845	-0.234	good-DMR
chr1	856841	858051	27	0.505	0.697	-0.192	good-DMR
chr1	858540	859410	21	0.766	0.806	-0.039	non-DMR
chr1	859491	860632	27	0.731	0.772	-0.042	non-DMR
chr1	860761	861615	22	0.796	0.842	-0.046	non-DMR
chr1	861722	862870	26	0.464	0.211	0.253	good-DMR
chr1	863246	864043	18	0.42	0.103	0.318	good-DMR
chr1	864516	865613	26	0.143	0.103	0.04	non-DMR
chr1	865699	866697	26	0.471	0.818	-0.347	good-DMR
chr1	867085	868149	27	0.719	0.759	-0.04	non-DMR
chr1	868270	869075	19	0.565	0.61	-0.045	non-DMR
chr1	869147	870003	20	0.472	0.726	-0.254	good-DMR
chr1	870527	871423	20	0.647	0.69	-0.043	non-DMR
chr1	871543	872532	25	0.712	0.755	-0.043	non-DMR
chr1	872608	873505	23	0.787	0.825	-0.039	non-DMR
chr1	873535	874692	29	0.113	0.071	0.042	non-DMR
chr1	874801	875608	22	0.163	0.114	0.049	non-DMR
chr1	875695	876617	19	0.463	0.2	0.264	good-DMR
chr1	877129	878188	26	0.622	0.658	-0.035	non-DMR
chr1	878241	879162	24	0.851	0.897	-0.046	non-DMR
chr1	879284	880329	24	0.73	0.778	-0.048	non-DMR
chr1	880386	881459	27	0.411	0.739	-0.328	good-DMR
chr1	881919	882876	25	0.7	0.738	-0.038	non-DMR
chr1	883001	883990	21	0.639	0.67	-0.031	non-DMR
chr1	884060	884966	22	0.221	0.186	0.036	non-DMR
chr1	885004	885966	22	0.096	0.049	0.047	non-DMR
chr1	886088	887128	25	0.72	0.767	-0.047	non-DMR
chr1	887196	887946	21	0.698	0.913	-0.215	good-DMR
chr1	888356	889173	21	0.174	0.126	0.048	non-DMR
chr1	889238	890137	21	0.566	0.605	-0.04	non-DMR
chr1	890196	891174	26	0.552	0.8	-0.247	notable-DMR
chr1	891234	892055	20	0.323	0.284	0.039	non-DMR
chr1	892137	893271	24	0.639	0.687	-0.049	non-DMR
chr1	893334	894436	24	0.601	0.639	-0.038	non-DMR
chr1	894564	895569	25	0.808	0.849	-0.041	non-DMR
chr1	895656	896481	20	0.584	0.851	-0.267	good-DMR
chr1	896984	897822	19	0.811	0.851	-0.041	non-DMR
chr1	897910	898733	21	0.4	0.643	-0.243	good-DMR
chr1	899238	900279	25	0.418	0.721	-0.302	good-DMR
chr1	900815	901751	22	0.531	0.574	-0.043	non-DMR
chr1	901779	902773	24	0.439	0.755	-0.315	good-DMR
chr1	903303	904131	19	0.703	0.738	-0.035	non-DMR
chr1	904202	905193	23	0.209	0.165	0.044	non-DMR
chr1	905327	906362	23	0.689	0.721	-0.032	non-DMR
chr1	906384	907237	17	0.488	0.745	-0.257	good-DMR
chr1	907617	908723	23	0.73	0.778	-0.048	non-DMR
chr1	908739	909645	23	0.451	0.195	0.256	good-DMR
chr1	910170	911048	20	0.587	0.632	-0.045	non-DMR
chr1	911106	912096	23	0.592	0.824	-0.232	good-DMR
chr1	912580	913507	19	0.171	0.116	0.054	non-DMR
chr1	913619	914595	23	0.759	0.797	-0.038	non-DMR
chr1	914659	915529	21	0.579	0.623	-0.044	non-DMR
chr1	915636	916525	19	0.147	0.038	0.108	sub-DMR
chr1	916967	917677	17	0.552	0.802	-0.25	good-DMR
chr1	918191	919144	27	0.719	0.76	-0.041	non-DMR
chr1	919235	920238	22	0.722	0.769	-0.047	non-DMR
chr1	920298	921188	21	0.328	0.101	0.228	good-DMR
chr1	921673	922748	24	0.748	0.79	-0.042	non-DMR
chr1	922796	923862	22	0.828	0.868	-0.04	non-DMR
chr1	923971	924865	20	0.691	0.727	-0.036	non-DMR
chr1	924975	925894	25	0.645	0.675	-0.03	non-DMR
chr1	925986	926979	27	0.887	0.927	-0.04	non-DMR
chr1	927117	928191	24	0.662	0.704	-0.042	non-DMR
chr1	928295	929264	26	0.487	0.763	-0.276	notable-DMR
chr1	929312	930266	22	0.71	0.755	-0.044	non-DMR
chr1	930371	931544	28	0.796	0.898	-0.102	sub-DMR
chr1	932038	933062	24	0.611	0.773	-0.162	good-DMR
chr1	933525	934509	25	0.662	0.701	-0.039	non-DMR
chr1	934600	935693	26	0.683	0.728	-0.045	non-DMR
chr1	935786	936763	21	0.552	0.597	-0.045	non-DMR
chr1	936873	938080	30	0.738	0.778	-0.04	non-DMR
chr1	938161	939045	23	0.622	0.666	-0.044	non-DMR
chr1	939090	940137	23	0.684	0.874	-0.19	good-DMR
chr1	940515	941362	25	0.492	0.662	-0.17	good-DMR
chr1	941794	942840	27	0.262	0.108	0.154	good-DMR
chr1	943292	944453	25	0.145	0.105	0.04	non-DMR
chr1	944517	945606	28	0.732	0.739	-0.006	inconsistent-DMR
chr1	945738	946724	23	0.819	0.851	-0.032	non-DMR
chr1	946779	947723	23	0.772	0.806	-0.034	non-DMR
chr1	947801	948585	18	0.758	0.795	-0.037	non-DMR
chr1	948665	949815	25	0.808	0.847	-0.039	non-DMR
chr1	949918	950736	21	0.741	0.784	-0.043	non-DMR
chr1	950829	951719	21	0.806	0.843	-0.037	non-DMR
chr1	951830	952803	24	0.563	0.612	-0.048	non-DMR
chr1	952866	953799	20	0.867	0.907	-0.041	non-DMR
chr1	953848	954715	22	0.625	0.668	-0.043	non-DMR
chr1	954811	955912	26	0.389	0.182	0.207	good-DMR
chr1	956270	957116	21	0.178	0.148	0.03	non-DMR
chr1	957157	958149	22	0.245	0.101	0.145	good-DMR
chr1	958641	959665	27	0.801	0.839	-0.038	non-DMR
chr1	959779	960568	18	0.777	0.81	-0.032	non-DMR
chr1	960665	961481	22	0.37	0.689	-0.319	good-DMR
chr1	961840	962855	22	0.253	0.152	0.102	sub-DMR
chr1	963319	964053	21	0.529	0.836	-0.307	good-DMR
chr1	964594	965536	21	0.755	0.798	-0.043	non-DMR
chr1	965621	966488	21	0.141	0.107	0.034	non-DMR
chr1	966626	967581	24	0.645	0.685	-0.04	non-DMR
chr1	967717	968522	18	0.688	0.736	-0.049	non-DMR
chr1	968632	969673	26	0.658	0.701	-0.043	non-DMR
chr1	969744	970650	21	0.434	0.121	0.313	good-DMR
chr1	971086	971929	19	0.789	0.831	-0.042	non-DMR
chr1	972075	973010	22	0.833	0.87	-0.037	non-DMR
chr1	973105	974192	23	0.732	0.766	-0.034	non-DMR
chr1	974253	975110	21	0.631	0.923	-0.292	good-DMR
chr1	975571	976741	26	0.788	0.831	-0.043	non-DMR
chr1	976798	977908	26	0.668	0.714	-0.047	non-DMR
chr1	978019	979026	24	0.416	0.383	0.033	inconsistent-DMR
chr1	979120	980057	23	0.79	0.892	-0.102	sub-DMR
chr1	980531	981503	22	0.842	0.877	-0.035	non-DMR
chr1	981634	982767	24	0.11	0.073	0.036	non-DMR
chr1	982868	983715	19	0.388	0.674	-0.285	good-DMR
chr1	984180	985128	21	0.794	0.843	-0.049	non-DMR
chr1	985177	986133	20	0.585	0.831	-0.246	good-DMR
chr1	986612	987601	25	0.8	0.837	-0.037	non-DMR
chr1	987730	988810	24	0.703	0.741	-0.038	non-DMR
chr1	988896	989877	25	0.637	0.673	-0.036	non-DMR
chr1	989968	990782	20	0.503	0.54	-0.037	non-DMR
chr1	990862	991955	25	0.489	0.747	-0.258	good-DMR
chr1	992412	993418	23	0.722	0.769	-0.047	non-DMR
chr1	993503	994556	25	0.844	0.886	-0.042	non-DMR
chr1	994640	995567	20	0.695	0.799	-0.104	sub-DMR
chr1	996097	996868	17	0.605	0.636	-0.031	non-DMR
chr1	996914	997880	21	0.652	0.914	-0.261	good-DMR
chr1	998405	999363	23	0.16	0.123	0.037	non-DMR
chr1	999388	1000414	24	0.325	0.057	0.268	good-DMR
chr1	1000942	1002044	28	0.764	0.805	-0.041	non-DMR
chr1	1002086	1003207	26	0.765	0.799	-0.034	non-DMR
chr1	1003348	1004126	17	0.626	0.577	0.05	non-DMR
chr1	1004250	1005112	22	0.741	0.784	-0.043	non-DMR
chr1	1005161	1006052	22	0.714	0.754	-0.04	non-DMR
chr1	1006156	1007168	26	0.579	0.684	-0.105	sub-DMR
chr1	1007587	1008666	24	0.745	0.789	-0.043	non-DMR
chr1	1008756	1009804	26	0.586	0.81	-0.224	good-DMR
chr1	1011459	1012334	22	0.162	0.116	0.046	non-DMR
chr1	1012367	1013149	20	0.727	0.762	-0.035	non-DMR
chr1	1013232	1014158	22	0.666	0.706	-0.04	non-DMR
chr1	1015193	1015918	22	0.197	0.163	0.034	non-DMR
chr1	1015937	1016962	22	0.386	0.657	-0.271	good-DMR
chr1	1017481	1018340	20	0.192	0.14	0.052	non-DMR
chr1	1018448	1019332	18	0.54	0.747	-0.206	good-DMR
chr1	1019815	1020870	25	0.737	0.777	-0.04	non-DMR
chr1	1020934	1021782	22	0.69	0.725	-0.035	non-DMR
chr1	1021803	1022890	26	0.408	0.733	-0.325	good-DMR
chr1	1023374	1024521	26	0.757	0.801	-0.044	non-DMR
chr1	1024607	1025595	26	0.088	0.054	0.035	non-DMR
chr1	1025676	1026601	19	0.63	0.884	-0.254	good-DMR
chr1	1027109	1027993	22	0.579	0.848	-0.269	good-DMR
chr1	1028517	1029441	23	0.609	0.62	-0.011	inconsistent-DMR
chr1	1029624	1030504	22	0.783	0.813	-0.03	non-DMR
chr1	1030602	1031648	25	0.185	0.146	0.039	non-DMR
chr1	1031725	1032562	22	0.464	0.684	-0.22	good-DMR
chr1	1032928	1033733	19	0.722	0.76	-0.038	non-DMR
chr1	1033800	1034921	26	0.243	0.195	0.047	non-DMR
chr1	1034990	1036036	24	0.452	0.651	-0.199	notable-DMR
chr1	1036129	1037029	24	0.737	0.78	-0.043	non-DMR
chr1	1037099	1038143	26	0.103	0.068	0.035	non-DMR
chr1	1038188	1039296	26	0.838	0.875	-0.036	non-DMR
chr1	1039389	1040486	26	0.306	0.085	0.221	good-DMR
chr1	1040902	1042027	26	0.133	0.099	0.034	non-DMR
chr1	1042112	1042986	19	0.807	0.852	-0.045	non-DMR
chr1	1043037	1044161	28	0.879	0.926	-0.048	non-DMR
chr1	1044280	1045402	27	0.098	0.051	0.047	non-DMR
chr1	1045453	1046404	23	0.533	0.795	-0.261	notable-DMR
chr1	1046497	1047427	22	0.635	0.672	-0.037	non-DMR
chr1	1047462	1048388	24	0.82	0.867	-0.047	non-DMR
chr1	1048467	1049475	22	0.635	0.674	-0.039	non-DMR
chr1	1049543	1050446	23	0.823	0.862	-0.039	non-DMR
chr1	1050534	1051520	22	0.515	0.255	0.26	good-DMR
chr1	1051973	1052953	22	0.632	0.681	-0.048	non-DMR
chr1	1053052	1054070	22	0.612	0.836	-0.224	good-DMR
chr1	1054556	1055574	22	0.158	0.109	0.05	non-DMR
chr1	1055675	1056537	23	0.784	0.817	-0.033	non-DMR
chr1	1057683	1058645	25	0.915	0.953	-0.038	non-DMR
chr1	1058763	1059450	19	0.85	0.896	-0.046	non-DMR
chr1	1059541	1060550	24	0.089	0.054	0.036	non-DMR
chr1	1060641	1061811	25	0.823	0.866	-0.044	non-DMR
chr1	1061902	1062725	21	0.331	0.084	0.247	good-DMR
chr1	1063148	1064073	22	0.589	0.862	-0.272	good-DMR
chr1	1064562	1065542	23	0.712	0.752	-0.041	non-DMR
chr1	1065632	1066603	23	0.512	0.748	-0.236	good-DMR
chr1	1067134	1068116	22	0.136	0.095	0.041	non-DMR
chr1	1068161	1069273	25	0.48	0.676	-0.196	good-DMR
chr1	1069780	1070618	20	0.778	0.819	-0.041	non-DMR
chr1	1070698	1071508	19	0.336	0.142	0.194	good-DMR
chr1	1072003	1072966	24	0.777	0.817	-0.04	non-DMR
chr1	1073087	1074106	26	0.755	0.801	-0.046	non-DMR
chr1	1074167	1075164	24	0.79	0.831	-0.041	non-DMR
chr1	1075263	1076347	26	0.767	0.784	-0.016	inconsistent-DMR
chr1	1076444	1077309	22	0.605	0.833	-0.227	good-DMR
chr1	1077810	1078678	22	0.778	0.822	-0.044	non-DMR
chr1	1078767	1079622	22	0.776	0.815	-0.04	non-DMR
chr1	1079645	1080410	20	0.5	0.227	0.273	good-DMR
chr1	1080957	1082024	27	0.762	0.805	-0.043	non-DMR
chr1	1082098	1083012	24	0.54	0.817	-0.277	notable-DMR
chr1	1083034	1083901	22	0.822	0.863	-0.041	non-DMR
chr1	1083919	1084914	25	0.333	0.633	-0.3	good-DMR
chr1	1085409	1086462	26	0.71	0.816	-0.107	sub-DMR
chr1	1086961	1087872	21	0.235	0.197	0.037	non-DMR
chr1	1087918	1088751	20	0.533	0.818	-0.285	good-DMR
chr1	1089113	1090194	24	0.528	0.587	-0.059	inconsistent-DMR
chr1	1090318	1091376	28	0.102	0.068	0.034	non-DMR
chr1	1091440	1092499	24	0.595	0.636	-0.041	non-DMR
chr1	1092539	1093669	31	0.802	0.842	-0.04	non-DMR
chr1	1093726	1094582	20	0.354	0.689	-0.334	good-DMR
chr1	1095000	1095901	22	0.789	0.827	-0.038	non-DMR
chr1	1095962	1097145	28	0.677	0.719	-0.043	non-DMR
chr1	1097202	1098032	20	0.791	0.833	-0.043	non-DMR
chr1	1098087	1099100	23	0.571	0.804	-0.233	good-DMR
chr1	1099594	1100499	23	0.727	0.762	-0.035	non-DMR
chr1	1100561	1101483	21	0.849	0.894	-0.045	non-DMR
chr1	1101559	1102535	25	0.721	0.752	-0.031	non-DMR
chr1	1102616	1103483	24	0.365	0.071	0.294	good-DMR
chr1	1103793	1104869	22	0.574	0.815	-0.241	good-DMR
chr1	1105255	1106212	21	0.73	0.774	-0.044	non-DMR
chr1	1106256	1107161	21	0.57	0.796	-0.226	good-DMR
chr1	1107518	1108588	27	0.55	0.656	-0.105	sub-DMR
chr1	1109096	1110235	31	0.835	0.881	-0.047	non-DMR
chr1	1110338	1111321	25	0.434	0.228	0.206	good-DMR
chr1	1111698	1112768	24	0.847	0.887	-0.04	non-DMR
chr1	1112825	1113827	24	0.179	0.143	0.036	non-DMR
chr1	1113884	1114894	21	0.782	0.828	-0.045	non-DMR
chr1	1115042	1115764	18	0.171	0.135	0.036	non-DMR
chr1	1115845	1116700	19	0.344	0.111	0.234	good-DMR
chr1	1117195	1118084	21	0.428	0.124	0.304	good-DMR
chr1	1118577	1119378	20	0.571	0.781	-0.21	good-DMR
chr1	1119692	1120672	25	0.19	0.14	0.05	non-DMR
chr1	1120786	1121887	25	0.166	0.125	0.041	non-DMR
chr1	1121969	1122981	28	0.187	0.135	0.052	non-DMR
chr1	1123102	1123853	18	0.864	0.906	-0.042	non-DMR
chr1	1123989	1124883	23	0.665	0.692	-0.027	non-DMR
chr1	1124968	1125882	21	0.141	0.097	0.044	non-DMR
chr1	1125956	1126739	20	0.587	0.627	-0.04	non-DMR
chr1	1126769	1127770	22	0.763	0.865	-0.102	sub-DMR
chr1	1128298	1129213	22	0.849	0.886	-0.037	non-DMR
chr1	1129280	1130326	22	0.522	0.72	-0.198	good-DMR
chr1	1130730	1131748	22	0.648	0.756	-0.107	sub-DMR
chr1	1132222	1133272	24	0.268	0.047	0.221	good-DMR
chr1	1133779	1134628	22	0.146	0.108	0.038	non-DMR
chr1	1134720	1135577	22	0.754	0.8	-0.046	non-DMR
chr1	1135705	1136638	21	0.709	0.757	-0.047	non-DMR
chr1	1136737	1137808	26	0.85	0.891	-0.041	non-DMR
chr1	1137855	1138687	21	0.238	0.195	0.043	non-DMR
chr1	1138796	1139709	20	0.824	0.866	-0.042	non-DMR
chr1	1139832	1140743	22	0.716	0.755	-0.039	non-DMR
chr1	1140859	1141810	25	0.734	0.744	-0.01	inconsistent-DMR
chr1	1141996	1143017	23	0.583	0.546	0.036	non-DMR
chr1	1143085	1144050	24	0.649	0.824	-0.176	good-DMR
chr1	1144393	1145215	18	0.643	0.596	0.047	non-DMR
chr1	1145307	1146243	20	0.181	0.145	0.036	non-DMR
chr1	1147544	1148552	24	0.797	0.844	-0.046	non-DMR
chr1	1148682	1149733	23	0.81	0.848	-0.039	non-DMR
chr1	1149843	1150606	19	0.625	0.872	-0.247	good-DMR
chr1	1151075	1152090	24	0.798	0.839	-0.041	non-DMR
chr1	1152168	1153257	30	0.692	0.838	-0.146	good-DMR
chr1	1153703	1154697	26	0.083	0.046	0.038	non-DMR
chr1	1154804	1155625	19	0.625	0.665	-0.04	non-DMR
chr1	1155711	1156687	22	0.815	0.85	-0.035	non-DMR
chr1	1156815	1157822	24	0.145	0.109	0.036	non-DMR
chr1	1157870	1158973	28	0.131	0.093	0.038	non-DMR
chr1	1159093	1160335	29	0.713	0.757	-0.045	non-DMR
chr1	1160419	1161345	23	0.873	0.912	-0.04	non-DMR
chr1	1161470	1162397	25	0.759	0.802	-0.043	non-DMR
chr1	1162504	1163256	19	0.828	0.864	-0.035	non-DMR
chr1	1163358	1164241	24	0.088	0.048	0.039	non-DMR
chr1	1164324	1165395	23	0.687	0.73	-0.043	non-DMR
chr1	1165442	1166341	23	0.778	0.82	-0.043	non-DMR
chr1	1166395	1167418	22	0.344	0.308	0.036	non-DMR
chr1	1167520	1168556	24	0.748	0.793	-0.044	non-DMR
chr1	1168664	1169505	22	0.291	0.054	0.237	good-DMR
chr1	1169991	1170959	22	0.845	0.88	-0.035	non-DMR
chr1	1171012	1172034	23	0.611	0.81	-0.199	good-DMR
chr1	1172479	1173324	20	0.594	0.624	-0.031	non-DMR
chr1	1173390	1174361	24	0.909	0.948	-0.038	non-DMR
chr1	1174477	1175382	21	0.672	0.715	-0.043	non-DMR
chr1	1175457	1176355	22	0.656	0.703	-0.047	non-DMR
chr1	1176450	1177440	22	0.687	0.802	-0.115	sub-DMR
chr1	1177906	1178559	19	0.527	0.729	-0.201	good-DMR
chr1	1179021	1180035	25	0.59	0.631	-0.042	non-DMR
chr1	1180108	1180976	20	0.344	0.105	0.239	good-DMR
chr1	1181502	1182630	31	0.863	0.902	-0.04	non-DMR
chr1	1182770	1183880	28	0.794	0.834	-0.04	non-DMR
chr1	1183937	1185047	23	0.16	0.131	0.03	non-DMR
chr1	1185152	1186004	20	0.266	0.053	0.213	good-DMR
chr1	1186467	1187422	24	0.747	0.779	-0.032	non-DMR
chr1	1187468	1188593	28	0.697	0.735	-0.037	non-DMR
chr1	1188640	1189567	23	0.743	0.794	-0.051	non-DMR
chr1	1189696	1190637	27	0.638	0.676	-0.038	non-DMR
chr1	1190775	1191551	20	0.105	0.077	0.028	non-DMR
chr1	1191591	1192607	26	0.58	0.788	-0.208	good-DMR
chr1	1193083	1193939	24	0.759	0.799	-0.039	non-DMR
chr1	1194044	1194899	23	0.719	0.757	-0.037	non-DMR
chr1	1194933	1195918	24	0.739	0.783	-0.044	non-DMR
chr1	1195991	1197013	27	0.688	0.724	-0.036	non-DMR
chr1	1197092	1198015	23	0.756	0.794	-0.038	non-DMR
chr1	1198054	1199036	24	0.597	0.848	-0.251	good-DMR
chr1	1199568	1200506	23	0.71	0.748	-0.038	non-DMR
chr1	1200622	1201764	25	0.742	0.777	-0.035	non-DMR
chr1	1201806	1202768	22	0.745	0.784	-0.039	non-DMR
chr1	1202880	1203842	20	0.193	0.148	0.045	non-DMR
chr1	1203929	1204821	21	0.686	0.728	-0.043	non-DMR
chr1	1204905	1205991	24	0.734	0.768	-0.034	non-DMR
chr1	1206020	1206996	23	0.614	0.831	-0.217	good-DMR
chr1	1207487	1208693	32	0.556	0.714	-0.158	good-DMR
chr1	1209123	1210050	20	0.656	0.917	-0.261	good-DMR
chr1	1210526	1211440	21	0.893	0.93	-0.037	non-DMR
chr1	1211570	1212636	24	0.544	0.588	-0.044	non-DMR
chr1	1212722	1213839	23	0.678	0.702	-0.024	inconsistent-DMR
chr1	1213962	1215014	23	0.574	0.898	-0.324	good-DMR
chr1	1215534	1216440	23	0.753	0.791	-0.038	non-DMR
chr1	1216506	1217398	19	0.644	0.601	0.043	non-DMR
chr1	1217424	1218450	27	0.545	0.846	-0.3	good-DMR
chr1	1218932	1219927	23	0.716	0.76	-0.044	non-DMR
chr1	1219994	1221010	22	0.37	0.139	0.231	good-DMR
chr1	1221542	1222617	23	0.123	0.087	0.036	non-DMR
chr1	1222673	1223648	23	0.517	0.787	-0.27	good-DMR
chr1	1224175	1225178	26	0.846	0.884	-0.039	non-DMR
chr1	1225232	1226248	24	0.576	0.686	-0.11	sub-DMR
chr1	1226764	1227809	26	0.631	0.675	-0.045	non-DMR
chr1	1227886	1228768	22	0.657	0.823	-0.166	good-DMR
chr1	1229316	1230168	20	0.895	0.928	-0.033	non-DMR
chr1	1230225	1231347	25	0.829	0.867	-0.038	non-DMR
chr1	1231404	1232358	22	0.712	0.746	-0.034	non-DMR
chr1	1232458	1233388	23	0.383	0.065	0.318	good-DMR
chr1	1233812	1234732	24	0.742	0.914	-0.171	good-DMR
chr1	1235167	1236131	21	0.687	0.85	-0.163	good-DMR
chr1	1236627	1237619	23	0.556	0.854	-0.298	good-DMR
chr1	1238006	1239148	29	0.578	0.679	-0.101	sub-DMR
chr1	1239649	1240741	27	0.614	0.656	-0.042	non-DMR
chr1	1240815	1241999	26	0.705	0.694	0.01	inconsistent-DMR
chr1	1242059	1243078	23	0.489	0.794	-0.306	good-DMR
chr1	1243508	1244385	23	0.74	0.779	-0.038	non-DMR
chr1	1244475	1245434	23	0.779	0.821	-0.042	non-DMR
chr1	1245538	1246493	24	0.161	0.12	0.041	non-DMR
chr1	1246549	1247420	22	0.776	0.877	-0.101	sub-DMR
chr1	1247880	1248789	21	0.696	0.732	-0.036	non-DMR
chr1	1248888	1249792	23	0.795	0.836	-0.041	non-DMR
chr1	1249862	1250840	25	0.838	0.882	-0.043	non-DMR
chr1	1250887	1251833	22	0.533	0.847	-0.314	good-DMR
chr1	1252337	1252956	16	0.853	0.891	-0.038	non-DMR
chr1	1253025	1253861	20	0.372	0.121	0.251	good-DMR
chr1	1254307	1255304	26	0.646	0.689	-0.043	non-DMR
chr1	1255438	1256406	24	0.182	0.226	-0.044	inconsistent-DMR
chr1	1256547	1257434	24	0.693	0.669	0.024	inconsistent-DMR
