chr	start	end	CpG_count	treatment_methylation	control_methylation	mean_delta_methylation	category
chr1	100005	101038	25	0.61	0.858	-0.248	good-DMR
chr1	101452	102361	23	0.465	0.279	0.185	good-DMR
chr1	102781	103643	21	0.747	0.784	-0.038	non-DMR
chr1	103703	104615	21	0.737	0.773	-0.036	non-DMR
chr1	104672	105655	21	0.43	0.168	0.262	good-DMR
chr1	106133	107210	26	0.446	0.745	-0.299	good-DMR
chr1	107699	108646	23	0.544	0.212	0.332	good-DMR
chr1	109115	110032	23	0.818	0.86	-0.042	non-DMR
chr1	110117	111121	22	0.632	0.879	-0.246	good-DMR
chr1	111609	112628	27	0.755	0.798	-0.043	non-DMR
chr1	112725	113714	23	0.574	0.274	0.301	good-DMR
chr1	114262	115170	24	0.162	0.124	0.038	non-DMR
chr1	115278	116093	19	0.42	0.308	0.111	sub-DMR
chr1	116445	117427	26	0.631	0.668	-0.037	non-DMR
chr1	117474	118519	25	0.518	0.775	-0.256	good-DMR
chr1	118822	119828	23	0.339	0.734	-0.395	good-DMR
chr1	120323	121349	27	0.664	0.705	-0.042	non-DMR
chr1	121480	122284	19	0.109	0.057	0.052	non-DMR
chr1	122397	123353	20	0.647	0.701	-0.054	non-DMR
chr1	123437	124415	24	0.416	0.729	-0.313	notable-DMR
chr1	124452	125518	26	0.84	0.885	-0.045	non-DMR
chr1	125544	126450	23	0.46	0.717	-0.257	notable-DMR
chr1	126549	127484	23	0.639	0.678	-0.039	non-DMR
chr1	127580	128571	22	0.805	0.851	-0.046	non-DMR
chr1	128584	129482	22	0.412	0.171	0.242	good-DMR
chr1	129904	131010	26	0.539	0.587	-0.048	non-DMR
chr1	131099	132065	24	0.749	0.793	-0.044	non-DMR
chr1	132103	133004	24	0.397	0.643	-0.246	good-DMR
chr1	133505	134338	19	0.807	0.85	-0.043	non-DMR
chr1	134398	135230	20	0.184	0.525	-0.34	good-DMR
chr1	135594	136500	22	0.542	0.181	0.361	good-DMR
chr1	136968	137833	21	0.799	0.841	-0.042	non-DMR
chr1	137909	138681	22	0.752	0.794	-0.042	non-DMR
chr1	138783	139698	21	0.14	0.105	0.035	non-DMR
chr1	139830	140599	21	0.814	0.856	-0.042	non-DMR
chr1	140692	141582	24	0.594	0.853	-0.259	good-DMR
chr1	142098	142959	21	0.791	0.833	-0.042	non-DMR
chr1	143041	144140	24	0.156	0.12	0.037	non-DMR
chr1	144234	145153	22	0.711	0.753	-0.042	non-DMR
chr1	145270	146386	25	0.223	0.194	0.028	non-DMR
chr1	146438	147331	22	0.225	0.191	0.034	non-DMR
chr1	147372	148148	17	0.779	0.814	-0.035	non-DMR
chr1	149118	150074	24	0.638	0.671	-0.033	non-DMR
chr1	150193	151203	26	0.877	0.924	-0.047	non-DMR
chr1	151281	152189	23	0.79	0.836	-0.046	non-DMR
chr1	152256	153302	22	0.114	0.072	0.041	non-DMR
chr1	153331	154195	19	0.83	0.877	-0.046	non-DMR
chr1	154237	155355	27	0.802	0.839	-0.038	non-DMR
chr1	155439	156448	22	0.22	0.18	0.04	non-DMR
chr1	156526	157698	28	0.254	0.067	0.187	good-DMR
chr1	158173	159082	21	0.808	0.848	-0.04	non-DMR
chr1	159138	159944	21	0.782	0.829	-0.047	non-DMR
chr1	160019	160847	22	0.49	0.78	-0.29	notable-DMR
chr1	160871	161668	20	0.243	0.204	0.039	non-DMR
chr1	161794	162736	24	0.825	0.866	-0.041	non-DMR
chr1	162805	163605	21	0.516	0.755	-0.238	good-DMR
chr1	164077	165314	30	0.76	0.792	-0.032	non-DMR
chr1	165372	166295	20	0.489	0.68	-0.191	good-DMR
chr1	166814	167892	24	0.808	0.855	-0.047	non-DMR
chr1	168001	168949	23	0.774	0.817	-0.043	non-DMR
chr1	170110	171055	24	0.729	0.761	-0.033	non-DMR
chr1	171154	172094	22	0.578	0.614	-0.036	non-DMR
chr1	172148	173291	23	0.107	0.064	0.043	non-DMR
chr1	173354	174314	23	0.86	0.9	-0.04	non-DMR
chr1	174395	175299	20	0.158	0.052	0.106	sub-DMR
chr1	175776	176702	23	0.132	0.099	0.034	non-DMR
chr1	176756	177470	21	0.136	0.092	0.044	non-DMR
chr1	177554	178496	20	0.529	0.634	-0.105	sub-DMR
chr1	178953	179767	19	0.104	0.065	0.039	non-DMR
chr1	179868	180841	22	0.68	0.717	-0.037	non-DMR
chr1	180875	181798	22	0.676	0.779	-0.103	sub-DMR
chr1	182290	183317	23	0.521	0.853	-0.332	good-DMR
chr1	183830	184717	21	0.831	0.874	-0.043	non-DMR
chr1	184804	185584	19	0.193	0.151	0.042	non-DMR
chr1	185651	186494	19	0.564	0.742	-0.178	good-DMR
chr1	186973	188027	24	0.43	0.136	0.294	good-DMR
chr1	188490	189432	25	0.655	0.702	-0.047	non-DMR
chr1	189457	190478	24	0.756	0.796	-0.039	non-DMR
chr1	190585	191605	23	0.748	0.785	-0.037	non-DMR
chr1	192740	193773	24	0.418	0.081	0.337	good-DMR
chr1	194292	195305	26	0.179	0.136	0.043	non-DMR
chr1	195373	196332	25	0.471	0.77	-0.299	good-DMR
chr1	196754	197646	20	0.598	0.793	-0.195	good-DMR
chr1	198079	198963	21	0.454	0.778	-0.323	good-DMR
chr1	199491	200452	24	0.824	0.856	-0.031	non-DMR
chr1	200554	201815	32	0.772	0.874	-0.102	sub-DMR
chr1	202141	203146	21	0.717	0.755	-0.038	non-DMR
chr1	203281	204142	23	0.261	0.216	0.045	non-DMR
chr1	204237	205248	24	0.748	0.781	-0.032	non-DMR
chr1	205346	206242	24	0.838	0.879	-0.042	non-DMR
chr1	206292	207247	22	0.636	0.686	-0.05	non-DMR
chr1	207336	208292	24	0.288	0.082	0.206	good-DMR
chr1	208772	209814	25	0.518	0.816	-0.297	good-DMR
chr1	210314	211308	26	0.62	0.661	-0.041	non-DMR
chr1	211399	212295	20	0.861	0.904	-0.043	non-DMR
chr1	212353	213286	24	0.744	0.783	-0.038	non-DMR
chr1	213407	214434	24	0.834	0.873	-0.039	non-DMR
chr1	214467	215448	27	0.54	0.775	-0.235	good-DMR
chr1	215892	216746	19	0.649	0.761	-0.112	sub-DMR
chr1	217247	218154	23	0.31	0.133	0.177	good-DMR
chr1	218546	219442	22	0.503	0.715	-0.212	good-DMR
chr1	219962	221054	27	0.493	0.533	-0.04	non-DMR
chr1	221084	222020	21	0.846	0.885	-0.038	non-DMR
chr1	222046	223013	27	0.596	0.866	-0.271	good-DMR
chr1	223492	224535	25	0.628	0.92	-0.292	good-DMR
chr1	225037	226144	26	0.633	0.672	-0.039	non-DMR
chr1	226247	227268	23	0.644	0.681	-0.037	non-DMR
chr1	227348	228213	19	0.084	0.048	0.037	non-DMR
chr1	228270	229333	26	0.777	0.813	-0.036	non-DMR
chr1	229438	230431	22	0.178	0.143	0.035	non-DMR
chr1	230477	231251	17	0.239	0.197	0.041	non-DMR
chr1	231371	232363	28	0.803	0.84	-0.036	non-DMR
chr1	232426	233504	24	0.609	0.855	-0.246	good-DMR
chr1	234015	234887	20	0.556	0.597	-0.041	non-DMR
chr1	234943	235924	24	0.604	0.819	-0.215	good-DMR
chr1	236444	237500	24	0.289	0.248	0.042	inconsistent-DMR
chr1	237603	238692	27	0.866	0.968	-0.102	sub-DMR
chr1	239090	240103	22	0.172	0.07	0.102	sub-DMR
chr1	240498	241312	18	0.494	0.604	-0.111	sub-DMR
chr1	241806	242940	23	0.371	0.089	0.281	good-DMR
chr1	243373	244281	22	0.527	0.814	-0.287	good-DMR
chr1	244787	245761	24	0.537	0.736	-0.199	good-DMR
chr1	246179	246991	21	0.805	0.836	-0.032	non-DMR
chr1	247002	248089	27	0.6	0.83	-0.23	good-DMR
chr1	248579	249818	29	0.204	0.151	0.053	non-DMR
chr1	249897	250903	24	0.515	0.741	-0.226	good-DMR
chr1	251296	252171	20	0.445	0.148	0.297	good-DMR
chr1	252684	253777	24	0.822	0.859	-0.036	non-DMR
chr1	253880	254983	26	0.759	0.802	-0.044	non-DMR
chr1	255053	256137	24	0.83	0.872	-0.042	non-DMR
chr1	256263	257270	21	0.802	0.842	-0.041	non-DMR
chr1	257344	258283	28	0.817	0.86	-0.043	non-DMR
chr1	258364	259294	20	0.198	0.156	0.043	non-DMR
chr1	259342	260301	24	0.25	0.077	0.173	good-DMR
chr1	260787	261896	24	0.455	0.709	-0.253	good-DMR
chr1	262216	263166	21	0.563	0.77	-0.207	good-DMR
chr1	263661	264774	27	0.289	0.072	0.216	good-DMR
chr1	265276	266061	20	0.707	0.754	-0.047	non-DMR
chr1	266145	267213	26	0.242	0.055	0.187	good-DMR
chr1	267737	268757	29	0.578	0.625	-0.046	non-DMR
chr1	268811	269844	24	0.429	0.109	0.319	notable-DMR
chr1	270830	271696	22	0.541	0.712	-0.171	good-DMR
chr1	272199	273230	24	0.658	0.621	0.037	inconsistent-DMR
chr1	273377	274268	22	0.776	0.824	-0.048	non-DMR
chr1	274333	275438	26	0.781	0.826	-0.045	non-DMR
chr1	275556	276509	22	0.753	0.791	-0.038	non-DMR
chr1	276598	277489	24	0.633	0.673	-0.04	non-DMR
chr1	277590	278476	20	0.225	0.178	0.046	non-DMR
chr1	278502	279464	23	0.153	0.109	0.045	non-DMR
chr1	279490	280599	26	0.298	0.032	0.265	good-DMR
chr1	281071	282072	22	0.197	0.16	0.037	non-DMR
chr1	282175	283169	23	0.941	0.977	-0.036	non-DMR
chr1	283267	284102	22	0.756	0.8	-0.044	non-DMR
chr1	284174	285035	21	0.775	0.816	-0.041	non-DMR
chr1	285095	286022	21	0.701	0.732	-0.032	non-DMR
chr1	286089	286862	20	0.142	0.108	0.034	non-DMR
chr1	286906	287836	21	0.612	0.858	-0.246	good-DMR
chr1	288312	289251	23	0.57	0.618	-0.048	non-DMR
chr1	289356	290373	25	0.557	0.765	-0.207	good-DMR
chr1	290844	291861	23	0.741	0.785	-0.044	non-DMR
chr1	291874	292827	22	0.743	0.778	-0.035	non-DMR
chr1	292910	293874	24	0.211	0.166	0.045	non-DMR
chr1	293982	294910	22	0.746	0.795	-0.048	non-DMR
chr1	294990	295903	24	0.526	0.791	-0.265	good-DMR
chr1	296430	297235	17	0.63	0.663	-0.032	non-DMR
chr1	297306	298080	19	0.54	0.802	-0.262	good-DMR
chr1	298526	299493	21	0.594	0.847	-0.253	good-DMR
chr1	299958	300917	27	0.681	0.491	0.191	good-DMR
chr1	301402	302299	21	0.136	0.094	0.042	non-DMR
chr1	302372	303257	22	0.275	0.227	0.048	non-DMR
chr1	303360	304466	26	0.649	0.804	-0.155	good-DMR
chr1	304918	305934	24	0.797	0.833	-0.035	non-DMR
chr1	306056	306996	27	0.34	0.298	0.042	non-DMR
chr1	308067	309044	22	0.562	0.609	-0.048	non-DMR
chr1	309139	310053	19	0.505	0.814	-0.309	good-DMR
chr1	310589	311544	22	0.188	0.152	0.036	non-DMR
chr1	311653	312522	20	0.666	0.901	-0.235	notable-DMR
chr1	312593	313489	22	0.779	0.821	-0.042	non-DMR
chr1	313559	314457	20	0.325	0.62	-0.295	good-DMR
chr1	314957	316086	27	0.845	0.89	-0.045	non-DMR
chr1	316166	317405	30	0.835	0.877	-0.042	non-DMR
chr1	317414	318523	24	0.798	0.906	-0.108	sub-DMR
chr1	318975	319960	22	0.38	0.093	0.287	good-DMR
chr1	321461	322495	26	0.806	0.84	-0.034	non-DMR
chr1	322601	323500	20	0.438	0.329	0.109	sub-DMR
chr1	323999	324810	19	0.567	0.864	-0.298	good-DMR
chr1	325298	326165	21	0.875	0.919	-0.044	non-DMR
chr1	326222	327276	23	0.463	0.764	-0.301	good-DMR
chr1	327786	328742	25	0.836	0.832	0.003	inconsistent-DMR
chr1	329867	330810	24	0.66	0.832	-0.172	good-DMR
chr1	331312	332168	22	0.222	0.183	0.039	non-DMR
chr1	332273	333321	24	0.836	0.872	-0.036	non-DMR
chr1	333383	334191	19	0.108	0.068	0.04	non-DMR
chr1	334294	335145	21	0.47	0.705	-0.235	good-DMR
chr1	335490	336310	21	0.637	0.679	-0.042	non-DMR
chr1	336429	337270	24	0.666	0.708	-0.041	non-DMR
chr1	337330	338226	19	0.734	0.766	-0.032	non-DMR
chr1	338323	339216	22	0.479	0.663	-0.184	good-DMR
chr1	339628	340539	21	0.703	0.746	-0.044	non-DMR
chr1	340587	341424	20	0.78	0.818	-0.039	non-DMR
chr1	341483	342386	22	0.729	0.771	-0.041	non-DMR
chr1	342446	343293	24	0.722	0.768	-0.046	non-DMR
chr1	343436	344283	22	0.787	0.829	-0.042	non-DMR
chr1	344369	345149	21	0.202	0.437	-0.236	good-DMR
chr1	345654	346616	24	0.599	0.711	-0.112	sub-DMR
chr1	347110	347956	21	0.412	0.208	0.203	good-DMR
chr1	348398	349337	22	0.108	0.057	0.051	non-DMR
chr1	349436	350365	20	0.152	0.109	0.043	non-DMR
chr1	350446	351366	20	0.564	0.855	-0.291	good-DMR
chr1	351874	352796	24	0.21	0.174	0.035	non-DMR
chr1	352929	353965	25	0.875	0.912	-0.037	non-DMR
chr1	354099	355000	24	0.669	0.712	-0.042	non-DMR
chr1	355090	356047	23	0.827	0.875	-0.048	non-DMR
chr1	356104	357081	24	0.584	0.828	-0.245	good-DMR
chr1	357558	358433	19	0.586	0.547	0.039	non-DMR
chr1	358550	359630	28	0.744	0.793	-0.049	non-DMR
chr1	359653	360624	23	0.6	0.848	-0.248	good-DMR
chr1	361167	362194	24	0.49	0.529	-0.04	non-DMR
chr1	362328	363350	24	0.567	0.603	-0.036	non-DMR
chr1	363438	364609	27	0.752	0.857	-0.105	sub-DMR
chr1	365146	366130	22	0.564	0.606	-0.042	non-DMR
chr1	366144	366981	19	0.623	0.887	-0.263	good-DMR
chr1	367323	368103	18	0.722	0.765	-0.043	non-DMR
chr1	368162	369150	20	0.754	0.801	-0.047	non-DMR
chr1	369270	370372	23	0.786	0.832	-0.047	non-DMR
chr1	370409	371455	26	0.517	0.781	-0.264	good-DMR
chr1	371918	372842	22	0.181	0.142	0.039	non-DMR
chr1	372968	373935	25	0.602	0.635	-0.033	non-DMR
chr1	374029	375073	25	0.534	0.83	-0.296	good-DMR
chr1	375594	376459	23	0.831	0.869	-0.039	non-DMR
chr1	376572	377497	22	0.875	0.92	-0.045	non-DMR
chr1	377601	378608	25	0.365	0.324	0.041	non-DMR
chr1	378689	379674	24	0.794	0.832	-0.038	non-DMR
chr1	379746	380651	20	0.744	0.781	-0.037	non-DMR
chr1	380733	381710	26	0.702	0.808	-0.106	sub-DMR
chr1	382194	383040	20	0.168	0.12	0.048	non-DMR
chr1	383077	384099	27	0.383	0.641	-0.258	good-DMR
chr1	384625	385632	24	0.77	0.805	-0.035	non-DMR
chr1	385739	386841	26	0.379	0.669	-0.29	notable-DMR
chr1	386981	387846	23	0.177	0.134	0.043	non-DMR
chr1	387891	388823	24	0.408	0.448	-0.04	non-DMR
chr1	388847	389606	21	0.843	0.877	-0.034	non-DMR
chr1	389629	390572	21	0.746	0.786	-0.04	non-DMR
chr1	390642	391553	21	0.633	0.673	-0.04	non-DMR
chr1	391679	392638	24	0.109	0.068	0.041	non-DMR
chr1	392692	393721	25	0.704	0.746	-0.041	non-DMR
chr1	393772	394634	21	0.794	0.828	-0.034	non-DMR
chr1	394724	395552	18	0.809	0.841	-0.032	non-DMR
chr1	395677	396577	21	0.788	0.826	-0.038	non-DMR
chr1	396665	397545	21	0.661	0.885	-0.225	good-DMR
chr1	397882	398732	21	0.491	0.195	0.296	good-DMR
chr1	399120	400001	21	0.439	0.705	-0.266	good-DMR
chr1	400542	401408	23	0.19	0.146	0.044	non-DMR
chr1	401513	402568	24	0.615	0.809	-0.195	good-DMR
chr1	402967	403630	15	0.679	0.724	-0.045	non-DMR
chr1	403694	404673	23	0.511	0.699	-0.188	notable-DMR
chr1	404724	405612	21	0.807	0.843	-0.036	non-DMR
chr1	405705	406572	23	0.427	0.218	0.209	notable-DMR
chr1	406607	407589	25	0.111	0.07	0.041	non-DMR
chr1	407671	408542	20	0.81	0.847	-0.037	non-DMR
chr1	408652	409551	24	0.147	0.108	0.039	non-DMR
chr1	409644	410575	22	0.736	0.775	-0.039	non-DMR
chr1	410625	411484	19	0.663	0.702	-0.039	non-DMR
chr1	411527	412379	22	0.113	0.075	0.038	non-DMR
chr1	412455	413374	25	0.792	0.832	-0.04	non-DMR
chr1	413488	414374	21	0.845	0.896	-0.05	non-DMR
chr1	414491	415428	22	0.784	0.826	-0.043	non-DMR
chr1	415509	416702	25	0.772	0.783	-0.01	inconsistent-DMR
chr1	416828	417788	23	0.805	0.847	-0.042	non-DMR
chr1	417883	418917	21	0.769	0.818	-0.049	non-DMR
chr1	419014	419937	19	0.74	0.787	-0.047	non-DMR
chr1	420037	420885	22	0.764	0.803	-0.039	non-DMR
chr1	420989	421892	21	0.435	0.657	-0.223	notable-DMR
chr1	422000	422886	22	0.838	0.885	-0.047	non-DMR
chr1	422965	423810	20	0.613	0.793	-0.18	good-DMR
chr1	424274	425105	18	0.844	0.882	-0.038	non-DMR
chr1	425176	426239	28	0.382	0.149	0.232	good-DMR
chr1	426741	427687	24	0.484	0.586	-0.102	sub-DMR
chr1	428157	428926	15	0.323	0.067	0.257	good-DMR
chr1	429322	430180	18	0.575	0.622	-0.047	non-DMR
chr1	430230	431106	19	0.752	0.792	-0.04	non-DMR
chr1	431200	432318	27	0.51	0.215	0.295	good-DMR
chr1	432769	433791	26	0.519	0.558	-0.039	inconsistent-DMR
chr1	433886	434868	21	0.803	0.84	-0.037	non-DMR
chr1	434964	435858	22	0.383	0.139	0.244	notable-DMR
chr1	435964	437086	28	0.756	0.797	-0.042	non-DMR
chr1	437142	438213	25	0.262	0.222	0.039	non-DMR
chr1	438297	439102	17	0.459	0.691	-0.233	good-DMR
chr1	439625	440500	20	0.283	0.24	0.043	non-DMR
chr1	440590	441538	22	0.449	0.71	-0.262	notable-DMR
chr1	441588	442501	22	0.718	0.762	-0.044	non-DMR
chr1	442583	443663	26	0.773	0.817	-0.044	non-DMR
chr1	443719	444585	22	0.809	0.844	-0.035	non-DMR
chr1	444712	445576	22	0.726	0.701	0.025	inconsistent-DMR
chr1	445703	446685	23	0.565	0.806	-0.242	good-DMR
chr1	447058	447933	21	0.347	0.121	0.227	good-DMR
chr1	448178	449047	25	0.503	0.54	-0.037	non-DMR
chr1	449117	450101	22	0.658	0.854	-0.196	good-DMR
chr1	450543	451480	22	0.684	0.722	-0.037	non-DMR
chr1	451545	452549	24	0.659	0.935	-0.276	good-DMR
chr1	452968	453805	17	0.604	0.773	-0.169	good-DMR
chr1	455391	456369	23	0.838	0.878	-0.04	non-DMR
chr1	456461	457335	22	0.656	0.7	-0.043	non-DMR
chr1	457460	458477	24	0.652	0.695	-0.043	non-DMR
chr1	458572	459631	25	0.65	0.693	-0.042	non-DMR
chr1	459715	460616	21	0.347	0.088	0.259	notable-DMR
chr1	460702	461578	21	0.839	0.878	-0.04	non-DMR
chr1	461662	462500	20	0.843	0.88	-0.037	non-DMR
chr1	462594	463574	26	0.808	0.855	-0.047	non-DMR
chr1	463666	464665	24	0.7	0.746	-0.045	non-DMR
chr1	464748	465762	25	0.649	0.693	-0.044	non-DMR
chr1	465810	466703	21	0.603	0.881	-0.279	good-DMR
chr1	467160	468143	23	0.37	0.662	-0.292	good-DMR
chr1	468628	469425	21	0.791	0.828	-0.037	non-DMR
chr1	469547	470630	24	0.837	0.877	-0.04	non-DMR
chr1	470744	471682	22	0.768	0.806	-0.038	non-DMR
chr1	471784	472628	19	0.583	0.832	-0.249	good-DMR
chr1	473145	474294	26	0.594	0.634	-0.04	non-DMR
chr1	474399	475378	23	0.763	0.807	-0.044	non-DMR
chr1	475395	476321	21	0.812	0.85	-0.038	non-DMR
chr1	476435	477406	25	0.272	0.224	0.048	non-DMR
chr1	477495	478703	29	0.821	0.859	-0.038	non-DMR
chr1	478826	479669	19	0.672	0.722	-0.049	non-DMR
chr1	479751	480679	20	0.686	0.729	-0.043	non-DMR
chr1	480751	481469	20	0.563	0.789	-0.226	good-DMR
chr1	481969	482865	21	0.802	0.841	-0.038	non-DMR
chr1	482922	483940	23	0.707	0.742	-0.035	non-DMR
chr1	483959	485032	25	0.388	0.105	0.282	good-DMR
chr1	485576	486619	25	0.738	0.784	-0.045	non-DMR
chr1	486689	487756	28	0.871	0.908	-0.036	non-DMR
chr1	487827	488761	21	0.636	0.882	-0.246	good-DMR
chr1	489283	490114	22	0.602	0.657	-0.054	inconsistent-DMR
chr1	490285	491243	21	0.135	0.095	0.04	non-DMR
chr1	491303	492182	24	0.48	0.196	0.284	good-DMR
chr1	492726	493669	19	0.588	0.636	-0.048	non-DMR
chr1	493721	494641	21	0.643	0.682	-0.039	inconsistent-DMR
chr1	494747	495849	25	0.623	0.583	0.04	non-DMR
chr1	495957	496982	20	0.173	0.126	0.046	non-DMR
chr1	497106	497820	19	0.669	0.713	-0.045	non-DMR
chr1	497882	498735	18	0.582	0.626	-0.044	non-DMR
chr1	498850	499865	23	0.639	0.685	-0.045	non-DMR
chr1	499960	500790	21	0.429	0.669	-0.239	good-DMR
chr1	501298	502224	22	0.777	0.811	-0.034	non-DMR
chr1	502293	503430	24	0.91	0.949	-0.04	non-DMR
chr1	503539	504357	19	0.772	0.807	-0.035	non-DMR
chr1	504484	505453	23	0.627	0.662	-0.035	non-DMR
chr1	505596	506442	19	0.611	0.649	-0.038	non-DMR
chr1	506541	507504	21	0.687	0.722	-0.035	non-DMR
chr1	507601	508428	19	0.664	0.706	-0.043	non-DMR
chr1	508549	509627	26	0.713	0.742	-0.029	non-DMR
chr1	509712	510600	23	0.429	0.622	-0.193	good-DMR
chr1	511125	511954	22	0.778	0.815	-0.037	non-DMR
chr1	512061	512922	21	0.513	0.771	-0.258	good-DMR
chr1	513446	514381	22	0.137	0.088	0.049	non-DMR
chr1	514465	515627	29	0.74	0.778	-0.038	non-DMR
chr1	515705	516614	19	0.714	0.746	-0.032	non-DMR
chr1	516690	517706	24	0.754	0.799	-0.046	non-DMR
chr1	517833	518790	27	0.681	0.722	-0.042	non-DMR
chr1	518890	519858	25	0.774	0.811	-0.037	non-DMR
chr1	519918	520910	22	0.658	0.69	-0.032	non-DMR
chr1	520977	522041	25	0.741	0.773	-0.032	non-DMR
chr1	522135	523060	20	0.71	0.755	-0.045	non-DMR
chr1	523134	523910	20	0.797	0.841	-0.044	non-DMR
chr1	523929	524891	23	0.453	0.189	0.264	good-DMR
chr1	525379	526338	26	0.561	0.665	-0.103	sub-DMR
chr1	526788	527741	21	0.784	0.827	-0.043	non-DMR
chr1	527833	528834	22	0.674	0.887	-0.214	good-DMR
chr1	529220	530107	24	0.884	0.916	-0.032	non-DMR
chr1	530125	531150	23	0.383	0.663	-0.28	good-DMR
chr1	531655	532585	21	0.593	0.694	-0.101	sub-DMR
chr1	533094	534053	24	0.795	0.831	-0.036	non-DMR
chr1	534131	535046	23	0.812	0.845	-0.033	non-DMR
chr1	535164	536018	21	0.627	0.67	-0.043	non-DMR
chr1	536082	536930	20	0.921	0.956	-0.035	non-DMR
chr1	536984	537859	20	0.554	0.777	-0.223	good-DMR
chr1	538367	539240	20	0.301	0.266	0.036	non-DMR
chr1	539310	540156	21	0.806	0.844	-0.038	non-DMR
chr1	540202	541030	22	0.538	0.737	-0.199	good-DMR
chr1	541526	542462	26	0.509	0.749	-0.24	good-DMR
chr1	542926	544028	26	0.626	0.667	-0.041	non-DMR
chr1	544135	545094	25	0.14	0.098	0.042	non-DMR
chr1	545229	546224	25	0.771	0.815	-0.044	non-DMR
chr1	546341	547145	17	0.609	0.654	-0.045	non-DMR
chr1	547230	548174	25	0.754	0.8	-0.046	non-DMR
chr1	548216	549032	22	0.412	0.138	0.274	good-DMR
chr1	549388	550401	23	0.437	0.707	-0.27	good-DMR
chr1	550917	551809	21	0.802	0.845	-0.043	non-DMR
chr1	551868	552793	21	0.168	0.123	0.045	non-DMR
chr1	552911	553832	22	0.768	0.805	-0.036	non-DMR
chr1	553922	554903	26	0.668	0.907	-0.24	good-DMR
chr1	555335	556277	23	0.792	0.833	-0.041	non-DMR
chr1	556331	557300	24	0.768	0.878	-0.11	sub-DMR
chr1	557818	558790	24	0.882	0.921	-0.04	non-DMR
chr1	558901	559878	24	0.167	0.127	0.04	non-DMR
chr1	559935	560959	25	0.265	0.23	0.035	non-DMR
chr1	560975	561847	21	0.781	0.889	-0.108	sub-DMR
chr1	562370	563501	25	0.873	0.914	-0.041	non-DMR
chr1	563585	564643	22	0.594	0.851	-0.257	good-DMR
chr1	565152	566076	20	0.635	0.737	-0.102	sub-DMR
chr1	566596	567702	27	0.601	0.559	0.043	non-DMR
chr1	567779	568820	22	0.627	0.84	-0.213	good-DMR
chr1	569295	570335	27	0.7	0.74	-0.04	non-DMR
chr1	570481	571364	20	0.883	0.919	-0.035	non-DMR
chr1	571422	572092	18	0.808	0.853	-0.045	non-DMR
chr1	572178	573218	27	0.817	0.857	-0.04	non-DMR
chr1	573344	574257	21	0.898	0.938	-0.04	non-DMR
chr1	574314	575400	26	0.86	0.895	-0.035	non-DMR
chr1	575485	576374	21	0.664	0.703	-0.039	non-DMR
chr1	576458	577290	20	0.635	0.88	-0.245	good-DMR
chr1	577768	578714	21	0.762	0.809	-0.047	non-DMR
chr1	578838	579842	24	0.717	0.759	-0.042	non-DMR
chr1	579863	580797	21	0.617	0.658	-0.04	non-DMR
chr1	580905	581967	23	0.84	0.87	-0.03	non-DMR
chr1	582077	583054	25	0.797	0.832	-0.035	non-DMR
chr1	583102	583961	22	0.764	0.801	-0.038	non-DMR
chr1	585086	586177	29	0.723	0.761	-0.038	non-DMR
chr1	586242	587235	25	0.87	0.905	-0.035	non-DMR
chr1	587325	588147	20	0.346	0.183	0.164	good-DMR
chr1	588647	589710	29	0.829	0.865	-0.036	non-DMR
chr1	589834	590808	26	0.785	0.828	-0.042	non-DMR
chr1	590923	591922	24	0.731	0.768	-0.036	non-DMR
chr1	592035	592872	16	0.816	0.854	-0.038	non-DMR
chr1	592980	594135	26	0.513	0.851	-0.338	good-DMR
chr1	594635	595493	23	0.712	0.817	-0.104	sub-DMR
chr1	595953	596856	22	0.484	0.657	-0.173	good-DMR
chr1	597305	598210	22	0.668	0.636	0.032	inconsistent-DMR
chr1	598452	599278	21	0.632	0.62	0.012	inconsistent-DMR
chr1	599407	600412	23	0.715	0.765	-0.049	non-DMR
chr1	600487	601494	23	0.721	0.755	-0.034	non-DMR
chr1	601594	602672	27	0.683	0.725	-0.041	non-DMR
chr1	602709	603661	21	0.229	0.035	0.194	good-DMR
chr1	604159	605254	28	0.185	0.142	0.043	non-DMR
chr1	605305	606286	25	0.591	0.695	-0.104	sub-DMR
chr1	606804	607830	27	0.734	0.782	-0.048	non-DMR
chr1	607915	608870	26	0.623	0.576	0.047	non-DMR
chr1	608993	610029	23	0.657	0.702	-0.044	non-DMR
chr1	610132	610865	18	0.448	0.754	-0.307	good-DMR
chr1	611231	612183	25	0.661	0.707	-0.047	non-DMR
chr1	612256	613389	25	0.556	0.788	-0.231	good-DMR
chr1	613769	614602	21	0.66	0.696	-0.036	non-DMR
chr1	614647	615580	21	0.766	0.867	-0.101	sub-DMR
chr1	615891	616788	20	0.881	0.921	-0.04	non-DMR
chr1	616808	617967	25	0.704	0.812	-0.108	sub-DMR
chr1	618384	619458	26	0.804	0.844	-0.039	non-DMR
chr1	619549	620667	27	0.803	0.843	-0.04	non-DMR
chr1	620786	621780	23	0.739	0.783	-0.045	non-DMR
chr1	621867	622773	24	0.129	0.085	0.044	non-DMR
chr1	622885	623756	20	0.798	0.842	-0.044	non-DMR
chr1	623880	624925	26	0.594	0.628	-0.034	non-DMR
chr1	624988	626204	26	0.816	0.867	-0.05	non-DMR
chr1	626310	627277	23	0.711	0.755	-0.044	non-DMR
chr1	628348	629409	24	0.725	0.773	-0.048	non-DMR
chr1	629520	630465	23	0.73	0.772	-0.042	non-DMR
chr1	630540	631474	24	0.895	0.931	-0.037	non-DMR
chr1	631532	632340	18	0.706	0.744	-0.038	non-DMR
chr1	632454	633518	26	0.09	0.048	0.042	non-DMR
chr1	633588	634459	22	0.7	0.739	-0.039	non-DMR
chr1	634511	635584	27	0.318	0.277	0.041	non-DMR
chr1	635648	636556	26	0.35	0.123	0.228	good-DMR
chr1	637007	637740	18	0.147	0.098	0.049	non-DMR
chr1	637855	638790	23	0.762	0.797	-0.034	non-DMR
chr1	638835	639769	22	0.744	0.794	-0.05	non-DMR
chr1	639845	640796	24	0.658	0.761	-0.103	sub-DMR
chr1	641248	642215	25	0.678	0.713	-0.035	non-DMR
chr1	642293	643130	22	0.412	0.697	-0.285	good-DMR
chr1	643524	644393	18	0.749	0.797	-0.048	non-DMR
chr1	644487	645481	27	0.673	0.715	-0.042	non-DMR
chr1	645612	646423	18	0.809	0.846	-0.037	non-DMR
chr1	646571	647619	26	0.688	0.725	-0.038	non-DMR
chr1	647664	648654	22	0.822	0.862	-0.041	non-DMR
chr1	648686	649774	26	0.351	0.116	0.235	good-DMR
chr1	650280	651340	21	0.853	0.88	-0.027	non-DMR
chr1	651486	652402	22	0.299	0.26	0.039	non-DMR
chr1	652484	653529	25	0.792	0.837	-0.045	non-DMR
chr1	653601	654738	28	0.699	0.732	-0.034	non-DMR
chr1	654783	655885	26	0.706	0.676	0.029	inconsistent-DMR
chr1	655971	656861	21	0.175	0.134	0.04	non-DMR
chr1	656950	657822	19	0.653	0.702	-0.049	non-DMR
chr1	657958	658829	21	0.117	0.072	0.045	non-DMR
chr1	658872	659711	21	0.729	0.77	-0.041	non-DMR
chr1	659802	660598	18	0.841	0.879	-0.038	non-DMR
chr1	660647	661598	22	0.825	0.87	-0.045	non-DMR
chr1	661680	662545	20	0.727	0.767	-0.04	non-DMR
chr1	662618	663618	26	0.11	0.063	0.046	non-DMR
chr1	663725	664851	24	0.614	0.824	-0.21	good-DMR
chr1	665378	666284	20	0.688	0.71	-0.022	inconsistent-DMR
chr1	666387	667335	24	0.861	0.907	-0.046	non-DMR
chr1	667444	668455	24	0.842	0.879	-0.037	non-DMR
chr1	668536	669426	23	0.519	0.736	-0.217	good-DMR
chr1	669913	670892	24	0.444	0.629	-0.185	good-DMR
chr1	671375	672308	21	0.603	0.827	-0.224	good-DMR
chr1	673879	674992	23	0.607	0.784	-0.177	good-DMR
chr1	675430	676614	25	0.58	0.622	-0.042	non-DMR
chr1	676651	677501	20	0.695	0.733	-0.039	non-DMR
chr1	677523	678479	25	0.408	0.667	-0.259	good-DMR
chr1	678991	680033	24	0.701	0.741	-0.04	non-DMR
chr1	680063	681074	25	0.562	0.833	-0.271	good-DMR
chr1	681458	682398	24	0.472	0.72	-0.248	good-DMR
chr1	682860	683847	23	0.483	0.715	-0.232	good-DMR
chr1	684324	685268	25	0.759	0.79	-0.032	non-DMR
chr1	685322	686201	20	0.769	0.82	-0.051	non-DMR
chr1	686317	687128	17	0.622	0.585	0.038	non-DMR
chr1	687233	688142	21	0.756	0.802	-0.045	non-DMR
chr1	688259	689055	21	0.723	0.769	-0.046	non-DMR
chr1	689073	690052	25	0.613	0.869	-0.256	good-DMR
chr1	690351	691353	26	0.426	0.649	-0.223	good-DMR
chr1	691858	692782	20	0.705	0.81	-0.105	sub-DMR
chr1	693276	694261	25	0.759	0.801	-0.042	non-DMR
chr1	694350	695196	19	0.769	0.821	-0.051	non-DMR
chr1	695332	696317	26	0.802	0.833	-0.03	non-DMR
chr1	696454	697285	18	0.172	0.128	0.043	non-DMR
chr1	697426	698517	26	0.882	0.917	-0.036	non-DMR
chr1	698616	699732	29	0.515	0.827	-0.312	good-DMR
chr1	700198	701279	23	0.724	0.769	-0.045	non-DMR
chr1	701381	702299	19	0.393	0.645	-0.252	good-DMR
chr1	702732	703800	24	0.602	0.572	0.03	non-DMR
chr1	703835	704812	26	0.688	0.836	-0.148	good-DMR
chr1	705291	706123	19	0.495	0.743	-0.248	good-DMR
chr1	706581	707584	26	0.791	0.828	-0.037	non-DMR
chr1	707666	708719	24	0.632	0.737	-0.104	sub-DMR
chr1	709212	710218	22	0.706	0.594	0.111	sub-DMR
chr1	710745	711756	22	0.876	0.923	-0.048	non-DMR
chr1	711866	712694	21	0.755	0.797	-0.042	non-DMR
chr1	712799	713943	29	0.874	0.922	-0.047	non-DMR
chr1	713956	714961	23	0.359	0.093	0.267	good-DMR
chr1	715471	716494	23	0.133	0.095	0.038	non-DMR
chr1	716612	717662	25	0.633	0.596	0.037	non-DMR
chr1	717731	718688	24	0.665	0.916	-0.251	good-DMR
chr1	719069	719931	20	0.271	0.623	-0.352	good-DMR
chr1	720393	721290	21	0.574	0.609	-0.035	non-DMR
chr1	721337	722162	19	0.175	0.145	0.03	non-DMR
chr1	722251	723252	21	0.664	0.711	-0.047	non-DMR
chr1	723315	724417	24	0.372	0.14	0.233	good-DMR
chr1	724869	725801	20	0.307	0.015	0.292	good-DMR
chr1	726273	727263	22	0.453	0.277	0.176	good-DMR
chr1	727700	728819	23	0.655	0.693	-0.038	non-DMR
chr1	728855	729579	20	0.213	0.167	0.046	non-DMR
chr1	729666	730806	24	0.22	0.175	0.045	non-DMR
chr1	732008	732921	22	0.823	0.859	-0.036	non-DMR
chr1	733051	733925	22	0.089	0.05	0.039	non-DMR
chr1	734052	734965	22	0.825	0.883	-0.058	non-DMR
chr1	735064	736160	27	0.11	0.068	0.042	non-DMR
chr1	736276	737209	24	0.252	0.22	0.032	non-DMR
chr1	737280	738299	23	0.564	0.791	-0.227	good-DMR
chr1	738796	739577	22	0.6	0.905	-0.305	good-DMR
chr1	740097	741159	24	0.868	0.903	-0.035	non-DMR
chr1	741275	742276	24	0.868	0.909	-0.041	non-DMR
chr1	742346	743205	21	0.737	0.78	-0.043	non-DMR
chr1	743261	744101	19	0.66	0.879	-0.219	good-DMR
chr1	744588	745737	27	0.677	0.78	-0.103	sub-DMR
chr1	746270	747305	25	0.163	0.115	0.048	non-DMR
chr1	748442	749450	25	0.673	0.709	-0.037	non-DMR
chr1	749562	750540	23	0.643	0.648	-0.005	inconsistent-DMR
chr1	750647	751642	24	0.092	0.055	0.036	non-DMR
chr1	751720	752735	26	0.586	0.847	-0.261	good-DMR
chr1	753127	753936	20	0.481	0.782	-0.301	good-DMR
chr1	754346	755239	24	0.617	0.63	-0.014	inconsistent-DMR
chr1	755372	756413	24	0.181	0.138	0.043	non-DMR
chr1	756478	757249	18	0.598	0.831	-0.233	good-DMR
chr1	757719	758595	19	0.181	0.134	0.047	non-DMR
chr1	758672	759703	25	0.535	0.817	-0.282	good-DMR
chr1	760191	761032	21	0.189	0.153	0.037	non-DMR
chr1	762069	762954	22	0.465	0.18	0.285	good-DMR
chr1	763486	764599	26	0.894	0.924	-0.03	non-DMR
chr1	764663	765750	21	0.806	0.846	-0.04	non-DMR
chr1	765792	766692	21	0.494	0.722	-0.228	good-DMR
chr1	767179	768230	22	0.745	0.783	-0.038	non-DMR
chr1	768288	769115	19	0.605	0.655	-0.05	non-DMR
chr1	769243	770258	22	0.898	0.945	-0.047	non-DMR
chr1	770361	771296	21	0.511	0.544	-0.033	non-DMR
chr1	771383	772301	22	0.772	0.808	-0.035	non-DMR
chr1	772356	773308	26	0.811	0.855	-0.045	non-DMR
chr1	773375	774384	27	0.531	0.799	-0.268	good-DMR
chr1	774881	775901	25	0.377	0.11	0.268	good-DMR
chr1	776305	777376	24	0.796	0.833	-0.037	non-DMR
chr1	777479	778394	23	0.772	0.813	-0.041	non-DMR
chr1	778504	779404	22	0.82	0.863	-0.043	non-DMR
chr1	779513	780566	28	0.484	0.83	-0.346	good-DMR
chr1	781045	782134	25	0.326	0.071	0.255	good-DMR
chr1	782609	783479	18	0.37	0.1	0.271	good-DMR
chr1	783845	784936	24	0.24	0.193	0.047	non-DMR
chr1	785017	786047	23	0.681	0.821	-0.14	good-DMR
chr1	786514	787524	23	0.728	0.771	-0.043	non-DMR
chr1	787616	788621	23	0.099	0.057	0.042	non-DMR
chr1	788745	789676	23	0.465	0.503	-0.038	non-DMR
chr1	789716	790762	23	0.843	0.882	-0.039	non-DMR
chr1	790894	791707	22	0.672	0.715	-0.042	non-DMR
chr1	791785	792739	22	0.522	0.849	-0.327	good-DMR
chr1	793260	794342	25	0.856	0.891	-0.035	non-DMR
chr1	794460	795583	27	0.63	0.668	-0.038	non-DMR
chr1	795625	796469	20	0.285	0.035	0.25	good-DMR
chr1	796957	797945	21	0.598	0.817	-0.22	good-DMR
chr1	798450	799637	25	0.756	0.799	-0.043	non-DMR
chr1	799655	800867	26	0.671	0.896	-0.225	good-DMR
chr1	801397	802478	27	0.746	0.787	-0.041	non-DMR
chr1	803542	804521	24	0.574	0.757	-0.183	good-DMR
chr1	805021	805839	19	0.836	0.867	-0.031	non-DMR
chr1	805941	806792	23	0.67	0.711	-0.041	non-DMR
chr1	806896	807715	18	0.253	0.21	0.042	non-DMR
chr1	807755	808644	19	0.75	0.787	-0.037	non-DMR
chr1	808770	809794	24	0.766	0.807	-0.041	non-DMR
chr1	809860	810822	23	0.822	0.863	-0.041	non-DMR
chr1	810880	811783	22	0.487	0.663	-0.176	good-DMR
chr1	812301	813290	28	0.118	0.075	0.043	non-DMR
chr1	813386	814163	19	0.781	0.821	-0.04	non-DMR
chr1	814263	815165	20	0.657	0.846	-0.189	good-DMR
chr1	815480	816713	28	0.866	0.904	-0.038	non-DMR
chr1	816824	817841	24	0.688	0.727	-0.039	non-DMR
chr1	817899	818744	18	0.918	0.959	-0.042	non-DMR
chr1	818861	819884	21	0.639	0.687	-0.048	non-DMR
chr1	819941	820934	25	0.878	0.924	-0.046	non-DMR
chr1	820943	822024	24	0.499	0.762	-0.263	good-DMR
chr1	822536	823539	26	0.842	0.878	-0.037	non-DMR
chr1	823578	824494	20	0.536	0.845	-0.309	good-DMR
chr1	824946	825862	19	0.756	0.797	-0.041	non-DMR
chr1	825915	826914	22	0.808	0.838	-0.03	non-DMR
chr1	826964	827844	24	0.724	0.772	-0.048	non-DMR
chr1	827931	828867	22	0.079	0.044	0.034	non-DMR
chr1	828904	829765	21	0.385	0.675	-0.29	good-DMR
chr1	830245	831085	21	0.611	0.653	-0.042	non-DMR
chr1	831221	832208	23	0.796	0.84	-0.044	non-DMR
chr1	832322	833091	17	0.12	0.08	0.041	non-DMR
chr1	833133	834003	22	0.526	0.261	0.265	good-DMR
chr1	834376	835451	29	0.591	0.543	0.047	non-DMR
chr1	835500	836552	25	0.102	0.057	0.045	non-DMR
chr1	836613	837609	25	0.766	0.807	-0.042	non-DMR
chr1	837659	838511	21	0.293	0.043	0.25	good-DMR
chr1	838964	839870	23	0.77	0.813	-0.042	non-DMR
chr1	839902	840748	23	0.541	0.653	-0.112	good-DMR
chr1	841242	842093	20	0.315	0.114	0.201	good-DMR
chr1	842577	843570	20	0.729	0.834	-0.105	sub-DMR
chr1	844090	844902	19	0.732	0.769	-0.037	non-DMR
chr1	844942	845998	26	0.539	0.786	-0.247	good-DMR
chr1	846470	847324	18	0.489	0.783	-0.294	good-DMR
chr1	847707	848710	29	0.782	0.822	-0.04	non-DMR
chr1	848769	849656	20	0.665	0.706	-0.041	non-DMR
chr1	849746	850819	25	0.542	0.795	-0.253	good-DMR
chr1	851337	852300	24	0.131	0.089	0.042	non-DMR
chr1	852437	853347	23	0.818	0.85	-0.033	non-DMR
chr1	853381	854431	24	0.822	0.864	-0.042	non-DMR
chr1	854504	855226	18	0.199	0.158	0.041	non-DMR
chr1	855288	856266	26	0.593	0.842	-0.249	good-DMR
chr1	856762	857721	23	0.649	0.752	-0.103	sub-DMR
chr1	858070	858917	23	0.177	0.135	0.042	non-DMR
chr1	858946	860011	24	0.388	0.739	-0.35	good-DMR
chr1	860333	861255	21	0.536	0.793	-0.257	good-DMR
chr1	861745	862550	21	0.483	0.134	0.349	good-DMR
chr1	863014	864095	26	0.711	0.753	-0.042	non-DMR
chr1	864152	865079	22	0.483	0.724	-0.24	good-DMR
chr1	865611	866548	23	0.722	0.759	-0.037	non-DMR
chr1	866636	867661	23	0.839	0.877	-0.038	non-DMR
chr1	867753	868736	23	0.103	0.067	0.036	non-DMR
chr1	868830	869631	20	0.096	0.051	0.045	non-DMR
chr1	869761	870685	19	0.735	0.78	-0.045	non-DMR
chr1	870807	871690	20	0.13	0.086	0.044	non-DMR
chr1	871796	872757	23	0.802	0.854	-0.052	non-DMR
chr1	872869	873771	20	0.847	0.885	-0.037	non-DMR
chr1	873817	874654	20	0.784	0.825	-0.041	non-DMR
chr1	874726	875623	23	0.566	0.902	-0.336	notable-DMR
chr1	875702	876549	20	0.108	0.075	0.033	non-DMR
chr1	876629	877435	18	0.734	0.836	-0.102	sub-DMR
chr1	877939	878817	21	0.286	0.253	0.033	non-DMR
chr1	878872	879580	17	0.787	0.833	-0.047	non-DMR
chr1	879671	880467	18	0.757	0.722	0.034	inconsistent-DMR
chr1	880594	881662	24	0.332	0.298	0.034	non-DMR
chr1	881723	882745	25	0.757	0.8	-0.043	non-DMR
chr1	882797	883954	25	0.533	0.831	-0.299	good-DMR
chr1	884345	885301	23	0.74	0.781	-0.041	non-DMR
chr1	885358	886429	28	0.704	0.745	-0.042	non-DMR
chr1	886535	887510	22	0.089	0.048	0.041	non-DMR
chr1	887647	888618	24	0.731	0.77	-0.04	non-DMR
chr1	888720	889692	22	0.666	0.702	-0.036	non-DMR
chr1	890677	891626	23	0.656	0.69	-0.034	non-DMR
chr1	891736	892765	28	0.656	0.916	-0.26	good-DMR
chr1	893267	894097	20	0.125	0.087	0.038	non-DMR
chr1	894185	895382	29	0.785	0.824	-0.039	non-DMR
chr1	895459	896346	20	0.586	0.838	-0.252	good-DMR
chr1	896771	897700	19	0.633	0.817	-0.184	good-DMR
chr1	898189	899149	27	0.773	0.811	-0.037	non-DMR
chr1	899242	900190	25	0.588	0.596	-0.008	inconsistent-DMR
chr1	900354	901318	24	0.344	0.071	0.273	good-DMR
chr1	901755	902783	24	0.151	0.118	0.034	non-DMR
chr1	902865	903783	20	0.512	0.847	-0.335	good-DMR
chr1	904318	905282	22	0.746	0.785	-0.039	non-DMR
chr1	905359	906373	24	0.576	0.686	-0.11	sub-DMR
chr1	906854	907749	24	0.163	0.126	0.037	non-DMR
chr1	907775	908789	24	0.538	0.751	-0.213	good-DMR
chr1	909138	910107	23	0.622	0.725	-0.103	sub-DMR
chr1	910552	911325	18	0.738	0.727	0.011	inconsistent-DMR
chr1	911450	912194	19	0.175	0.137	0.039	non-DMR
chr1	912248	913184	24	0.309	0.583	-0.274	good-DMR
chr1	913630	914617	21	0.183	0.142	0.04	non-DMR
chr1	916001	916935	21	0.764	0.803	-0.039	non-DMR
chr1	917027	918067	26	0.851	0.891	-0.04	non-DMR
chr1	918123	918976	20	0.414	0.721	-0.307	good-DMR
chr1	919453	920291	20	0.626	0.856	-0.23	good-DMR
chr1	920791	921792	25	0.668	0.703	-0.035	non-DMR
chr1	921837	922645	17	0.716	0.757	-0.04	non-DMR
chr1	922704	923601	21	0.627	0.652	-0.026	inconsistent-DMR
chr1	923704	924552	19	0.598	0.7	-0.102	sub-DMR
chr1	924967	925867	20	0.659	0.702	-0.042	non-DMR
chr1	925939	926760	21	0.775	0.825	-0.049	non-DMR
chr1	926881	927829	24	0.706	0.741	-0.034	non-DMR
chr1	927916	928851	24	0.313	0.033	0.28	good-DMR
chr1	929328	930288	21	0.602	0.609	-0.007	inconsistent-DMR
chr1	930339	931536	26	0.545	0.78	-0.235	good-DMR
chr1	932001	932835	21	0.484	0.775	-0.29	good-DMR
chr1	933204	934136	20	0.551	0.581	-0.03	inconsistent-DMR
chr1	934227	935214	24	0.607	0.812	-0.205	good-DMR
chr1	935572	936438	19	0.578	0.62	-0.042	non-DMR
chr1	936501	937554	24	0.883	0.917	-0.034	non-DMR
chr1	938437	939555	25	0.143	0.111	0.032	non-DMR
chr1	939681	940791	28	0.714	0.755	-0.041	non-DMR
chr1	940861	941850	24	0.333	0.1	0.233	notable-DMR
chr1	941976	942883	21	0.391	0.349	0.042	non-DMR
chr1	942910	943936	21	0.108	0.065	0.043	non-DMR
chr1	944025	944957	23	0.88	0.921	-0.04	non-DMR
chr1	945044	946040	25	0.691	0.733	-0.042	non-DMR
chr1	946136	947007	22	0.624	0.66	-0.036	non-DMR
chr1	947077	947966	20	0.726	0.769	-0.043	non-DMR
chr1	948036	949060	24	0.799	0.837	-0.037	non-DMR
chr1	949103	950046	23	0.85	0.882	-0.032	non-DMR
chr1	950078	951102	24	0.484	0.738	-0.254	good-DMR
chr1	951564	952453	23	0.792	0.831	-0.039	non-DMR
chr1	952509	953433	22	0.805	0.842	-0.037	non-DMR
chr1	955793	956595	17	0.705	0.753	-0.048	non-DMR
chr1	956631	957519	23	0.622	0.837	-0.215	good-DMR
chr1	957917	958759	20	0.675	0.711	-0.035	non-DMR
chr1	958839	959707	24	0.69	0.892	-0.201	good-DMR
chr1	960125	961241	27	0.752	0.788	-0.036	non-DMR
chr1	961323	962319	23	0.186	0.145	0.041	non-DMR
chr1	963582	964468	20	0.698	0.745	-0.047	non-DMR
chr1	964583	965628	28	0.129	0.092	0.037	non-DMR
chr1	965703	966532	20	0.534	0.304	0.23	notable-DMR
chr1	966643	967602	23	0.873	0.912	-0.039	non-DMR
chr1	967644	968476	21	0.762	0.504	0.258	good-DMR
chr1	968913	969691	16	0.473	0.198	0.275	good-DMR
chr1	970206	971200	23	0.578	0.533	0.045	non-DMR
chr1	971237	972332	24	0.806	0.58	0.226	good-DMR
chr1	972840	973881	27	0.41	0.147	0.263	good-DMR
chr1	974420	975396	26	0.753	0.788	-0.035	non-DMR
chr1	975444	976281	19	0.122	0.088	0.033	non-DMR
chr1	976350	977406	24	0.648	0.681	-0.032	non-DMR
chr1	977490	978416	24	0.239	0.201	0.038	non-DMR
chr1	978451	979449	25	0.433	0.2	0.233	good-DMR
chr1	979954	980929	24	0.657	0.7	-0.043	non-DMR
chr1	981023	981941	24	0.667	0.705	-0.038	non-DMR
chr1	982043	983044	25	0.489	0.507	-0.018	inconsistent-DMR
chr1	983160	984143	24	0.472	0.238	0.234	good-DMR
chr1	984630	985543	20	0.386	0.656	-0.269	good-DMR
chr1	985999	987004	24	0.572	0.606	-0.034	non-DMR
chr1	987081	987767	17	0.76	0.8	-0.04	non-DMR
chr1	987853	988854	23	0.841	0.889	-0.048	non-DMR
chr1	988960	989807	23	0.819	0.859	-0.041	non-DMR
chr1	989930	990932	23	0.855	0.898	-0.043	non-DMR
chr1	991043	991923	20	0.095	0.062	0.033	non-DMR
chr1	992030	993010	22	0.763	0.805	-0.042	non-DMR
chr1	993142	993866	18	0.896	0.935	-0.038	non-DMR
chr1	993910	995033	25	0.424	0.73	-0.306	good-DMR
chr1	995537	996502	25	0.687	0.792	-0.105	sub-DMR
chr1	997032	997987	22	0.785	0.832	-0.047	non-DMR
chr1	998124	999244	27	0.706	0.753	-0.048	non-DMR
chr1	999285	1000232	24	0.728	0.773	-0.045	non-DMR
chr1	1000330	1001198	21	0.691	0.73	-0.039	non-DMR
chr1	1001296	1002099	18	0.474	0.83	-0.356	good-DMR
chr1	1002561	1003375	21	0.874	0.912	-0.039	non-DMR
chr1	1003422	1004469	23	0.708	0.809	-0.102	sub-DMR
chr1	1004959	1005880	19	0.725	0.764	-0.039	non-DMR
chr1	1005951	1006785	21	0.82	0.927	-0.108	sub-DMR
chr1	1007285	1008092	21	0.781	0.812	-0.031	non-DMR
chr1	1008165	1009170	23	0.843	0.886	-0.043	non-DMR
chr1	1009209	1010123	20	0.914	0.947	-0.034	non-DMR
chr1	1010167	1011163	25	0.137	0.096	0.041	non-DMR
chr1	1011194	1012184	22	0.781	0.818	-0.037	non-DMR
chr1	1012239	1013205	23	0.685	0.793	-0.108	sub-DMR
chr1	1013753	1014864	28	0.816	0.852	-0.036	non-DMR
chr1	1014979	1015828	24	0.643	0.678	-0.036	non-DMR
chr1	1015935	1016758	19	0.808	0.848	-0.04	non-DMR
chr1	1016808	1017740	23	0.834	0.87	-0.036	non-DMR
chr1	1017863	1018759	21	0.814	0.868	-0.054	non-DMR
chr1	1018786	1019944	25	0.415	0.802	-0.386	good-DMR
chr1	1020395	1021335	22	0.114	0.075	0.04	non-DMR
chr1	1021443	1022383	23	0.732	0.777	-0.045	non-DMR
chr1	1022450	1023297	21	0.651	0.692	-0.041	non-DMR
chr1	1023356	1024156	21	0.823	0.863	-0.04	non-DMR
chr1	1024266	1025359	27	0.654	0.694	-0.04	non-DMR
chr1	1025434	1026514	24	0.203	0.163	0.04	non-DMR
chr1	1026611	1027648	25	0.152	0.114	0.038	inconsistent-DMR
chr1	1027769	1028761	23	0.24	0.2	0.04	non-DMR
chr1	1028884	1029802	24	0.723	0.764	-0.041	non-DMR
chr1	1029836	1030702	19	0.665	0.855	-0.19	good-DMR
chr1	1030965	1031747	17	0.792	0.833	-0.04	non-DMR
chr1	1031807	1032745	21	0.438	0.754	-0.317	good-DMR
chr1	1033286	1034182	20	0.834	0.877	-0.043	non-DMR
chr1	1034295	1035431	25	0.745	0.786	-0.041	non-DMR
chr1	1035500	1036579	25	0.625	0.668	-0.044	non-DMR
chr1	1036641	1037524	22	0.478	0.765	-0.287	good-DMR
chr1	1037888	1038756	21	0.61	0.882	-0.272	good-DMR
chr1	1039261	1040287	24	0.696	0.735	-0.039	non-DMR
chr1	1040328	1041216	20	0.632	0.592	0.039	inconsistent-DMR
chr1	1041267	1042211	23	0.589	0.634	-0.046	non-DMR
chr1	1042292	1043158	20	0.654	0.699	-0.045	non-DMR
chr1	1043259	1044301	24	0.283	0.265	0.018	inconsistent-DMR
chr1	1044419	1045268	23	0.587	0.628	-0.041	non-DMR
chr1	1045373	1046501	26	0.614	0.718	-0.105	sub-DMR
chr1	1046822	1047882	24	0.635	0.85	-0.215	good-DMR
chr1	1048404	1049305	22	0.268	0.224	0.045	non-DMR
chr1	1049389	1050275	21	0.773	0.809	-0.036	non-DMR
chr1	1050315	1051319	26	0.383	0.62	-0.237	notable-DMR
chr1	1051386	1052235	21	0.797	0.836	-0.04	non-DMR
chr1	1052349	1053230	22	0.706	0.747	-0.041	non-DMR
chr1	1053312	1054440	27	0.66	0.76	-0.101	sub-DMR
chr1	1054695	1055565	23	0.816	0.862	-0.047	non-DMR
chr1	1055622	1056556	22	0.349	0.648	-0.299	good-DMR
chr1	1057041	1058011	24	0.768	0.809	-0.042	non-DMR
chr1	1058068	1058963	21	0.137	0.096	0.041	non-DMR
chr1	1059060	1060048	24	0.313	0.301	0.012	inconsistent-DMR
chr1	1060145	1061076	26	0.881	0.918	-0.037	non-DMR
chr1	1061111	1062164	24	0.756	0.789	-0.033	non-DMR
chr1	1062204	1063217	23	0.636	0.743	-0.106	sub-DMR
chr1	1063635	1064583	24	0.629	0.652	-0.023	inconsistent-DMR
chr1	1064777	1065694	22	0.767	0.807	-0.04	non-DMR
chr1	1065803	1066670	20	0.744	0.78	-0.036	non-DMR
chr1	1067669	1068484	21	0.666	0.708	-0.041	non-DMR
chr1	1068613	1069620	21	0.677	0.715	-0.038	non-DMR
chr1	1069697	1070595	22	0.681	0.72	-0.039	non-DMR
chr1	1070660	1071458	19	0.16	0.124	0.036	non-DMR
chr1	1071534	1072538	24	0.093	0.055	0.038	non-DMR
chr1	1072609	1073683	23	0.545	0.789	-0.244	good-DMR
chr1	1074178	1074968	19	0.442	0.147	0.295	good-DMR
chr1	1075411	1076362	23	0.194	0.151	0.043	non-DMR
chr1	1076492	1077232	17	0.114	0.075	0.039	non-DMR
chr1	1077361	1078599	29	0.651	0.696	-0.045	non-DMR
chr1	1078671	1079504	19	0.198	0.153	0.045	non-DMR
chr1	1079593	1080441	23	0.581	0.817	-0.236	good-DMR
chr1	1080947	1081783	23	0.345	0.123	0.222	good-DMR
chr1	1082290	1083221	21	0.166	0.122	0.044	non-DMR
chr1	1083354	1084003	15	0.696	0.75	-0.054	non-DMR
chr1	1084032	1084952	20	0.805	0.842	-0.037	non-DMR
chr1	1085058	1085810	17	0.85	0.956	-0.107	sub-DMR
chr1	1086225	1087239	22	0.145	0.113	0.032	non-DMR
chr1	1087254	1088200	20	0.222	0.047	0.175	good-DMR
chr1	1088711	1089653	24	0.77	0.803	-0.034	non-DMR
chr1	1089756	1090645	22	0.23	0.06	0.17	notable-DMR
chr1	1090765	1091729	25	0.692	0.729	-0.038	non-DMR
chr1	1091825	1092768	25	0.806	0.84	-0.035	non-DMR
chr1	1092802	1093726	24	0.792	0.828	-0.036	non-DMR
chr1	1093812	1094702	22	0.223	0.177	0.045	non-DMR
chr1	1094791	1095552	20	0.856	0.888	-0.032	non-DMR
chr1	1095688	1096623	22	0.757	0.794	-0.037	non-DMR
chr1	1096713	1097564	21	0.583	0.882	-0.299	notable-DMR
chr1	1097646	1098523	20	0.733	0.774	-0.041	non-DMR
chr1	1098613	1099611	24	0.561	0.761	-0.2	good-DMR
chr1	1099937	1100936	21	0.282	0.65	-0.368	good-DMR
chr1	1101330	1102266	23	0.663	0.698	-0.035	non-DMR
chr1	1102359	1103262	22	0.627	0.675	-0.048	non-DMR
chr1	1103291	1104373	25	0.601	0.926	-0.325	good-DMR
chr1	1104850	1105927	26	0.708	0.945	-0.237	good-DMR
chr1	1106236	1107167	21	0.778	0.821	-0.043	non-DMR
chr1	1107259	1108216	23	0.762	0.804	-0.043	non-DMR
chr1	1108293	1109266	21	0.646	0.684	-0.038	non-DMR
chr1	1109391	1110339	21	0.817	0.857	-0.039	non-DMR
chr1	1110440	1111287	23	0.818	0.862	-0.044	non-DMR
chr1	1111375	1112310	21	0.448	0.701	-0.253	good-DMR
chr1	1112823	1113848	27	0.768	0.803	-0.034	non-DMR
chr1	1113905	1114929	27	0.814	0.919	-0.105	sub-DMR
chr1	1115378	1116276	23	0.442	0.746	-0.304	good-DMR
chr1	1116647	1117783	27	0.747	0.786	-0.04	non-DMR
chr1	1117891	1118710	21	0.761	0.805	-0.043	non-DMR
chr1	1118824	1119751	19	0.851	0.892	-0.041	non-DMR
chr1	1119808	1120808	24	0.443	0.784	-0.341	notable-DMR
chr1	1120850	1121778	25	0.763	0.805	-0.042	non-DMR
chr1	1121879	1122747	24	0.834	0.866	-0.032	non-DMR
chr1	1123890	1124704	22	0.624	0.868	-0.244	good-DMR
chr1	1125121	1126218	27	0.586	0.63	-0.044	non-DMR
chr1	1126309	1127254	19	0.407	0.769	-0.362	good-DMR
chr1	1127776	1128844	25	0.694	0.735	-0.041	non-DMR
chr1	1128864	1129835	23	0.238	0.086	0.152	good-DMR
chr1	1130339	1131319	26	0.754	0.79	-0.036	non-DMR
chr1	1131431	1132420	24	0.746	0.785	-0.039	non-DMR
chr1	1132471	1133451	22	0.77	0.808	-0.038	non-DMR
chr1	1133553	1134304	17	0.824	0.924	-0.101	sub-DMR
chr1	1134817	1135899	26	0.644	0.713	-0.069	inconsistent-DMR
chr1	1135976	1136939	23	0.745	0.79	-0.045	non-DMR
chr1	1137071	1138012	25	0.792	0.832	-0.04	non-DMR
chr1	1138130	1139247	27	0.157	0.108	0.049	non-DMR
chr1	1139289	1140316	25	0.672	0.714	-0.042	non-DMR
chr1	1140353	1141460	24	0.722	0.764	-0.042	non-DMR
chr1	1141555	1142457	23	0.428	0.238	0.19	good-DMR
chr1	1142798	1143813	23	0.624	0.83	-0.205	good-DMR
chr1	1144134	1145115	25	0.733	0.775	-0.043	non-DMR
chr1	1145159	1145986	19	0.456	0.22	0.236	good-DMR
chr1	1146509	1147392	22	0.784	0.816	-0.032	non-DMR
chr1	1147521	1148551	26	0.746	0.791	-0.044	non-DMR
chr1	1148596	1149730	23	0.743	0.787	-0.044	non-DMR
chr1	1149811	1150764	23	0.646	0.754	-0.107	sub-DMR
chr1	1151229	1152237	24	0.63	0.874	-0.244	good-DMR
chr1	1152695	1153544	21	0.338	0.639	-0.301	good-DMR
chr1	1153985	1155053	25	0.597	0.643	-0.047	non-DMR
chr1	1155099	1156018	21	0.45	0.685	-0.234	good-DMR
chr1	1156475	1157531	22	0.863	0.913	-0.05	non-DMR
chr1	1157569	1158245	17	0.548	0.799	-0.251	good-DMR
chr1	1158763	1159723	25	0.611	0.652	-0.041	non-DMR
chr1	1159784	1160672	23	0.463	0.752	-0.289	good-DMR
chr1	1161096	1162111	23	0.74	0.781	-0.041	non-DMR
chr1	1162176	1162998	20	0.519	0.834	-0.315	good-DMR
chr1	1163530	1164360	20	0.779	0.825	-0.046	non-DMR
chr1	1164431	1165398	23	0.543	0.817	-0.275	good-DMR
chr1	1166955	1167784	18	0.783	0.822	-0.04	non-DMR
chr1	1167880	1168861	24	0.766	0.808	-0.041	non-DMR
chr1	1168996	1169919	19	0.839	0.881	-0.042	non-DMR
chr1	1169981	1170846	21	0.633	0.597	0.036	non-DMR
chr1	1170924	1171881	21	0.205	0.165	0.041	non-DMR
chr1	1171980	1172801	17	0.758	0.803	-0.045	non-DMR
chr1	1172907	1173846	22	0.784	0.892	-0.108	sub-DMR
chr1	1174340	1175279	21	0.609	0.652	-0.043	non-DMR
chr1	1175366	1176258	21	0.871	0.908	-0.037	non-DMR
chr1	1176391	1177432	25	0.153	0.119	0.035	non-DMR
chr1	1177547	1178625	26	0.794	0.83	-0.036	non-DMR
chr1	1178716	1179401	17	0.602	0.639	-0.037	non-DMR
chr1	1179519	1180660	28	0.648	0.631	0.017	inconsistent-DMR
chr1	1180820	1181834	22	0.238	0.039	0.2	good-DMR
chr1	1182318	1183462	27	0.744	0.788	-0.045	non-DMR
chr1	1183587	1184613	21	0.723	0.764	-0.041	non-DMR
chr1	1184732	1185775	24	0.796	0.84	-0.044	non-DMR
chr1	1185910	1186850	26	0.914	0.954	-0.04	non-DMR
chr1	1186933	1187952	23	0.202	0.164	0.038	non-DMR
chr1	1188032	1188809	20	0.545	0.757	-0.212	good-DMR
chr1	1189250	1190361	27	0.828	0.879	-0.051	non-DMR
chr1	1190395	1191457	23	0.589	0.629	-0.039	non-DMR
chr1	1191544	1192295	18	0.134	0.105	0.029	non-DMR
chr1	1192394	1193357	21	0.762	0.797	-0.035	non-DMR
chr1	1193404	1194417	27	0.745	0.789	-0.044	non-DMR
chr1	1194483	1195561	24	0.65	0.873	-0.223	good-DMR
chr1	1196070	1197165	28	0.8	0.841	-0.041	non-DMR
chr1	1197287	1198385	26	0.738	0.782	-0.044	non-DMR
chr1	1198466	1199617	26	0.684	0.726	-0.042	non-DMR
chr1	1199714	1200321	15	0.836	0.886	-0.051	non-DMR
chr1	1200399	1201482	24	0.713	0.749	-0.037	non-DMR
chr1	1201600	1202473	20	0.808	0.861	-0.053	non-DMR
chr1	1202525	1203390	20	0.671	0.709	-0.039	non-DMR
chr1	1203482	1204445	22	0.326	0.035	0.291	good-DMR
chr1	1204908	1205703	19	0.49	0.528	-0.038	non-DMR
chr1	1205811	1206905	23	0.145	0.537	-0.392	good-DMR
chr1	1207398	1208417	24	0.363	0.074	0.288	good-DMR
chr1	1208841	1209897	24	0.652	0.758	-0.106	sub-DMR
chr1	1210370	1211299	21	0.851	0.884	-0.034	non-DMR
chr1	1211420	1212339	20	0.775	0.817	-0.041	non-DMR
chr1	1212393	1213347	22	0.752	0.8	-0.049	non-DMR
chr1	1213388	1214310	25	0.446	0.18	0.265	good-DMR
chr1	1214764	1215827	25	0.587	0.78	-0.193	good-DMR
chr1	1216258	1217189	22	0.263	0.219	0.044	non-DMR
chr1	1217306	1218264	22	0.702	0.749	-0.047	non-DMR
chr1	1218324	1219264	24	0.477	0.778	-0.3	good-DMR
chr1	1219605	1220547	24	0.791	0.824	-0.033	non-DMR
chr1	1220577	1221613	25	0.537	0.822	-0.285	good-DMR
chr1	1222145	1223115	22	0.12	0.082	0.038	non-DMR
chr1	1223186	1224046	19	0.175	0.141	0.034	non-DMR
chr1	1224159	1224848	18	0.599	0.636	-0.037	non-DMR
chr1	1224961	1225989	26	0.873	0.914	-0.041	non-DMR
chr1	1226089	1227259	25	0.84	0.887	-0.047	non-DMR
chr1	1227315	1228106	19	0.867	0.906	-0.039	non-DMR
chr1	1228148	1229292	26	0.574	0.857	-0.283	good-DMR
chr1	1229725	1230741	25	0.612	0.787	-0.175	good-DMR
chr1	1231223	1232195	24	0.44	0.755	-0.315	good-DMR
chr1	1232629	1233638	28	0.674	0.711	-0.037	non-DMR
chr1	1233747	1234658	24	0.818	0.849	-0.032	non-DMR
chr1	1234742	1235876	24	0.855	0.895	-0.04	non-DMR
chr1	1235927	1236838	20	0.361	0.684	-0.323	good-DMR
chr1	1237358	1238473	25	0.852	0.895	-0.043	non-DMR
chr1	1238531	1239593	21	0.794	0.528	0.266	notable-DMR
chr1	1239738	1240714	23	0.838	0.873	-0.034	non-DMR
chr1	1240777	1241865	26	0.576	0.829	-0.253	good-DMR
chr1	1242248	1243245	23	0.269	0.16	0.109	sub-DMR
chr1	1243626	1244641	23	0.446	0.148	0.299	good-DMR
chr1	1245104	1246081	21	0.465	0.711	-0.246	good-DMR
chr1	1246497	1247539	25	0.723	0.767	-0.044	non-DMR
chr1	1247587	1248589	27	0.597	0.637	-0.04	non-DMR
chr1	1248678	1249630	25	0.609	0.711	-0.101	sub-DMR
chr1	1250088	1251138	25	0.598	0.645	-0.047	non-DMR
chr1	1251243	1252114	20	0.667	0.707	-0.04	non-DMR
chr1	1252233	1253068	19	0.602	0.612	-0.01	inconsistent-DMR
chr1	1253200	1254195	24	0.773	0.821	-0.048	non-DMR
chr1	1254314	1255184	21	0.734	0.775	-0.041	non-DMR
chr1	1255279	1256345	23	0.649	0.697	-0.048	non-DMR
chr1	1256469	1257495	24	0.79	0.83	-0.04	non-DMR
chr1	1257599	1258479	17	0.176	0.131	0.045	non-DMR
chr1	1258579	1259530	22	0.104	0.063	0.041	non-DMR
chr1	1259547	1260281	16	0.708	0.743	-0.035	non-DMR
chr1	1260364	1261330	24	0.217	0.162	0.054	non-DMR
chr1	1261420	1262420	23	0.651	0.692	-0.041	non-DMR
chr1	1262503	1263378	19	0.111	0.068	0.043	non-DMR
chr1	1263483	1264414	22	0.683	0.734	-0.05	non-DMR
chr1	1264477	1265376	23	0.674	0.839	-0.165	good-DMR
chr1	1265823	1266622	22	0.708	0.752	-0.043	non-DMR
chr1	1266656	1267755	26	0.827	0.866	-0.039	non-DMR
chr1	1267816	1268657	21	0.549	0.887	-0.338	good-DMR
chr1	1269088	1269960	19	0.235	0.246	-0.01	inconsistent-DMR
chr1	1270074	1271107	23	0.738	0.778	-0.039	non-DMR
chr1	1271132	1272172	24	0.498	0.229	0.269	good-DMR
