chr	start	end	CpG_count	treatment_methylation	control_methylation	mean_delta_methylation	category
chr1	100028	100878	66	0.665	0.705	-0.04	non-DMR
chr1	101001	101810	63	0.737	0.873	-0.136	notable-DMR
chr1	101948	102907	71	0.788	0.83	-0.042	non-DMR
chr1	102990	104103	86	0.684	0.723	-0.038	non-DMR
chr1	104159	105257	75	0.544	0.589	-0.045	non-DMR
chr1	105314	106281	78	0.665	0.703	-0.038	non-DMR
chr1	106361	107282	73	0.628	0.815	-0.187	notable-DMR
chr1	108331	109245	72	0.482	0.236	0.246	good-DMR
chr1	109746	110735	23	0.722	0.833	-0.11	sub-DMR
chr1	111173	112015	63	0.743	0.781	-0.038	non-DMR
chr1	112112	113147	81	0.655	0.694	-0.039	non-DMR
chr1	113261	114216	74	0.76	0.797	-0.037	non-DMR
chr1	114257	115217	78	0.442	0.744	-0.302	good-DMR
chr1	115682	116505	21	0.184	0.081	0.103	sub-DMR
chr1	116987	117996	73	0.638	0.682	-0.043	non-DMR
chr1	118060	119029	78	0.819	0.852	-0.034	non-DMR
chr1	119111	120158	25	0.605	0.708	-0.102	sub-DMR
chr1	120668	121816	85	0.714	0.753	-0.04	non-DMR
chr1	121921	122807	67	0.312	0.051	0.261	good-DMR
chr1	123200	124181	75	0.752	0.796	-0.045	non-DMR
chr1	124261	125351	81	0.727	0.766	-0.039	non-DMR
chr1	125395	126248	67	0.763	0.806	-0.043	non-DMR
chr1	126335	127281	70	0.549	0.814	-0.264	good-DMR
chr1	127795	128742	71	0.8	0.84	-0.04	non-DMR
chr1	128849	129726	24	0.229	0.124	0.105	sub-DMR
chr1	130175	131239	86	0.6	0.643	-0.043	non-DMR
chr1	131326	132303	26	0.686	0.793	-0.107	sub-DMR
chr1	132722	133620	66	0.296	0.642	-0.346	good-DMR
chr1	134002	134960	24	0.503	0.614	-0.111	sub-DMR
chr1	135504	136507	75	0.195	0.157	0.038	non-DMR
chr1	136639	137627	72	0.773	0.811	-0.037	non-DMR
chr1	137723	138706	75	0.244	0.239	0.006	inconsistent-DMR
chr1	138829	139902	85	0.351	0.31	0.041	non-DMR
chr1	140009	140960	72	0.874	0.918	-0.044	non-DMR
chr1	141053	142182	90	0.374	0.118	0.257	good-DMR
chr1	142647	143547	67	0.717	0.925	-0.208	good-DMR
chr1	144021	144840	64	0.475	0.786	-0.311	good-DMR
chr1	145314	146220	66	0.382	0.234	0.148	good-DMR
chr1	146726	147879	91	0.481	0.751	-0.27	good-DMR
chr1	148409	149420	82	0.815	0.85	-0.035	non-DMR
chr1	149513	150689	92	0.602	0.807	-0.206	good-DMR
chr1	151071	152004	73	0.594	0.85	-0.256	good-DMR
chr1	152512	153447	70	0.112	0.072	0.04	non-DMR
chr1	153564	154661	87	0.799	0.839	-0.04	non-DMR
chr1	154779	155727	74	0.799	0.834	-0.036	non-DMR
chr1	155810	156738	76	0.73	0.77	-0.041	non-DMR
chr1	156875	157829	73	0.77	0.814	-0.043	non-DMR
chr1	157905	158954	75	0.503	0.76	-0.257	good-DMR
chr1	159308	160375	78	0.415	0.736	-0.321	good-DMR
chr1	160752	161730	72	0.83	0.868	-0.038	non-DMR
chr1	161852	162729	70	0.582	0.623	-0.041	non-DMR
chr1	162788	163753	79	0.163	0.125	0.038	non-DMR
chr1	163845	164711	77	0.58	0.847	-0.267	good-DMR
chr1	165152	166252	78	0.826	0.864	-0.038	non-DMR
chr1	166281	167293	76	0.542	0.874	-0.333	good-DMR
chr1	167797	168628	64	0.261	0.037	0.224	good-DMR
chr1	169158	170165	77	0.158	0.118	0.04	non-DMR
chr1	170248	171305	88	0.184	0.143	0.042	non-DMR
chr1	171366	172238	21	0.785	0.89	-0.105	sub-DMR
chr1	172754	173668	74	0.796	0.84	-0.044	non-DMR
chr1	173764	174734	77	0.402	0.699	-0.296	notable-DMR
chr1	174855	175913	82	0.869	0.905	-0.036	non-DMR
chr1	176025	177069	77	0.141	0.102	0.039	non-DMR
chr1	177210	178210	76	0.83	0.868	-0.038	non-DMR
chr1	178303	179418	85	0.651	0.609	0.042	non-DMR
chr1	179431	180350	74	0.648	0.873	-0.225	good-DMR
chr1	180869	181897	83	0.107	0.069	0.038	non-DMR
chr1	181949	182952	76	0.436	0.765	-0.33	good-DMR
chr1	183421	184307	71	0.673	0.718	-0.044	non-DMR
chr1	184413	185477	81	0.892	0.93	-0.038	non-DMR
chr1	185588	186569	75	0.761	0.802	-0.042	non-DMR
chr1	186629	187556	73	0.428	0.633	-0.205	good-DMR
chr1	188072	188947	72	0.671	0.711	-0.04	non-DMR
chr1	189067	190096	75	0.719	0.722	-0.003	inconsistent-DMR
chr1	190213	191295	82	0.724	0.767	-0.042	non-DMR
chr1	191380	192277	71	0.749	0.788	-0.038	non-DMR
chr1	192347	193289	78	0.213	0.168	0.045	non-DMR
chr1	193420	194244	69	0.159	0.12	0.039	non-DMR
chr1	194276	195275	79	0.471	0.134	0.336	good-DMR
chr1	195738	196672	76	0.594	0.791	-0.198	good-DMR
chr1	197079	198288	88	0.704	0.747	-0.043	non-DMR
chr1	198408	199375	75	0.782	0.819	-0.037	non-DMR
chr1	199458	200228	63	0.717	0.76	-0.043	non-DMR
chr1	200299	201407	84	0.522	0.791	-0.269	good-DMR
chr1	201942	202909	75	0.759	0.801	-0.042	non-DMR
chr1	202998	203964	69	0.648	0.687	-0.04	non-DMR
chr1	204053	204791	60	0.135	0.099	0.036	non-DMR
chr1	204932	205840	69	0.161	0.121	0.04	non-DMR
chr1	205919	206908	23	0.794	0.895	-0.101	sub-DMR
chr1	207432	208466	81	0.159	0.12	0.039	non-DMR
chr1	208532	209406	65	0.176	0.136	0.04	non-DMR
chr1	209478	210444	77	0.743	0.781	-0.038	non-DMR
chr1	210506	211472	85	0.696	0.738	-0.042	non-DMR
chr1	211566	212742	97	0.551	0.836	-0.285	good-DMR
chr1	213188	214304	81	0.579	0.623	-0.044	non-DMR
chr1	214364	215342	76	0.776	0.816	-0.04	non-DMR
chr1	215408	216383	69	0.543	0.701	-0.158	good-DMR
chr1	216891	217915	81	0.798	0.841	-0.043	non-DMR
chr1	219091	220128	78	0.403	0.67	-0.267	good-DMR
chr1	220580	221487	69	0.858	0.899	-0.042	non-DMR
chr1	221625	222504	67	0.636	0.671	-0.035	non-DMR
chr1	222614	223644	76	0.806	0.849	-0.042	non-DMR
chr1	223735	224782	83	0.696	0.743	-0.047	non-DMR
chr1	224896	225854	69	0.306	0.056	0.251	notable-DMR
chr1	225963	227115	89	0.715	0.757	-0.042	non-DMR
chr1	227145	228184	81	0.558	0.784	-0.226	good-DMR
chr1	229652	230577	71	0.764	0.808	-0.044	non-DMR
chr1	230695	231910	97	0.643	0.686	-0.042	non-DMR
chr1	232013	232988	75	0.14	0.102	0.037	non-DMR
chr1	233107	233981	65	0.144	0.108	0.036	non-DMR
chr1	235196	236198	74	0.717	0.759	-0.041	non-DMR
chr1	236286	237363	88	0.288	0.103	0.185	good-DMR
chr1	238795	239781	75	0.175	0.135	0.04	non-DMR
chr1	239864	240987	85	0.741	0.779	-0.037	non-DMR
chr1	241093	242058	79	0.673	0.927	-0.254	notable-DMR
chr1	242161	243111	76	0.078	0.037	0.041	non-DMR
chr1	243232	244218	75	0.801	0.844	-0.043	non-DMR
chr1	244311	245285	72	0.389	0.185	0.204	good-DMR
chr1	245677	246824	90	0.299	0.258	0.041	non-DMR
chr1	246929	247998	79	0.827	0.867	-0.04	non-DMR
chr1	248065	249017	75	0.726	0.766	-0.041	non-DMR
chr1	249058	250095	76	0.695	0.738	-0.043	non-DMR
chr1	250178	251022	65	0.819	0.859	-0.04	non-DMR
chr1	251098	252164	82	0.674	0.712	-0.039	non-DMR
chr1	252270	253314	81	0.766	0.803	-0.037	non-DMR
chr1	253431	254409	77	0.883	0.928	-0.044	non-DMR
chr1	254513	255647	88	0.737	0.778	-0.04	non-DMR
chr1	255725	256818	85	0.72	0.761	-0.041	non-DMR
chr1	256954	258030	82	0.732	0.77	-0.038	non-DMR
chr1	258122	259094	70	0.121	0.084	0.037	non-DMR
chr1	259137	260054	64	0.529	0.766	-0.237	good-DMR
chr1	260379	261237	69	0.603	0.847	-0.244	good-DMR
chr1	261744	262983	93	0.837	0.875	-0.038	non-DMR
chr1	263092	264021	71	0.561	0.599	-0.038	non-DMR
chr1	264056	264983	75	0.74	0.78	-0.04	non-DMR
chr1	266143	267099	76	0.412	0.189	0.222	good-DMR
chr1	267470	268479	81	0.314	0.102	0.213	good-DMR
chr1	268983	269970	73	0.483	0.697	-0.214	good-DMR
chr1	270476	271243	64	0.751	0.795	-0.044	non-DMR
chr1	271355	272360	74	0.686	0.653	0.034	inconsistent-DMR
chr1	272465	273461	80	0.904	0.944	-0.041	non-DMR
chr1	273570	274618	77	0.145	0.105	0.04	non-DMR
chr1	274734	275759	76	0.843	0.888	-0.045	non-DMR
chr1	275884	276825	73	0.803	0.842	-0.039	non-DMR
chr1	276870	277770	69	0.446	0.81	-0.365	good-DMR
chr1	278218	279159	70	0.138	0.096	0.042	non-DMR
chr1	279242	280302	80	0.53	0.769	-0.239	good-DMR
chr1	280824	281728	71	0.678	0.717	-0.04	non-DMR
chr1	281809	282778	77	0.263	0.036	0.227	good-DMR
chr1	283225	284336	24	0.733	0.838	-0.105	sub-DMR
chr1	284782	285684	69	0.245	0.21	0.035	inconsistent-DMR
chr1	285808	286853	76	0.518	0.784	-0.266	good-DMR
chr1	287355	288500	84	0.538	0.58	-0.042	non-DMR
chr1	288537	289519	76	0.717	0.757	-0.039	non-DMR
chr1	289639	290537	69	0.368	0.329	0.04	non-DMR
chr1	290620	291588	75	0.452	0.753	-0.301	notable-DMR
chr1	291686	292508	61	0.734	0.772	-0.038	non-DMR
chr1	292614	293556	77	0.174	0.182	-0.007	inconsistent-DMR
chr1	293657	294584	73	0.637	0.865	-0.228	good-DMR
chr1	295065	295980	21	0.516	0.62	-0.105	sub-DMR
chr1	296488	297548	81	0.66	0.703	-0.043	non-DMR
chr1	297651	298579	69	0.31	0.271	0.038	non-DMR
chr1	298704	299551	62	0.773	0.809	-0.035	non-DMR
chr1	299566	300574	79	0.434	0.704	-0.27	good-DMR
chr1	301052	301957	80	0.166	0.126	0.04	non-DMR
chr1	303201	304166	76	0.122	0.079	0.043	non-DMR
chr1	304288	305364	78	0.757	0.794	-0.037	non-DMR
chr1	305426	306571	88	0.719	0.862	-0.143	good-DMR
chr1	308187	309166	75	0.65	0.689	-0.039	non-DMR
chr1	309205	310200	76	0.744	0.783	-0.039	non-DMR
chr1	310234	311340	88	0.563	0.604	-0.041	non-DMR
chr1	311433	312477	80	0.786	0.827	-0.041	non-DMR
chr1	312534	313626	85	0.68	0.722	-0.041	non-DMR
chr1	313704	314640	76	0.884	0.922	-0.039	non-DMR
chr1	314718	315719	77	0.263	0.217	0.046	non-DMR
chr1	315778	316790	80	0.34	0.058	0.282	good-DMR
chr1	317328	318324	78	0.689	0.73	-0.042	non-DMR
chr1	318430	319243	58	0.863	0.903	-0.04	non-DMR
chr1	319386	320513	88	0.75	0.793	-0.043	non-DMR
chr1	320621	321554	75	0.749	0.79	-0.04	non-DMR
chr1	321633	322642	79	0.752	0.791	-0.039	non-DMR
chr1	322763	323714	75	0.838	0.881	-0.043	non-DMR
chr1	323794	324571	55	0.768	0.805	-0.037	non-DMR
chr1	324661	325504	62	0.753	0.791	-0.039	non-DMR
chr1	325556	326670	84	0.413	0.683	-0.27	good-DMR
chr1	327179	328191	81	0.757	0.8	-0.043	non-DMR
chr1	328312	329255	70	0.792	0.831	-0.038	non-DMR
chr1	329390	330305	66	0.684	0.725	-0.041	non-DMR
chr1	330379	331432	84	0.735	0.91	-0.175	good-DMR
chr1	331927	332945	79	0.261	0.219	0.042	non-DMR
chr1	333050	333906	64	0.607	0.59	0.017	inconsistent-DMR
chr1	334009	334929	68	0.645	0.683	-0.037	non-DMR
chr1	334992	336058	87	0.229	0.179	0.049	non-DMR
chr1	336141	337064	69	0.805	0.846	-0.041	non-DMR
chr1	337143	338150	73	0.51	0.733	-0.223	good-DMR
chr1	338577	339592	81	0.628	0.787	-0.159	good-DMR
chr1	340033	341031	72	0.741	0.785	-0.044	non-DMR
chr1	341145	342199	80	0.598	0.636	-0.038	non-DMR
chr1	342299	343509	98	0.744	0.784	-0.04	non-DMR
chr1	343571	344499	78	0.524	0.747	-0.223	good-DMR
chr1	344966	345903	71	0.516	0.554	-0.037	non-DMR
chr1	346031	347137	76	0.859	0.9	-0.041	non-DMR
chr1	347221	348208	68	0.887	0.925	-0.039	non-DMR
chr1	348280	349213	74	0.751	0.794	-0.043	non-DMR
chr1	349291	350113	58	0.838	0.883	-0.045	non-DMR
chr1	350223	350968	59	0.21	0.172	0.038	non-DMR
chr1	351018	352074	82	0.902	0.939	-0.037	non-DMR
chr1	352195	353017	66	0.472	0.431	0.041	non-DMR
chr1	353112	354219	86	0.388	0.042	0.346	good-DMR
chr1	354700	355688	71	0.855	0.897	-0.041	non-DMR
chr1	355787	356667	68	0.594	0.633	-0.039	non-DMR
chr1	356770	357862	26	0.249	0.145	0.104	sub-DMR
chr1	358316	359389	78	0.752	0.795	-0.043	non-DMR
chr1	359493	360415	71	0.609	0.645	-0.036	non-DMR
chr1	360514	361380	69	0.452	0.299	0.153	good-DMR
chr1	361881	363037	90	0.558	0.835	-0.277	good-DMR
chr1	363481	364403	70	0.433	0.709	-0.276	good-DMR
chr1	364907	365840	75	0.588	0.629	-0.041	non-DMR
chr1	365965	367040	79	0.774	0.808	-0.034	non-DMR
chr1	367099	368099	79	0.682	0.718	-0.036	non-DMR
chr1	368183	369109	68	0.6	0.776	-0.177	good-DMR
chr1	369633	370547	72	0.816	0.856	-0.04	non-DMR
chr1	370691	371750	72	0.637	0.678	-0.041	non-DMR
chr1	372965	373919	75	0.621	0.664	-0.043	non-DMR
chr1	374053	375173	88	0.25	0.209	0.041	non-DMR
chr1	375197	376101	72	0.67	0.813	-0.143	good-DMR
chr1	376608	377655	84	0.575	0.612	-0.037	non-DMR
chr1	377680	378732	81	0.577	0.835	-0.258	good-DMR
chr1	379221	380160	67	0.531	0.683	-0.151	good-DMR
chr1	380617	381551	70	0.748	0.785	-0.037	non-DMR
chr1	381655	382742	90	0.343	0.082	0.262	good-DMR
chr1	383199	384029	65	0.639	0.678	-0.039	non-DMR
chr1	384066	384919	69	0.834	0.87	-0.037	non-DMR
chr1	384991	386062	80	0.834	0.875	-0.042	non-DMR
chr1	386158	387142	79	0.773	0.815	-0.041	non-DMR
chr1	387234	388375	83	0.694	0.732	-0.038	non-DMR
chr1	388429	389487	80	0.26	0.219	0.041	non-DMR
chr1	389580	390701	88	0.753	0.791	-0.039	non-DMR
chr1	390762	391625	69	0.49	0.778	-0.288	good-DMR
chr1	392004	393141	86	0.44	0.19	0.25	good-DMR
chr1	393609	394641	79	0.718	0.757	-0.039	non-DMR
chr1	394682	395723	76	0.553	0.735	-0.182	good-DMR
chr1	396151	397068	66	0.711	0.748	-0.037	non-DMR
chr1	397200	398168	74	0.711	0.753	-0.042	non-DMR
chr1	398289	399281	78	0.238	0.197	0.042	non-DMR
chr1	399367	400328	72	0.59	0.629	-0.039	non-DMR
chr1	400412	401285	68	0.091	0.053	0.038	non-DMR
chr1	401381	402230	18	0.16	0.051	0.109	sub-DMR
chr1	402498	403349	19	0.715	0.822	-0.106	sub-DMR
chr1	403836	404795	68	0.844	0.884	-0.04	non-DMR
chr1	404931	405850	76	0.175	0.131	0.044	non-DMR
chr1	405894	406848	74	0.495	0.824	-0.33	good-DMR
chr1	407258	408208	69	0.648	0.688	-0.04	non-DMR
chr1	408333	409336	71	0.165	0.122	0.042	non-DMR
chr1	410478	411483	22	0.739	0.84	-0.101	sub-DMR
chr1	411673	412607	21	0.71	0.811	-0.101	sub-DMR
chr1	413103	413914	66	0.438	0.467	-0.029	inconsistent-DMR
chr1	414054	414854	57	0.803	0.845	-0.042	non-DMR
chr1	414939	415959	68	0.804	0.839	-0.035	non-DMR
chr1	416075	417189	75	0.2	0.163	0.037	non-DMR
chr1	417265	418364	89	0.584	0.87	-0.286	good-DMR
chr1	418819	419791	71	0.349	0.075	0.274	good-DMR
chr1	420311	421327	79	0.606	0.646	-0.041	non-DMR
chr1	421461	422486	75	0.291	0.254	0.037	non-DMR
chr1	422553	423625	81	0.778	0.815	-0.037	non-DMR
chr1	423669	424727	86	0.615	0.654	-0.039	non-DMR
chr1	424857	425785	71	0.769	0.805	-0.037	non-DMR
chr1	425900	426851	74	0.769	0.81	-0.041	non-DMR
chr1	426918	427988	80	0.677	0.716	-0.039	non-DMR
chr1	428086	429056	70	0.457	0.642	-0.184	good-DMR
chr1	429546	430637	85	0.816	0.857	-0.041	non-DMR
chr1	430670	431595	75	0.899	0.939	-0.04	non-DMR
chr1	431699	432709	77	0.459	0.731	-0.272	good-DMR
chr1	433026	434045	74	0.678	0.72	-0.042	non-DMR
chr1	434112	435100	75	0.698	0.739	-0.041	non-DMR
chr1	435201	436198	22	0.778	0.879	-0.101	sub-DMR
chr1	436697	437698	80	0.496	0.765	-0.27	good-DMR
chr1	438200	439161	80	0.196	0.159	0.037	non-DMR
chr1	439222	440331	92	0.816	0.856	-0.041	non-DMR
chr1	440440	441574	91	0.572	0.614	-0.042	non-DMR
chr1	441668	442634	73	0.823	0.862	-0.039	non-DMR
chr1	442748	443612	67	0.724	0.764	-0.04	non-DMR
chr1	443684	444674	71	0.745	0.782	-0.036	non-DMR
chr1	444800	445743	67	0.385	0.347	0.038	non-DMR
chr1	445806	446630	58	0.846	0.883	-0.037	non-DMR
chr1	446672	447586	68	0.542	0.788	-0.246	good-DMR
chr1	448073	449077	80	0.836	0.875	-0.039	non-DMR
chr1	449202	450227	80	0.808	0.845	-0.037	non-DMR
chr1	450318	451329	78	0.803	0.844	-0.041	non-DMR
chr1	451394	452583	88	0.816	0.858	-0.041	non-DMR
chr1	452677	453832	85	0.814	0.856	-0.043	non-DMR
chr1	453878	454809	68	0.747	0.787	-0.04	non-DMR
chr1	454907	455792	23	0.615	0.723	-0.108	sub-DMR
chr1	456149	457303	92	0.615	0.861	-0.246	good-DMR
chr1	457685	458786	80	0.63	0.856	-0.226	good-DMR
chr1	459264	460149	66	0.229	0.034	0.195	good-DMR
chr1	460653	461739	80	0.707	0.751	-0.044	non-DMR
chr1	461811	462799	71	0.864	0.904	-0.04	non-DMR
chr1	462891	463925	78	0.156	0.116	0.041	non-DMR
chr1	464034	464896	69	0.294	0.252	0.042	non-DMR
chr1	464961	466049	86	0.383	0.048	0.335	good-DMR
chr1	466535	467392	67	0.49	0.232	0.259	good-DMR
chr1	467903	469042	84	0.804	0.851	-0.047	non-DMR
chr1	469057	470070	73	0.636	0.851	-0.215	good-DMR
chr1	470544	471636	86	0.561	0.781	-0.22	good-DMR
chr1	472042	472792	62	0.184	0.143	0.041	non-DMR
chr1	472879	473924	71	0.244	0.202	0.042	non-DMR
chr1	473945	474930	73	0.699	0.74	-0.041	non-DMR
chr1	474993	475899	72	0.758	0.795	-0.037	non-DMR
chr1	476033	477011	73	0.479	0.524	-0.045	non-DMR
chr1	477077	478064	77	0.464	0.748	-0.284	good-DMR
chr1	478499	479526	85	0.331	0.049	0.283	good-DMR
chr1	480027	481094	85	0.508	0.757	-0.25	good-DMR
chr1	481565	482576	78	0.554	0.858	-0.303	good-DMR
chr1	482912	483826	78	0.425	0.743	-0.318	good-DMR
chr1	484196	485061	71	0.396	0.727	-0.331	good-DMR
chr1	485579	486545	72	0.71	0.747	-0.036	non-DMR
chr1	486593	487556	73	0.438	0.687	-0.249	good-DMR
chr1	488078	489160	84	0.842	0.887	-0.046	non-DMR
chr1	489251	490332	78	0.392	0.131	0.261	good-DMR
chr1	490831	491970	87	0.726	0.767	-0.041	non-DMR
chr1	492068	493162	87	0.553	0.847	-0.294	good-DMR
chr1	493575	494560	79	0.716	0.756	-0.039	non-DMR
chr1	494691	495729	74	0.737	0.78	-0.043	non-DMR
chr1	495799	496698	69	0.482	0.762	-0.28	good-DMR
chr1	497219	498338	90	0.773	0.816	-0.042	non-DMR
chr1	498417	499282	62	0.348	0.1	0.248	good-DMR
chr1	499760	500631	73	0.646	0.865	-0.22	good-DMR
chr1	501046	501949	69	0.799	0.845	-0.046	non-DMR
chr1	502054	503131	83	0.752	0.791	-0.039	non-DMR
chr1	503189	504056	68	0.807	0.845	-0.038	non-DMR
chr1	504122	505000	62	0.696	0.734	-0.038	non-DMR
chr1	505131	506137	71	0.817	0.859	-0.042	non-DMR
chr1	506202	506993	60	0.783	0.826	-0.043	non-DMR
chr1	507107	508101	74	0.804	0.841	-0.037	non-DMR
chr1	508170	509192	25	0.761	0.865	-0.104	sub-DMR
chr1	509487	510557	72	0.786	0.823	-0.037	non-DMR
chr1	510626	511404	18	0.114	0.014	0.101	sub-DMR
chr1	512925	513898	73	0.859	0.897	-0.038	non-DMR
chr1	513989	514857	18	0.56	0.67	-0.109	sub-DMR
chr1	515357	516257	67	0.743	0.56	0.184	good-DMR
chr1	516668	517649	76	0.654	0.692	-0.039	non-DMR
chr1	517710	518641	68	0.61	0.883	-0.272	good-DMR
chr1	518984	519862	66	0.606	0.649	-0.042	non-DMR
chr1	519910	520963	83	0.768	0.808	-0.04	non-DMR
chr1	521020	522194	94	0.704	0.744	-0.04	non-DMR
chr1	522284	523180	66	0.724	0.766	-0.042	non-DMR
chr1	523286	524312	85	0.757	0.794	-0.036	non-DMR
chr1	524351	525474	87	0.454	0.773	-0.319	good-DMR
chr1	525942	527102	90	0.306	0.266	0.041	non-DMR
chr1	527166	528025	66	0.407	0.771	-0.364	good-DMR
chr1	528487	529555	82	0.821	0.861	-0.041	non-DMR
chr1	529666	530704	79	0.847	0.884	-0.038	non-DMR
chr1	530787	531910	89	0.729	0.73	-0.001	inconsistent-DMR
chr1	532013	533138	84	0.743	0.779	-0.036	non-DMR
chr1	533209	534198	75	0.173	0.137	0.036	non-DMR
chr1	534292	535348	81	0.729	0.769	-0.04	non-DMR
chr1	535413	536378	72	0.617	0.659	-0.042	non-DMR
chr1	536469	537329	70	0.698	0.74	-0.042	non-DMR
chr1	537465	538414	77	0.638	0.68	-0.041	non-DMR
chr1	538499	539448	80	0.164	0.123	0.04	non-DMR
chr1	539489	540378	70	0.745	0.752	-0.007	inconsistent-DMR
chr1	540531	541316	62	0.837	0.875	-0.038	non-DMR
chr1	541367	542257	65	0.67	0.714	-0.043	non-DMR
chr1	542327	543247	68	0.766	0.809	-0.043	non-DMR
chr1	543344	544327	78	0.5	0.811	-0.31	good-DMR
chr1	544863	545906	80	0.203	0.164	0.039	non-DMR
chr1	546024	547127	85	0.828	0.865	-0.037	non-DMR
chr1	547237	548278	86	0.644	0.838	-0.195	good-DMR
chr1	548761	549751	74	0.483	0.763	-0.281	good-DMR
chr1	550183	551016	62	0.818	0.859	-0.041	non-DMR
chr1	551148	552125	81	0.725	0.766	-0.041	non-DMR
chr1	552163	553121	74	0.672	0.716	-0.044	non-DMR
chr1	553189	554345	101	0.545	0.832	-0.288	good-DMR
chr1	554809	555749	71	0.74	0.784	-0.044	non-DMR
chr1	555848	556850	70	0.741	0.777	-0.036	non-DMR
chr1	556903	557837	71	0.808	0.854	-0.046	non-DMR
chr1	557930	558914	22	0.479	0.582	-0.103	sub-DMR
chr1	559386	560230	68	0.183	0.142	0.041	non-DMR
chr1	560319	561297	82	0.511	0.746	-0.235	notable-DMR
chr1	561378	562138	57	0.194	0.156	0.038	non-DMR
chr1	562199	563224	84	0.191	0.148	0.042	non-DMR
chr1	563337	564531	86	0.769	0.811	-0.042	non-DMR
chr1	564624	565599	71	0.598	0.641	-0.043	non-DMR
chr1	565674	566771	87	0.633	0.906	-0.273	good-DMR
chr1	567245	568361	84	0.801	0.84	-0.04	non-DMR
chr1	568398	569306	72	0.347	0.067	0.279	good-DMR
chr1	569796	570730	75	0.57	0.613	-0.043	non-DMR
chr1	570767	571636	68	0.685	0.879	-0.193	good-DMR
chr1	572102	573156	79	0.736	0.777	-0.041	non-DMR
chr1	573172	573931	58	0.406	0.693	-0.287	good-DMR
chr1	574461	575471	72	0.875	0.916	-0.04	non-DMR
chr1	575577	576474	74	0.11	0.073	0.037	non-DMR
chr1	576610	577715	86	0.753	0.793	-0.041	non-DMR
chr1	577796	578628	17	0.659	0.769	-0.11	sub-DMR
chr1	579087	580062	76	0.753	0.794	-0.041	non-DMR
chr1	580144	580972	19	0.7	0.806	-0.105	sub-DMR
chr1	581486	582449	79	0.747	0.788	-0.041	non-DMR
chr1	582520	583529	82	0.446	0.696	-0.25	good-DMR
chr1	583989	584958	72	0.866	0.907	-0.041	non-DMR
chr1	585048	585953	70	0.751	0.791	-0.04	non-DMR
chr1	586063	586945	69	0.688	0.729	-0.041	non-DMR
chr1	587044	587864	60	0.57	0.615	-0.045	non-DMR
chr1	587941	589044	88	0.552	0.771	-0.219	good-DMR
chr1	589501	590454	21	0.818	0.92	-0.102	sub-DMR
chr1	590965	591964	77	0.722	0.761	-0.04	non-DMR
chr1	592087	593117	78	0.516	0.478	0.039	non-DMR
chr1	593223	594167	73	0.163	0.127	0.036	non-DMR
chr1	594222	595353	28	0.604	0.709	-0.104	sub-DMR
chr1	595827	596694	65	0.838	0.88	-0.043	non-DMR
chr1	596812	597714	72	0.5	0.545	-0.045	non-DMR
chr1	597748	598679	74	0.456	0.278	0.178	good-DMR
chr1	599159	600037	66	0.493	0.757	-0.264	good-DMR
chr1	600512	601663	87	0.812	0.853	-0.041	non-DMR
chr1	601775	602885	79	0.157	0.116	0.042	non-DMR
chr1	602968	604170	89	0.736	0.783	-0.046	non-DMR
chr1	604258	605101	61	0.596	0.807	-0.211	good-DMR
chr1	605578	606620	77	0.598	0.638	-0.04	non-DMR
chr1	606701	607588	70	0.45	0.77	-0.32	good-DMR
chr1	608090	609134	83	0.679	0.9	-0.221	good-DMR
chr1	609489	610289	64	0.884	0.926	-0.042	non-DMR
chr1	610394	611398	79	0.137	0.096	0.041	non-DMR
chr1	611509	612523	75	0.184	0.144	0.04	non-DMR
chr1	612614	613491	67	0.571	0.612	-0.041	non-DMR
chr1	613592	614586	75	0.857	0.9	-0.043	non-DMR
chr1	614665	615540	66	0.259	0.226	0.034	non-DMR
chr1	615606	616577	72	0.598	0.866	-0.268	notable-DMR
chr1	616688	617658	77	0.791	0.832	-0.041	non-DMR
chr1	617797	618971	91	0.88	0.922	-0.042	non-DMR
chr1	619030	620080	77	0.561	0.204	0.357	notable-DMR
chr1	620158	621274	86	0.887	0.93	-0.043	non-DMR
chr1	621314	622260	74	0.281	0.246	0.035	non-DMR
chr1	622339	623397	85	0.569	0.916	-0.347	good-DMR
chr1	623892	624844	76	0.225	0.189	0.036	non-DMR
chr1	624906	625825	75	0.62	0.811	-0.191	good-DMR
chr1	626308	627063	56	0.661	0.703	-0.043	non-DMR
chr1	627162	628086	77	0.35	0.603	-0.253	good-DMR
chr1	628605	629531	68	0.158	0.121	0.038	non-DMR
chr1	629665	630565	67	0.662	0.702	-0.04	non-DMR
chr1	630619	631658	73	0.622	0.658	-0.037	non-DMR
chr1	631709	632552	64	0.303	0.058	0.245	good-DMR
chr1	632944	633701	56	0.535	0.797	-0.261	good-DMR
chr1	634163	635229	79	0.48	0.742	-0.263	good-DMR
chr1	635654	636797	88	0.867	0.908	-0.041	non-DMR
chr1	636886	637984	80	0.635	0.871	-0.237	good-DMR
chr1	638532	639677	87	0.588	0.628	-0.04	non-DMR
chr1	639800	640747	77	0.829	0.87	-0.041	non-DMR
chr1	640792	641673	70	0.455	0.708	-0.253	good-DMR
chr1	642177	643160	79	0.589	0.918	-0.329	good-DMR
chr1	643686	644689	78	0.623	0.663	-0.04	non-DMR
chr1	644744	645852	81	0.783	0.824	-0.04	non-DMR
chr1	645893	646871	80	0.455	0.725	-0.27	notable-DMR
chr1	646970	647948	80	0.143	0.101	0.042	non-DMR
chr1	648047	649040	73	0.125	0.083	0.042	non-DMR
chr1	649062	650040	74	0.469	0.703	-0.234	good-DMR
chr1	650523	651576	77	0.354	0.623	-0.27	good-DMR
chr1	652097	653092	75	0.799	0.842	-0.043	non-DMR
chr1	653099	653998	19	0.726	0.83	-0.104	sub-DMR
chr1	654512	655652	91	0.696	0.737	-0.041	non-DMR
chr1	655734	656625	70	0.739	0.777	-0.038	non-DMR
chr1	656708	657603	74	0.724	0.766	-0.042	non-DMR
chr1	657742	658556	60	0.784	0.822	-0.039	non-DMR
chr1	658631	659696	82	0.723	0.76	-0.037	non-DMR
chr1	659752	660690	76	0.708	0.749	-0.041	non-DMR
chr1	660802	661728	66	0.63	0.672	-0.042	non-DMR
chr1	661826	662700	66	0.754	0.791	-0.037	non-DMR
chr1	662733	663791	86	0.68	0.882	-0.201	good-DMR
chr1	664172	665207	78	0.102	0.065	0.038	non-DMR
chr1	665276	666305	76	0.816	0.855	-0.039	non-DMR
chr1	666407	667198	60	0.224	0.187	0.037	non-DMR
chr1	667265	668261	74	0.449	0.719	-0.27	good-DMR
chr1	668785	669569	56	0.594	0.631	-0.037	non-DMR
chr1	669630	670670	75	0.482	0.152	0.331	good-DMR
chr1	671151	671965	64	0.719	0.764	-0.044	non-DMR
chr1	672096	673019	72	0.24	0.2	0.039	non-DMR
chr1	673098	674050	70	0.722	0.763	-0.041	non-DMR
chr1	674162	675110	72	0.704	0.744	-0.04	non-DMR
chr1	675183	676333	88	0.167	0.151	0.016	inconsistent-DMR
chr1	676486	677476	77	0.801	0.839	-0.038	non-DMR
chr1	677543	678619	92	0.751	0.792	-0.041	non-DMR
chr1	679790	680579	64	0.648	0.641	0.007	inconsistent-DMR
chr1	680653	681620	74	0.182	0.145	0.037	non-DMR
chr1	681752	682701	72	0.641	0.675	-0.035	non-DMR
chr1	682726	683623	66	0.818	0.858	-0.04	non-DMR
chr1	683656	684465	62	0.652	0.839	-0.187	good-DMR
chr1	684931	685925	72	0.6	0.754	-0.153	good-DMR
chr1	686328	687379	86	0.774	0.816	-0.042	non-DMR
chr1	687462	688402	77	0.774	0.814	-0.04	non-DMR
chr1	688474	689459	76	0.789	0.828	-0.038	non-DMR
chr1	689529	690491	21	0.61	0.721	-0.111	sub-DMR
chr1	690959	691819	68	0.473	0.801	-0.328	good-DMR
chr1	692330	693260	78	0.744	0.785	-0.041	non-DMR
chr1	693365	694257	67	0.777	0.817	-0.04	non-DMR
chr1	694322	695371	84	0.491	0.765	-0.273	good-DMR
chr1	695830	696771	73	0.764	0.787	-0.022	inconsistent-DMR
chr1	696871	697757	68	0.582	0.626	-0.044	non-DMR
chr1	698854	699989	29	0.182	0.073	0.11	sub-DMR
chr1	700484	701447	74	0.761	0.803	-0.042	non-DMR
chr1	701505	702362	75	0.383	0.065	0.318	good-DMR
chr1	702877	703914	77	0.649	0.691	-0.042	non-DMR
chr1	703968	704865	63	0.092	0.049	0.043	non-DMR
chr1	704904	705927	76	0.741	0.786	-0.045	non-DMR
chr1	706049	707008	76	0.203	0.161	0.042	non-DMR
chr1	707097	708157	80	0.725	0.713	0.012	inconsistent-DMR
chr1	708324	709164	62	0.738	0.782	-0.044	non-DMR
chr1	709216	710052	62	0.596	0.634	-0.039	non-DMR
chr1	710149	711095	77	0.322	0.042	0.28	good-DMR
chr1	712341	713542	88	0.211	0.172	0.039	non-DMR
chr1	713631	714797	28	0.766	0.868	-0.102	sub-DMR
chr1	715272	716104	61	0.222	0.238	-0.016	inconsistent-DMR
chr1	716179	717198	25	0.151	0.045	0.107	sub-DMR
chr1	717703	718765	83	0.746	0.788	-0.043	non-DMR
chr1	718812	719861	78	0.817	0.856	-0.039	non-DMR
chr1	719959	720946	75	0.227	0.189	0.037	non-DMR
chr1	721038	721908	67	0.659	0.9	-0.241	good-DMR
chr1	722369	723688	101	0.499	0.156	0.343	good-DMR
chr1	724060	724885	67	0.867	0.902	-0.035	non-DMR
chr1	725989	726953	77	0.759	0.795	-0.036	non-DMR
chr1	727005	728003	73	0.766	0.808	-0.042	non-DMR
chr1	728106	729104	79	0.461	0.421	0.04	non-DMR
chr1	729197	729970	62	0.341	0.127	0.214	notable-DMR
chr1	730059	730869	60	0.718	0.76	-0.041	non-DMR
chr1	730938	731808	69	0.109	0.067	0.042	non-DMR
chr1	731869	732822	73	0.202	0.168	0.035	non-DMR
chr1	732901	733964	83	0.758	0.798	-0.04	non-DMR
chr1	735219	736257	77	0.158	0.119	0.039	non-DMR
chr1	736369	737251	64	0.863	0.899	-0.037	non-DMR
chr1	737345	738079	18	0.454	0.565	-0.11	sub-DMR
chr1	738584	739584	70	0.803	0.843	-0.04	non-DMR
chr1	739670	740768	84	0.799	0.836	-0.037	non-DMR
chr1	740783	741939	88	0.568	0.791	-0.223	good-DMR
chr1	743291	744370	78	0.667	0.926	-0.258	good-DMR
chr1	744799	745789	77	0.632	0.847	-0.214	good-DMR
chr1	746256	747137	67	0.34	0.649	-0.309	good-DMR
chr1	747603	748693	81	0.69	0.875	-0.184	good-DMR
chr1	750397	751346	74	0.802	0.844	-0.042	non-DMR
chr1	751459	752554	83	0.797	0.835	-0.038	non-DMR
chr1	752671	753643	78	0.723	0.757	-0.034	non-DMR
chr1	753775	754954	87	0.795	0.84	-0.045	non-DMR
chr1	755064	756053	77	0.578	0.602	-0.024	inconsistent-DMR
chr1	756177	757069	71	0.875	0.917	-0.043	non-DMR
chr1	757152	757991	68	0.158	0.12	0.038	non-DMR
chr1	758078	759151	82	0.848	0.883	-0.035	non-DMR
chr1	759232	760162	66	0.597	0.862	-0.265	good-DMR
chr1	760558	761559	24	0.822	0.93	-0.108	sub-DMR
chr1	762064	763076	77	0.556	0.562	-0.006	inconsistent-DMR
chr1	763209	764211	79	0.286	0.246	0.041	non-DMR
chr1	764269	765295	78	0.9	0.945	-0.044	non-DMR
chr1	765405	766525	86	0.696	0.738	-0.043	non-DMR
chr1	766664	767706	80	0.263	0.224	0.039	non-DMR
chr1	767743	768842	90	0.705	0.746	-0.042	non-DMR
chr1	768912	769878	74	0.495	0.753	-0.257	good-DMR
chr1	770343	771392	85	0.133	0.09	0.043	non-DMR
chr1	771507	772541	75	0.652	0.701	-0.048	non-DMR
chr1	772628	773628	80	0.493	0.837	-0.344	good-DMR
chr1	773867	774822	76	0.568	0.746	-0.178	good-DMR
chr1	775267	776339	76	0.792	0.835	-0.043	non-DMR
chr1	776461	777483	77	0.614	0.653	-0.039	non-DMR
chr1	777512	778458	75	0.102	0.062	0.039	non-DMR
chr1	778487	779295	62	0.233	0.196	0.037	non-DMR
chr1	779426	780377	77	0.234	0.192	0.042	non-DMR
chr1	780420	781431	74	0.324	0.189	0.135	good-DMR
chr1	781877	782708	19	0.694	0.804	-0.111	sub-DMR
chr1	783139	784326	92	0.695	0.911	-0.216	good-DMR
chr1	784841	785810	72	0.789	0.83	-0.041	non-DMR
chr1	785857	786815	73	0.639	0.651	-0.012	inconsistent-DMR
chr1	786933	788125	98	0.639	0.598	0.041	non-DMR
chr1	788193	789247	85	0.269	0.235	0.034	non-DMR
chr1	789331	790236	70	0.309	0.056	0.253	good-DMR
chr1	790754	791815	81	0.63	0.673	-0.043	non-DMR
chr1	791953	792975	80	0.582	0.62	-0.038	non-DMR
chr1	793078	794068	72	0.44	0.221	0.219	good-DMR
chr1	794595	795714	85	0.091	0.051	0.04	non-DMR
chr1	795800	796784	76	0.742	0.785	-0.043	non-DMR
chr1	796808	797940	87	0.728	0.767	-0.039	non-DMR
chr1	798016	799035	87	0.664	0.705	-0.041	non-DMR
chr1	800076	801035	73	0.53	0.57	-0.04	non-DMR
chr1	801153	802100	72	0.792	0.833	-0.041	non-DMR
chr1	802217	803244	84	0.136	0.092	0.044	non-DMR
chr1	803379	804359	74	0.707	0.749	-0.042	non-DMR
chr1	804453	805482	80	0.726	0.769	-0.042	non-DMR
chr1	805533	806417	72	0.811	0.855	-0.043	non-DMR
chr1	806470	807425	79	0.787	0.83	-0.042	non-DMR
chr1	807434	808455	75	0.417	0.752	-0.336	good-DMR
chr1	808933	809925	75	0.704	0.741	-0.038	non-DMR
chr1	809967	811004	72	0.378	0.124	0.254	good-DMR
chr1	811514	812455	72	0.671	0.712	-0.041	non-DMR
chr1	812555	813691	87	0.148	0.106	0.043	non-DMR
chr1	813800	814761	77	0.865	0.907	-0.043	non-DMR
chr1	814818	815901	83	0.811	0.848	-0.037	non-DMR
chr1	816036	817107	81	0.216	0.175	0.041	non-DMR
chr1	817180	818236	82	0.819	0.855	-0.036	non-DMR
chr1	818378	819546	91	0.656	0.696	-0.04	non-DMR
chr1	819591	820459	68	0.174	0.131	0.044	non-DMR
chr1	820516	821557	82	0.614	0.822	-0.208	good-DMR
chr1	822053	822973	77	0.671	0.713	-0.042	non-DMR
chr1	823047	823995	74	0.535	0.785	-0.25	good-DMR
chr1	824473	825534	80	0.152	0.109	0.043	non-DMR
chr1	825666	826589	67	0.165	0.123	0.042	non-DMR
chr1	826653	827708	85	0.504	0.233	0.272	good-DMR
chr1	828181	829101	70	0.233	0.054	0.179	good-DMR
chr1	829621	830606	78	0.671	0.712	-0.041	non-DMR
chr1	831694	832771	77	0.701	0.689	0.012	inconsistent-DMR
chr1	832895	833928	83	0.805	0.842	-0.036	non-DMR
chr1	833969	835102	88	0.325	0.097	0.227	good-DMR
chr1	835632	836631	76	0.157	0.114	0.043	non-DMR
chr1	836670	837621	71	0.47	0.728	-0.258	good-DMR
chr1	838086	839262	95	0.321	0.54	-0.219	good-DMR
chr1	839764	840639	62	0.57	0.566	0.005	inconsistent-DMR
chr1	840750	841688	20	0.723	0.833	-0.109	sub-DMR
chr1	842177	843278	77	0.352	0.092	0.26	good-DMR
chr1	843751	844735	73	0.693	0.731	-0.038	non-DMR
chr1	844774	845908	88	0.798	0.84	-0.042	non-DMR
chr1	846045	847081	79	0.899	0.938	-0.039	non-DMR
chr1	847209	848298	83	0.842	0.885	-0.044	non-DMR
chr1	848401	849350	74	0.873	0.912	-0.039	non-DMR
chr1	849368	850228	67	0.651	0.914	-0.263	good-DMR
chr1	850701	851567	70	0.654	0.699	-0.044	non-DMR
chr1	851581	852636	82	0.543	0.836	-0.293	good-DMR
chr1	853152	854090	72	0.252	0.209	0.043	non-DMR
chr1	854225	855154	72	0.872	0.914	-0.042	non-DMR
chr1	855257	856201	72	0.501	0.745	-0.244	good-DMR
chr1	856710	857532	71	0.636	0.68	-0.044	non-DMR
chr1	857637	858910	97	0.729	0.772	-0.043	non-DMR
chr1	858974	859906	68	0.869	0.907	-0.038	non-DMR
chr1	860007	861004	78	0.854	0.893	-0.04	non-DMR
chr1	861054	862144	78	0.385	0.072	0.312	good-DMR
chr1	862679	863558	66	0.738	0.782	-0.044	non-DMR
chr1	863661	864632	82	0.453	0.75	-0.297	good-DMR
chr1	865056	865993	70	0.156	0.117	0.039	non-DMR
chr1	866022	866868	66	0.408	0.167	0.24	good-DMR
chr1	867267	868262	80	0.585	0.625	-0.04	non-DMR
chr1	869564	870556	73	0.673	0.864	-0.192	good-DMR
chr1	871097	871967	70	0.807	0.847	-0.041	non-DMR
chr1	872079	872979	63	0.159	0.118	0.041	non-DMR
chr1	873106	874203	86	0.692	0.733	-0.041	non-DMR
chr1	874276	875275	76	0.089	0.051	0.038	non-DMR
chr1	875358	876166	59	0.591	0.637	-0.046	non-DMR
chr1	876225	877058	66	0.652	0.861	-0.209	good-DMR
chr1	877454	878428	75	0.425	0.812	-0.387	good-DMR
chr1	879965	880944	77	0.518	0.775	-0.258	good-DMR
chr1	881387	882397	83	0.487	0.177	0.31	good-DMR
chr1	882874	883854	77	0.511	0.762	-0.25	good-DMR
chr1	884354	885244	75	0.755	0.792	-0.038	non-DMR
chr1	885317	886130	59	0.839	0.882	-0.043	non-DMR
chr1	887377	888456	76	0.801	0.841	-0.04	non-DMR
chr1	888587	889594	77	0.18	0.143	0.037	non-DMR
chr1	889664	890618	73	0.452	0.158	0.295	good-DMR
chr1	891097	891942	64	0.704	0.747	-0.043	non-DMR
chr1	892071	892942	61	0.85	0.893	-0.043	non-DMR
chr1	893034	893871	70	0.596	0.636	-0.04	non-DMR
chr1	894008	894917	73	0.23	0.193	0.037	non-DMR
chr1	894986	895831	72	0.451	0.442	0.008	inconsistent-DMR
chr1	895911	896807	65	0.693	0.736	-0.043	non-DMR
chr1	896848	897777	74	0.444	0.162	0.282	good-DMR
chr1	898180	899054	74	0.55	0.798	-0.247	good-DMR
chr1	899534	900721	89	0.811	0.851	-0.04	non-DMR
chr1	900836	901705	66	0.663	0.704	-0.041	non-DMR
chr1	901822	902949	86	0.402	0.363	0.039	non-DMR
chr1	903038	904076	84	0.681	0.725	-0.044	non-DMR
chr1	904177	905195	78	0.5	0.743	-0.243	notable-DMR
chr1	905222	906245	80	0.785	0.826	-0.042	non-DMR
chr1	906352	907474	83	0.331	0.334	-0.003	inconsistent-DMR
chr1	907551	908460	72	0.303	0.066	0.238	good-DMR
chr1	908999	910057	75	0.574	0.615	-0.041	non-DMR
chr1	911214	912379	88	0.647	0.916	-0.27	good-DMR
chr1	912865	913905	83	0.408	0.138	0.27	good-DMR
chr1	914287	915293	75	0.157	0.114	0.042	non-DMR
chr1	915326	916412	81	0.567	0.871	-0.305	good-DMR
chr1	916894	917963	74	0.584	0.623	-0.039	non-DMR
chr1	917987	919008	76	0.574	0.616	-0.042	non-DMR
chr1	919100	920091	76	0.777	0.821	-0.044	non-DMR
chr1	920205	921203	82	0.682	0.722	-0.04	non-DMR
chr1	921262	922239	70	0.765	0.808	-0.043	non-DMR
chr1	922319	923191	70	0.728	0.769	-0.041	non-DMR
chr1	923296	924222	73	0.651	0.855	-0.204	good-DMR
chr1	924719	925727	80	0.437	0.706	-0.269	good-DMR
chr1	926267	927112	70	0.741	0.778	-0.037	non-DMR
chr1	927145	928117	74	0.505	0.814	-0.309	good-DMR
chr1	928593	929467	64	0.559	0.599	-0.04	non-DMR
chr1	929524	930449	69	0.16	0.123	0.036	non-DMR
chr1	930500	931475	74	0.538	0.825	-0.288	good-DMR
chr1	931905	932894	75	0.787	0.826	-0.039	non-DMR
chr1	932971	933775	58	0.743	0.778	-0.035	inconsistent-DMR
chr1	933879	934860	73	0.564	0.241	0.324	good-DMR
chr1	935336	936427	78	0.691	0.729	-0.039	non-DMR
chr1	936482	937566	90	0.767	0.806	-0.039	non-DMR
chr1	937590	938649	77	0.615	0.842	-0.228	good-DMR
chr1	940119	940948	63	0.729	0.767	-0.037	non-DMR
chr1	941007	942097	83	0.328	0.096	0.232	good-DMR
chr1	943783	944797	75	0.569	0.612	-0.042	non-DMR
chr1	944913	945887	74	0.86	0.9	-0.04	non-DMR
chr1	945965	946959	78	0.87	0.911	-0.041	non-DMR
chr1	947047	948000	74	0.827	0.862	-0.035	non-DMR
chr1	948092	949076	78	0.29	0.02	0.27	good-DMR
chr1	949407	950558	90	0.37	0.123	0.247	good-DMR
chr1	951037	951977	72	0.478	0.775	-0.297	good-DMR
chr1	952468	953356	22	0.778	0.879	-0.101	sub-DMR
chr1	953744	954731	79	0.111	0.067	0.043	non-DMR
chr1	954805	955954	85	0.855	0.899	-0.044	non-DMR
chr1	956094	957178	84	0.516	0.719	-0.203	notable-DMR
chr1	957249	958375	90	0.785	0.829	-0.043	non-DMR
chr1	958431	959357	77	0.129	0.083	0.045	non-DMR
chr1	959419	960546	86	0.573	0.83	-0.257	good-DMR
chr1	961001	962098	88	0.164	0.117	0.046	non-DMR
chr1	962182	963309	84	0.343	0.132	0.211	good-DMR
chr1	963825	964851	77	0.779	0.822	-0.043	non-DMR
chr1	964902	965996	85	0.748	0.791	-0.043	non-DMR
chr1	966107	967210	87	0.786	0.827	-0.041	non-DMR
chr1	967254	968376	90	0.879	0.918	-0.039	non-DMR
chr1	968442	969357	67	0.603	0.563	0.04	non-DMR
chr1	969461	970257	65	0.875	0.566	0.309	notable-DMR
chr1	970366	971272	72	0.586	0.629	-0.043	non-DMR
chr1	971355	972316	25	0.64	0.749	-0.109	sub-DMR
chr1	972834	973955	92	0.867	0.907	-0.04	non-DMR
chr1	974060	975043	68	0.782	0.822	-0.04	non-DMR
chr1	975150	976053	74	0.842	0.877	-0.035	non-DMR
chr1	976157	977271	83	0.726	0.767	-0.041	non-DMR
chr1	977397	978269	64	0.81	0.847	-0.037	non-DMR
chr1	978307	979431	89	0.53	0.8	-0.269	good-DMR
chr1	979689	980784	24	0.686	0.79	-0.104	sub-DMR
chr1	981285	982203	78	0.567	0.82	-0.253	good-DMR
chr1	982698	983681	78	0.577	0.864	-0.286	good-DMR
chr1	984164	985112	80	0.715	0.757	-0.042	non-DMR
chr1	985195	986111	21	0.171	0.067	0.103	sub-DMR
chr1	986495	987572	86	0.128	0.088	0.04	non-DMR
chr1	987654	988554	68	0.816	0.853	-0.037	non-DMR
chr1	988694	989850	87	0.801	0.84	-0.039	non-DMR
chr1	989916	990831	74	0.511	0.758	-0.247	notable-DMR
chr1	992170	993108	74	0.524	0.275	0.248	notable-DMR
chr1	993169	994010	62	0.859	0.898	-0.04	non-DMR
chr1	994112	995151	74	0.791	0.831	-0.04	non-DMR
chr1	995243	996208	78	0.753	0.795	-0.042	non-DMR
chr1	996227	997140	66	0.115	0.07	0.045	non-DMR
chr1	997267	998309	83	0.819	0.857	-0.038	non-DMR
chr1	998437	999431	79	0.176	0.134	0.041	non-DMR
chr1	999513	1000495	78	0.607	0.566	0.04	non-DMR
chr1	1000552	1001663	23	0.673	0.779	-0.106	sub-DMR
chr1	1002117	1003078	70	0.103	0.06	0.044	non-DMR
chr1	1003176	1004223	80	0.266	0.102	0.164	good-DMR
chr1	1004691	1005757	84	0.729	0.768	-0.04	non-DMR
chr1	1005842	1006888	22	0.551	0.655	-0.105	sub-DMR
chr1	1007207	1008317	85	0.636	0.939	-0.302	good-DMR
chr1	1008795	1009717	78	0.59	0.812	-0.222	good-DMR
chr1	1011281	1012209	75	0.757	0.801	-0.044	non-DMR
chr1	1012309	1013355	83	0.875	0.917	-0.042	non-DMR
chr1	1013444	1014318	71	0.376	0.12	0.256	good-DMR
chr1	1014828	1015720	68	0.835	0.871	-0.037	non-DMR
chr1	1015784	1016587	64	0.736	0.78	-0.044	non-DMR
chr1	1016696	1017727	79	0.193	0.152	0.041	non-DMR
chr1	1017795	1018786	78	0.707	0.747	-0.04	non-DMR
chr1	1018863	1019738	64	0.763	0.804	-0.041	non-DMR
chr1	1019831	1020785	76	0.782	0.816	-0.033	non-DMR
chr1	1020917	1021697	61	0.145	0.103	0.042	non-DMR
chr1	1021746	1022619	68	0.809	0.852	-0.043	non-DMR
chr1	1022649	1023495	72	0.723	0.767	-0.044	non-DMR
chr1	1023547	1024528	75	0.333	0.623	-0.29	good-DMR
chr1	1025022	1025880	76	0.163	0.118	0.044	non-DMR
chr1	1025919	1026903	75	0.68	0.895	-0.214	good-DMR
chr1	1027426	1028552	83	0.714	0.755	-0.04	non-DMR
chr1	1028632	1029624	78	0.771	0.813	-0.042	non-DMR
chr1	1029714	1030658	74	0.254	0.101	0.152	good-DMR
chr1	1031138	1032246	89	0.84	0.879	-0.039	non-DMR
chr1	1032329	1033386	82	0.574	0.744	-0.171	good-DMR
chr1	1033878	1034864	74	0.189	0.149	0.04	non-DMR
chr1	1034966	1035872	75	0.825	0.864	-0.039	non-DMR
chr1	1035925	1036977	84	0.304	0.114	0.19	good-DMR
chr1	1037319	1038324	73	0.798	0.837	-0.039	non-DMR
chr1	1038371	1039450	77	0.788	0.828	-0.04	non-DMR
chr1	1039489	1040381	68	0.752	0.795	-0.043	non-DMR
chr1	1040436	1041276	64	0.233	0.192	0.041	non-DMR
chr1	1041335	1042304	73	0.36	0.114	0.246	good-DMR
chr1	1042808	1043886	89	0.111	0.071	0.041	non-DMR
chr1	1043987	1045017	81	0.651	0.887	-0.236	good-DMR
chr1	1045459	1046456	78	0.844	0.884	-0.04	non-DMR
chr1	1046552	1047586	80	0.248	0.209	0.039	non-DMR
chr1	1047621	1048650	80	0.217	0.176	0.04	non-DMR
chr1	1048766	1049703	77	0.761	0.799	-0.037	non-DMR
chr1	1049825	1050883	78	0.294	0.251	0.043	non-DMR
chr1	1050996	1051762	63	0.186	0.139	0.046	non-DMR
chr1	1051831	1052835	70	0.293	0.074	0.22	good-DMR
chr1	1053352	1054192	64	0.64	0.683	-0.042	non-DMR
chr1	1054304	1055363	81	0.827	0.869	-0.042	non-DMR
chr1	1055444	1056336	62	0.687	0.724	-0.037	non-DMR
chr1	1056446	1057223	20	0.792	0.896	-0.104	sub-DMR
chr1	1057674	1058470	62	0.706	0.748	-0.042	non-DMR
chr1	1058573	1059495	73	0.728	0.769	-0.041	non-DMR
chr1	1059582	1060536	71	0.807	0.85	-0.043	non-DMR
chr1	1060563	1061502	69	0.498	0.78	-0.282	good-DMR
chr1	1062005	1063241	88	0.839	0.878	-0.04	non-DMR
chr1	1063331	1064302	70	0.841	0.881	-0.04	non-DMR
chr1	1064357	1065255	73	0.805	0.844	-0.038	non-DMR
chr1	1065373	1066344	72	0.165	0.128	0.038	non-DMR
chr1	1066420	1067478	85	0.775	0.814	-0.039	non-DMR
chr1	1067625	1068712	87	0.7	0.744	-0.044	non-DMR
chr1	1069924	1071055	84	0.834	0.875	-0.041	non-DMR
chr1	1071162	1072110	71	0.658	0.7	-0.042	non-DMR
chr1	1072206	1073268	85	0.714	0.751	-0.037	non-DMR
chr1	1073341	1074365	72	0.403	0.239	0.164	good-DMR
chr1	1074869	1075747	68	0.797	0.837	-0.04	non-DMR
chr1	1075848	1076973	93	0.562	0.583	-0.021	inconsistent-DMR
chr1	1077091	1078105	80	0.671	0.715	-0.043	non-DMR
chr1	1078239	1079349	93	0.805	0.846	-0.041	non-DMR
chr1	1079374	1080361	68	0.811	0.851	-0.04	non-DMR
chr1	1080490	1081569	80	0.44	0.154	0.286	notable-DMR
chr1	1081627	1082608	73	0.675	0.716	-0.041	non-DMR
chr1	1082666	1083567	75	0.532	0.719	-0.187	good-DMR
chr1	1084029	1084893	69	0.739	0.775	-0.036	non-DMR
chr1	1084980	1085874	70	0.502	0.65	-0.148	good-DMR
chr1	1086321	1087252	73	0.581	0.618	-0.037	non-DMR
chr1	1087324	1088304	76	0.703	0.744	-0.042	non-DMR
chr1	1088424	1089494	87	0.662	0.703	-0.041	non-DMR
chr1	1089541	1090429	69	0.826	0.864	-0.037	non-DMR
chr1	1090525	1091599	82	0.375	0.164	0.21	good-DMR
chr1	1092024	1093122	87	0.72	0.762	-0.042	non-DMR
chr1	1093233	1094164	67	0.758	0.796	-0.038	non-DMR
chr1	1094235	1095185	79	0.575	0.784	-0.21	good-DMR
chr1	1095617	1096744	98	0.679	0.721	-0.042	non-DMR
chr1	1096789	1097942	89	0.291	0.071	0.22	good-DMR
chr1	1098445	1099368	71	0.242	0.205	0.036	non-DMR
chr1	1099448	1100377	75	0.241	0.204	0.037	non-DMR
chr1	1101644	1102703	82	0.638	0.832	-0.194	good-DMR
chr1	1103239	1104188	71	0.184	0.145	0.038	non-DMR
chr1	1104255	1105229	69	0.295	0.087	0.208	good-DMR
chr1	1105734	1106690	75	0.197	0.195	0.002	inconsistent-DMR
chr1	1106796	1107763	80	0.648	0.69	-0.041	non-DMR
chr1	1107820	1108910	84	0.898	0.939	-0.04	non-DMR
chr1	1109014	1109972	76	0.235	0.194	0.04	non-DMR
chr1	1110076	1110980	71	0.759	0.799	-0.04	non-DMR
chr1	1111085	1112192	78	0.089	0.05	0.04	non-DMR
chr1	1112313	1113310	78	0.861	0.9	-0.038	non-DMR
chr1	1113361	1114278	76	0.607	0.648	-0.042	non-DMR
chr1	1114411	1115247	66	0.75	0.788	-0.038	non-DMR
chr1	1115330	1116280	71	0.663	0.88	-0.216	notable-DMR
chr1	1116344	1117354	76	0.646	0.605	0.041	non-DMR
chr1	1117429	1118558	92	0.739	0.87	-0.131	good-DMR
chr1	1119064	1120131	85	0.76	0.805	-0.045	non-DMR
chr1	1120153	1121201	76	0.594	0.811	-0.217	good-DMR
chr1	1121630	1122503	22	0.685	0.788	-0.103	sub-DMR
chr1	1122903	1123851	77	0.605	0.877	-0.272	good-DMR
chr1	1124331	1125346	75	0.7	0.738	-0.038	non-DMR
chr1	1125370	1126566	88	0.374	0.127	0.248	good-DMR
chr1	1127057	1128057	76	0.772	0.582	0.19	good-DMR
chr1	1128485	1129604	84	0.67	0.714	-0.044	non-DMR
chr1	1129661	1130707	27	0.536	0.64	-0.104	sub-DMR
chr1	1131212	1132251	77	0.429	0.683	-0.254	good-DMR
chr1	1132722	1133816	83	0.803	0.843	-0.04	non-DMR
chr1	1133913	1134868	65	0.57	0.617	-0.047	non-DMR
chr1	1134984	1135925	69	0.173	0.131	0.042	non-DMR
chr1	1136027	1136966	67	0.872	0.912	-0.04	non-DMR
chr1	1137066	1138065	82	0.842	0.884	-0.042	non-DMR
chr1	1138120	1139064	76	0.617	0.823	-0.206	good-DMR
chr1	1139426	1140206	64	0.761	0.791	-0.03	non-DMR
chr1	1140303	1141273	25	0.626	0.727	-0.101	sub-DMR
chr1	1142790	1143788	78	0.551	0.513	0.038	non-DMR
chr1	1143887	1144934	80	0.568	0.853	-0.285	good-DMR
chr1	1145466	1146480	81	0.106	0.063	0.042	non-DMR
chr1	1146581	1147481	77	0.402	0.755	-0.353	good-DMR
chr1	1147913	1148740	65	0.303	0.592	-0.289	good-DMR
chr1	1149186	1150259	84	0.248	0.087	0.161	good-DMR
chr1	1150653	1151459	64	0.707	0.744	-0.037	non-DMR
chr1	1151546	1152454	71	0.716	0.754	-0.038	non-DMR
chr1	1152499	1153392	23	0.7	0.806	-0.106	sub-DMR
chr1	1153857	1154909	78	0.117	0.075	0.042	non-DMR
chr1	1155006	1155968	75	0.733	0.77	-0.037	non-DMR
chr1	1156069	1156988	68	0.791	0.788	0.003	inconsistent-DMR
chr1	1157086	1158003	69	0.179	0.138	0.041	non-DMR
chr1	1158047	1159000	24	0.699	0.805	-0.106	sub-DMR
chr1	1159520	1160532	69	0.672	0.714	-0.042	non-DMR
chr1	1160573	1161392	21	0.15	0.041	0.109	sub-DMR
chr1	1161843	1162781	73	0.168	0.127	0.04	non-DMR
chr1	1162891	1163821	73	0.861	0.903	-0.042	non-DMR
chr1	1163908	1164855	76	0.652	0.907	-0.255	good-DMR
chr1	1166634	1167527	64	0.613	0.657	-0.044	non-DMR
chr1	1168509	1169592	82	0.798	0.842	-0.044	non-DMR
chr1	1169719	1170707	80	0.758	0.799	-0.042	non-DMR
chr1	1170773	1171714	74	0.585	0.819	-0.234	good-DMR
chr1	1172192	1173101	64	0.138	0.103	0.034	non-DMR
chr1	1173236	1174175	72	0.731	0.772	-0.041	non-DMR
chr1	1174282	1175346	79	0.813	0.848	-0.035	non-DMR
chr1	1175455	1176449	75	0.466	0.131	0.335	notable-DMR
chr1	1176517	1177508	76	0.843	0.884	-0.041	non-DMR
chr1	1177583	1178524	79	0.676	0.685	-0.009	inconsistent-DMR
chr1	1178640	1179804	92	0.822	0.857	-0.035	non-DMR
chr1	1179890	1180849	80	0.88	0.922	-0.041	non-DMR
chr1	1180892	1181988	27	0.672	0.774	-0.103	sub-DMR
chr1	1182274	1183312	78	0.656	0.869	-0.212	good-DMR
chr1	1183803	1184663	65	0.563	0.797	-0.234	good-DMR
chr1	1185134	1186182	78	0.864	0.906	-0.042	non-DMR
chr1	1186291	1187246	72	0.267	0.537	-0.27	good-DMR
chr1	1187759	1188846	79	0.836	0.874	-0.038	non-DMR
chr1	1188891	1189702	66	0.515	0.794	-0.279	good-DMR
chr1	1190215	1191121	74	0.12	0.077	0.043	non-DMR
chr1	1191158	1192048	67	0.365	0.164	0.201	good-DMR
chr1	1192577	1193559	74	0.789	0.835	-0.045	non-DMR
chr1	1193677	1194631	75	0.809	0.851	-0.042	non-DMR
chr1	1194711	1195613	67	0.456	0.698	-0.242	good-DMR
chr1	1196132	1197073	74	0.605	0.566	0.039	non-DMR
chr1	1197180	1198257	25	0.814	0.915	-0.101	sub-DMR
chr1	1198747	1199684	73	0.548	0.826	-0.278	good-DMR
chr1	1200225	1201160	65	0.704	0.744	-0.041	non-DMR
chr1	1201283	1202089	64	0.404	0.359	0.045	non-DMR
chr1	1202170	1203038	63	0.652	0.701	-0.049	non-DMR
chr1	1203121	1204121	79	0.596	0.758	-0.162	good-DMR
chr1	1204613	1205723	78	0.213	0.022	0.191	good-DMR
chr1	1206205	1207105	72	0.662	0.682	-0.02	inconsistent-DMR
chr1	1207219	1208262	82	0.521	0.754	-0.233	good-DMR
chr1	1208638	1209556	68	0.275	0.233	0.042	non-DMR
chr1	1209634	1210519	64	0.204	0.19	0.014	inconsistent-DMR
chr1	1210670	1211633	75	0.182	0.142	0.04	non-DMR
chr1	1211699	1212590	67	0.821	0.867	-0.046	non-DMR
chr1	1212703	1213772	76	0.112	0.077	0.036	non-DMR
chr1	1213876	1214916	72	0.803	0.849	-0.045	non-DMR
chr1	1215019	1216101	79	0.785	0.826	-0.041	non-DMR
chr1	1216213	1217179	76	0.827	0.87	-0.042	non-DMR
chr1	1217213	1218120	64	0.641	0.683	-0.043	non-DMR
chr1	1218197	1219240	80	0.451	0.771	-0.32	good-DMR
chr1	1219743	1220746	80	0.586	0.818	-0.232	good-DMR
chr1	1221223	1222293	80	0.649	0.851	-0.201	good-DMR
chr1	1222835	1223958	85	0.598	0.64	-0.041	non-DMR
chr1	1224059	1225122	82	0.762	0.806	-0.044	non-DMR
chr1	1225187	1226027	66	0.82	0.86	-0.04	non-DMR
chr1	1226146	1227038	66	0.121	0.081	0.04	non-DMR
chr1	1227055	1228055	73	0.732	0.769	-0.038	non-DMR
chr1	1228107	1229166	80	0.139	0.101	0.038	non-DMR
chr1	1229275	1230137	64	0.114	0.072	0.042	non-DMR
chr1	1230192	1231253	81	0.457	0.725	-0.268	good-DMR
chr1	1231753	1232689	72	0.749	0.785	-0.036	non-DMR
chr1	1232792	1233780	75	0.527	0.734	-0.207	good-DMR
chr1	1234264	1235406	87	0.433	0.19	0.243	good-DMR
chr1	1238147	1239037	71	0.575	0.872	-0.297	good-DMR
chr1	1239530	1240535	83	0.562	0.783	-0.221	good-DMR
chr1	1240930	1241920	76	0.433	0.165	0.268	good-DMR
chr1	1242424	1243454	82	0.862	0.905	-0.043	non-DMR
chr1	1243575	1244536	72	0.746	0.789	-0.042	non-DMR
chr1	1244591	1245630	73	0.535	0.64	-0.105	good-DMR
chr1	1246114	1246974	72	0.646	0.683	-0.037	non-DMR
chr1	1247042	1247985	78	0.709	0.749	-0.04	non-DMR
chr1	1248045	1249053	77	0.714	0.758	-0.044	non-DMR
chr1	1249081	1249886	56	0.771	0.81	-0.039	non-DMR
chr1	1249944	1250946	73	0.764	0.805	-0.041	non-DMR
chr1	1250980	1251856	67	0.609	0.65	-0.041	non-DMR
chr1	1251872	1252870	74	0.425	0.752	-0.326	good-DMR
chr1	1253371	1254430	85	0.322	0.283	0.038	non-DMR
chr1	1254534	1255550	81	0.547	0.762	-0.215	good-DMR
chr1	1256051	1256954	71	0.796	0.835	-0.038	non-DMR
chr1	1257053	1257948	68	0.746	0.784	-0.038	non-DMR
chr1	1258063	1258917	70	0.092	0.052	0.039	non-DMR
chr1	1259031	1260064	78	0.196	0.155	0.042	non-DMR
chr1	1260123	1261039	74	0.802	0.844	-0.042	non-DMR
chr1	1261101	1262134	75	0.155	0.113	0.041	non-DMR
chr1	1262253	1263184	69	0.898	0.943	-0.045	non-DMR
chr1	1263270	1264357	83	0.87	0.911	-0.041	non-DMR
chr1	1264418	1265343	71	0.78	0.816	-0.036	non-DMR
chr1	1265427	1266405	77	0.385	0.64	-0.255	notable-DMR
chr1	1266531	1267563	74	0.748	0.789	-0.041	non-DMR
chr1	1267676	1268874	99	0.876	0.916	-0.04	non-DMR
chr1	1268906	1269922	80	0.424	0.768	-0.344	good-DMR
chr1	1270431	1271092	46	0.642	0.862	-0.22	good-DMR
chr1	1271528	1272324	63	0.312	0.04	0.272	good-DMR
chr1	1272778	1273808	83	0.164	0.026	0.138	good-DMR
chr1	1274277	1275497	94	0.405	0.665	-0.259	good-DMR
chr1	1275986	1277048	78	0.417	0.768	-0.351	good-DMR
chr1	1277588	1278418	64	0.218	0.175	0.043	non-DMR
chr1	1278449	1279334	71	0.615	0.657	-0.043	non-DMR
chr1	1279441	1280501	83	0.762	0.809	-0.047	non-DMR
chr1	1280538	1281569	76	0.634	0.674	-0.04	non-DMR
chr1	1281630	1282908	97	0.649	0.895	-0.246	good-DMR
chr1	1283369	1284341	79	0.816	0.857	-0.04	non-DMR
chr1	1284445	1285391	68	0.184	0.144	0.04	non-DMR
chr1	1285476	1286405	69	0.67	0.711	-0.041	non-DMR
chr1	1286476	1287458	75	0.539	0.803	-0.264	good-DMR
chr1	1287771	1288697	72	0.709	0.745	-0.035	non-DMR
chr1	1288838	1289788	78	0.616	0.574	0.042	non-DMR
chr1	1289889	1290933	78	0.789	0.831	-0.042	non-DMR
chr1	1291004	1292124	84	0.862	0.899	-0.037	non-DMR
chr1	1292248	1293189	76	0.419	0.461	-0.041	non-DMR
chr1	1293293	1294363	81	0.833	0.872	-0.039	non-DMR
chr1	1294415	1295471	80	0.739	0.782	-0.043	non-DMR
chr1	1295568	1296428	69	0.818	0.858	-0.04	non-DMR
chr1	1296493	1297432	71	0.18	0.14	0.041	non-DMR
chr1	1297561	1298817	93	0.815	0.855	-0.04	non-DMR
chr1	1298957	1299930	72	0.867	0.908	-0.04	non-DMR
chr1	1300017	1301042	75	0.614	0.642	-0.027	inconsistent-DMR
chr1	1301162	1302194	80	0.659	0.698	-0.039	non-DMR
chr1	1302313	1303355	86	0.713	0.753	-0.04	non-DMR
chr1	1303454	1304400	74	0.858	0.898	-0.04	non-DMR
chr1	1304503	1305352	72	0.571	0.613	-0.042	non-DMR
chr1	1305396	1306284	71	0.55	0.586	-0.035	non-DMR
chr1	1306371	1307199	24	0.734	0.836	-0.102	sub-DMR
chr1	1307737	1308640	75	0.643	0.683	-0.04	non-DMR
chr1	1308708	1309792	82	0.424	0.685	-0.26	good-DMR
chr1	1310224	1311088	67	0.608	0.869	-0.261	good-DMR
chr1	1311554	1312538	76	0.883	0.924	-0.041	non-DMR
chr1	1312575	1313464	67	0.273	0.228	0.046	non-DMR
chr1	1313599	1314582	78	0.716	0.757	-0.041	non-DMR
chr1	1314704	1315654	74	0.764	0.762	0.002	inconsistent-DMR
chr1	1315745	1316702	75	0.413	0.652	-0.24	good-DMR
