chr	start	end	CpG_count	treatment_methylation	control_methylation	mean_delta_methylation	category
chr1	100011	100107	8	0.758	0.786	-0.028	non-DMR
chr1	100201	100296	9	0.648	0.695	-0.048	non-DMR
chr1	100322	100402	9	0.815	0.84	-0.025	non-DMR
chr1	100447	100541	10	0.194	0.152	0.042	non-DMR
chr1	100627	100692	7	0.125	0.082	0.043	non-DMR
chr1	100777	100871	10	0.19	0.155	0.035	non-DMR
chr1	100984	101069	9	0.745	0.774	-0.029	non-DMR
chr1	101116	101211	8	0.699	0.735	-0.035	non-DMR
chr1	101259	101360	11	0.222	0.167	0.054	non-DMR
chr1	101418	101498	8	0.723	0.764	-0.041	non-DMR
chr1	101592	101668	10	0.291	0.255	0.036	non-DMR
chr1	101795	101882	9	0.106	0.058	0.047	non-DMR
chr1	101951	102044	10	0.578	0.828	-0.25	good-DMR
chr1	102544	102641	8	0.246	0.212	0.034	non-DMR
chr1	102686	102762	10	0.556	0.752	-0.197	good-DMR
chr1	103215	103322	11	0.716	0.743	-0.028	non-DMR
chr1	103415	103510	8	0.852	0.894	-0.042	non-DMR
chr1	103572	103659	8	0.531	0.812	-0.281	good-DMR
chr1	104165	104260	8	0.571	0.614	-0.042	non-DMR
chr1	104311	104405	10	0.606	0.647	-0.042	non-DMR
chr1	104512	104597	8	0.105	0.065	0.04	non-DMR
chr1	104666	104767	11	0.636	0.896	-0.26	good-DMR
chr1	105257	105325	12	0.563	0.595	-0.031	non-DMR
chr1	105631	105716	8	0.82	0.87	-0.05	non-DMR
chr1	105786	105882	9	0.652	0.842	-0.19	notable-DMR
chr1	105989	106078	10	0.688	0.732	-0.044	non-DMR
chr1	106154	106237	9	0.443	0.177	0.267	good-DMR
chr1	106533	106605	10	0.764	0.808	-0.045	non-DMR
chr1	106721	106822	10	0.672	0.71	-0.039	non-DMR
chr1	106886	106976	10	0.166	0.126	0.039	non-DMR
chr1	107072	107178	11	0.789	0.831	-0.042	non-DMR
chr1	107247	107297	6	0.21	0.174	0.036	non-DMR
chr1	107370	107473	10	0.667	0.714	-0.047	non-DMR
chr1	107556	107639	8	0.636	0.867	-0.231	good-DMR
chr1	108145	108239	10	0.669	0.742	-0.073	inconsistent-DMR
chr1	108362	108446	10	0.901	0.936	-0.035	non-DMR
chr1	108482	108571	9	0.543	0.826	-0.283	good-DMR
chr1	108822	108912	9	0.613	0.656	-0.043	non-DMR
chr1	109037	109141	11	0.359	0.21	0.148	notable-DMR
chr1	109272	109353	10	0.779	0.828	-0.049	non-DMR
chr1	109452	109526	9	0.672	0.624	0.048	non-DMR
chr1	109599	109665	8	0.525	0.828	-0.303	good-DMR
chr1	110125	110211	8	0.779	0.813	-0.034	non-DMR
chr1	110328	110414	7	0.112	0.088	0.024	non-DMR
chr1	110709	110793	8	0.907	0.94	-0.033	non-DMR
chr1	110857	110947	11	0.193	0.145	0.048	non-DMR
chr1	111080	111179	10	0.77	0.815	-0.045	non-DMR
chr1	111267	111385	11	0.311	0.27	0.041	non-DMR
chr1	111461	111566	9	0.575	0.623	-0.047	non-DMR
chr1	111658	111745	9	0.53	0.856	-0.327	good-DMR
chr1	112277	112368	9	0.856	0.893	-0.038	non-DMR
chr1	112457	112526	8	0.171	0.14	0.031	non-DMR
chr1	112579	112664	7	0.848	0.887	-0.039	non-DMR
chr1	112710	112760	7	0.356	0.327	0.03	non-DMR
chr1	112840	112953	10	0.873	0.909	-0.036	non-DMR
chr1	113081	113180	10	0.145	0.123	0.022	non-DMR
chr1	113279	113383	8	0.489	0.734	-0.246	good-DMR
chr1	113726	113821	9	0.698	0.741	-0.042	non-DMR
chr1	113967	114037	8	0.576	0.587	-0.011	inconsistent-DMR
chr1	114200	114278	8	0.169	0.142	0.027	non-DMR
chr1	114383	114464	10	0.641	0.663	-0.022	inconsistent-DMR
chr1	114604	114688	10	0.184	0.151	0.033	non-DMR
chr1	114825	114923	7	0.598	0.637	-0.039	non-DMR
chr1	115011	115061	8	0.336	0.087	0.249	notable-DMR
chr1	115147	115231	8	0.781	0.82	-0.039	non-DMR
chr1	115309	115405	7	0.663	0.694	-0.031	non-DMR
chr1	115490	115592	10	0.555	0.794	-0.239	good-DMR
chr1	116090	116171	8	0.09	0.051	0.039	non-DMR
chr1	116259	116365	11	0.57	0.865	-0.295	good-DMR
chr1	116800	116870	8	0.089	0.049	0.04	non-DMR
chr1	116995	117094	9	0.795	0.839	-0.044	non-DMR
chr1	117183	117275	8	0.401	0.714	-0.313	good-DMR
chr1	117751	117838	11	0.605	0.802	-0.197	good-DMR
chr1	118246	118342	9	0.866	0.916	-0.049	non-DMR
chr1	118418	118499	9	0.638	0.676	-0.038	non-DMR
chr1	118601	118689	7	0.379	0.613	-0.234	good-DMR
chr1	119211	119291	11	0.122	0.064	0.058	non-DMR
chr1	119352	119462	11	0.637	0.675	-0.037	non-DMR
chr1	119506	119588	8	0.901	0.937	-0.036	non-DMR
chr1	119673	119772	7	0.88	0.921	-0.041	non-DMR
chr1	119817	119899	7	0.694	0.836	-0.143	good-DMR
chr1	120428	120520	9	0.078	0.042	0.036	non-DMR
chr1	120599	120675	10	0.221	0.167	0.053	non-DMR
chr1	120759	120834	10	0.66	0.702	-0.042	non-DMR
chr1	120917	121028	11	0.488	0.721	-0.233	notable-DMR
chr1	121091	121180	10	0.789	0.818	-0.029	non-DMR
chr1	121225	121310	9	0.659	0.699	-0.04	non-DMR
chr1	121403	121488	10	0.61	0.833	-0.223	good-DMR
chr1	121912	121981	9	0.735	0.773	-0.038	non-DMR
chr1	122110	122205	9	0.674	0.717	-0.043	non-DMR
chr1	122217	122292	9	0.547	0.801	-0.255	good-DMR
chr1	122784	122883	8	0.106	0.058	0.048	non-DMR
chr1	122954	123034	9	0.405	0.26	0.145	good-DMR
chr1	123562	123654	8	0.914	0.951	-0.037	non-DMR
chr1	123730	123823	8	0.8	0.841	-0.041	non-DMR
chr1	123900	123988	11	0.641	0.705	-0.065	inconsistent-DMR
chr1	124134	124228	8	0.696	0.73	-0.034	non-DMR
chr1	124314	124379	9	0.913	0.929	-0.016	non-DMR
chr1	124512	124601	10	0.645	0.603	0.042	non-DMR
chr1	124694	124799	12	0.69	0.725	-0.035	non-DMR
chr1	124877	124955	9	0.733	0.777	-0.044	non-DMR
chr1	125075	125168	10	0.902	0.924	-0.022	non-DMR
chr1	125255	125352	9	0.775	0.805	-0.03	non-DMR
chr1	125454	125544	8	0.143	0.105	0.038	non-DMR
chr1	125603	125690	7	0.078	0.035	0.043	non-DMR
chr1	125792	125898	9	0.57	0.618	-0.048	non-DMR
chr1	125968	126045	8	0.695	0.744	-0.048	non-DMR
chr1	126117	126207	8	0.383	0.182	0.201	good-DMR
chr1	126682	126793	11	0.619	0.666	-0.047	non-DMR
chr1	126872	126969	7	0.897	0.93	-0.033	non-DMR
chr1	126999	127086	9	0.786	0.824	-0.038	non-DMR
chr1	127207	127305	9	0.651	0.696	-0.045	non-DMR
chr1	127443	127531	8	0.811	0.856	-0.045	non-DMR
chr1	127607	127703	8	0.327	0.533	-0.206	good-DMR
chr1	128126	128199	8	0.855	0.9	-0.044	non-DMR
chr1	128217	128309	9	0.656	0.925	-0.269	good-DMR
chr1	128816	128910	10	0.719	0.767	-0.047	non-DMR
chr1	128997	129066	8	0.504	0.796	-0.292	good-DMR
chr1	129571	129648	8	0.867	0.907	-0.04	non-DMR
chr1	129759	129858	8	0.723	0.758	-0.035	non-DMR
chr1	129963	130041	9	0.36	0.102	0.257	good-DMR
chr1	130474	130549	8	0.706	0.934	-0.228	good-DMR
chr1	131006	131056	8	0.762	0.8	-0.038	non-DMR
chr1	131144	131218	9	0.276	0.072	0.204	good-DMR
chr1	131657	131749	10	0.765	0.806	-0.041	non-DMR
chr1	131829	131921	7	0.723	0.75	-0.028	non-DMR
chr1	131983	132090	10	0.496	0.807	-0.311	good-DMR
chr1	132520	132599	9	0.836	0.879	-0.043	non-DMR
chr1	132669	132756	9	0.879	0.907	-0.028	non-DMR
chr1	132837	132920	10	0.402	0.61	-0.207	good-DMR
chr1	133345	133445	9	0.622	0.648	-0.027	non-DMR
chr1	133553	133649	9	0.28	0.24	0.04	non-DMR
chr1	133674	133771	8	0.563	0.248	0.315	good-DMR
chr1	134102	134186	9	0.591	0.883	-0.292	good-DMR
chr1	134579	134655	9	0.63	0.84	-0.209	good-DMR
chr1	135029	135105	11	0.819	0.855	-0.037	non-DMR
chr1	135169	135238	9	0.606	0.87	-0.265	good-DMR
chr1	135754	135839	9	0.734	0.772	-0.038	non-DMR
chr1	135926	135994	8	0.875	0.914	-0.039	non-DMR
chr1	136053	136145	10	0.785	0.83	-0.046	non-DMR
chr1	136197	136266	6	0.643	0.812	-0.169	notable-DMR
chr1	136335	136436	9	0.78	0.827	-0.047	non-DMR
chr1	136539	136624	7	0.646	0.695	-0.049	non-DMR
chr1	136750	136835	8	0.103	0.058	0.045	non-DMR
chr1	136877	136943	6	0.146	0.106	0.039	non-DMR
chr1	136999	137089	10	0.413	0.679	-0.266	good-DMR
chr1	137592	137679	7	0.724	0.76	-0.036	non-DMR
chr1	137766	137856	9	0.486	0.711	-0.225	good-DMR
chr1	138280	138375	9	0.169	0.253	-0.084	inconsistent-DMR
chr1	138492	138597	9	0.492	0.718	-0.226	good-DMR
chr1	139098	139170	8	0.726	0.767	-0.041	non-DMR
chr1	139277	139357	7	0.196	0.149	0.047	non-DMR
chr1	139407	139488	10	0.775	0.813	-0.038	non-DMR
chr1	139518	139610	9	0.341	0.641	-0.3	good-DMR
chr1	140025	140114	9	0.644	0.873	-0.228	good-DMR
chr1	140635	140733	8	0.765	0.819	-0.054	non-DMR
chr1	140825	140911	9	0.549	0.511	0.038	inconsistent-DMR
chr1	140989	141063	8	0.105	0.062	0.043	non-DMR
chr1	141153	141228	9	0.353	0.098	0.255	notable-DMR
chr1	141341	141439	7	0.663	0.698	-0.034	non-DMR
chr1	141534	141629	12	0.633	0.672	-0.039	non-DMR
chr1	141706	141790	10	0.728	0.767	-0.04	non-DMR
chr1	141879	141970	11	0.689	0.723	-0.034	non-DMR
chr1	142074	142150	9	0.67	0.706	-0.036	non-DMR
chr1	142165	142255	8	0.492	0.698	-0.207	good-DMR
chr1	142748	142861	9	0.778	0.829	-0.052	non-DMR
chr1	142994	143073	9	0.164	0.117	0.047	non-DMR
chr1	143175	143262	9	0.837	0.871	-0.034	non-DMR
chr1	143323	143413	7	0.413	0.195	0.218	good-DMR
chr1	143815	143917	8	0.781	0.818	-0.037	non-DMR
chr1	144056	144134	8	0.839	0.886	-0.047	non-DMR
chr1	144174	144253	7	0.571	0.749	-0.178	good-DMR
chr1	144578	144653	7	0.336	0.283	0.053	non-DMR
chr1	144790	144891	8	0.267	0.236	0.031	non-DMR
chr1	145145	145195	10	0.731	0.773	-0.042	non-DMR
chr1	145216	145312	10	0.502	0.767	-0.266	good-DMR
chr1	145807	145897	11	0.098	0.051	0.047	non-DMR
chr1	145979	146051	9	0.79	0.834	-0.044	non-DMR
chr1	146114	146195	8	0.638	0.67	-0.033	non-DMR
chr1	146261	146339	7	0.42	0.662	-0.242	good-DMR
chr1	146850	146917	8	0.88	0.931	-0.051	non-DMR
chr1	146999	147098	11	0.221	0.187	0.035	non-DMR
chr1	147217	147307	10	0.667	0.707	-0.04	non-DMR
chr1	147387	147489	11	0.798	0.832	-0.034	non-DMR
chr1	147551	147640	9	0.685	0.722	-0.038	non-DMR
chr1	147657	147745	8	0.461	0.791	-0.33	good-DMR
chr1	148204	148285	9	0.694	0.727	-0.034	non-DMR
chr1	148385	148492	11	0.657	0.901	-0.244	good-DMR
chr1	148720	148818	10	0.506	0.804	-0.298	good-DMR
chr1	149256	149345	7	0.803	0.845	-0.042	non-DMR
chr1	149429	149528	8	0.506	0.866	-0.361	good-DMR
chr1	150059	150143	8	0.757	0.801	-0.044	non-DMR
chr1	150173	150248	8	0.165	0.22	-0.055	inconsistent-DMR
chr1	150314	150399	8	0.763	0.802	-0.039	non-DMR
chr1	150499	150549	6	0.648	0.684	-0.035	non-DMR
chr1	150659	150772	11	0.737	0.771	-0.034	non-DMR
chr1	150870	150940	8	0.656	0.68	-0.024	non-DMR
chr1	151056	151148	8	0.778	0.834	-0.056	non-DMR
chr1	151241	151348	10	0.183	0.129	0.055	non-DMR
chr1	151423	151517	8	0.813	0.841	-0.028	non-DMR
chr1	151652	151739	10	0.699	0.727	-0.027	non-DMR
chr1	151869	151961	9	0.758	0.803	-0.045	non-DMR
chr1	152018	152105	8	0.673	0.874	-0.201	good-DMR
chr1	152604	152688	9	0.63	0.667	-0.037	non-DMR
chr1	152795	152886	8	0.439	0.201	0.238	notable-DMR
chr1	152977	153062	8	0.101	0.064	0.036	non-DMR
chr1	153108	153158	7	0.785	0.815	-0.03	non-DMR
chr1	153295	153366	8	0.504	0.835	-0.331	notable-DMR
chr1	153493	153568	7	0.832	0.86	-0.028	non-DMR
chr1	153698	153787	10	0.566	0.617	-0.051	non-DMR
chr1	153844	153937	8	0.481	0.138	0.343	good-DMR
chr1	154402	154490	11	0.807	0.854	-0.047	non-DMR
chr1	154583	154687	9	0.067	0.022	0.045	non-DMR
chr1	154768	154869	9	0.748	0.789	-0.041	non-DMR
chr1	154990	155098	9	0.159	0.117	0.042	non-DMR
chr1	155121	155171	8	0.487	0.736	-0.248	good-DMR
chr1	155673	155747	8	0.728	0.761	-0.033	non-DMR
chr1	155844	155933	10	0.641	0.689	-0.047	non-DMR
chr1	156031	156118	9	0.515	0.732	-0.216	good-DMR
chr1	156609	156695	8	0.168	0.131	0.037	non-DMR
chr1	156803	156902	9	0.608	0.652	-0.043	non-DMR
chr1	157036	157086	8	0.836	0.866	-0.03	non-DMR
chr1	157187	157280	9	0.669	0.716	-0.047	non-DMR
chr1	157313	157396	10	0.791	0.839	-0.048	non-DMR
chr1	157454	157537	8	0.741	0.779	-0.038	non-DMR
chr1	157588	157668	10	0.466	0.158	0.308	notable-DMR
chr1	157753	157852	9	0.829	0.863	-0.034	non-DMR
chr1	157919	157969	8	0.362	0.131	0.231	good-DMR
chr1	158321	158397	8	0.416	0.157	0.259	good-DMR
chr1	158888	158957	9	0.436	0.712	-0.276	good-DMR
chr1	159379	159464	9	0.552	0.724	-0.171	good-DMR
chr1	159922	160021	9	0.71	0.749	-0.039	non-DMR
chr1	160110	160202	7	0.654	0.882	-0.228	good-DMR
chr1	160703	160775	7	0.642	0.836	-0.194	good-DMR
chr1	161312	161397	8	0.865	0.905	-0.04	non-DMR
chr1	161522	161595	9	0.678	0.723	-0.045	non-DMR
chr1	161673	161774	8	0.56	0.869	-0.309	good-DMR
chr1	162268	162366	9	0.701	0.756	-0.055	non-DMR
chr1	162478	162573	11	0.511	0.56	-0.049	non-DMR
chr1	162615	162701	11	0.433	0.704	-0.271	good-DMR
chr1	163208	163296	11	0.16	0.118	0.042	non-DMR
chr1	163347	163452	8	0.758	0.789	-0.031	non-DMR
chr1	163560	163651	8	0.324	0.567	-0.243	good-DMR
chr1	164172	164271	9	0.807	0.824	-0.017	non-DMR
chr1	164384	164481	9	0.23	0.187	0.043	non-DMR
chr1	164566	164664	10	0.79	0.822	-0.032	non-DMR
chr1	164796	164880	7	0.51	0.669	-0.158	inconsistent-DMR
chr1	164970	165068	9	0.566	0.619	-0.054	non-DMR
chr1	165170	165255	9	0.71	0.554	0.156	good-DMR
chr1	165703	165753	6	0.559	0.758	-0.199	good-DMR
chr1	166231	166311	7	0.474	0.709	-0.235	good-DMR
chr1	166818	166911	10	0.715	0.758	-0.043	non-DMR
chr1	167014	167105	9	0.782	0.835	-0.053	non-DMR
chr1	167220	167306	10	0.795	0.84	-0.045	non-DMR
chr1	167414	167502	8	0.61	0.655	-0.045	non-DMR
chr1	167582	167667	8	0.548	0.578	-0.03	non-DMR
chr1	167768	167860	8	0.106	0.061	0.045	non-DMR
chr1	167896	167991	10	0.593	0.631	-0.037	non-DMR
chr1	168045	168134	8	0.5	0.769	-0.269	good-DMR
chr1	168644	168738	9	0.675	0.722	-0.047	non-DMR
chr1	168857	168933	8	0.845	0.873	-0.028	non-DMR
chr1	169054	169127	9	0.164	0.115	0.049	non-DMR
chr1	169251	169334	10	0.726	0.756	-0.03	non-DMR
chr1	169410	169499	9	0.523	0.813	-0.29	notable-DMR
chr1	169620	169696	8	0.733	0.77	-0.037	non-DMR
chr1	169836	169919	8	0.052	0.022	0.03	non-DMR
chr1	170010	170111	8	0.549	0.882	-0.333	good-DMR
chr1	170597	170699	9	0.474	0.742	-0.268	good-DMR
chr1	171169	171248	7	0.547	0.503	0.044	non-DMR
chr1	171332	171420	11	0.598	0.644	-0.046	non-DMR
chr1	171490	171560	7	0.353	0.619	-0.266	good-DMR
chr1	172014	172122	8	0.098	0.046	0.052	non-DMR
chr1	172224	172309	8	0.685	0.72	-0.035	non-DMR
chr1	172398	172482	11	0.28	0.035	0.245	good-DMR
chr1	173001	173074	9	0.765	0.806	-0.041	non-DMR
chr1	173192	173282	8	0.729	0.771	-0.042	non-DMR
chr1	173316	173366	8	0.592	0.788	-0.197	good-DMR
chr1	173774	173861	10	0.557	0.836	-0.279	good-DMR
chr1	174341	174440	8	0.402	0.1	0.302	good-DMR
chr1	174792	174891	9	0.516	0.82	-0.303	good-DMR
chr1	175286	175374	9	0.607	0.664	-0.057	non-DMR
chr1	175431	175503	7	0.829	0.867	-0.038	non-DMR
chr1	175578	175628	7	0.782	0.817	-0.035	non-DMR
chr1	175690	175778	9	0.784	0.822	-0.038	non-DMR
chr1	175898	175948	7	0.803	0.852	-0.048	non-DMR
chr1	176015	176107	9	0.795	0.846	-0.051	non-DMR
chr1	176180	176271	9	0.188	0.156	0.033	non-DMR
chr1	176299	176386	10	0.804	0.84	-0.035	non-DMR
chr1	176439	176540	7	0.812	0.842	-0.03	non-DMR
chr1	176647	176726	8	0.819	0.865	-0.046	non-DMR
chr1	176833	176908	11	0.112	0.071	0.04	non-DMR
chr1	177025	177092	7	0.642	0.67	-0.028	non-DMR
chr1	177181	177231	6	0.832	0.867	-0.035	non-DMR
chr1	177354	177437	9	0.449	0.387	0.062	non-DMR
chr1	177554	177637	7	0.634	0.603	0.032	non-DMR
chr1	177740	177818	9	0.568	0.452	0.116	inconsistent-DMR
chr1	177907	177991	8	0.64	0.612	0.028	non-DMR
chr1	178097	178205	10	0.214	0.06	0.154	good-DMR
chr1	178692	178759	7	0.607	0.654	-0.047	non-DMR
chr1	178871	178966	9	0.817	0.859	-0.041	non-DMR
chr1	179075	179143	7	0.595	0.836	-0.241	good-DMR
chr1	179570	179667	11	0.609	0.576	0.033	non-DMR
chr1	179746	179832	7	0.74	0.79	-0.049	non-DMR
chr1	179960	180010	7	0.649	0.689	-0.04	non-DMR
chr1	180085	180177	9	0.458	0.821	-0.363	good-DMR
chr1	180684	180793	10	0.637	0.679	-0.042	non-DMR
chr1	180909	180978	8	0.625	0.569	0.057	non-DMR
chr1	181059	181155	8	0.61	0.636	-0.026	non-DMR
chr1	181244	181344	9	0.73	0.782	-0.052	non-DMR
chr1	181396	181484	9	0.589	0.908	-0.319	good-DMR
chr1	181939	182022	9	0.118	0.082	0.036	non-DMR
chr1	182110	182211	10	0.118	0.08	0.038	non-DMR
chr1	182335	182419	9	0.706	0.742	-0.036	non-DMR
chr1	182465	182560	10	0.662	0.695	-0.033	non-DMR
chr1	182678	182780	8	0.627	0.675	-0.049	non-DMR
chr1	182866	182965	10	0.62	0.662	-0.042	non-DMR
chr1	183015	183065	7	0.425	0.171	0.254	good-DMR
chr1	183456	183521	8	0.382	0.645	-0.263	good-DMR
chr1	183897	183947	7	0.434	0.694	-0.26	good-DMR
chr1	184465	184553	9	0.681	0.722	-0.041	non-DMR
chr1	184609	184689	7	0.837	0.885	-0.048	non-DMR
chr1	184775	184825	7	0.656	0.701	-0.046	non-DMR
chr1	184935	185001	7	0.579	0.601	-0.022	inconsistent-DMR
chr1	185121	185219	7	0.74	0.885	-0.145	good-DMR
chr1	185766	185831	6	0.642	0.673	-0.031	non-DMR
chr1	185948	185998	6	0.894	0.923	-0.029	non-DMR
chr1	186115	186183	10	0.897	0.937	-0.04	non-DMR
chr1	186293	186394	8	0.736	0.756	-0.021	non-DMR
chr1	186522	186622	8	0.661	0.698	-0.037	non-DMR
chr1	186643	186728	8	0.557	0.781	-0.224	good-DMR
chr1	187191	187279	9	0.525	0.747	-0.222	good-DMR
chr1	187742	187825	10	0.726	0.779	-0.052	non-DMR
chr1	187944	188022	7	0.833	0.866	-0.033	non-DMR
chr1	188153	188231	10	0.795	0.834	-0.039	non-DMR
chr1	188280	188330	9	0.817	0.853	-0.036	non-DMR
chr1	188381	188470	9	0.648	0.96	-0.312	good-DMR
chr1	188923	189000	9	0.615	0.653	-0.038	non-DMR
chr1	189100	189150	8	0.856	0.898	-0.042	non-DMR
chr1	189291	189369	8	0.137	0.09	0.047	non-DMR
chr1	189500	189575	8	0.612	0.659	-0.048	non-DMR
chr1	189647	189736	11	0.735	0.778	-0.043	non-DMR
chr1	189755	189860	9	0.726	0.761	-0.035	non-DMR
chr1	189935	190014	9	0.73	0.783	-0.053	non-DMR
chr1	190144	190222	8	0.113	0.063	0.05	non-DMR
chr1	190277	190358	8	0.436	0.228	0.208	good-DMR
chr1	190759	190830	9	0.722	0.77	-0.048	non-DMR
chr1	190901	190951	7	0.606	0.561	0.045	non-DMR
chr1	191024	191118	7	0.247	0.205	0.042	non-DMR
chr1	191230	191308	9	0.656	0.676	-0.02	inconsistent-DMR
chr1	191440	191530	10	0.831	0.882	-0.051	non-DMR
chr1	191572	191653	9	0.739	0.787	-0.048	non-DMR
chr1	191748	191833	9	0.365	0.09	0.274	good-DMR
chr1	192284	192366	8	0.736	0.782	-0.047	non-DMR
chr1	192495	192590	12	0.877	0.926	-0.049	non-DMR
chr1	192693	192788	9	0.787	0.816	-0.029	non-DMR
chr1	192839	192916	11	0.516	0.741	-0.225	good-DMR
chr1	193409	193505	9	0.853	0.892	-0.039	non-DMR
chr1	193638	193737	9	0.623	0.652	-0.029	non-DMR
chr1	193872	193922	6	0.186	0.154	0.033	non-DMR
chr1	194034	194125	9	0.761	0.803	-0.042	non-DMR
chr1	194197	194279	8	0.117	0.092	0.025	non-DMR
chr1	194348	194424	8	0.816	0.854	-0.038	non-DMR
chr1	194538	194588	8	0.675	0.716	-0.041	non-DMR
chr1	194660	194763	9	0.566	0.605	-0.039	non-DMR
chr1	194842	194919	11	0.471	0.665	-0.194	good-DMR
chr1	195443	195515	10	0.258	0.214	0.044	non-DMR
chr1	195615	195683	8	0.575	0.613	-0.038	non-DMR
chr1	195748	195845	9	0.785	0.813	-0.028	non-DMR
chr1	195936	196012	9	0.708	0.737	-0.029	non-DMR
chr1	196044	196145	10	0.642	0.687	-0.045	non-DMR
chr1	196279	196375	10	0.639	0.675	-0.036	non-DMR
chr1	196502	196590	10	0.69	0.73	-0.04	non-DMR
chr1	196722	196814	9	0.828	0.87	-0.041	non-DMR
chr1	196901	197000	9	0.646	0.683	-0.037	non-DMR
chr1	197126	197223	9	0.752	0.791	-0.039	non-DMR
chr1	197308	197385	9	0.714	0.767	-0.053	non-DMR
chr1	197660	197710	8	0.884	0.92	-0.037	non-DMR
chr1	197821	197889	11	0.765	0.802	-0.037	non-DMR
chr1	197998	198089	9	0.607	0.567	0.04	inconsistent-DMR
chr1	198135	198229	10	0.467	0.201	0.266	good-DMR
chr1	198666	198741	9	0.662	0.712	-0.051	non-DMR
chr1	198856	198961	9	0.64	0.696	-0.055	non-DMR
chr1	199016	199106	7	0.781	0.832	-0.05	non-DMR
chr1	199197	199271	7	0.904	0.945	-0.041	non-DMR
chr1	199402	199467	8	0.538	0.757	-0.219	notable-DMR
chr1	199563	199636	9	0.636	0.664	-0.028	non-DMR
chr1	199741	199831	8	0.6	0.623	-0.023	non-DMR
chr1	199935	200030	7	0.755	0.794	-0.039	non-DMR
chr1	200087	200186	10	0.608	0.899	-0.291	good-DMR
chr1	200696	200797	10	0.674	0.71	-0.037	non-DMR
chr1	200873	200971	9	0.739	0.776	-0.037	non-DMR
chr1	201039	201089	9	0.585	0.627	-0.042	non-DMR
chr1	201193	201294	8	0.623	0.667	-0.044	non-DMR
chr1	201350	201415	7	0.384	0.182	0.202	good-DMR
chr1	201892	201979	8	0.702	0.564	0.138	good-DMR
chr1	202440	202521	9	0.469	0.141	0.328	good-DMR
chr1	203013	203114	9	0.589	0.84	-0.251	good-DMR
chr1	203652	203742	9	0.676	0.712	-0.036	non-DMR
chr1	203857	203935	9	0.097	0.05	0.047	non-DMR
chr1	203993	204077	9	0.101	0.062	0.039	non-DMR
chr1	204111	204209	11	0.781	0.81	-0.029	non-DMR
chr1	204256	204327	7	0.543	0.229	0.314	good-DMR
chr1	204726	204808	9	0.287	0.618	-0.331	good-DMR
chr1	205307	205374	8	0.263	0.219	0.044	non-DMR
chr1	205443	205542	9	0.863	0.901	-0.038	non-DMR
chr1	205558	205631	8	0.533	0.831	-0.298	good-DMR
chr1	206086	206151	9	0.697	0.72	-0.022	non-DMR
chr1	206261	206361	8	0.702	0.726	-0.024	non-DMR
chr1	206465	206544	9	0.773	0.813	-0.041	non-DMR
chr1	206637	206728	10	0.62	0.668	-0.048	non-DMR
chr1	206832	206882	8	0.897	0.936	-0.039	non-DMR
chr1	206967	207060	7	0.503	0.839	-0.336	good-DMR
chr1	207523	207595	7	0.772	0.811	-0.039	non-DMR
chr1	207675	207748	8	0.728	0.77	-0.043	non-DMR
chr1	207882	207956	8	0.736	0.777	-0.041	non-DMR
chr1	208027	208127	11	0.589	0.791	-0.202	good-DMR
chr1	208597	208700	10	0.154	0.104	0.05	non-DMR
chr1	208810	208908	10	0.61	0.849	-0.239	good-DMR
chr1	209344	209453	10	0.721	0.772	-0.051	non-DMR
chr1	209530	209617	7	0.463	0.727	-0.264	good-DMR
chr1	210101	210174	10	0.558	0.776	-0.217	good-DMR
chr1	210494	210575	9	0.698	0.752	-0.054	non-DMR
chr1	210662	210736	11	0.635	0.815	-0.18	good-DMR
chr1	211161	211231	10	0.846	0.881	-0.035	non-DMR
chr1	211295	211383	9	0.708	0.756	-0.048	non-DMR
chr1	211448	211543	9	0.683	0.715	-0.032	non-DMR
chr1	211605	211710	8	0.493	0.731	-0.238	good-DMR
chr1	212144	212253	9	0.407	0.072	0.334	good-DMR
chr1	212629	212697	10	0.892	0.927	-0.035	non-DMR
chr1	212838	212918	9	0.177	0.132	0.045	non-DMR
chr1	212990	213074	9	0.598	0.834	-0.236	good-DMR
chr1	213557	213674	9	0.741	0.778	-0.037	non-DMR
chr1	213772	213853	8	0.76	0.804	-0.044	non-DMR
chr1	213898	213948	7	0.719	0.76	-0.042	non-DMR
chr1	214069	214140	8	0.892	0.928	-0.036	non-DMR
chr1	214237	214322	9	0.506	0.787	-0.281	good-DMR
chr1	214824	214901	8	0.778	0.822	-0.043	non-DMR
chr1	215014	215109	10	0.522	0.716	-0.194	notable-DMR
chr1	215177	215257	9	0.223	0.181	0.042	non-DMR
chr1	215271	215373	7	0.621	0.86	-0.239	good-DMR
chr1	215856	215927	10	0.681	0.724	-0.043	non-DMR
chr1	216011	216099	9	0.428	0.164	0.264	good-DMR
chr1	216570	216654	8	0.407	0.19	0.218	good-DMR
chr1	217105	217155	6	0.844	0.874	-0.03	non-DMR
chr1	217297	217369	8	0.907	0.954	-0.048	non-DMR
chr1	217423	217513	9	0.607	0.654	-0.046	non-DMR
chr1	217627	217694	8	0.828	0.865	-0.037	non-DMR
chr1	217744	217844	10	0.738	0.782	-0.044	non-DMR
chr1	217885	217989	10	0.096	0.068	0.028	non-DMR
chr1	218060	218152	11	0.826	0.867	-0.041	non-DMR
chr1	218196	218276	8	0.61	0.888	-0.279	good-DMR
chr1	218815	218894	9	0.713	0.75	-0.037	non-DMR
chr1	219004	219100	9	0.199	0.142	0.056	non-DMR
chr1	219192	219294	7	0.408	0.098	0.31	good-DMR
chr1	219736	219786	7	0.478	0.594	-0.117	inconsistent-DMR
chr1	219966	220044	8	0.779	0.815	-0.036	non-DMR
chr1	220138	220224	9	0.404	0.162	0.242	good-DMR
chr1	220720	220793	7	0.582	0.778	-0.196	good-DMR
chr1	221302	221379	11	0.741	0.768	-0.027	non-DMR
chr1	221423	221508	7	0.601	0.904	-0.303	good-DMR
chr1	221771	221858	10	0.534	0.832	-0.298	good-DMR
chr1	222318	222411	7	0.304	0.271	0.034	non-DMR
chr1	222478	222596	13	0.898	0.943	-0.045	non-DMR
chr1	222682	222762	8	0.123	0.074	0.049	non-DMR
chr1	222872	222940	9	0.779	0.818	-0.04	non-DMR
chr1	223063	223150	7	0.782	0.836	-0.054	non-DMR
chr1	223207	223313	9	0.564	0.604	-0.041	non-DMR
chr1	223334	223410	9	0.779	0.815	-0.036	non-DMR
chr1	223487	223552	9	0.669	0.712	-0.043	non-DMR
chr1	223644	223737	9	0.696	0.742	-0.045	non-DMR
chr1	223883	223969	10	0.723	0.756	-0.033	non-DMR
chr1	224023	224123	11	0.826	0.863	-0.037	non-DMR
chr1	224220	224302	10	0.184	0.134	0.05	non-DMR
chr1	224341	224428	10	0.604	0.813	-0.209	good-DMR
chr1	224899	224976	8	0.545	0.798	-0.253	good-DMR
chr1	225324	225423	8	0.828	0.877	-0.048	non-DMR
chr1	225555	225662	9	0.707	0.752	-0.045	non-DMR
chr1	225744	225817	8	0.7	0.734	-0.033	non-DMR
chr1	225955	226050	9	0.761	0.741	0.021	inconsistent-DMR
chr1	226117	226200	10	0.081	0.032	0.05	non-DMR
chr1	226325	226429	8	0.694	0.736	-0.042	non-DMR
chr1	226501	226587	8	0.637	0.676	-0.038	non-DMR
chr1	226653	226748	9	0.613	0.845	-0.232	notable-DMR
chr1	226866	226959	10	0.726	0.776	-0.05	non-DMR
chr1	227223	227324	10	0.806	0.847	-0.041	non-DMR
chr1	227423	227512	9	0.651	0.697	-0.046	non-DMR
chr1	227621	227721	10	0.45	0.484	-0.034	non-DMR
chr1	227805	227892	8	0.325	0.284	0.042	non-DMR
chr1	228014	228106	10	0.673	0.705	-0.032	non-DMR
chr1	228166	228266	7	0.122	0.086	0.036	non-DMR
chr1	228389	228439	8	0.902	0.941	-0.04	non-DMR
chr1	228555	228661	10	0.735	0.778	-0.043	non-DMR
chr1	228750	228840	11	0.568	0.82	-0.252	good-DMR
chr1	229337	229424	9	0.513	0.718	-0.204	good-DMR
chr1	229887	229986	9	0.849	0.884	-0.035	non-DMR
chr1	230055	230153	9	0.717	0.763	-0.046	non-DMR
chr1	230205	230303	11	0.406	0.73	-0.324	good-DMR
chr1	230800	230902	8	0.718	0.754	-0.036	non-DMR
chr1	231025	231124	9	0.662	0.7	-0.038	non-DMR
chr1	231217	231302	9	0.777	0.818	-0.042	non-DMR
chr1	231363	231460	9	0.438	0.635	-0.196	good-DMR
chr1	232001	232102	8	0.889	0.929	-0.04	non-DMR
chr1	232240	232343	10	0.794	0.836	-0.043	non-DMR
chr1	232412	232510	8	0.537	0.576	-0.039	non-DMR
chr1	232531	232619	9	0.252	0.207	0.045	non-DMR
chr1	232723	232792	9	0.51	0.754	-0.244	good-DMR
chr1	233336	233436	12	0.344	0.303	0.041	non-DMR
chr1	233537	233634	10	0.523	0.657	-0.134	inconsistent-DMR
chr1	233744	233813	10	0.716	0.751	-0.035	non-DMR
chr1	233865	233942	9	0.775	0.508	0.267	good-DMR
chr1	234431	234515	10	0.731	0.772	-0.041	non-DMR
chr1	234625	234699	8	0.858	0.903	-0.045	non-DMR
chr1	234756	234852	9	0.852	0.891	-0.038	non-DMR
chr1	234936	235039	9	0.541	0.846	-0.305	good-DMR
chr1	235487	235594	9	0.6	0.807	-0.207	good-DMR
chr1	236033	236122	8	0.231	0.188	0.043	non-DMR
chr1	236200	236250	7	0.708	0.753	-0.045	non-DMR
chr1	236313	236418	9	0.505	0.75	-0.245	good-DMR
chr1	236920	237007	9	0.657	0.7	-0.042	non-DMR
chr1	237106	237199	9	0.79	0.844	-0.054	non-DMR
chr1	237310	237383	8	0.21	0.159	0.051	non-DMR
chr1	237466	237551	8	0.75	0.79	-0.04	non-DMR
chr1	237851	237921	8	0.168	0.119	0.049	non-DMR
chr1	238025	238114	10	0.762	0.805	-0.043	non-DMR
chr1	238186	238270	9	0.596	0.852	-0.256	good-DMR
chr1	238771	238856	7	0.172	0.136	0.036	non-DMR
chr1	238958	239032	10	0.77	0.823	-0.053	non-DMR
chr1	239089	239139	8	0.744	0.776	-0.032	non-DMR
chr1	239231	239321	10	0.787	0.829	-0.043	non-DMR
chr1	239430	239527	12	0.784	0.837	-0.052	non-DMR
chr1	239635	239722	8	0.708	0.734	-0.027	non-DMR
chr1	239772	239858	11	0.74	0.779	-0.039	non-DMR
chr1	239908	239958	7	0.639	0.683	-0.044	non-DMR
chr1	239988	240079	8	0.896	0.928	-0.032	non-DMR
chr1	240127	240221	10	0.334	0.628	-0.294	good-DMR
chr1	240724	240809	7	0.628	0.65	-0.022	non-DMR
chr1	240858	240960	10	0.733	0.77	-0.036	non-DMR
chr1	241063	241136	9	0.656	0.831	-0.175	good-DMR
chr1	241615	241711	9	0.441	0.737	-0.296	good-DMR
chr1	242209	242283	9	0.832	0.874	-0.042	non-DMR
chr1	242413	242487	7	0.8	0.823	-0.023	non-DMR
chr1	242549	242599	5	0.646	0.677	-0.031	non-DMR
chr1	242646	242742	8	0.816	0.867	-0.052	non-DMR
chr1	242781	242876	8	0.741	0.785	-0.043	non-DMR
chr1	242957	243054	8	0.617	0.689	-0.072	inconsistent-DMR
chr1	243148	243246	9	0.874	0.916	-0.042	non-DMR
chr1	243311	243408	10	0.209	0.179	0.029	non-DMR
chr1	243498	243585	10	0.53	0.575	-0.044	non-DMR
chr1	243695	243804	8	0.83	0.849	-0.019	non-DMR
chr1	243910	244006	8	0.828	0.875	-0.047	non-DMR
chr1	244119	244226	10	0.748	0.788	-0.04	non-DMR
chr1	244332	244431	8	0.438	0.668	-0.23	good-DMR
chr1	244914	245004	9	0.49	0.247	0.243	good-DMR
chr1	245543	245637	8	0.824	0.864	-0.04	non-DMR
chr1	245769	245851	9	0.758	0.799	-0.041	non-DMR
chr1	245956	246021	8	0.512	0.249	0.263	good-DMR
chr1	246531	246627	9	0.852	0.884	-0.032	non-DMR
chr1	246750	246800	7	0.215	0.168	0.047	non-DMR
chr1	246882	246967	8	0.592	0.898	-0.306	good-DMR
chr1	247375	247478	10	0.845	0.883	-0.038	non-DMR
chr1	247580	247678	8	0.789	0.823	-0.034	non-DMR
chr1	247739	247830	10	0.241	0.21	0.031	non-DMR
chr1	247936	248023	8	0.108	0.064	0.044	non-DMR
chr1	248108	248188	7	0.169	0.139	0.03	non-DMR
chr1	248285	248374	9	0.579	0.776	-0.197	good-DMR
chr1	248886	248990	11	0.589	0.658	-0.068	inconsistent-DMR
chr1	249130	249210	9	0.793	0.806	-0.013	inconsistent-DMR
chr1	249374	249484	10	0.812	0.851	-0.038	non-DMR
chr1	249525	249622	11	0.909	0.625	0.285	notable-DMR
chr1	249724	249799	7	0.79	0.828	-0.038	non-DMR
chr1	249874	249966	8	0.275	0.085	0.19	good-DMR
chr1	250323	250420	9	0.628	0.7	-0.072	inconsistent-DMR
chr1	250493	250589	9	0.066	0.026	0.041	non-DMR
chr1	250681	250773	9	0.47	0.773	-0.303	good-DMR
chr1	251278	251371	10	0.567	0.78	-0.214	good-DMR
chr1	251847	251930	9	0.579	0.87	-0.291	good-DMR
chr1	252433	252530	10	0.687	0.732	-0.044	non-DMR
chr1	252648	252741	9	0.076	0.031	0.046	non-DMR
chr1	252821	252910	11	0.268	0.225	0.043	non-DMR
chr1	252977	253060	9	0.424	0.739	-0.315	good-DMR
chr1	253478	253528	7	0.132	0.092	0.041	non-DMR
chr1	253670	253767	8	0.801	0.836	-0.035	non-DMR
chr1	253805	253880	10	0.611	0.877	-0.266	good-DMR
chr1	254332	254382	8	0.752	0.796	-0.043	non-DMR
chr1	254491	254588	7	0.669	0.7	-0.03	non-DMR
chr1	254699	254797	8	0.139	0.11	0.029	non-DMR
chr1	254911	255006	8	0.642	0.693	-0.051	non-DMR
chr1	255130	255223	10	0.852	0.9	-0.047	non-DMR
chr1	255342	255431	9	0.769	0.808	-0.039	non-DMR
chr1	255529	255617	10	0.814	0.851	-0.036	non-DMR
chr1	255709	255800	10	0.525	0.738	-0.213	good-DMR
chr1	256161	256244	7	0.298	0.088	0.21	good-DMR
chr1	256778	256828	9	0.626	0.672	-0.046	non-DMR
chr1	256888	256969	9	0.722	0.774	-0.052	non-DMR
chr1	257029	257114	9	0.686	0.72	-0.033	non-DMR
chr1	257173	257271	11	0.432	0.715	-0.283	good-DMR
chr1	257635	257724	12	0.258	0.211	0.047	non-DMR
chr1	257843	257934	9	0.837	0.872	-0.035	non-DMR
chr1	258055	258151	8	0.131	0.085	0.046	non-DMR
chr1	258199	258269	8	0.665	0.832	-0.167	good-DMR
chr1	258751	258854	8	0.21	0.181	0.029	non-DMR
chr1	258975	259068	10	0.673	0.71	-0.037	non-DMR
chr1	259139	259246	11	0.557	0.832	-0.274	good-DMR
chr1	259660	259753	11	0.24	0.013	0.227	good-DMR
chr1	260217	260292	8	0.146	0.115	0.031	non-DMR
chr1	260393	260487	8	0.834	0.878	-0.044	non-DMR
chr1	260617	260667	8	0.256	0.219	0.036	non-DMR
chr1	260809	260893	6	0.75	0.789	-0.039	non-DMR
chr1	260978	261071	9	0.783	0.816	-0.033	non-DMR
chr1	261128	261178	6	0.212	0.18	0.031	non-DMR
chr1	261285	261335	6	0.848	0.88	-0.032	non-DMR
chr1	261450	261567	11	0.797	0.842	-0.045	non-DMR
chr1	261657	261730	7	0.86	0.91	-0.05	non-DMR
chr1	261796	261869	8	0.837	0.895	-0.058	non-DMR
chr1	261966	262070	9	0.498	0.735	-0.237	good-DMR
chr1	262554	262634	9	0.444	0.743	-0.299	good-DMR
chr1	263084	263174	8	0.215	0.174	0.04	non-DMR
chr1	263222	263311	7	0.58	0.817	-0.237	good-DMR
chr1	263812	263890	9	0.151	0.107	0.044	non-DMR
chr1	263939	264045	7	0.912	0.942	-0.03	non-DMR
chr1	264160	264246	9	0.775	0.817	-0.042	non-DMR
chr1	264358	264423	8	0.757	0.794	-0.037	non-DMR
chr1	264463	264556	10	0.893	0.95	-0.057	non-DMR
chr1	264655	264757	8	0.44	0.703	-0.263	good-DMR
chr1	265144	265245	7	0.659	0.701	-0.041	inconsistent-DMR
chr1	265341	265427	10	0.764	0.806	-0.042	non-DMR
chr1	265546	265635	8	0.726	0.78	-0.054	non-DMR
chr1	265704	265806	7	0.424	0.765	-0.341	good-DMR
chr1	266189	266265	9	0.623	0.885	-0.263	good-DMR
chr1	266796	266874	7	0.736	0.77	-0.034	non-DMR
chr1	266979	267071	10	0.627	0.666	-0.039	non-DMR
chr1	267145	267226	9	0.589	0.755	-0.166	notable-DMR
chr1	267348	267436	8	0.744	0.789	-0.045	non-DMR
chr1	267518	267568	8	0.702	0.741	-0.04	non-DMR
chr1	267683	267776	8	0.069	0.025	0.044	non-DMR
chr1	267869	267919	9	0.498	0.206	0.292	good-DMR
chr1	268403	268480	8	0.649	0.777	-0.128	inconsistent-DMR
chr1	268607	268695	10	0.325	0.071	0.255	good-DMR
chr1	269135	269237	9	0.514	0.547	-0.033	non-DMR
chr1	269321	269419	9	0.906	0.931	-0.025	non-DMR
chr1	269490	269580	10	0.763	0.797	-0.034	non-DMR
chr1	269704	269791	9	0.759	0.802	-0.043	non-DMR
chr1	269887	269991	9	0.746	0.79	-0.044	non-DMR
chr1	270067	270164	10	0.878	0.916	-0.039	non-DMR
chr1	270263	270344	11	0.867	0.906	-0.04	non-DMR
chr1	270439	270537	12	0.875	0.916	-0.041	non-DMR
chr1	270598	270686	10	0.211	0.177	0.034	non-DMR
chr1	270726	270834	12	0.833	0.871	-0.038	non-DMR
chr1	270893	270973	8	0.714	0.759	-0.045	non-DMR
chr1	270988	271097	11	0.276	0.078	0.198	good-DMR
chr1	271455	271523	8	0.455	0.663	-0.208	good-DMR
chr1	271940	272051	11	0.101	0.074	0.028	non-DMR
chr1	272145	272219	9	0.699	0.736	-0.037	non-DMR
chr1	272336	272438	11	0.849	0.898	-0.049	non-DMR
chr1	272719	272819	8	0.652	0.695	-0.043	non-DMR
chr1	272924	273007	11	0.548	0.586	-0.038	non-DMR
chr1	273085	273175	9	0.138	0.098	0.039	non-DMR
chr1	273261	273358	7	0.511	0.719	-0.208	good-DMR
chr1	273868	273964	7	0.709	0.758	-0.049	non-DMR
chr1	274093	274197	9	0.653	0.696	-0.044	non-DMR
chr1	274324	274426	8	0.193	0.148	0.045	non-DMR
chr1	274530	274623	9	0.456	0.75	-0.294	good-DMR
chr1	275107	275206	10	0.746	0.746	0.0	inconsistent-DMR
chr1	275310	275402	9	0.687	0.719	-0.031	non-DMR
chr1	275438	275535	10	0.754	0.805	-0.05	inconsistent-DMR
chr1	275587	275685	9	0.442	0.787	-0.345	good-DMR
chr1	276138	276188	9	0.71	0.748	-0.038	non-DMR
chr1	276308	276373	8	0.663	0.71	-0.047	non-DMR
chr1	276420	276518	11	0.818	0.864	-0.046	non-DMR
chr1	276594	276700	9	0.419	0.709	-0.289	good-DMR
chr1	277186	277274	8	0.607	0.653	-0.046	non-DMR
chr1	277374	277424	8	0.449	0.162	0.287	good-DMR
chr1	277820	277909	10	0.84	0.902	-0.061	non-DMR
chr1	277974	278061	8	0.667	0.699	-0.032	non-DMR
chr1	278104	278203	10	0.361	0.633	-0.273	good-DMR
chr1	278511	278602	9	0.54	0.589	-0.049	non-DMR
chr1	278725	278820	11	0.769	0.8	-0.03	non-DMR
chr1	278868	278941	8	0.339	0.094	0.245	good-DMR
chr1	279411	279502	7	0.115	0.082	0.033	non-DMR
chr1	279592	279642	8	0.798	0.828	-0.03	non-DMR
chr1	279731	279828	10	0.233	0.191	0.042	non-DMR
chr1	279936	280033	9	0.408	0.364	0.043	non-DMR
chr1	280148	280241	9	0.79	0.842	-0.052	non-DMR
chr1	280288	280368	9	0.773	0.813	-0.041	non-DMR
chr1	280443	280508	8	0.449	0.154	0.294	good-DMR
chr1	280893	280982	11	0.08	0.052	0.028	non-DMR
chr1	281066	281142	7	0.845	0.882	-0.037	non-DMR
chr1	281174	281268	9	0.607	0.834	-0.227	good-DMR
chr1	281793	281888	9	0.802	0.836	-0.034	non-DMR
chr1	281957	282044	8	0.094	0.061	0.033	non-DMR
chr1	282180	282285	10	0.764	0.816	-0.051	non-DMR
chr1	282346	282441	9	0.183	0.145	0.039	non-DMR
chr1	282497	282547	8	0.124	0.082	0.041	non-DMR
chr1	282648	282739	7	0.758	0.803	-0.045	non-DMR
chr1	282864	282914	6	0.236	0.194	0.043	non-DMR
chr1	283031	283119	7	0.774	0.82	-0.046	non-DMR
chr1	283256	283357	7	0.177	0.135	0.042	non-DMR
chr1	283375	283469	9	0.47	0.794	-0.324	good-DMR
chr1	283925	283991	9	0.815	0.847	-0.031	non-DMR
chr1	284089	284156	9	0.872	0.904	-0.031	non-DMR
chr1	284231	284327	10	0.794	0.836	-0.043	non-DMR
chr1	284466	284569	10	0.853	0.879	-0.026	non-DMR
chr1	284664	284762	10	0.807	0.841	-0.034	non-DMR
chr1	284829	284911	10	0.371	0.636	-0.265	good-DMR
chr1	285436	285527	9	0.811	0.849	-0.038	non-DMR
chr1	285600	285697	9	0.629	0.907	-0.277	good-DMR
chr1	286212	286306	7	0.565	0.6	-0.035	non-DMR
chr1	286321	286429	11	0.387	0.153	0.234	good-DMR
chr1	286939	287020	10	0.52	0.567	-0.047	non-DMR
chr1	287140	287211	9	0.753	0.789	-0.036	non-DMR
chr1	287546	287637	10	0.677	0.727	-0.051	non-DMR
chr1	287714	287820	10	0.275	0.232	0.043	non-DMR
chr1	287909	287986	12	0.596	0.883	-0.287	good-DMR
chr1	288399	288465	7	0.795	0.838	-0.043	non-DMR
chr1	288489	288581	10	0.447	0.729	-0.282	good-DMR
chr1	288812	288890	9	0.626	0.853	-0.227	good-DMR
chr1	289375	289471	8	0.378	0.063	0.315	good-DMR
chr1	289929	290006	8	0.777	0.814	-0.037	non-DMR
chr1	290080	290164	8	0.581	0.864	-0.283	good-DMR
chr1	290601	290651	7	0.668	0.707	-0.04	non-DMR
chr1	290718	290807	9	0.715	0.896	-0.18	good-DMR
chr1	291307	291387	9	0.118	0.076	0.042	non-DMR
chr1	291423	291517	9	0.316	0.616	-0.3	good-DMR
chr1	291990	292077	8	0.513	0.713	-0.2	good-DMR
chr1	292634	292703	8	0.694	0.844	-0.15	inconsistent-DMR
chr1	292784	292865	9	0.335	0.071	0.265	good-DMR
chr1	293329	293429	9	0.234	0.187	0.046	non-DMR
chr1	293464	293554	8	0.509	0.776	-0.267	notable-DMR
chr1	293660	293757	8	0.812	0.849	-0.037	non-DMR
chr1	293865	293915	6	0.666	0.7	-0.033	non-DMR
chr1	294038	294142	10	0.144	0.102	0.042	non-DMR
chr1	294229	294313	8	0.681	0.886	-0.205	good-DMR
chr1	294863	294953	8	0.586	0.625	-0.039	non-DMR
chr1	295045	295095	7	0.726	0.781	-0.055	non-DMR
chr1	295200	295283	9	0.863	0.915	-0.052	non-DMR
chr1	295338	295411	7	0.704	0.742	-0.038	non-DMR
chr1	295491	295583	10	0.708	0.742	-0.034	non-DMR
chr1	295695	295768	10	0.121	0.084	0.037	non-DMR
chr1	295833	295883	7	0.669	0.699	-0.03	non-DMR
chr1	295951	296049	10	0.486	0.733	-0.247	good-DMR
chr1	296486	296585	11	0.709	0.755	-0.046	non-DMR
chr1	296706	296756	9	0.646	0.696	-0.049	non-DMR
chr1	296859	296909	8	0.853	0.904	-0.052	non-DMR
chr1	297025	297113	9	0.687	0.736	-0.049	non-DMR
chr1	297166	297235	7	0.681	0.726	-0.045	non-DMR
chr1	297286	297357	7	0.584	0.852	-0.268	good-DMR
chr1	297770	297852	9	0.704	0.747	-0.043	non-DMR
chr1	297904	298011	8	0.739	0.772	-0.034	non-DMR
chr1	298052	298156	9	0.641	0.688	-0.047	non-DMR
chr1	298376	298458	8	0.353	0.322	0.031	non-DMR
chr1	298555	298637	7	0.197	0.145	0.052	non-DMR
chr1	298673	298770	9	0.427	0.637	-0.21	good-DMR
chr1	299269	299368	9	0.913	0.959	-0.046	non-DMR
chr1	299464	299558	8	0.819	0.865	-0.046	non-DMR
chr1	299626	299718	9	0.666	0.916	-0.249	notable-DMR
chr1	299802	299896	8	0.808	0.845	-0.036	non-DMR
chr1	299953	300033	9	0.24	0.202	0.039	non-DMR
chr1	300157	300256	11	0.559	0.612	-0.053	non-DMR
chr1	300364	300455	9	0.505	0.845	-0.34	good-DMR
chr1	300967	301051	8	0.776	0.811	-0.035	non-DMR
chr1	301120	301223	10	0.599	0.862	-0.263	good-DMR
chr1	301765	301836	10	0.688	0.734	-0.046	non-DMR
chr1	301949	302024	9	0.367	0.326	0.04	non-DMR
chr1	302138	302212	8	0.822	0.876	-0.054	non-DMR
chr1	302260	302360	10	0.709	0.742	-0.033	non-DMR
chr1	302457	302549	9	0.859	0.904	-0.045	non-DMR
chr1	302653	302747	9	0.817	0.856	-0.039	non-DMR
chr1	302860	302947	9	0.847	0.883	-0.037	non-DMR
chr1	303051	303145	11	0.617	0.826	-0.209	good-DMR
chr1	303588	303654	8	0.771	0.806	-0.036	non-DMR
chr1	303732	303782	9	0.755	0.784	-0.029	non-DMR
chr1	303901	303976	9	0.752	0.788	-0.036	non-DMR
chr1	304047	304134	9	0.278	0.235	0.043	non-DMR
chr1	304215	304312	7	0.495	0.218	0.277	good-DMR
chr1	304749	304818	9	0.6	0.63	-0.03	non-DMR
chr1	304960	305034	8	0.7	0.75	-0.051	non-DMR
chr1	305086	305182	9	0.701	0.74	-0.039	non-DMR
chr1	305245	305332	9	0.578	0.909	-0.33	good-DMR
chr1	305790	305859	9	0.651	0.685	-0.035	non-DMR
chr1	305916	305981	10	0.803	0.855	-0.052	non-DMR
chr1	306070	306120	6	0.433	0.704	-0.27	good-DMR
chr1	306656	306722	8	0.113	0.073	0.04	non-DMR
chr1	306784	306886	7	0.54	0.586	-0.046	non-DMR
chr1	306919	307008	10	0.075	0.033	0.042	non-DMR
chr1	307113	307224	9	0.266	0.018	0.248	good-DMR
chr1	307763	307836	8	0.812	0.834	-0.023	non-DMR
chr1	307898	307987	10	0.271	0.262	0.008	inconsistent-DMR
chr1	308102	308189	7	0.139	0.106	0.032	non-DMR
chr1	308294	308389	9	0.705	0.738	-0.033	non-DMR
chr1	308485	308576	9	0.691	0.7	-0.009	inconsistent-DMR
chr1	308642	308751	12	0.541	0.734	-0.194	good-DMR
chr1	309219	309348	13	0.73	0.774	-0.044	non-DMR
chr1	309379	309476	8	0.557	0.856	-0.299	good-DMR
chr1	309862	309960	10	0.321	0.088	0.232	good-DMR
chr1	310468	310582	9	0.234	0.042	0.192	good-DMR
chr1	311057	311159	8	0.715	0.752	-0.037	non-DMR
chr1	311234	311314	6	0.268	0.243	0.025	non-DMR
chr1	311424	311506	8	0.234	0.195	0.039	non-DMR
chr1	311559	311609	7	0.695	0.738	-0.043	non-DMR
chr1	311741	311838	9	0.829	0.862	-0.033	non-DMR
chr1	311865	311945	9	0.144	0.104	0.04	non-DMR
chr1	312073	312165	7	0.72	0.762	-0.042	non-DMR
chr1	312275	312361	8	0.415	0.754	-0.339	good-DMR
chr1	312839	312889	7	0.604	0.643	-0.039	non-DMR
chr1	312981	313060	10	0.532	0.578	-0.046	non-DMR
chr1	313187	313274	9	0.649	0.694	-0.045	non-DMR
chr1	313416	313499	8	0.879	0.917	-0.038	non-DMR
chr1	313576	313677	10	0.82	0.851	-0.031	non-DMR
chr1	313782	313873	9	0.484	0.758	-0.274	good-DMR
chr1	314317	314367	8	0.416	0.713	-0.297	good-DMR
chr1	314812	314900	10	0.11	0.078	0.032	non-DMR
chr1	314987	315071	10	0.556	0.6	-0.044	non-DMR
chr1	315108	315204	8	0.526	0.752	-0.226	good-DMR
chr1	315676	315777	10	0.377	0.578	-0.2	good-DMR
chr1	316284	316385	8	0.686	0.726	-0.04	non-DMR
chr1	316461	316556	7	0.451	0.716	-0.265	good-DMR
chr1	317008	317084	8	0.897	0.939	-0.043	non-DMR
chr1	317139	317189	7	0.672	0.714	-0.042	non-DMR
chr1	317312	317413	10	0.704	0.755	-0.051	non-DMR
chr1	317533	317603	7	0.129	0.094	0.035	non-DMR
chr1	317655	317731	8	0.365	0.168	0.197	notable-DMR
chr1	317817	317900	9	0.068	0.041	0.028	non-DMR
chr1	318031	318121	10	0.139	0.093	0.047	non-DMR
chr1	318209	318306	9	0.1	0.058	0.042	non-DMR
chr1	318407	318506	8	0.74	0.776	-0.036	non-DMR
chr1	318569	318652	11	0.859	0.892	-0.032	non-DMR
chr1	318715	318807	8	0.73	0.776	-0.046	non-DMR
chr1	318925	319012	9	0.783	0.83	-0.046	non-DMR
chr1	319102	319167	7	0.35	0.107	0.243	good-DMR
chr1	319684	319777	8	0.097	0.055	0.041	non-DMR
chr1	319918	319995	10	0.279	0.238	0.041	non-DMR
chr1	320077	320170	8	0.512	0.692	-0.18	good-DMR
chr1	320659	320757	8	0.331	0.082	0.25	good-DMR
chr1	321288	321390	8	0.802	0.86	-0.057	non-DMR
chr1	321489	321586	8	0.697	0.738	-0.041	non-DMR
chr1	321612	321701	9	0.724	0.759	-0.036	non-DMR
chr1	321826	321941	12	0.792	0.833	-0.041	non-DMR
chr1	322049	322155	10	0.549	0.831	-0.282	good-DMR
chr1	322644	322729	8	0.73	0.767	-0.037	non-DMR
chr1	322788	322872	8	0.731	0.766	-0.035	non-DMR
chr1	322981	323075	9	0.132	0.079	0.054	non-DMR
chr1	323159	323252	9	0.684	0.922	-0.238	good-DMR
chr1	323653	323703	7	0.667	0.696	-0.029	non-DMR
chr1	323714	323825	10	0.286	0.008	0.278	good-DMR
chr1	324279	324395	10	0.79	0.822	-0.032	non-DMR
chr1	324489	324588	10	0.696	0.73	-0.034	non-DMR
chr1	324667	324744	8	0.84	0.876	-0.036	non-DMR
chr1	324828	324904	9	0.823	0.86	-0.038	non-DMR
chr1	324998	325099	11	0.624	0.894	-0.27	good-DMR
chr1	325606	325656	8	0.432	0.675	-0.243	good-DMR
chr1	326159	326243	10	0.455	0.751	-0.296	good-DMR
chr1	326762	326855	9	0.64	0.695	-0.054	non-DMR
chr1	326976	327052	8	0.179	0.136	0.044	non-DMR
chr1	327076	327149	8	0.427	0.204	0.223	good-DMR
chr1	327631	327728	11	0.884	0.916	-0.032	non-DMR
chr1	327786	327859	8	0.734	0.783	-0.049	non-DMR
chr1	327950	328040	10	0.505	0.547	-0.042	non-DMR
chr1	328113	328200	10	0.733	0.975	-0.242	good-DMR
chr1	328692	328776	8	0.321	0.142	0.179	good-DMR
chr1	329221	329325	9	0.683	0.722	-0.04	non-DMR
chr1	329391	329471	11	0.481	0.211	0.269	good-DMR
chr1	329857	329941	9	0.421	0.122	0.299	good-DMR
chr1	330439	330506	8	0.925	0.61	0.314	good-DMR
chr1	331030	331096	6	0.843	0.877	-0.033	non-DMR
chr1	331178	331260	8	0.837	0.884	-0.047	non-DMR
chr1	331334	331412	10	0.464	0.657	-0.193	good-DMR
chr1	331890	331940	8	0.699	0.74	-0.04	non-DMR
chr1	332055	332153	7	0.886	0.932	-0.045	non-DMR
chr1	332284	332354	9	0.791	0.837	-0.046	non-DMR
chr1	332443	332518	9	0.126	0.075	0.051	non-DMR
chr1	332624	332714	8	0.619	0.586	0.034	non-DMR
chr1	332824	332929	9	0.78	0.815	-0.034	non-DMR
chr1	332979	333061	8	0.407	0.674	-0.267	good-DMR
chr1	333544	333625	8	0.557	0.742	-0.185	good-DMR
chr1	333985	334061	10	0.211	0.172	0.039	non-DMR
chr1	334165	334234	9	0.639	0.691	-0.051	non-DMR
chr1	334332	334415	9	0.688	0.73	-0.042	non-DMR
chr1	334523	334601	9	0.906	0.945	-0.039	non-DMR
chr1	334690	334798	10	0.291	0.301	-0.01	inconsistent-DMR
chr1	334848	334933	8	0.718	0.758	-0.04	non-DMR
chr1	335049	335130	9	0.82	0.876	-0.056	non-DMR
chr1	335253	335343	9	0.655	0.702	-0.047	non-DMR
chr1	335389	335469	9	0.777	0.824	-0.047	non-DMR
chr1	335542	335630	8	0.639	0.685	-0.045	non-DMR
chr1	335699	335796	8	0.785	0.816	-0.032	non-DMR
chr1	335918	336010	8	0.819	0.87	-0.05	non-DMR
chr1	336083	336186	8	0.651	0.695	-0.044	non-DMR
chr1	336237	336287	7	0.722	0.762	-0.04	non-DMR
chr1	336383	336479	12	0.586	0.84	-0.254	good-DMR
chr1	336917	337000	9	0.585	0.542	0.044	non-DMR
chr1	337112	337216	10	0.66	0.695	-0.034	non-DMR
chr1	337355	337450	9	0.814	0.866	-0.052	non-DMR
chr1	337493	337597	10	0.703	0.76	-0.057	non-DMR
chr1	337653	337738	8	0.671	0.919	-0.248	good-DMR
chr1	338170	338279	9	0.782	0.823	-0.04	non-DMR
chr1	338326	338376	7	0.731	0.762	-0.031	non-DMR
chr1	338440	338515	8	0.43	0.648	-0.217	good-DMR
chr1	338969	339074	13	0.457	0.756	-0.299	good-DMR
chr1	339578	339681	10	0.885	0.531	0.354	good-DMR
chr1	340180	340275	9	0.596	0.641	-0.045	non-DMR
chr1	340352	340439	11	0.762	0.798	-0.036	non-DMR
chr1	340545	340642	11	0.702	0.776	-0.074	inconsistent-DMR
chr1	340791	340862	10	0.565	0.544	0.021	non-DMR
chr1	340949	341052	10	0.494	0.221	0.273	good-DMR
chr1	341559	341647	9	0.686	0.717	-0.031	non-DMR
chr1	341960	342053	7	0.123	0.082	0.041	non-DMR
chr1	342138	342231	8	0.662	0.69	-0.028	non-DMR
chr1	342277	342379	8	0.817	0.844	-0.027	non-DMR
chr1	342412	342509	10	0.558	0.833	-0.275	good-DMR
chr1	343004	343093	10	0.765	0.802	-0.037	non-DMR
chr1	343187	343237	6	0.467	0.186	0.281	good-DMR
chr1	343759	343860	8	0.856	0.894	-0.038	non-DMR
chr1	343988	344080	9	0.905	0.936	-0.032	non-DMR
chr1	344151	344247	9	0.271	0.223	0.048	non-DMR
chr1	344342	344435	9	0.512	0.762	-0.25	good-DMR
chr1	344892	344957	8	0.631	0.865	-0.235	good-DMR
chr1	345361	345468	9	0.684	0.733	-0.049	non-DMR
chr1	345562	345640	8	0.46	0.732	-0.273	good-DMR
chr1	346181	346246	9	0.818	0.866	-0.049	non-DMR
chr1	346358	346457	9	0.707	0.752	-0.044	non-DMR
chr1	346542	346639	9	0.649	0.683	-0.034	non-DMR
chr1	346702	346784	8	0.623	0.66	-0.037	non-DMR
chr1	346833	346926	10	0.739	0.778	-0.038	non-DMR
chr1	347027	347102	7	0.568	0.619	-0.051	non-DMR
chr1	347230	347301	8	0.256	0.224	0.032	non-DMR
chr1	347345	347430	9	0.606	0.873	-0.267	good-DMR
chr1	347821	347928	9	0.598	0.872	-0.274	good-DMR
chr1	348452	348551	9	0.856	0.904	-0.048	non-DMR
chr1	348626	348722	8	0.577	0.605	-0.028	non-DMR
chr1	348825	348914	10	0.612	0.832	-0.22	good-DMR
chr1	349442	349531	9	0.147	0.099	0.048	non-DMR
chr1	349613	349692	8	0.09	0.054	0.036	non-DMR
chr1	349700	349750	8	0.697	0.908	-0.211	good-DMR
chr1	350239	350310	9	0.241	0.194	0.047	non-DMR
chr1	350417	350482	8	0.788	0.824	-0.036	non-DMR
chr1	350581	350680	10	0.71	0.758	-0.048	non-DMR
chr1	350715	350785	8	0.144	0.103	0.041	non-DMR
chr1	350893	350964	6	0.678	0.96	-0.282	good-DMR
chr1	351399	351483	9	0.808	0.854	-0.047	non-DMR
chr1	351574	351664	7	0.553	0.811	-0.258	good-DMR
chr1	352167	352261	9	0.779	0.815	-0.036	non-DMR
chr1	352284	352377	9	0.112	0.413	-0.301	good-DMR
chr1	352775	352873	10	0.639	0.677	-0.039	non-DMR
chr1	352928	353003	8	0.452	0.184	0.269	good-DMR
chr1	353233	353283	9	0.813	0.848	-0.035	non-DMR
chr1	353363	353460	9	0.204	0.16	0.045	non-DMR
chr1	353560	353625	8	0.174	0.453	-0.278	good-DMR
chr1	354025	354124	9	0.459	0.196	0.263	good-DMR
chr1	354597	354686	10	0.147	0.109	0.037	non-DMR
chr1	354784	354874	9	0.672	0.722	-0.05	non-DMR
chr1	354913	355001	9	0.37	0.134	0.236	good-DMR
chr1	355465	355558	9	0.416	0.607	-0.19	good-DMR
chr1	356019	356109	9	0.66	0.87	-0.21	good-DMR
chr1	356629	356711	9	0.151	0.094	0.056	non-DMR
chr1	356725	356812	10	0.749	0.956	-0.206	good-DMR
chr1	357309	357377	8	0.499	0.19	0.308	good-DMR
chr1	357856	357958	10	0.088	0.039	0.048	non-DMR
chr1	358009	358101	9	0.154	0.114	0.04	non-DMR
chr1	358240	358323	9	0.693	0.735	-0.042	non-DMR
chr1	358421	358471	6	0.857	0.904	-0.047	non-DMR
chr1	358580	358677	9	0.762	0.813	-0.051	non-DMR
chr1	358769	358860	8	0.772	0.806	-0.035	non-DMR
chr1	358945	359024	8	0.771	0.796	-0.025	non-DMR
chr1	359075	359148	8	0.89	0.934	-0.045	non-DMR
chr1	359247	359340	10	0.131	0.097	0.034	non-DMR
chr1	359432	359526	9	0.667	0.708	-0.041	non-DMR
chr1	359659	359771	10	0.87	0.902	-0.032	non-DMR
chr1	359875	359981	11	0.513	0.818	-0.306	notable-DMR
chr1	360063	360146	10	0.76	0.803	-0.043	non-DMR
chr1	360233	360325	10	0.343	0.123	0.22	good-DMR
chr1	360661	360760	9	0.802	0.842	-0.04	non-DMR
chr1	360841	360926	12	0.208	0.192	0.016	inconsistent-DMR
chr1	360958	361042	7	0.303	0.555	-0.252	good-DMR
chr1	361513	361586	10	0.74	0.781	-0.041	non-DMR
chr1	361672	361773	8	0.611	0.865	-0.254	good-DMR
chr1	362314	362400	10	0.715	0.756	-0.041	non-DMR
chr1	362483	362533	7	0.788	0.836	-0.048	non-DMR
chr1	362581	362656	7	0.109	0.081	0.028	non-DMR
chr1	362788	362888	10	0.774	0.826	-0.052	non-DMR
chr1	362983	363033	8	0.456	0.235	0.221	good-DMR
chr1	363535	363622	8	0.563	0.623	-0.06	non-DMR
chr1	363669	363765	9	0.27	0.061	0.209	good-DMR
chr1	364228	364316	8	0.825	0.857	-0.032	non-DMR
chr1	364409	364459	6	0.713	0.76	-0.047	non-DMR
chr1	364564	364649	9	0.822	0.864	-0.042	non-DMR
chr1	364741	364841	9	0.668	0.874	-0.206	good-DMR
chr1	365339	365433	9	0.681	0.727	-0.046	non-DMR
chr1	365482	365588	8	0.686	0.728	-0.042	non-DMR
chr1	365664	365760	10	0.823	0.847	-0.024	non-DMR
chr1	365834	365884	8	0.674	0.724	-0.049	non-DMR
chr1	366002	366052	7	0.105	0.061	0.043	non-DMR
chr1	366184	366250	8	0.63	0.804	-0.174	notable-DMR
chr1	366304	366381	8	0.604	0.645	-0.041	non-DMR
chr1	366490	366540	6	0.179	0.123	0.056	non-DMR
chr1	366638	366712	8	0.519	0.765	-0.246	good-DMR
chr1	367198	367296	9	0.695	0.719	-0.024	non-DMR
chr1	367353	367432	9	0.174	0.132	0.042	non-DMR
chr1	367540	367617	8	0.762	0.758	0.003	inconsistent-DMR
