chr	start	end	CpG_count	treatment_methylation	control_methylation	mean_delta_methylation	category
chr1	100036	101017	24	0.192	0.161	0.031	non-DMR
chr1	101148	102036	22	0.082	0.044	0.038	non-DMR
chr1	102141	103181	26	0.816	0.855	-0.039	non-DMR
chr1	103243	104291	24	0.257	0.216	0.041	non-DMR
chr1	104388	105300	19	0.778	0.818	-0.04	non-DMR
chr1	105397	106483	26	0.719	0.821	-0.102	sub-DMR
chr1	106977	107985	23	0.727	0.763	-0.037	non-DMR
chr1	108045	109007	24	0.654	0.698	-0.044	non-DMR
chr1	109113	110074	23	0.826	0.865	-0.039	non-DMR
chr1	110168	110942	17	0.743	0.847	-0.104	sub-DMR
chr1	111404	112365	24	0.92	0.959	-0.039	non-DMR
chr1	112480	113450	23	0.273	0.235	0.038	non-DMR
chr1	113552	114472	20	0.153	0.113	0.04	non-DMR
chr1	114540	115277	19	0.79	0.838	-0.048	non-DMR
chr1	115374	116340	22	0.662	0.7	-0.038	non-DMR
chr1	116425	117325	21	0.849	0.884	-0.035	non-DMR
chr1	117438	118242	18	0.121	0.075	0.046	non-DMR
chr1	118316	119202	22	0.502	0.875	-0.373	good-DMR
chr1	119722	120533	20	0.297	0.255	0.041	non-DMR
chr1	120579	121658	24	0.673	0.711	-0.038	non-DMR
chr1	121726	122698	21	0.578	0.133	0.445	good-DMR
chr1	123071	123990	22	0.744	0.79	-0.046	non-DMR
chr1	124112	125119	23	0.627	0.667	-0.039	non-DMR
chr1	125190	126250	26	0.478	0.714	-0.236	good-DMR
chr1	126786	127850	23	0.702	0.745	-0.043	non-DMR
chr1	127958	129009	27	0.805	0.852	-0.047	non-DMR
chr1	129114	129838	17	0.638	0.687	-0.049	non-DMR
chr1	129879	130892	25	0.437	0.748	-0.311	notable-DMR
chr1	131021	132072	25	0.33	0.293	0.038	non-DMR
chr1	132202	133072	23	0.088	0.05	0.038	non-DMR
chr1	133200	134050	21	0.843	0.876	-0.034	non-DMR
chr1	134147	135017	21	0.814	0.857	-0.044	non-DMR
chr1	135057	136009	22	0.384	0.766	-0.382	good-DMR
chr1	136503	137350	20	0.446	0.847	-0.401	good-DMR
chr1	137858	138789	22	0.444	0.82	-0.376	good-DMR
chr1	139055	140107	26	0.113	0.073	0.04	non-DMR
chr1	140163	141186	26	0.604	0.707	-0.103	sub-DMR
chr1	141639	142802	28	0.748	0.797	-0.048	non-DMR
chr1	142893	143714	18	0.134	0.096	0.038	non-DMR
chr1	143843	145023	24	0.104	0.064	0.039	non-DMR
chr1	145132	146210	24	0.864	0.903	-0.039	non-DMR
chr1	146287	147229	22	0.548	0.892	-0.343	notable-DMR
chr1	147319	148336	25	0.845	0.877	-0.033	non-DMR
chr1	148404	149423	21	0.736	0.771	-0.035	non-DMR
chr1	149471	150394	23	0.736	0.78	-0.044	non-DMR
chr1	150410	151370	22	0.562	0.892	-0.329	good-DMR
chr1	151759	152614	20	0.498	0.04	0.458	good-DMR
chr1	153129	154249	26	0.099	0.06	0.039	non-DMR
chr1	154341	155219	19	0.237	0.188	0.048	non-DMR
chr1	155280	156371	26	0.276	0.585	-0.31	good-DMR
chr1	156894	157745	23	0.588	0.614	-0.027	non-DMR
chr1	157861	158735	22	0.866	0.902	-0.037	non-DMR
chr1	158813	159822	20	0.499	0.858	-0.358	good-DMR
chr1	160320	161219	21	0.708	0.752	-0.044	non-DMR
chr1	161326	162177	20	0.69	0.73	-0.039	non-DMR
chr1	162295	163192	23	0.763	0.794	-0.031	non-DMR
chr1	163268	164188	20	0.563	0.858	-0.295	good-DMR
chr1	164718	165665	23	0.642	0.677	-0.036	non-DMR
chr1	165778	166736	22	0.235	0.193	0.041	non-DMR
chr1	166788	167589	21	0.322	0.704	-0.383	good-DMR
chr1	168011	168971	24	0.505	0.526	-0.021	inconsistent-DMR
chr1	170172	171190	28	0.87	0.905	-0.035	non-DMR
chr1	171232	171897	16	0.719	0.764	-0.046	non-DMR
chr1	171952	172968	25	0.702	0.738	-0.036	non-DMR
chr1	173005	173827	23	0.397	0.829	-0.432	good-DMR
chr1	174179	175108	22	0.713	0.758	-0.045	non-DMR
chr1	175140	176104	24	0.735	0.775	-0.041	non-DMR
chr1	176200	177244	22	0.18	0.076	0.104	sub-DMR
chr1	177658	178879	28	0.528	0.571	-0.043	non-DMR
chr1	178964	179912	25	0.221	0.685	-0.464	good-DMR
chr1	180344	181390	26	0.558	0.87	-0.312	good-DMR
chr1	181898	182840	23	0.624	0.589	0.035	non-DMR
chr1	182961	183940	23	0.62	0.661	-0.041	non-DMR
chr1	185190	186143	21	0.706	0.757	-0.052	non-DMR
chr1	186244	187191	20	0.521	0.845	-0.325	good-DMR
chr1	187679	188643	22	0.792	0.826	-0.034	non-DMR
chr1	188737	189700	23	0.863	0.909	-0.046	non-DMR
chr1	189788	190592	18	0.349	0.666	-0.317	good-DMR
chr1	191125	192191	23	0.765	0.814	-0.049	non-DMR
chr1	192223	193094	21	0.539	0.81	-0.27	good-DMR
chr1	193599	194692	25	0.268	0.627	-0.359	good-DMR
chr1	195094	196096	27	0.647	0.693	-0.046	non-DMR
chr1	196137	196893	19	0.766	0.809	-0.043	non-DMR
chr1	196945	197970	26	0.197	0.553	-0.356	good-DMR
chr1	198362	199299	21	0.171	0.139	0.032	non-DMR
chr1	199400	200340	22	0.596	0.292	0.304	good-DMR
chr1	200837	201712	19	0.074	0.036	0.037	non-DMR
chr1	201808	202865	25	0.548	0.8	-0.252	good-DMR
chr1	203386	204255	22	0.641	0.688	-0.047	non-DMR
chr1	204307	205286	22	0.326	0.738	-0.412	good-DMR
chr1	205802	206795	21	0.122	0.084	0.037	non-DMR
chr1	206880	207884	23	0.27	0.235	0.035	non-DMR
chr1	207940	208938	25	0.471	0.089	0.382	good-DMR
chr1	209457	210440	23	0.671	0.719	-0.048	non-DMR
chr1	210518	211361	22	0.375	0.046	0.329	good-DMR
chr1	211874	212886	21	0.796	0.845	-0.049	non-DMR
chr1	212929	213936	23	0.818	0.863	-0.045	non-DMR
chr1	213972	214919	23	0.22	0.116	0.104	sub-DMR
chr1	215373	216304	22	0.296	0.605	-0.309	good-DMR
chr1	216796	217795	21	0.796	0.911	-0.116	sub-DMR
chr1	218280	219213	22	0.456	0.749	-0.293	good-DMR
chr1	219701	220660	21	0.771	0.811	-0.04	non-DMR
chr1	220762	221636	21	0.363	0.35	0.013	inconsistent-DMR
chr1	221760	222699	24	0.77	0.802	-0.033	non-DMR
chr1	222759	223643	24	0.56	0.206	0.354	good-DMR
chr1	224065	224948	22	0.861	0.901	-0.04	non-DMR
chr1	225030	225974	24	0.17	0.188	-0.017	inconsistent-DMR
chr1	226152	226931	19	0.388	0.347	0.04	non-DMR
chr1	227025	227978	22	0.1	0.058	0.042	non-DMR
chr1	228020	229124	27	0.467	0.916	-0.449	good-DMR
chr1	229614	230416	18	0.89	0.937	-0.047	non-DMR
chr1	230490	231378	22	0.643	0.913	-0.27	good-DMR
chr1	231903	232676	19	0.688	0.731	-0.043	non-DMR
chr1	232784	233925	25	0.185	0.144	0.041	non-DMR
chr1	233961	234838	21	0.76	0.795	-0.035	non-DMR
chr1	234903	235858	21	0.191	0.151	0.041	non-DMR
chr1	235886	236815	24	0.781	0.819	-0.038	non-DMR
chr1	236902	237884	23	0.158	0.112	0.046	non-DMR
chr1	238010	238973	24	0.171	0.131	0.04	non-DMR
chr1	239012	240132	29	0.108	0.394	-0.286	good-DMR
chr1	240499	241694	26	0.783	0.823	-0.04	non-DMR
chr1	241806	242795	23	0.182	0.145	0.037	non-DMR
chr1	242941	243995	25	0.408	0.425	-0.017	inconsistent-DMR
chr1	244046	245109	27	0.403	0.783	-0.379	good-DMR
chr1	245635	246627	22	0.856	0.894	-0.038	non-DMR
chr1	246695	247684	25	0.279	0.65	-0.37	good-DMR
chr1	248207	249156	22	0.813	0.855	-0.042	non-DMR
chr1	249250	250253	25	0.689	0.735	-0.047	non-DMR
chr1	250375	251538	27	0.818	0.862	-0.044	non-DMR
chr1	251617	252622	21	0.396	0.118	0.278	good-DMR
chr1	252998	254057	21	0.361	0.318	0.043	non-DMR
chr1	254166	255129	22	0.287	0.647	-0.36	good-DMR
chr1	255603	256495	21	0.479	0.139	0.34	good-DMR
chr1	256999	258086	24	0.5	0.797	-0.297	good-DMR
chr1	258504	259619	25	0.82	0.861	-0.04	non-DMR
chr1	259728	260722	25	0.437	0.054	0.382	notable-DMR
chr1	260859	261982	26	0.769	0.806	-0.037	non-DMR
chr1	262077	262942	21	0.738	0.782	-0.043	non-DMR
chr1	263070	264073	25	0.82	0.862	-0.042	non-DMR
chr1	264146	265181	22	0.705	0.748	-0.042	non-DMR
chr1	265243	266306	24	0.837	0.884	-0.046	non-DMR
chr1	266322	267295	22	0.55	0.138	0.413	good-DMR
chr1	267831	268739	19	0.644	0.689	-0.044	non-DMR
chr1	268803	269884	27	0.805	0.844	-0.04	non-DMR
chr1	269939	270792	21	0.648	0.751	-0.103	sub-DMR
chr1	271328	272234	24	0.765	0.797	-0.032	non-DMR
chr1	272358	273212	21	0.75	0.784	-0.034	non-DMR
chr1	273293	274319	24	0.709	0.741	-0.032	non-DMR
chr1	274441	275337	20	0.765	0.805	-0.04	non-DMR
chr1	275369	276255	21	0.673	0.714	-0.041	non-DMR
chr1	276366	277408	22	0.75	0.778	-0.027	non-DMR
chr1	277536	278529	23	0.625	0.579	0.046	non-DMR
chr1	278584	279525	24	0.677	0.705	-0.028	non-DMR
chr1	279624	280608	25	0.644	0.68	-0.035	non-DMR
chr1	280655	281616	23	0.76	0.805	-0.045	non-DMR
chr1	281750	282838	25	0.222	0.178	0.044	non-DMR
chr1	282908	283862	28	0.461	0.841	-0.38	good-DMR
chr1	284348	285262	23	0.864	0.908	-0.044	non-DMR
chr1	285379	286221	21	0.654	0.69	-0.036	non-DMR
chr1	286365	287345	23	0.699	0.744	-0.045	non-DMR
chr1	287412	288466	27	0.444	0.841	-0.397	good-DMR
chr1	288979	290089	27	0.697	0.743	-0.046	non-DMR
chr1	290170	291044	23	0.515	0.072	0.443	good-DMR
chr1	291535	292513	27	0.792	0.833	-0.042	non-DMR
chr1	292635	293400	19	0.688	0.739	-0.051	non-DMR
chr1	293425	294277	22	0.473	0.852	-0.379	good-DMR
chr1	294778	295681	21	0.557	0.868	-0.311	good-DMR
chr1	296177	297307	27	0.527	0.85	-0.323	good-DMR
chr1	297646	298593	19	0.48	0.902	-0.422	good-DMR
chr1	299125	300045	24	0.736	0.774	-0.038	non-DMR
chr1	300115	300897	18	0.815	0.852	-0.037	non-DMR
chr1	301035	301976	25	0.726	0.769	-0.043	non-DMR
chr1	302078	303106	28	0.685	0.721	-0.036	non-DMR
chr1	303181	304043	19	0.397	0.07	0.327	good-DMR
chr1	304466	305523	23	0.353	0.811	-0.457	good-DMR
chr1	306028	306941	21	0.772	0.814	-0.041	non-DMR
chr1	307067	308022	22	0.106	0.062	0.044	non-DMR
chr1	308130	309153	27	0.627	0.591	0.036	inconsistent-DMR
chr1	309340	310265	23	0.612	0.653	-0.041	non-DMR
chr1	310345	311185	19	0.401	0.762	-0.36	good-DMR
chr1	311599	312613	24	0.69	0.801	-0.111	sub-DMR
chr1	313126	314171	22	0.165	0.121	0.044	non-DMR
chr1	314256	315112	20	0.722	0.775	-0.053	non-DMR
chr1	315201	316212	24	0.78	0.821	-0.041	non-DMR
chr1	316269	317291	25	0.147	0.108	0.039	non-DMR
chr1	317354	318453	27	0.693	0.729	-0.036	non-DMR
chr1	318520	319488	19	0.868	0.915	-0.046	non-DMR
chr1	319575	320575	24	0.406	0.689	-0.283	good-DMR
chr1	321041	322043	22	0.36	0.691	-0.331	good-DMR
chr1	322521	323550	25	0.405	0.141	0.264	good-DMR
chr1	324039	325133	26	0.865	0.905	-0.04	non-DMR
chr1	325160	325906	19	0.671	0.713	-0.042	non-DMR
chr1	325993	327066	24	0.609	0.654	-0.045	non-DMR
chr1	327147	328223	27	0.792	0.827	-0.034	non-DMR
chr1	328266	329368	24	0.675	0.713	-0.038	non-DMR
chr1	329411	330370	21	0.51	0.851	-0.341	notable-DMR
chr1	330496	331430	22	0.841	0.884	-0.042	non-DMR
chr1	331526	332422	22	0.208	0.169	0.039	non-DMR
chr1	332544	333500	22	0.17	0.12	0.051	non-DMR
chr1	333573	334399	19	0.692	0.735	-0.043	non-DMR
chr1	334528	335625	26	0.204	0.163	0.041	non-DMR
chr1	335728	336751	24	0.659	0.696	-0.036	non-DMR
chr1	336886	337857	24	0.772	0.814	-0.041	non-DMR
chr1	337959	338916	25	0.146	0.098	0.048	non-DMR
chr1	338992	339988	26	0.876	0.915	-0.039	non-DMR
chr1	340076	341204	24	0.464	0.091	0.373	notable-DMR
chr1	341337	342148	22	0.611	0.563	0.048	non-DMR
chr1	342227	343112	24	0.185	0.143	0.041	non-DMR
chr1	343179	344024	21	0.843	0.885	-0.042	non-DMR
chr1	344146	345229	27	0.713	0.743	-0.03	non-DMR
chr1	345350	346286	23	0.818	0.851	-0.033	non-DMR
chr1	346423	347434	21	0.337	0.3	0.037	non-DMR
chr1	347505	348634	28	0.824	0.869	-0.044	non-DMR
chr1	348702	349750	22	0.453	0.772	-0.319	good-DMR
chr1	350278	351052	20	0.818	0.862	-0.044	non-DMR
chr1	351098	352110	23	0.501	0.268	0.233	good-DMR
chr1	352603	353398	21	0.22	0.172	0.048	non-DMR
chr1	353479	354467	26	0.596	0.638	-0.042	non-DMR
chr1	354514	355556	25	0.755	0.796	-0.04	non-DMR
chr1	355602	356688	24	0.602	0.594	0.008	inconsistent-DMR
chr1	356772	357676	21	0.683	0.719	-0.036	non-DMR
chr1	357735	358692	26	0.725	0.77	-0.045	non-DMR
chr1	358774	359786	24	0.503	0.872	-0.368	good-DMR
chr1	360285	361341	27	0.328	0.688	-0.36	good-DMR
chr1	361828	362923	25	0.453	0.724	-0.271	good-DMR
chr1	363397	364492	28	0.223	0.186	0.037	non-DMR
chr1	364564	365514	24	0.797	0.839	-0.042	non-DMR
chr1	365587	366536	23	0.92	0.961	-0.042	non-DMR
chr1	366606	367628	25	0.465	0.802	-0.337	good-DMR
chr1	368087	368963	21	0.777	0.812	-0.035	non-DMR
chr1	369051	370082	25	0.576	0.854	-0.278	good-DMR
chr1	370511	371670	27	0.448	0.749	-0.301	good-DMR
chr1	372067	372966	23	0.313	0.268	0.045	inconsistent-DMR
chr1	373025	373949	20	0.41	0.085	0.324	good-DMR
chr1	374390	375246	21	0.143	0.101	0.041	non-DMR
chr1	375315	376370	27	0.485	0.781	-0.296	good-DMR
chr1	376886	377813	22	0.597	0.642	-0.045	non-DMR
chr1	377885	378990	25	0.74	0.85	-0.11	sub-DMR
chr1	379414	380532	26	0.835	0.874	-0.04	non-DMR
chr1	380588	381455	21	0.431	0.768	-0.337	good-DMR
chr1	381925	382820	19	0.848	0.887	-0.039	non-DMR
chr1	382953	383925	24	0.887	0.925	-0.038	non-DMR
chr1	384021	384921	21	0.653	0.699	-0.046	non-DMR
chr1	384973	385955	22	0.59	0.86	-0.269	notable-DMR
chr1	386047	387111	26	0.148	0.117	0.03	non-DMR
chr1	387209	388146	21	0.377	0.727	-0.351	good-DMR
chr1	388614	389611	20	0.723	0.759	-0.036	non-DMR
chr1	389683	390566	25	0.822	0.871	-0.049	non-DMR
chr1	390629	391712	27	0.277	0.23	0.048	non-DMR
chr1	391789	392567	19	0.578	0.581	-0.003	inconsistent-DMR
chr1	392685	393510	19	0.693	0.736	-0.043	non-DMR
chr1	394731	395648	20	0.324	0.667	-0.343	good-DMR
chr1	396099	397180	27	0.334	0.351	-0.017	inconsistent-DMR
chr1	397334	398362	25	0.279	0.238	0.041	non-DMR
chr1	398399	399296	23	0.17	0.131	0.038	non-DMR
chr1	399405	400442	23	0.671	0.716	-0.045	non-DMR
chr1	400512	401560	23	0.092	0.055	0.037	non-DMR
chr1	401687	402805	24	0.267	0.222	0.044	non-DMR
chr1	402826	403721	20	0.509	0.88	-0.371	good-DMR
chr1	404166	405397	31	0.825	0.869	-0.044	non-DMR
chr1	405528	406633	24	0.764	0.809	-0.045	non-DMR
chr1	406684	407661	25	0.69	0.728	-0.037	non-DMR
chr1	407705	408666	23	0.577	0.226	0.35	good-DMR
chr1	409100	410021	21	0.108	0.067	0.041	non-DMR
chr1	410056	411000	20	0.798	0.836	-0.038	non-DMR
chr1	411114	412031	22	0.2	0.163	0.038	non-DMR
chr1	412137	413142	24	0.772	0.82	-0.048	non-DMR
chr1	413149	414081	21	0.532	0.859	-0.327	good-DMR
chr1	414586	415438	20	0.576	0.837	-0.261	good-DMR
chr1	415928	416773	19	0.843	0.88	-0.037	non-DMR
chr1	416849	417814	21	0.314	0.782	-0.469	good-DMR
chr1	418334	419353	23	0.746	0.788	-0.043	non-DMR
chr1	419390	420260	21	0.717	0.831	-0.114	sub-DMR
chr1	420670	421622	21	0.339	0.696	-0.357	good-DMR
chr1	422089	423075	23	0.76	0.793	-0.033	non-DMR
chr1	423128	424124	25	0.743	0.775	-0.032	non-DMR
chr1	424141	425088	23	0.315	0.642	-0.327	good-DMR
chr1	426652	427506	24	0.634	0.739	-0.105	sub-DMR
chr1	427969	428880	20	0.459	0.813	-0.354	good-DMR
chr1	429402	430523	23	0.755	0.793	-0.039	non-DMR
chr1	430576	431671	25	0.727	0.774	-0.046	non-DMR
chr1	431795	432752	24	0.173	0.133	0.039	non-DMR
chr1	432792	433786	26	0.143	0.096	0.047	non-DMR
chr1	433921	434901	25	0.776	0.819	-0.044	non-DMR
chr1	434986	436018	22	0.59	0.697	-0.107	sub-DMR
chr1	436502	437439	19	0.857	0.897	-0.04	non-DMR
chr1	437480	438315	24	0.539	0.829	-0.29	good-DMR
chr1	438766	439820	24	0.461	0.16	0.301	good-DMR
chr1	440364	441127	17	0.855	0.888	-0.033	non-DMR
chr1	441263	442188	21	0.855	0.897	-0.042	non-DMR
chr1	442264	443149	22	0.535	0.404	0.13	inconsistent-DMR
chr1	443335	444383	26	0.73	0.768	-0.038	non-DMR
chr1	444473	445427	24	0.44	0.109	0.331	good-DMR
chr1	445927	446832	22	0.777	0.82	-0.044	non-DMR
chr1	446891	447808	21	0.542	0.885	-0.343	good-DMR
chr1	448266	449430	25	0.202	0.632	-0.431	good-DMR
chr1	449928	450832	21	0.512	0.818	-0.305	good-DMR
chr1	451285	452218	25	0.88	0.926	-0.045	non-DMR
chr1	452253	453046	20	0.672	0.71	-0.039	non-DMR
chr1	453138	454092	22	0.347	0.767	-0.42	good-DMR
chr1	454553	455529	23	0.487	0.828	-0.341	good-DMR
chr1	455889	456867	23	0.461	0.79	-0.329	good-DMR
chr1	457358	458313	22	0.753	0.801	-0.048	non-DMR
chr1	458419	459360	23	0.666	0.704	-0.038	non-DMR
chr1	459423	460478	22	0.725	0.765	-0.04	non-DMR
chr1	460535	461527	25	0.456	0.823	-0.368	notable-DMR
chr1	461663	462603	21	0.087	0.049	0.038	non-DMR
chr1	462666	463620	23	0.485	0.105	0.379	good-DMR
chr1	464031	465087	22	0.798	0.842	-0.044	non-DMR
chr1	465135	466017	20	0.866	0.898	-0.031	non-DMR
chr1	466108	466940	20	0.616	0.72	-0.104	sub-DMR
chr1	467359	468117	17	0.33	0.647	-0.318	good-DMR
chr1	468637	469429	19	0.066	0.032	0.034	non-DMR
chr1	469532	470553	24	0.689	0.733	-0.044	non-DMR
chr1	470640	471621	24	0.787	0.825	-0.038	non-DMR
chr1	471726	472754	26	0.614	0.238	0.376	good-DMR
chr1	473254	474155	21	0.314	0.266	0.048	non-DMR
chr1	474236	475143	20	0.646	0.92	-0.274	good-DMR
chr1	475646	476623	23	0.604	0.649	-0.045	non-DMR
chr1	476728	477736	25	0.504	0.127	0.378	good-DMR
chr1	478196	479279	25	0.568	0.285	0.283	good-DMR
chr1	479617	480396	19	0.605	0.651	-0.046	non-DMR
chr1	480447	481442	25	0.484	0.461	0.023	inconsistent-DMR
chr1	481578	482552	21	0.877	0.915	-0.038	non-DMR
chr1	482671	483626	23	0.844	0.892	-0.048	non-DMR
chr1	483728	484550	19	0.9	0.944	-0.044	non-DMR
chr1	484580	485442	20	0.324	0.219	0.105	sub-DMR
chr1	485818	486717	22	0.805	0.848	-0.043	non-DMR
chr1	486821	487720	22	0.295	0.239	0.056	inconsistent-DMR
chr1	487842	488764	21	0.811	0.855	-0.044	non-DMR
chr1	488868	489851	21	0.606	0.647	-0.04	non-DMR
chr1	489922	490850	18	0.697	0.803	-0.106	sub-DMR
chr1	491313	492323	26	0.41	0.106	0.304	good-DMR
chr1	492708	493699	24	0.669	0.713	-0.044	non-DMR
chr1	493760	494751	20	0.193	0.229	-0.036	inconsistent-DMR
chr1	494784	495687	18	0.561	0.917	-0.356	good-DMR
chr1	496114	497156	24	0.746	0.856	-0.109	sub-DMR
chr1	497658	498560	21	0.432	0.016	0.416	good-DMR
chr1	499056	499963	20	0.76	0.799	-0.039	non-DMR
chr1	500022	501075	26	0.815	0.855	-0.041	non-DMR
chr1	501102	502034	22	0.689	0.728	-0.038	non-DMR
chr1	502114	502781	16	0.793	0.827	-0.034	non-DMR
chr1	502849	503838	25	0.495	0.07	0.426	good-DMR
chr1	504300	505216	20	0.543	0.154	0.389	good-DMR
chr1	505645	506571	21	0.378	0.764	-0.386	good-DMR
chr1	507073	508165	26	0.774	0.877	-0.103	sub-DMR
chr1	508655	509560	22	0.158	0.109	0.048	non-DMR
chr1	509591	510704	25	0.69	0.72	-0.03	non-DMR
chr1	510795	511694	22	0.145	0.095	0.05	non-DMR
chr1	511805	512792	25	0.59	0.552	0.039	non-DMR
chr1	512907	513628	16	0.469	0.511	-0.041	non-DMR
chr1	513778	514663	20	0.169	0.124	0.045	non-DMR
chr1	514753	515900	27	0.21	0.171	0.039	non-DMR
chr1	516010	516914	23	0.383	0.814	-0.431	notable-DMR
chr1	516982	518067	27	0.844	0.893	-0.048	non-DMR
chr1	518163	518935	20	0.373	0.695	-0.322	notable-DMR
chr1	519076	520138	24	0.293	0.251	0.043	non-DMR
chr1	520220	521214	21	0.738	0.787	-0.049	non-DMR
chr1	521275	522069	20	0.143	0.033	0.11	sub-DMR
chr1	522482	523368	21	0.617	0.661	-0.044	non-DMR
chr1	523405	524290	22	0.339	0.636	-0.297	good-DMR
chr1	524807	525964	31	0.594	0.636	-0.042	non-DMR
chr1	526070	526976	20	0.324	0.642	-0.319	good-DMR
chr1	527368	528492	30	0.224	0.179	0.045	non-DMR
chr1	528601	529564	26	0.666	0.711	-0.045	non-DMR
chr1	529672	530682	23	0.139	0.102	0.037	non-DMR
chr1	530808	531778	26	0.732	0.777	-0.045	non-DMR
chr1	531898	532916	21	0.165	0.126	0.039	non-DMR
chr1	533018	533952	23	0.825	0.855	-0.03	non-DMR
chr1	533999	534894	23	0.187	0.147	0.04	non-DMR
chr1	534920	535883	24	0.411	0.754	-0.343	good-DMR
chr1	536376	537285	21	0.595	0.617	-0.021	inconsistent-DMR
chr1	537423	538345	25	0.579	0.619	-0.04	non-DMR
chr1	538415	539375	22	0.165	0.119	0.045	non-DMR
chr1	539479	540378	22	0.688	0.734	-0.046	non-DMR
chr1	540468	541335	22	0.357	0.662	-0.305	good-DMR
chr1	541801	543033	28	0.778	0.822	-0.043	non-DMR
chr1	543124	544129	26	0.862	0.907	-0.045	non-DMR
chr1	544236	545202	21	0.444	0.393	0.051	non-DMR
chr1	545264	546286	24	0.352	0.067	0.285	good-DMR
chr1	546770	547641	21	0.353	0.736	-0.383	good-DMR
chr1	548107	548887	19	0.604	0.817	-0.213	good-DMR
chr1	549392	550411	25	0.692	0.736	-0.044	non-DMR
chr1	550501	551687	28	0.41	0.784	-0.374	good-DMR
chr1	552172	553311	27	0.42	0.846	-0.427	good-DMR
chr1	553810	554829	25	0.424	0.797	-0.373	good-DMR
chr1	555351	556405	24	0.89	0.93	-0.041	non-DMR
chr1	556538	557502	22	0.704	0.741	-0.037	non-DMR
chr1	557569	558499	21	0.135	0.092	0.043	non-DMR
chr1	558517	559490	25	0.63	0.59	0.039	inconsistent-DMR
chr1	559631	560478	20	0.732	0.781	-0.049	non-DMR
chr1	560526	561562	24	0.354	0.699	-0.346	good-DMR
chr1	562026	562928	20	0.554	0.099	0.455	good-DMR
chr1	563435	564434	24	0.539	0.853	-0.314	good-DMR
chr1	564962	565990	24	0.506	0.476	0.03	inconsistent-DMR
chr1	566101	567059	21	0.377	0.668	-0.29	good-DMR
chr1	567545	568644	27	0.824	0.859	-0.035	non-DMR
chr1	568721	569912	25	0.499	0.879	-0.38	good-DMR
chr1	570369	571167	20	0.164	0.121	0.042	non-DMR
chr1	571281	572341	25	0.282	0.241	0.041	non-DMR
chr1	573514	574554	25	0.129	0.086	0.043	non-DMR
chr1	574632	575644	24	0.549	0.889	-0.34	good-DMR
chr1	576022	576882	22	0.135	0.094	0.041	non-DMR
chr1	576943	577885	24	0.803	0.848	-0.045	non-DMR
chr1	577937	578836	23	0.664	0.708	-0.044	non-DMR
chr1	578929	579913	27	0.151	0.108	0.043	non-DMR
chr1	580004	580965	24	0.568	0.83	-0.262	good-DMR
chr1	581283	582071	18	0.809	0.856	-0.047	non-DMR
chr1	582130	583206	24	0.802	0.844	-0.042	non-DMR
chr1	583220	583993	19	0.547	0.876	-0.329	good-DMR
chr1	584521	585456	22	0.213	0.172	0.041	non-DMR
chr1	585548	586488	22	0.473	0.829	-0.356	good-DMR
chr1	586940	588001	24	0.766	0.868	-0.102	sub-DMR
chr1	588510	589515	25	0.764	0.808	-0.044	non-DMR
chr1	589600	590389	19	0.261	0.205	0.056	non-DMR
chr1	590469	591381	22	0.446	0.768	-0.321	notable-DMR
chr1	591484	592583	26	0.223	0.182	0.041	non-DMR
chr1	592635	593444	18	0.124	0.091	0.033	non-DMR
chr1	593572	594539	22	0.738	0.781	-0.043	non-DMR
chr1	594586	595593	25	0.756	0.794	-0.038	non-DMR
chr1	595659	596560	20	0.53	0.574	-0.044	non-DMR
chr1	596681	597597	23	0.102	0.078	0.023	non-DMR
chr1	597663	598632	23	0.356	0.321	0.035	non-DMR
chr1	598743	599739	22	0.651	0.695	-0.044	non-DMR
chr1	599804	600773	20	0.345	0.65	-0.305	good-DMR
chr1	601235	602135	20	0.749	0.784	-0.035	non-DMR
chr1	602251	603365	24	0.665	0.704	-0.039	non-DMR
chr1	603400	604302	22	0.615	0.953	-0.338	good-DMR
chr1	604797	605927	24	0.776	0.818	-0.042	non-DMR
chr1	606017	606953	22	0.896	0.93	-0.034	non-DMR
chr1	606984	608000	24	0.132	0.083	0.049	non-DMR
chr1	608084	609264	29	0.492	0.853	-0.361	notable-DMR
chr1	609363	610548	29	0.824	0.863	-0.039	non-DMR
chr1	610634	611395	18	0.433	0.846	-0.413	good-DMR
chr1	611907	612811	22	0.785	0.816	-0.031	non-DMR
chr1	612850	613519	15	0.658	0.686	-0.028	non-DMR
chr1	613607	614636	24	0.204	0.167	0.037	non-DMR
chr1	614724	615494	19	0.188	0.145	0.043	non-DMR
chr1	615553	616515	22	0.42	0.853	-0.434	good-DMR
chr1	617046	618121	28	0.791	0.833	-0.042	non-DMR
chr1	618214	619390	31	0.486	0.857	-0.371	good-DMR
chr1	619775	620633	20	0.091	0.055	0.035	non-DMR
chr1	620752	621841	25	0.777	0.81	-0.032	non-DMR
chr1	621942	622773	22	0.481	0.117	0.363	notable-DMR
chr1	622839	623876	25	0.743	0.781	-0.038	non-DMR
chr1	623944	624877	23	0.54	0.584	-0.044	non-DMR
chr1	624901	625752	19	0.449	0.067	0.382	good-DMR
chr1	626171	627005	19	0.443	0.836	-0.393	good-DMR
chr1	627479	628512	26	0.582	0.646	-0.064	inconsistent-DMR
chr1	628652	629745	28	0.468	0.515	-0.046	non-DMR
chr1	629815	630806	24	0.236	0.188	0.049	non-DMR
chr1	630915	631905	23	0.439	0.752	-0.313	good-DMR
chr1	632369	633271	20	0.852	0.891	-0.039	non-DMR
chr1	633370	634263	22	0.622	0.662	-0.04	non-DMR
chr1	634290	635127	21	0.861	0.899	-0.038	non-DMR
chr1	635210	636134	21	0.771	0.808	-0.037	non-DMR
chr1	636244	637171	23	0.791	0.833	-0.042	non-DMR
chr1	637211	638209	24	0.666	0.711	-0.045	non-DMR
chr1	638324	639330	21	0.688	0.727	-0.039	non-DMR
chr1	639442	640502	23	0.664	0.706	-0.043	non-DMR
chr1	640585	641527	21	0.699	0.815	-0.115	sub-DMR
chr1	642057	643050	25	0.347	0.311	0.037	non-DMR
chr1	643163	644035	21	0.114	0.075	0.039	non-DMR
chr1	644170	645176	22	0.495	0.459	0.035	inconsistent-DMR
chr1	645239	646108	21	0.785	0.83	-0.045	non-DMR
chr1	646190	647304	29	0.722	0.761	-0.039	non-DMR
chr1	647349	648111	19	0.378	0.024	0.354	good-DMR
chr1	648660	649557	24	0.187	0.147	0.04	non-DMR
chr1	649644	650698	24	0.451	0.768	-0.317	good-DMR
chr1	651202	651985	21	0.443	0.097	0.346	good-DMR
chr1	652506	653535	24	0.885	0.92	-0.035	non-DMR
chr1	653635	654731	27	0.512	0.845	-0.333	good-DMR
chr1	655250	656206	26	0.835	0.876	-0.04	non-DMR
chr1	656308	657474	27	0.72	0.763	-0.042	non-DMR
chr1	657590	658640	23	0.705	0.742	-0.037	non-DMR
chr1	658690	659711	22	0.186	0.151	0.035	non-DMR
chr1	659800	660619	19	0.373	0.742	-0.369	good-DMR
chr1	661121	661852	17	0.158	0.114	0.044	non-DMR
chr1	661923	662930	25	0.526	0.568	-0.041	non-DMR
chr1	663015	663900	22	0.626	0.658	-0.033	non-DMR
chr1	663913	665027	26	0.483	0.11	0.373	good-DMR
chr1	665426	666320	21	0.596	0.563	0.034	non-DMR
chr1	666418	667344	19	0.628	0.664	-0.036	non-DMR
chr1	667382	668423	24	0.357	0.717	-0.36	notable-DMR
chr1	668478	669409	23	0.83	0.87	-0.04	non-DMR
chr1	669470	670345	22	0.132	0.086	0.045	non-DMR
chr1	670482	671063	16	0.781	0.831	-0.049	non-DMR
chr1	671168	672217	28	0.518	0.836	-0.318	good-DMR
chr1	672670	673626	20	0.723	0.767	-0.044	non-DMR
chr1	673672	674803	32	0.796	0.834	-0.039	non-DMR
chr1	674896	675819	23	0.214	0.179	0.034	non-DMR
chr1	675923	676756	20	0.769	0.808	-0.039	non-DMR
chr1	676810	677903	28	0.755	0.792	-0.037	non-DMR
chr1	677966	678764	17	0.706	0.75	-0.044	non-DMR
chr1	678864	679937	25	0.766	0.876	-0.111	sub-DMR
chr1	680344	681285	23	0.8	0.831	-0.031	non-DMR
chr1	681390	682430	23	0.785	0.825	-0.04	non-DMR
chr1	682543	683612	25	0.631	0.583	0.047	non-DMR
chr1	684901	685850	24	0.259	0.218	0.042	non-DMR
chr1	685960	687056	26	0.6	0.638	-0.038	non-DMR
chr1	687155	688010	20	0.732	0.777	-0.045	non-DMR
chr1	688093	689024	24	0.706	0.814	-0.108	sub-DMR
chr1	689371	690318	23	0.756	0.802	-0.047	non-DMR
chr1	690416	691444	26	0.553	0.647	-0.094	inconsistent-DMR
chr1	691569	692727	27	0.397	0.736	-0.339	good-DMR
chr1	693229	694189	21	0.655	0.7	-0.045	non-DMR
chr1	694315	695168	24	0.425	0.113	0.312	notable-DMR
chr1	695269	696270	22	0.692	0.738	-0.046	non-DMR
chr1	696373	697196	20	0.568	0.878	-0.31	good-DMR
chr1	697709	698613	20	0.19	0.147	0.043	non-DMR
chr1	698669	699511	19	0.202	0.087	0.115	sub-DMR
chr1	700039	700941	21	0.19	0.156	0.034	non-DMR
chr1	701027	702032	23	0.858	0.904	-0.046	non-DMR
chr1	702091	702963	21	0.562	0.121	0.441	good-DMR
chr1	703445	704458	24	0.683	0.788	-0.106	sub-DMR
chr1	704795	705672	20	0.471	0.828	-0.357	good-DMR
chr1	706177	707095	26	0.762	0.798	-0.035	non-DMR
chr1	707141	708157	22	0.763	0.872	-0.109	sub-DMR
chr1	708645	709624	26	0.791	0.829	-0.038	non-DMR
chr1	709703	710682	27	0.431	0.761	-0.33	notable-DMR
chr1	710806	711806	24	0.615	0.659	-0.044	non-DMR
chr1	711914	712973	26	0.549	0.872	-0.323	good-DMR
chr1	713471	714708	28	0.63	0.731	-0.101	sub-DMR
chr1	715178	716113	20	0.723	0.761	-0.038	non-DMR
chr1	716193	717335	25	0.351	0.734	-0.383	good-DMR
chr1	717847	718814	22	0.716	0.764	-0.047	non-DMR
chr1	718880	719856	24	0.352	0.709	-0.358	good-DMR
chr1	720389	721203	20	0.677	0.726	-0.049	non-DMR
chr1	721285	721959	17	0.568	0.529	0.039	non-DMR
chr1	722042	723008	22	0.772	0.81	-0.038	non-DMR
chr1	723099	724114	24	0.818	0.851	-0.033	non-DMR
chr1	724222	725177	25	0.867	0.908	-0.041	non-DMR
chr1	725278	726072	18	0.714	0.757	-0.043	non-DMR
chr1	726143	727152	24	0.694	0.731	-0.038	non-DMR
chr1	727235	728131	21	0.481	0.772	-0.291	good-DMR
chr1	728663	729538	23	0.201	0.159	0.042	non-DMR
chr1	729628	730632	26	0.746	0.791	-0.046	non-DMR
chr1	730741	731749	24	0.729	0.765	-0.036	non-DMR
chr1	731895	732797	24	0.795	0.831	-0.037	non-DMR
chr1	732856	733804	24	0.259	0.618	-0.358	notable-DMR
chr1	733892	734877	24	0.197	0.159	0.038	non-DMR
chr1	734983	736123	26	0.117	0.076	0.041	non-DMR
chr1	736178	737148	22	0.764	0.799	-0.035	non-DMR
chr1	737213	738231	26	0.163	0.117	0.046	non-DMR
chr1	738351	739252	24	0.852	0.896	-0.044	non-DMR
chr1	739346	740449	26	0.687	0.728	-0.041	non-DMR
chr1	740506	741330	19	0.525	0.857	-0.331	good-DMR
chr1	741815	742866	25	0.602	0.153	0.449	good-DMR
chr1	743291	744194	19	0.816	0.847	-0.031	non-DMR
chr1	744292	745197	21	0.19	0.079	0.111	sub-DMR
chr1	745705	746666	25	0.785	0.822	-0.037	non-DMR
chr1	746728	747684	22	0.728	0.768	-0.041	non-DMR
chr1	747733	748681	23	0.714	0.75	-0.036	non-DMR
chr1	748742	749690	20	0.172	0.129	0.043	non-DMR
chr1	749736	750945	26	0.531	0.531	-0.001	inconsistent-DMR
chr1	751037	752100	29	0.512	0.846	-0.334	good-DMR
chr1	752593	753569	25	0.57	0.813	-0.243	good-DMR
chr1	754030	754864	21	0.122	0.089	0.033	non-DMR
chr1	754873	755845	22	0.423	0.776	-0.352	good-DMR
chr1	756278	757140	24	0.685	0.73	-0.045	non-DMR
chr1	757212	758111	23	0.821	0.865	-0.044	non-DMR
chr1	758214	759134	26	0.66	0.696	-0.036	non-DMR
chr1	759251	760183	18	0.778	0.822	-0.044	non-DMR
chr1	760267	761046	20	0.634	0.271	0.362	good-DMR
chr1	762669	763711	27	0.893	0.93	-0.038	non-DMR
chr1	763810	764639	21	0.454	0.829	-0.375	notable-DMR
chr1	764742	765659	24	0.773	0.811	-0.037	non-DMR
chr1	765741	766858	27	0.294	0.685	-0.391	good-DMR
chr1	767369	768371	23	0.762	0.813	-0.05	non-DMR
chr1	768477	769207	16	0.259	0.665	-0.406	good-DMR
chr1	769679	770799	29	0.278	0.642	-0.364	good-DMR
chr1	772376	773338	24	0.612	0.652	-0.04	non-DMR
chr1	773408	774398	24	0.517	0.181	0.336	good-DMR
chr1	774891	775884	25	0.715	0.751	-0.037	non-DMR
chr1	775902	776639	18	0.809	0.85	-0.042	non-DMR
chr1	776696	777595	21	0.843	0.888	-0.045	non-DMR
chr1	777704	778609	23	0.642	0.676	-0.033	non-DMR
chr1	778705	779689	23	0.385	0.772	-0.387	good-DMR
chr1	780171	781259	26	0.154	0.112	0.042	non-DMR
chr1	781377	782350	25	0.702	0.747	-0.046	non-DMR
chr1	782430	783279	20	0.701	0.748	-0.048	non-DMR
chr1	783384	784299	20	0.839	0.582	0.258	good-DMR
chr1	784814	785679	20	0.759	0.802	-0.043	non-DMR
chr1	785804	786816	25	0.818	0.857	-0.038	non-DMR
chr1	786955	787838	20	0.136	0.09	0.046	non-DMR
chr1	787959	788938	21	0.678	0.717	-0.039	non-DMR
chr1	789053	789848	19	0.907	0.949	-0.042	non-DMR
chr1	789916	790837	22	0.769	0.813	-0.044	non-DMR
chr1	790907	791724	19	0.827	0.87	-0.043	non-DMR
chr1	791774	792664	22	0.492	0.117	0.376	good-DMR
chr1	793185	794114	24	0.84	0.882	-0.043	non-DMR
chr1	795158	796127	23	0.703	0.748	-0.045	non-DMR
chr1	796232	797201	23	0.439	0.74	-0.301	good-DMR
chr1	797627	798699	27	0.58	0.612	-0.032	non-DMR
chr1	798789	799867	23	0.104	0.063	0.04	non-DMR
chr1	799936	800681	19	0.193	0.159	0.034	non-DMR
chr1	800791	801737	25	0.823	0.866	-0.043	non-DMR
chr1	801764	802761	26	0.639	0.675	-0.036	non-DMR
chr1	802850	803718	19	0.661	0.705	-0.044	non-DMR
chr1	803818	804845	28	0.434	0.478	-0.043	non-DMR
chr1	804915	805906	23	0.293	0.702	-0.409	good-DMR
chr1	806386	807280	18	0.852	0.884	-0.032	non-DMR
chr1	807341	808248	21	0.393	0.723	-0.331	good-DMR
chr1	808750	809673	25	0.344	0.617	-0.273	good-DMR
chr1	810174	811043	21	0.249	0.138	0.111	sub-DMR
chr1	811523	812395	22	0.495	0.838	-0.343	good-DMR
chr1	812848	813771	25	0.165	0.119	0.046	non-DMR
chr1	813860	814772	22	0.727	0.761	-0.034	non-DMR
chr1	814786	815753	23	0.293	0.722	-0.429	good-DMR
chr1	816251	817183	21	0.626	0.664	-0.037	non-DMR
chr1	817264	818253	22	0.832	0.867	-0.036	non-DMR
chr1	818376	819388	23	0.75	0.8	-0.051	non-DMR
chr1	819454	820227	20	0.662	0.713	-0.051	non-DMR
chr1	820340	821297	25	0.145	0.106	0.039	non-DMR
chr1	821384	822104	19	0.697	0.593	0.104	sub-DMR
chr1	822594	823551	24	0.421	0.725	-0.304	good-DMR
chr1	824082	825092	23	0.103	0.075	0.028	non-DMR
chr1	825107	826076	24	0.319	0.051	0.267	good-DMR
chr1	826348	827342	23	0.254	0.716	-0.461	good-DMR
chr1	827714	828630	21	0.763	0.797	-0.034	non-DMR
chr1	828700	829566	21	0.184	0.074	0.11	sub-DMR
chr1	830076	831095	26	0.743	0.782	-0.038	non-DMR
chr1	831216	831887	18	0.246	0.208	0.038	non-DMR
chr1	831963	832760	19	0.698	0.745	-0.047	non-DMR
chr1	832877	833622	18	0.554	0.514	0.04	non-DMR
chr1	833665	834624	22	0.197	0.151	0.045	non-DMR
chr1	834697	835718	23	0.756	0.799	-0.044	non-DMR
chr1	835797	836795	23	0.485	0.103	0.383	good-DMR
chr1	837296	838246	20	0.636	0.676	-0.04	non-DMR
chr1	838357	839377	25	0.164	0.118	0.046	non-DMR
chr1	840284	841374	25	0.523	0.881	-0.357	good-DMR
chr1	841756	842697	21	0.831	0.875	-0.044	non-DMR
chr1	842755	843800	26	0.457	0.124	0.333	good-DMR
chr1	844212	845182	22	0.782	0.82	-0.038	non-DMR
chr1	845235	846060	19	0.731	0.768	-0.037	non-DMR
chr1	846091	847084	23	0.209	0.104	0.105	sub-DMR
chr1	847591	848680	24	0.615	0.652	-0.037	non-DMR
chr1	848808	849792	21	0.572	0.523	0.048	non-DMR
chr1	849896	850768	23	0.875	0.912	-0.037	non-DMR
chr1	850911	851759	22	0.675	0.716	-0.041	non-DMR
chr1	851851	852813	21	0.518	0.872	-0.354	good-DMR
chr1	853330	854171	20	0.744	0.785	-0.041	non-DMR
chr1	854302	855237	20	0.458	0.797	-0.339	notable-DMR
chr1	855303	856380	28	0.715	0.76	-0.045	non-DMR
chr1	856409	857277	19	0.644	0.281	0.362	good-DMR
chr1	857778	858716	24	0.787	0.822	-0.034	non-DMR
chr1	858847	859958	27	0.168	0.123	0.045	non-DMR
chr1	859990	860821	19	0.699	0.745	-0.046	non-DMR
chr1	860867	861830	28	0.703	0.805	-0.102	sub-DMR
chr1	862300	863284	24	0.278	0.165	0.113	sub-DMR
chr1	863770	864584	20	0.683	0.326	0.357	good-DMR
chr1	865059	865830	18	0.823	0.864	-0.041	non-DMR
chr1	865936	867022	25	0.672	0.71	-0.038	non-DMR
chr1	867136	868070	21	0.179	0.142	0.037	non-DMR
chr1	868142	869158	23	0.184	0.608	-0.424	good-DMR
chr1	869599	870464	20	0.694	0.732	-0.038	non-DMR
chr1	870583	871601	23	0.24	0.547	-0.307	notable-DMR
chr1	871675	872597	24	0.804	0.849	-0.044	non-DMR
chr1	872675	873877	28	0.841	0.876	-0.035	non-DMR
chr1	873944	874892	23	0.761	0.808	-0.047	non-DMR
chr1	874939	876042	25	0.581	0.9	-0.319	good-DMR
chr1	876527	877691	26	0.801	0.844	-0.044	non-DMR
chr1	877726	878681	21	0.394	0.734	-0.339	good-DMR
chr1	879197	880074	19	0.706	0.747	-0.041	non-DMR
chr1	880199	881149	21	0.674	0.717	-0.043	inconsistent-DMR
chr1	881306	882285	22	0.486	0.525	-0.039	non-DMR
chr1	882335	883153	21	0.29	0.702	-0.412	good-DMR
chr1	883562	884473	23	0.829	0.866	-0.037	non-DMR
chr1	884596	885577	25	0.634	0.676	-0.042	non-DMR
chr1	885604	886544	23	0.562	0.605	-0.043	non-DMR
chr1	886654	887578	21	0.725	0.775	-0.05	non-DMR
chr1	887690	888702	22	0.714	0.758	-0.044	non-DMR
chr1	888772	889652	22	0.815	0.853	-0.038	non-DMR
chr1	889728	890674	24	0.805	0.839	-0.034	non-DMR
chr1	890769	891640	21	0.663	0.703	-0.04	non-DMR
chr1	891742	892865	27	0.815	0.851	-0.036	non-DMR
chr1	892920	893815	22	0.659	0.7	-0.042	non-DMR
chr1	893885	894842	23	0.487	0.885	-0.397	good-DMR
chr1	895350	896247	24	0.837	0.88	-0.043	non-DMR
chr1	896289	897412	27	0.739	0.774	-0.035	non-DMR
chr1	897431	898338	21	0.739	0.786	-0.047	non-DMR
chr1	898440	899319	20	0.929	0.963	-0.035	non-DMR
chr1	899418	900507	28	0.525	0.846	-0.321	good-DMR
chr1	900940	901927	24	0.788	0.826	-0.037	non-DMR
chr1	901970	902773	19	0.427	0.034	0.393	good-DMR
chr1	903252	904253	23	0.736	0.773	-0.037	non-DMR
chr1	904332	905214	21	0.66	0.773	-0.114	sub-DMR
chr1	905663	906783	27	0.775	0.818	-0.043	non-DMR
chr1	906931	907945	23	0.824	0.862	-0.038	non-DMR
chr1	908048	909156	28	0.816	0.856	-0.04	non-DMR
chr1	909234	910116	24	0.135	0.088	0.046	non-DMR
chr1	910221	911163	22	0.82	0.859	-0.039	non-DMR
chr1	911282	912220	22	0.86	0.899	-0.04	non-DMR
chr1	912274	913172	22	0.645	0.679	-0.034	non-DMR
chr1	913263	914113	20	0.259	0.226	0.033	non-DMR
chr1	914229	915392	24	0.847	0.887	-0.039	non-DMR
chr1	915532	916644	24	0.884	0.918	-0.035	non-DMR
chr1	916690	917692	22	0.677	0.784	-0.108	sub-DMR
chr1	918214	918971	16	0.842	0.878	-0.036	non-DMR
chr1	919067	919871	19	0.14	0.103	0.037	non-DMR
chr1	919972	920794	19	0.127	0.089	0.038	non-DMR
chr1	920888	921989	24	0.519	0.127	0.391	good-DMR
chr1	922484	923300	24	0.635	0.668	-0.033	non-DMR
chr1	923335	924353	22	0.738	0.777	-0.039	non-DMR
chr1	924477	925386	22	0.741	0.777	-0.036	non-DMR
chr1	925508	926495	23	0.193	0.151	0.042	non-DMR
chr1	926563	927418	17	0.674	0.714	-0.04	non-DMR
chr1	927483	928374	21	0.719	0.752	-0.033	non-DMR
chr1	928440	929453	27	0.529	0.116	0.413	good-DMR
chr1	929945	930997	29	0.483	0.516	-0.033	non-DMR
chr1	931081	932166	27	0.701	0.746	-0.045	non-DMR
chr1	932256	933065	22	0.862	0.897	-0.035	non-DMR
chr1	933161	934062	23	0.723	0.767	-0.044	non-DMR
chr1	934185	935212	23	0.824	0.866	-0.042	non-DMR
chr1	935258	936206	23	0.402	0.067	0.334	good-DMR
chr1	936706	937704	22	0.527	0.88	-0.353	good-DMR
chr1	938138	939038	20	0.774	0.821	-0.046	non-DMR
chr1	939159	940100	21	0.72	0.755	-0.035	non-DMR
chr1	940223	941076	20	0.22	0.174	0.046	non-DMR
chr1	941159	942130	25	0.264	0.268	-0.004	inconsistent-DMR
chr1	942201	943205	23	0.361	0.715	-0.354	good-DMR
chr1	943717	944497	18	0.659	0.705	-0.045	non-DMR
chr1	944584	945610	25	0.342	0.326	0.016	inconsistent-DMR
chr1	946806	947910	26	0.8	0.835	-0.035	non-DMR
chr1	948017	948944	22	0.747	0.788	-0.042	non-DMR
chr1	949029	950086	25	0.239	0.202	0.037	non-DMR
chr1	950140	951060	25	0.686	0.728	-0.043	non-DMR
chr1	951160	951993	21	0.69	0.804	-0.114	sub-DMR
chr1	952499	953497	24	0.43	0.778	-0.348	good-DMR
chr1	953929	954813	21	0.432	0.754	-0.321	good-DMR
chr1	955242	956198	25	0.13	0.087	0.043	non-DMR
chr1	956287	957090	21	0.667	0.713	-0.045	non-DMR
chr1	957160	958130	24	0.52	0.77	-0.25	good-DMR
chr1	958652	959562	21	0.152	0.104	0.048	non-DMR
chr1	959649	960595	24	0.536	0.642	-0.106	sub-DMR
chr1	961100	962148	23	0.486	0.135	0.351	good-DMR
chr1	962663	963661	23	0.753	0.799	-0.046	non-DMR
chr1	963780	964722	23	0.803	0.844	-0.042	non-DMR
chr1	964782	965948	28	0.72	0.762	-0.043	non-DMR
chr1	966051	966996	24	0.339	0.697	-0.358	good-DMR
chr1	967510	968569	26	0.835	0.876	-0.041	non-DMR
chr1	968635	969713	25	0.413	0.744	-0.331	good-DMR
chr1	970173	971092	20	0.418	0.814	-0.396	good-DMR
chr1	971548	972635	27	0.48	0.839	-0.359	good-DMR
chr1	973159	974205	25	0.112	0.067	0.044	non-DMR
chr1	974290	975335	25	0.098	0.06	0.038	non-DMR
chr1	975413	976468	25	0.693	0.74	-0.047	inconsistent-DMR
chr1	976566	977521	21	0.827	0.871	-0.044	non-DMR
chr1	977616	978770	25	0.61	0.652	-0.043	non-DMR
chr1	978895	979818	21	0.652	0.689	-0.037	non-DMR
chr1	979924	980961	25	0.365	0.7	-0.335	good-DMR
chr1	981411	982280	21	0.408	0.443	-0.035	non-DMR
chr1	982382	983352	24	0.65	0.689	-0.038	non-DMR
chr1	984321	985158	18	0.131	0.089	0.042	non-DMR
chr1	985298	986106	19	0.507	0.547	-0.04	non-DMR
chr1	986201	987117	20	0.599	0.701	-0.102	sub-DMR
chr1	987559	988541	23	0.852	0.897	-0.045	non-DMR
chr1	988609	989659	25	0.677	0.727	-0.05	non-DMR
chr1	989682	990634	23	0.407	0.713	-0.306	good-DMR
chr1	991147	992045	21	0.577	0.627	-0.05	non-DMR
chr1	992151	993060	27	0.884	0.929	-0.045	non-DMR
chr1	993197	994171	26	0.565	0.61	-0.045	non-DMR
chr1	994233	995168	22	0.51	0.195	0.315	good-DMR
chr1	995662	996409	18	0.6	0.641	-0.041	non-DMR
chr1	996536	997536	26	0.646	0.689	-0.042	non-DMR
chr1	997611	998593	22	0.702	0.739	-0.037	non-DMR
chr1	998722	999650	22	0.787	0.836	-0.049	non-DMR
chr1	999733	1000506	17	0.771	0.809	-0.039	non-DMR
chr1	1000616	1001647	21	0.795	0.837	-0.042	non-DMR
chr1	1001735	1002698	23	0.482	0.15	0.332	good-DMR
chr1	1003228	1004243	25	0.862	0.893	-0.031	non-DMR
chr1	1004355	1005430	27	0.795	0.824	-0.029	non-DMR
chr1	1005509	1006494	26	0.599	0.64	-0.041	non-DMR
chr1	1006584	1007277	20	0.213	0.652	-0.439	good-DMR
chr1	1007747	1008633	22	0.309	0.026	0.283	good-DMR
chr1	1009117	1009983	20	0.693	0.726	-0.033	non-DMR
chr1	1010090	1011011	22	0.264	0.224	0.041	non-DMR
chr1	1011117	1011872	19	0.34	0.646	-0.306	good-DMR
chr1	1012383	1013316	24	0.755	0.803	-0.047	non-DMR
chr1	1013409	1014400	27	0.61	0.653	-0.043	non-DMR
chr1	1014487	1015407	23	0.599	0.633	-0.033	non-DMR
chr1	1015525	1016493	21	0.754	0.797	-0.043	non-DMR
chr1	1016583	1017335	17	0.754	0.798	-0.045	non-DMR
chr1	1017432	1018379	24	0.462	0.084	0.378	good-DMR
chr1	1018832	1019948	27	0.665	0.707	-0.042	non-DMR
chr1	1019986	1020974	23	0.62	0.664	-0.044	non-DMR
chr1	1021090	1022036	21	0.634	0.673	-0.039	non-DMR
chr1	1022106	1023021	22	0.895	0.931	-0.036	non-DMR
chr1	1023085	1024068	23	0.333	0.297	0.035	non-DMR
chr1	1024162	1025140	25	0.827	0.862	-0.036	non-DMR
chr1	1025252	1026172	23	0.814	0.86	-0.046	non-DMR
chr1	1026246	1027484	30	0.658	0.696	-0.037	non-DMR
chr1	1027523	1028563	25	0.196	0.159	0.038	non-DMR
chr1	1028636	1029601	22	0.659	0.768	-0.109	sub-DMR
chr1	1030050	1031047	25	0.416	0.118	0.298	good-DMR
chr1	1031572	1032490	20	0.659	0.699	-0.04	non-DMR
chr1	1032584	1033615	23	0.472	0.772	-0.301	notable-DMR
chr1	1033690	1034733	24	0.302	0.261	0.041	non-DMR
chr1	1034798	1035820	25	0.721	0.757	-0.036	non-DMR
chr1	1035916	1036838	23	0.208	0.096	0.113	sub-DMR
chr1	1037308	1038339	25	0.218	0.114	0.104	sub-DMR
chr1	1038818	1039790	23	0.469	0.816	-0.347	good-DMR
chr1	1040328	1041293	23	0.78	0.82	-0.04	non-DMR
chr1	1041370	1042083	19	0.142	0.104	0.038	non-DMR
chr1	1042202	1043238	24	0.192	0.148	0.044	non-DMR
chr1	1043354	1044388	22	0.811	0.844	-0.033	non-DMR
chr1	1044502	1045327	19	0.828	0.861	-0.033	non-DMR
chr1	1045403	1046285	24	0.45	0.855	-0.405	good-DMR
chr1	1046777	1047702	24	0.669	0.714	-0.046	non-DMR
chr1	1047763	1048714	21	0.371	0.769	-0.398	good-DMR
chr1	1049188	1050098	23	0.546	0.652	-0.106	sub-DMR
chr1	1050592	1051455	21	0.404	0.76	-0.356	good-DMR
chr1	1051868	1052846	26	0.436	0.071	0.365	good-DMR
chr1	1053384	1054487	24	0.631	0.669	-0.038	non-DMR
chr1	1054586	1055531	24	0.308	0.663	-0.355	good-DMR
chr1	1055959	1056952	25	0.191	0.084	0.106	sub-DMR
chr1	1057449	1058377	22	0.507	0.846	-0.339	good-DMR
chr1	1058872	1059918	27	0.56	0.207	0.352	good-DMR
chr1	1060345	1061160	21	0.315	0.736	-0.421	good-DMR
chr1	1061586	1062614	23	0.104	0.066	0.038	non-DMR
chr1	1062705	1063574	20	0.1	0.055	0.045	non-DMR
chr1	1063712	1064705	22	0.647	0.69	-0.043	non-DMR
chr1	1064833	1065907	23	0.167	0.122	0.046	non-DMR
chr1	1066000	1066974	22	0.684	0.737	-0.053	non-DMR
chr1	1067003	1067799	21	0.737	0.782	-0.045	non-DMR
chr1	1067886	1068665	16	0.513	0.888	-0.375	good-DMR
chr1	1069177	1070131	24	0.686	0.729	-0.043	non-DMR
chr1	1070249	1071091	20	0.8	0.837	-0.037	non-DMR
chr1	1071196	1072110	22	0.62	0.662	-0.041	non-DMR
chr1	1072125	1073233	28	0.636	0.949	-0.313	good-DMR
chr1	1073725	1074681	22	0.342	0.816	-0.474	good-DMR
chr1	1075125	1076150	24	0.677	0.724	-0.047	non-DMR
chr1	1076256	1077280	27	0.38	0.724	-0.344	good-DMR
chr1	1077765	1078859	25	0.71	0.753	-0.043	non-DMR
chr1	1078902	1080003	23	0.498	0.798	-0.299	good-DMR
chr1	1080476	1081563	28	0.797	0.829	-0.032	non-DMR
chr1	1081686	1082682	28	0.639	0.648	-0.009	inconsistent-DMR
chr1	1082748	1083742	24	0.587	0.836	-0.249	good-DMR
chr1	1084219	1085148	21	0.447	0.798	-0.351	good-DMR
chr1	1085604	1086521	22	0.362	0.737	-0.375	good-DMR
chr1	1086974	1087983	23	0.704	0.748	-0.044	non-DMR
chr1	1088062	1089045	23	0.774	0.814	-0.04	non-DMR
chr1	1089175	1090166	22	0.743	0.781	-0.038	non-DMR
chr1	1090240	1091246	25	0.593	0.642	-0.049	non-DMR
chr1	1091283	1092213	24	0.536	0.869	-0.333	good-DMR
chr1	1092694	1093540	22	0.55	0.888	-0.338	good-DMR
chr1	1094018	1094862	20	0.631	0.668	-0.036	non-DMR
chr1	1094942	1095832	21	0.844	0.888	-0.044	non-DMR
chr1	1095974	1096944	24	0.737	0.778	-0.042	non-DMR
chr1	1097040	1097970	24	0.171	0.125	0.045	non-DMR
chr1	1098082	1099117	22	0.687	0.727	-0.04	inconsistent-DMR
chr1	1099238	1100388	25	0.741	0.778	-0.037	non-DMR
chr1	1100492	1101468	24	0.393	0.432	-0.039	inconsistent-DMR
chr1	1101631	1102586	24	0.174	0.131	0.042	non-DMR
chr1	1102600	1103308	19	0.376	0.045	0.331	good-DMR
chr1	1103733	1104709	22	0.224	0.183	0.041	non-DMR
chr1	1104815	1105709	23	0.742	0.782	-0.04	non-DMR
chr1	1105782	1106779	22	0.734	0.844	-0.111	sub-DMR
chr1	1107251	1108234	22	0.637	0.672	-0.035	non-DMR
chr1	1108321	1109372	28	0.113	0.078	0.035	non-DMR
chr1	1109408	1110306	21	0.69	0.669	0.02	inconsistent-DMR
chr1	1110462	1111366	18	0.268	0.242	0.026	non-DMR
chr1	1111482	1112337	20	0.888	0.927	-0.039	non-DMR
chr1	1112423	1113349	20	0.494	0.821	-0.327	good-DMR
chr1	1113775	1114616	21	0.162	0.131	0.032	non-DMR
chr1	1114734	1115595	21	0.875	0.911	-0.036	non-DMR
chr1	1115621	1116644	25	0.322	0.217	0.105	sub-DMR
chr1	1117194	1118215	23	0.111	0.077	0.034	non-DMR
chr1	1118261	1119414	26	0.586	0.89	-0.304	good-DMR
chr1	1119897	1120827	21	0.35	0.054	0.296	good-DMR
chr1	1121339	1122218	21	0.168	0.124	0.044	non-DMR
chr1	1122354	1123257	21	0.679	0.714	-0.035	non-DMR
chr1	1123368	1124362	21	0.607	0.561	0.046	non-DMR
chr1	1124463	1125430	21	0.713	0.758	-0.045	non-DMR
chr1	1125488	1126319	19	0.78	0.82	-0.04	non-DMR
chr1	1126393	1127428	28	0.705	0.74	-0.035	non-DMR
chr1	1127475	1128438	23	0.731	0.773	-0.042	non-DMR
chr1	1128480	1129556	23	0.784	0.825	-0.041	non-DMR
chr1	1129656	1130603	21	0.733	0.768	-0.035	non-DMR
chr1	1130701	1131494	19	0.687	0.724	-0.037	non-DMR
chr1	1131602	1132576	23	0.427	0.095	0.331	good-DMR
chr1	1133099	1134183	27	0.115	0.078	0.037	non-DMR
chr1	1134312	1135258	23	0.601	0.581	0.02	inconsistent-DMR
chr1	1135396	1136312	21	0.822	0.856	-0.033	non-DMR
chr1	1136417	1137408	22	0.535	0.807	-0.272	good-DMR
chr1	1137817	1138763	23	0.755	0.801	-0.046	non-DMR
chr1	1138877	1139896	26	0.143	0.105	0.038	non-DMR
chr1	1139980	1140936	23	0.678	0.719	-0.041	non-DMR
chr1	1141028	1141953	21	0.414	0.758	-0.344	good-DMR
chr1	1142327	1143440	27	0.423	0.088	0.335	good-DMR
chr1	1143941	1144836	23	0.434	0.077	0.357	good-DMR
chr1	1145266	1146032	21	0.41	0.37	0.04	non-DMR
chr1	1146063	1146964	22	0.791	0.834	-0.043	non-DMR
chr1	1147057	1148109	24	0.68	0.72	-0.041	non-DMR
chr1	1148202	1149181	22	0.74	0.852	-0.111	sub-DMR
chr1	1149701	1150785	26	0.688	0.739	-0.051	non-DMR
chr1	1150857	1151818	22	0.354	0.663	-0.31	good-DMR
chr1	1152345	1153224	22	0.66	0.698	-0.038	non-DMR
chr1	1153275	1154123	21	0.204	0.091	0.113	sub-DMR
chr1	1154609	1155484	21	0.426	0.124	0.301	good-DMR
chr1	1155875	1156833	21	0.217	0.114	0.103	sub-DMR
chr1	1157325	1158328	24	0.605	0.651	-0.047	non-DMR
chr1	1158352	1159300	22	0.41	0.83	-0.42	good-DMR
chr1	1159810	1160650	20	0.812	0.853	-0.041	non-DMR
chr1	1160693	1161544	19	0.556	0.588	-0.032	non-DMR
chr1	1161603	1162471	21	0.565	0.602	-0.037	non-DMR
chr1	1162523	1163316	19	0.149	0.11	0.039	non-DMR
chr1	1163416	1164232	20	0.14	0.103	0.037	non-DMR
chr1	1164294	1165358	23	0.383	0.742	-0.359	good-DMR
chr1	1165876	1166864	25	0.869	0.907	-0.038	non-DMR
chr1	1166949	1167746	19	0.73	0.763	-0.033	non-DMR
chr1	1167885	1168862	22	0.725	0.756	-0.031	non-DMR
chr1	1168964	1169930	23	0.226	0.191	0.035	non-DMR
chr1	1170067	1171015	23	0.862	0.903	-0.041	non-DMR
chr1	1171130	1172195	22	0.221	0.172	0.049	non-DMR
chr1	1172264	1173243	25	0.189	0.149	0.04	non-DMR
chr1	1173369	1174095	18	0.784	0.83	-0.047	non-DMR
chr1	1174205	1175251	26	0.733	0.777	-0.044	non-DMR
chr1	1175349	1176284	23	0.528	0.823	-0.295	good-DMR
chr1	1176794	1177654	22	0.886	0.925	-0.038	non-DMR
chr1	1177754	1178578	20	0.688	0.797	-0.109	sub-DMR
chr1	1179093	1179974	24	0.555	0.528	0.027	non-DMR
chr1	1180086	1181127	23	0.136	0.074	0.061	non-DMR
chr1	1181206	1182133	22	0.338	0.68	-0.342	good-DMR
chr1	1182654	1183765	24	0.628	0.668	-0.041	non-DMR
chr1	1183815	1184582	20	0.404	0.793	-0.389	good-DMR
chr1	1185060	1185845	19	0.175	0.125	0.05	non-DMR
chr1	1185942	1186980	24	0.449	0.845	-0.396	good-DMR
chr1	1187458	1188388	23	0.778	0.89	-0.112	sub-DMR
chr1	1188841	1189877	23	0.686	0.733	-0.047	non-DMR
chr1	1189986	1191035	23	0.385	0.734	-0.349	good-DMR
chr1	1191529	1192348	20	0.212	0.169	0.043	non-DMR
chr1	1192452	1193564	26	0.777	0.82	-0.043	non-DMR
chr1	1193611	1194645	24	0.509	0.872	-0.363	good-DMR
chr1	1195182	1196266	27	0.097	0.059	0.038	non-DMR
chr1	1196349	1197476	27	0.471	0.128	0.343	good-DMR
chr1	1197889	1198902	23	0.155	0.118	0.037	non-DMR
chr1	1199014	1200254	28	0.25	0.211	0.039	non-DMR
chr1	1200321	1201294	22	0.106	0.062	0.043	non-DMR
chr1	1201396	1202307	20	0.524	0.836	-0.312	good-DMR
chr1	1202746	1203724	25	0.752	0.788	-0.036	non-DMR
chr1	1203803	1204715	24	0.851	0.886	-0.035	non-DMR
chr1	1204811	1205786	22	0.763	0.803	-0.04	non-DMR
chr1	1205886	1206836	24	0.797	0.847	-0.05	non-DMR
chr1	1206965	1207837	21	0.622	0.666	-0.044	non-DMR
chr1	1207896	1208869	22	0.245	0.602	-0.357	good-DMR
chr1	1209305	1210091	21	0.695	0.734	-0.04	non-DMR
chr1	1210211	1211393	29	0.889	0.925	-0.036	non-DMR
chr1	1211471	1212527	25	0.806	0.847	-0.041	non-DMR
chr1	1212576	1213571	24	0.428	0.776	-0.348	good-DMR
chr1	1214090	1215062	25	0.708	0.754	-0.047	non-DMR
chr1	1215165	1216064	21	0.781	0.833	-0.051	non-DMR
chr1	1216105	1217072	22	0.748	0.79	-0.041	non-DMR
chr1	1217161	1217884	17	0.752	0.791	-0.039	non-DMR
chr1	1218017	1218917	22	0.629	0.67	-0.04	non-DMR
chr1	1219034	1220104	25	0.685	0.722	-0.037	non-DMR
chr1	1220168	1221083	23	0.664	0.705	-0.041	non-DMR
chr1	1221135	1222176	23	0.646	0.691	-0.045	non-DMR
chr1	1222201	1223210	20	0.422	0.838	-0.416	good-DMR
chr1	1223547	1224761	32	0.358	0.692	-0.334	good-DMR
chr1	1225283	1226367	25	0.797	0.839	-0.042	non-DMR
chr1	1226408	1227409	24	0.265	0.7	-0.435	good-DMR
chr1	1227914	1228941	25	0.607	0.886	-0.279	good-DMR
chr1	1230288	1231236	20	0.273	0.721	-0.448	good-DMR
chr1	1231614	1232578	20	0.236	0.196	0.04	non-DMR
chr1	1232617	1233572	24	0.551	0.128	0.423	good-DMR
chr1	1234083	1235071	23	0.799	0.836	-0.037	non-DMR
chr1	1235170	1236135	22	0.71	0.746	-0.036	non-DMR
chr1	1236197	1237266	23	0.498	0.778	-0.28	good-DMR
chr1	1237795	1238721	22	0.798	0.842	-0.044	non-DMR
chr1	1238797	1239764	24	0.741	0.777	-0.036	non-DMR
chr1	1239838	1240961	25	0.839	0.88	-0.041	non-DMR
chr1	1241056	1242255	27	0.826	0.869	-0.044	non-DMR
chr1	1242334	1243462	23	0.111	0.074	0.037	non-DMR
chr1	1243524	1244455	21	0.759	0.805	-0.046	non-DMR
chr1	1244542	1245594	23	0.557	0.916	-0.359	good-DMR
chr1	1246076	1246945	20	0.179	0.135	0.044	non-DMR
chr1	1247003	1247867	22	0.205	0.162	0.043	non-DMR
chr1	1247923	1248874	24	0.766	0.802	-0.035	non-DMR
chr1	1248964	1249950	24	0.686	0.721	-0.035	non-DMR
chr1	1250025	1250985	25	0.55	0.813	-0.263	good-DMR
chr1	1251489	1252640	28	0.514	0.139	0.375	good-DMR
chr1	1253163	1254019	23	0.548	0.595	-0.047	non-DMR
chr1	1254068	1254896	21	0.819	0.863	-0.044	non-DMR
chr1	1254912	1255743	20	0.464	0.789	-0.325	good-DMR
chr1	1256071	1257096	25	0.776	0.817	-0.041	non-DMR
chr1	1257200	1258420	30	0.475	0.135	0.339	good-DMR
chr1	1258936	1259849	24	0.745	0.788	-0.043	non-DMR
chr1	1259888	1260859	23	0.861	0.903	-0.042	non-DMR
chr1	1260928	1261944	25	0.691	0.735	-0.045	non-DMR
chr1	1262035	1262986	21	0.451	0.784	-0.333	good-DMR
chr1	1263453	1264148	18	0.782	0.818	-0.036	non-DMR
chr1	1264233	1265231	24	0.66	0.696	-0.035	non-DMR
chr1	1265276	1266262	24	0.576	0.888	-0.312	good-DMR
chr1	1266644	1267513	20	0.116	0.074	0.042	non-DMR
chr1	1267531	1268555	25	0.557	0.845	-0.288	good-DMR
chr1	1268952	1269826	25	0.343	0.714	-0.372	good-DMR
chr1	1270280	1271227	22	0.306	0.315	-0.008	inconsistent-DMR
