chr	start	end	CpG_count	treatment_methylation	control_methylation	mean_delta_methylation	category
chr1	100047	101013	24	0.216	0.166	0.05	non-DMR
chr1	101136	101850	18	0.395	0.178	0.218	notable-DMR
chr1	101906	102823	23	0.231	0.191	0.04	non-DMR
chr1	102913	103818	20	0.16	0.114	0.046	non-DMR
chr1	103868	104927	28	0.629	0.886	-0.257	good-DMR
chr1	105392	106419	23	0.292	0.131	0.161	good-DMR
chr1	106916	108002	26	0.566	0.323	0.242	good-DMR
chr1	108412	109299	21	0.808	0.853	-0.046	non-DMR
chr1	109352	110186	18	0.599	0.646	-0.047	non-DMR
chr1	110262	111275	23	0.765	0.803	-0.038	non-DMR
chr1	111362	112248	24	0.474	0.832	-0.359	good-DMR
chr1	112715	113737	24	0.822	0.859	-0.037	non-DMR
chr1	113759	114728	22	0.596	0.914	-0.318	good-DMR
chr1	115219	116108	24	0.32	0.068	0.253	good-DMR
chr1	116588	117387	19	0.566	0.75	-0.184	good-DMR
chr1	117869	118723	21	0.24	0.194	0.046	non-DMR
chr1	118768	119649	21	0.391	0.661	-0.269	good-DMR
chr1	119980	121061	27	0.826	0.87	-0.044	non-DMR
chr1	121129	122009	22	0.603	0.855	-0.252	good-DMR
chr1	122488	123529	23	0.233	0.193	0.04	non-DMR
chr1	123553	124384	20	0.568	0.813	-0.245	good-DMR
chr1	124882	125791	22	0.423	0.701	-0.278	good-DMR
chr1	126184	127008	22	0.583	0.843	-0.26	good-DMR
chr1	127433	128238	21	0.125	0.086	0.039	non-DMR
chr1	128316	129150	21	0.778	0.822	-0.044	non-DMR
chr1	129269	130164	22	0.68	0.72	-0.04	non-DMR
chr1	131183	131966	19	0.63	0.668	-0.038	non-DMR
chr1	132077	132958	21	0.88	0.91	-0.031	non-DMR
chr1	133025	133920	22	0.685	0.733	-0.048	non-DMR
chr1	134034	135028	23	0.867	0.909	-0.041	non-DMR
chr1	135098	136163	26	0.625	0.662	-0.037	non-DMR
chr1	136218	137134	24	0.852	0.891	-0.039	non-DMR
chr1	137256	138048	21	0.764	0.804	-0.04	non-DMR
chr1	138062	138918	20	0.852	0.57	0.282	good-DMR
chr1	139436	140362	21	0.83	0.871	-0.041	non-DMR
chr1	140392	141427	25	0.453	0.688	-0.235	good-DMR
chr1	141911	142710	18	0.694	0.728	-0.034	non-DMR
chr1	142810	143851	24	0.791	0.837	-0.046	non-DMR
chr1	143909	144901	23	0.8	0.84	-0.04	non-DMR
chr1	144947	145992	25	0.755	0.795	-0.04	non-DMR
chr1	146020	146915	20	0.572	0.839	-0.267	good-DMR
chr1	147398	148522	26	0.414	0.164	0.25	good-DMR
chr1	148957	149989	25	0.575	0.883	-0.308	good-DMR
chr1	150524	151243	18	0.081	0.045	0.036	non-DMR
chr1	151327	152132	19	0.246	0.204	0.042	non-DMR
chr1	152158	153207	28	0.62	0.726	-0.107	sub-DMR
chr1	153675	154622	23	0.485	0.531	-0.046	non-DMR
chr1	154682	155730	25	0.183	0.147	0.037	non-DMR
chr1	155808	156775	23	0.141	0.107	0.034	non-DMR
chr1	156859	157752	21	0.522	0.754	-0.232	notable-DMR
chr1	157862	158926	24	0.651	0.692	-0.042	non-DMR
chr1	158988	159828	20	0.499	0.769	-0.27	good-DMR
chr1	160339	161352	25	0.109	0.07	0.039	non-DMR
chr1	162348	163202	19	0.703	0.811	-0.108	sub-DMR
chr1	163734	164519	18	0.79	0.832	-0.042	non-DMR
chr1	164561	165343	20	0.497	0.784	-0.287	good-DMR
chr1	165822	166851	26	0.467	0.782	-0.316	good-DMR
chr1	167360	168241	22	0.08	0.047	0.033	non-DMR
chr1	168338	169289	23	0.81	0.853	-0.043	non-DMR
chr1	169395	170132	19	0.747	0.787	-0.04	non-DMR
chr1	170265	171204	23	0.712	0.749	-0.037	non-DMR
chr1	171350	172233	20	0.671	0.714	-0.044	non-DMR
chr1	172352	173395	22	0.713	0.75	-0.037	non-DMR
chr1	173507	174586	26	0.72	0.732	-0.012	inconsistent-DMR
chr1	174691	175719	21	0.588	0.841	-0.254	good-DMR
chr1	176238	177182	22	0.852	0.892	-0.04	non-DMR
chr1	177281	178088	20	0.375	0.078	0.297	good-DMR
chr1	178467	179398	22	0.512	0.772	-0.26	good-DMR
chr1	179645	180640	23	0.718	0.752	-0.034	non-DMR
chr1	180741	181591	18	0.624	0.652	-0.028	inconsistent-DMR
chr1	181752	182864	26	0.736	0.784	-0.048	non-DMR
chr1	182978	183981	23	0.172	0.129	0.042	non-DMR
chr1	184128	184961	20	0.226	0.193	0.032	non-DMR
chr1	185095	185998	23	0.685	0.726	-0.041	non-DMR
chr1	186054	187012	23	0.655	0.834	-0.18	good-DMR
chr1	187426	188377	24	0.683	0.713	-0.031	non-DMR
chr1	188467	189518	23	0.487	0.783	-0.296	good-DMR
chr1	189996	191047	25	0.628	0.733	-0.105	sub-DMR
chr1	191541	192406	19	0.747	0.848	-0.101	sub-DMR
chr1	192890	193767	22	0.632	0.676	-0.044	non-DMR
chr1	193824	194863	24	0.676	0.863	-0.186	good-DMR
chr1	195290	196264	24	0.638	0.795	-0.157	good-DMR
chr1	196712	197797	25	0.704	0.757	-0.053	non-DMR
chr1	197876	198924	24	0.718	0.759	-0.041	non-DMR
chr1	198995	200038	24	0.608	0.919	-0.311	good-DMR
chr1	200520	201513	22	0.7	0.864	-0.163	good-DMR
chr1	201901	202693	18	0.444	0.152	0.292	good-DMR
chr1	203108	203958	22	0.427	0.32	0.106	sub-DMR
chr1	204428	205274	19	0.104	0.064	0.039	non-DMR
chr1	205371	206169	18	0.302	0.259	0.042	non-DMR
chr1	206299	207423	27	0.8	0.839	-0.039	non-DMR
chr1	207510	208435	21	0.745	0.855	-0.11	sub-DMR
chr1	208850	209950	27	0.869	0.91	-0.041	non-DMR
chr1	210011	211020	22	0.673	0.715	-0.042	non-DMR
chr1	211099	212225	24	0.68	0.716	-0.036	non-DMR
chr1	212305	213288	20	0.755	0.856	-0.101	sub-DMR
chr1	213801	214653	20	0.86	0.896	-0.036	non-DMR
chr1	214773	215516	18	0.855	0.902	-0.048	non-DMR
chr1	215608	216729	25	0.187	0.142	0.045	non-DMR
chr1	216777	217659	19	0.78	0.816	-0.036	non-DMR
chr1	217701	218735	23	0.543	0.802	-0.259	good-DMR
chr1	219258	219931	21	0.617	0.662	-0.045	non-DMR
chr1	220048	221049	25	0.799	0.84	-0.041	non-DMR
chr1	221142	222200	24	0.486	0.737	-0.251	good-DMR
chr1	222669	223610	22	0.66	0.699	-0.039	non-DMR
chr1	223635	224699	26	0.468	0.146	0.322	good-DMR
chr1	225213	226216	22	0.196	0.161	0.034	non-DMR
chr1	226341	227300	21	0.765	0.808	-0.043	non-DMR
chr1	227420	228528	26	0.774	0.818	-0.044	non-DMR
chr1	228610	229581	23	0.881	0.924	-0.043	non-DMR
chr1	229642	230745	26	0.088	0.05	0.038	non-DMR
chr1	230828	231920	26	0.379	0.177	0.202	good-DMR
chr1	232419	233434	23	0.747	0.789	-0.042	non-DMR
chr1	233512	234431	23	0.882	0.919	-0.037	non-DMR
chr1	234544	235514	22	0.886	0.93	-0.044	non-DMR
chr1	235551	236256	18	0.645	0.681	-0.037	non-DMR
chr1	236289	237297	24	0.486	0.721	-0.235	good-DMR
chr1	237774	238644	22	0.571	0.616	-0.045	non-DMR
chr1	238657	239495	22	0.588	0.755	-0.168	good-DMR
chr1	239872	240906	25	0.496	0.75	-0.253	good-DMR
chr1	241307	242354	24	0.623	0.725	-0.102	sub-DMR
chr1	242826	243776	23	0.473	0.689	-0.216	good-DMR
chr1	244280	245168	23	0.52	0.786	-0.266	good-DMR
chr1	245660	246619	21	0.551	0.829	-0.278	good-DMR
chr1	247009	248089	26	0.499	0.75	-0.251	good-DMR
chr1	248593	249392	22	0.6	0.861	-0.261	good-DMR
chr1	249932	250961	25	0.15	0.111	0.038	non-DMR
chr1	251015	252056	23	0.664	0.706	-0.042	non-DMR
chr1	252127	253173	22	0.717	0.751	-0.034	non-DMR
chr1	254445	255551	26	0.678	0.723	-0.046	non-DMR
chr1	255586	256577	21	0.728	0.769	-0.042	non-DMR
chr1	256651	257765	29	0.188	0.139	0.049	non-DMR
chr1	257889	258838	23	0.545	0.583	-0.039	non-DMR
chr1	258939	259768	18	0.745	0.785	-0.04	non-DMR
chr1	259901	260729	22	0.162	0.117	0.045	non-DMR
chr1	260769	261755	26	0.275	0.123	0.152	good-DMR
chr1	262219	263181	20	0.785	0.822	-0.037	non-DMR
chr1	263291	264273	25	0.832	0.874	-0.042	non-DMR
chr1	264366	265195	19	0.729	0.775	-0.046	non-DMR
chr1	265259	266197	21	0.766	0.805	-0.039	non-DMR
chr1	266218	267267	25	0.645	0.691	-0.045	non-DMR
chr1	267378	268475	29	0.797	0.829	-0.031	non-DMR
chr1	268553	269507	21	0.295	0.579	-0.284	good-DMR
chr1	270031	270894	20	0.709	0.757	-0.048	non-DMR
chr1	270967	272084	25	0.906	0.938	-0.032	non-DMR
chr1	272124	273069	21	0.372	0.655	-0.283	good-DMR
chr1	273542	274521	21	0.329	0.057	0.272	good-DMR
chr1	275056	276165	25	0.63	0.589	0.041	non-DMR
chr1	276262	277308	24	0.163	0.059	0.105	sub-DMR
chr1	277742	278700	25	0.665	0.706	-0.04	non-DMR
chr1	278804	279779	24	0.314	0.636	-0.323	good-DMR
chr1	280297	281207	20	0.202	0.158	0.044	non-DMR
chr1	281341	282061	15	0.842	0.881	-0.039	non-DMR
chr1	282166	283145	23	0.847	0.89	-0.043	non-DMR
chr1	283288	284245	24	0.645	0.689	-0.044	non-DMR
chr1	285372	286351	22	0.692	0.796	-0.104	sub-DMR
chr1	286819	287749	21	0.089	0.049	0.04	non-DMR
chr1	287852	288778	20	0.136	0.092	0.045	non-DMR
chr1	288831	289844	25	0.213	0.169	0.044	non-DMR
chr1	289935	290811	22	0.523	0.775	-0.252	good-DMR
chr1	291324	292348	25	0.122	0.08	0.042	non-DMR
chr1	292427	293223	19	0.743	0.781	-0.038	non-DMR
chr1	293348	294180	20	0.726	0.766	-0.041	non-DMR
chr1	294263	295159	22	0.584	0.894	-0.31	notable-DMR
chr1	295263	296154	21	0.803	0.841	-0.038	non-DMR
chr1	296233	297089	19	0.597	0.64	-0.042	non-DMR
chr1	297158	298226	25	0.394	0.634	-0.24	good-DMR
chr1	298568	299454	21	0.807	0.85	-0.044	non-DMR
chr1	299579	300577	26	0.129	0.087	0.042	non-DMR
chr1	300623	301595	21	0.713	0.742	-0.029	non-DMR
chr1	301660	302470	18	0.426	0.194	0.232	good-DMR
chr1	302964	303895	25	0.251	0.206	0.045	non-DMR
chr1	303965	304984	22	0.762	0.801	-0.039	non-DMR
chr1	305027	306149	25	0.741	0.779	-0.038	non-DMR
chr1	306247	307491	30	0.72	0.765	-0.045	non-DMR
chr1	307523	308520	26	0.502	0.458	0.044	inconsistent-DMR
chr1	308640	309684	25	0.591	0.888	-0.297	good-DMR
chr1	310184	311214	25	0.818	0.859	-0.041	non-DMR
chr1	311306	312247	24	0.853	0.89	-0.038	non-DMR
chr1	312326	313288	22	0.344	0.075	0.27	good-DMR
chr1	313634	314612	23	0.303	0.048	0.255	good-DMR
chr1	315131	316026	21	0.831	0.877	-0.046	non-DMR
chr1	316069	316749	15	0.774	0.817	-0.043	non-DMR
chr1	316789	317593	18	0.639	0.681	-0.042	non-DMR
chr1	317629	318623	25	0.731	0.832	-0.101	sub-DMR
chr1	319138	320129	22	0.174	0.129	0.045	non-DMR
chr1	320209	321073	19	0.689	0.887	-0.198	good-DMR
chr1	321560	322523	23	0.84	0.878	-0.038	non-DMR
chr1	322588	323588	22	0.486	0.777	-0.292	notable-DMR
chr1	323679	324628	26	0.22	0.178	0.041	non-DMR
chr1	324710	325761	24	0.145	0.117	0.028	non-DMR
chr1	325856	326908	25	0.453	0.678	-0.225	notable-DMR
chr1	326968	327865	21	0.436	0.394	0.041	non-DMR
chr1	327936	328905	22	0.701	0.754	-0.053	inconsistent-DMR
chr1	329074	330088	25	0.648	0.889	-0.241	good-DMR
chr1	330476	331261	16	0.727	0.773	-0.047	non-DMR
chr1	331353	332248	23	0.591	0.845	-0.254	good-DMR
chr1	332748	333888	29	0.578	0.691	-0.112	sub-DMR
chr1	334341	335358	27	0.632	0.865	-0.233	good-DMR
chr1	335905	336943	24	0.789	0.824	-0.036	non-DMR
chr1	336974	338091	27	0.396	0.661	-0.265	good-DMR
chr1	338603	339638	23	0.747	0.79	-0.043	non-DMR
chr1	339702	340680	23	0.767	0.808	-0.041	non-DMR
chr1	340787	341622	19	0.67	0.88	-0.209	notable-DMR
chr1	341758	342823	24	0.197	0.158	0.039	non-DMR
chr1	342919	343880	23	0.755	0.791	-0.036	non-DMR
chr1	343969	344969	22	0.393	0.133	0.26	good-DMR
chr1	345444	346249	18	0.67	0.9	-0.231	good-DMR
chr1	346749	347810	22	0.502	0.399	0.103	sub-DMR
chr1	348203	349229	27	0.783	0.818	-0.035	non-DMR
chr1	349261	350333	26	0.784	0.827	-0.043	non-DMR
chr1	350403	351359	23	0.667	0.715	-0.047	non-DMR
chr1	351463	352471	26	0.882	0.922	-0.04	non-DMR
chr1	353636	354667	27	0.758	0.807	-0.049	non-DMR
chr1	354741	355743	22	0.354	0.322	0.032	non-DMR
chr1	355787	356891	25	0.462	0.733	-0.27	notable-DMR
chr1	357011	357978	23	0.656	0.7	-0.044	non-DMR
chr1	358057	358996	22	0.408	0.662	-0.254	good-DMR
chr1	359462	360503	26	0.659	0.707	-0.048	non-DMR
chr1	360648	361509	24	0.272	0.225	0.047	inconsistent-DMR
chr1	361684	362848	27	0.812	0.847	-0.035	non-DMR
chr1	362897	363684	18	0.669	0.895	-0.226	good-DMR
chr1	364120	365336	27	0.271	0.228	0.043	non-DMR
chr1	365407	366362	21	0.771	0.811	-0.04	non-DMR
chr1	366426	367429	22	0.813	0.853	-0.04	non-DMR
chr1	367485	368625	24	0.285	0.06	0.225	good-DMR
chr1	369106	370091	26	0.692	0.731	-0.038	non-DMR
chr1	370192	371051	18	0.758	0.791	-0.033	non-DMR
chr1	371101	372021	23	0.799	0.841	-0.042	non-DMR
chr1	372121	372867	21	0.343	0.631	-0.288	good-DMR
chr1	373340	374406	22	0.501	0.779	-0.278	good-DMR
chr1	374695	375639	23	0.693	0.732	-0.039	non-DMR
chr1	375677	376702	23	0.138	0.101	0.037	non-DMR
chr1	376757	377482	20	0.628	0.662	-0.034	non-DMR
chr1	377588	378517	20	0.79	0.832	-0.042	non-DMR
chr1	378657	379695	22	0.81	0.846	-0.036	non-DMR
chr1	379829	380715	21	0.84	0.884	-0.045	non-DMR
chr1	380737	381755	23	0.663	0.91	-0.247	good-DMR
chr1	382242	383036	20	0.369	0.098	0.272	good-DMR
chr1	383479	384513	24	0.746	0.859	-0.113	sub-DMR
chr1	384920	385881	24	0.603	0.569	0.034	non-DMR
chr1	385907	386842	21	0.827	0.872	-0.045	non-DMR
chr1	386961	387717	16	0.592	0.823	-0.231	notable-DMR
chr1	387822	388869	27	0.803	0.84	-0.037	non-DMR
chr1	388999	389819	21	0.142	0.103	0.04	non-DMR
chr1	389909	391079	28	0.335	0.295	0.04	non-DMR
chr1	391166	392160	21	0.107	0.061	0.045	non-DMR
chr1	392212	393181	22	0.599	0.623	-0.024	inconsistent-DMR
chr1	393269	394163	21	0.775	0.814	-0.039	non-DMR
chr1	394284	395217	23	0.707	0.757	-0.05	non-DMR
chr1	395260	396264	22	0.541	0.584	-0.043	non-DMR
chr1	396369	397239	22	0.379	0.63	-0.251	notable-DMR
chr1	397292	398144	23	0.625	0.67	-0.045	non-DMR
chr1	398192	399308	26	0.528	0.828	-0.3	good-DMR
chr1	399813	400520	19	0.353	0.087	0.265	good-DMR
chr1	400938	401798	21	0.787	0.821	-0.034	non-DMR
chr1	401896	402948	26	0.682	0.722	-0.04	non-DMR
chr1	403037	404089	23	0.761	0.8	-0.039	non-DMR
chr1	404163	405147	25	0.737	0.787	-0.05	non-DMR
chr1	405252	406179	24	0.792	0.834	-0.042	non-DMR
chr1	406259	407195	20	0.887	0.939	-0.051	non-DMR
chr1	407334	408233	22	0.489	0.449	0.04	non-DMR
chr1	408279	409237	25	0.529	0.742	-0.213	good-DMR
chr1	409740	410698	21	0.596	0.904	-0.308	good-DMR
chr1	411219	412224	23	0.584	0.626	-0.042	non-DMR
chr1	412242	413227	22	0.63	0.838	-0.208	good-DMR
chr1	413759	414560	20	0.713	0.75	-0.037	non-DMR
chr1	414655	415604	23	0.634	0.675	-0.04	non-DMR
chr1	415680	416579	23	0.582	0.687	-0.104	sub-DMR
chr1	417078	418007	23	0.508	0.716	-0.208	good-DMR
chr1	418522	419462	23	0.851	0.892	-0.041	non-DMR
chr1	419531	420453	23	0.573	0.805	-0.233	notable-DMR
chr1	420564	421456	19	0.722	0.76	-0.037	non-DMR
chr1	421545	422388	20	0.31	0.58	-0.27	good-DMR
chr1	422850	423805	24	0.733	0.774	-0.041	non-DMR
chr1	423850	424762	20	0.725	0.766	-0.042	non-DMR
chr1	424883	425781	23	0.756	0.799	-0.043	non-DMR
chr1	425856	426767	21	0.556	0.856	-0.3	good-DMR
chr1	427073	427968	21	0.401	0.164	0.237	good-DMR
chr1	428461	429485	22	0.284	0.027	0.257	good-DMR
chr1	429933	431070	29	0.604	0.645	-0.041	non-DMR
chr1	431210	432209	21	0.24	0.204	0.036	non-DMR
chr1	432288	433245	24	0.904	0.947	-0.043	non-DMR
chr1	433296	434230	21	0.557	0.763	-0.206	good-DMR
chr1	434733	435757	26	0.488	0.53	-0.042	non-DMR
chr1	435793	436892	25	0.366	0.18	0.186	good-DMR
chr1	437406	438424	23	0.782	0.822	-0.04	non-DMR
chr1	438459	439370	22	0.123	0.077	0.045	non-DMR
chr1	439472	440516	27	0.773	0.811	-0.038	non-DMR
chr1	440627	441422	18	0.822	0.852	-0.03	non-DMR
chr1	441522	442551	26	0.231	0.073	0.158	good-DMR
chr1	442989	443968	24	0.48	0.777	-0.297	good-DMR
chr1	444436	445473	25	0.844	0.882	-0.038	non-DMR
chr1	445587	446506	22	0.598	0.557	0.042	non-DMR
chr1	446609	447721	26	0.631	0.672	-0.04	non-DMR
chr1	447741	448670	24	0.677	0.716	-0.039	non-DMR
chr1	448766	449667	22	0.475	0.739	-0.264	good-DMR
chr1	450083	450778	16	0.785	0.825	-0.039	non-DMR
chr1	450840	451814	22	0.673	0.778	-0.105	sub-DMR
chr1	452260	453398	25	0.629	0.667	-0.038	non-DMR
chr1	453517	454260	21	0.27	0.226	0.045	non-DMR
chr1	454343	455292	22	0.627	0.857	-0.23	notable-DMR
chr1	455340	456234	23	0.226	0.182	0.043	non-DMR
chr1	456294	457298	24	0.527	0.73	-0.203	good-DMR
chr1	457767	458822	26	0.128	0.082	0.046	non-DMR
chr1	459809	460632	21	0.394	0.209	0.185	good-DMR
chr1	461039	461802	19	0.175	0.126	0.049	non-DMR
chr1	461909	462951	25	0.172	0.131	0.041	non-DMR
chr1	463005	463858	20	0.312	0.61	-0.298	good-DMR
chr1	464387	465322	23	0.812	0.847	-0.035	non-DMR
chr1	465384	466322	22	0.639	0.592	0.047	non-DMR
chr1	466366	467268	21	0.296	0.099	0.198	good-DMR
chr1	467669	468585	22	0.58	0.752	-0.171	good-DMR
chr1	469097	470230	27	0.818	0.865	-0.047	non-DMR
chr1	470305	471103	20	0.454	0.767	-0.313	notable-DMR
chr1	471138	472110	24	0.832	0.87	-0.038	non-DMR
chr1	472210	473114	24	0.769	0.81	-0.041	non-DMR
chr1	473235	473981	18	0.874	0.917	-0.042	non-DMR
chr1	474053	475001	20	0.51	0.806	-0.295	good-DMR
chr1	475503	476524	24	0.265	0.234	0.031	non-DMR
chr1	476629	477585	21	0.737	0.778	-0.041	non-DMR
chr1	477720	478677	25	0.823	0.866	-0.043	non-DMR
chr1	478801	479551	18	0.683	0.727	-0.044	non-DMR
chr1	479578	480591	23	0.816	0.846	-0.03	non-DMR
chr1	480668	481565	20	0.649	0.682	-0.033	non-DMR
chr1	481581	482484	24	0.562	0.786	-0.225	good-DMR
chr1	482994	483900	21	0.789	0.83	-0.041	non-DMR
chr1	484016	484996	24	0.728	0.768	-0.04	non-DMR
chr1	485075	486236	27	0.808	0.845	-0.037	non-DMR
chr1	486299	487418	26	0.122	0.08	0.042	non-DMR
chr1	487487	488388	19	0.437	0.624	-0.188	good-DMR
chr1	488878	489784	20	0.879	0.917	-0.038	non-DMR
chr1	489871	490920	23	0.899	0.929	-0.029	non-DMR
chr1	491000	491923	21	0.176	0.127	0.049	non-DMR
chr1	492014	492888	18	0.557	0.802	-0.246	good-DMR
chr1	493301	494092	20	0.9	0.938	-0.039	non-DMR
chr1	494216	495049	17	0.152	0.117	0.035	non-DMR
chr1	495060	496058	25	0.461	0.794	-0.333	good-DMR
chr1	496595	497428	19	0.763	0.811	-0.048	non-DMR
chr1	497547	498507	25	0.881	0.925	-0.044	non-DMR
chr1	498620	499426	18	0.143	0.11	0.033	non-DMR
chr1	499535	500382	21	0.585	0.624	-0.04	non-DMR
chr1	500459	501471	24	0.64	0.6	0.039	non-DMR
chr1	501535	502449	25	0.561	0.665	-0.104	sub-DMR
chr1	502939	503969	24	0.836	0.937	-0.101	sub-DMR
chr1	504431	505413	23	0.814	0.851	-0.036	non-DMR
chr1	505510	506406	22	0.684	0.725	-0.041	non-DMR
chr1	506462	507416	22	0.645	0.603	0.042	non-DMR
chr1	507515	508464	24	0.846	0.892	-0.046	non-DMR
chr1	508574	509604	24	0.865	0.902	-0.036	non-DMR
chr1	509672	510611	18	0.715	0.759	-0.044	non-DMR
chr1	510683	511727	23	0.716	0.767	-0.051	non-DMR
chr1	511802	512831	24	0.81	0.852	-0.042	non-DMR
chr1	512920	513921	24	0.434	0.748	-0.314	good-DMR
chr1	514331	515300	24	0.466	0.511	-0.045	non-DMR
chr1	515402	516270	24	0.645	0.687	-0.042	non-DMR
chr1	516387	517261	23	0.154	0.12	0.035	non-DMR
chr1	517362	518142	22	0.375	0.03	0.344	good-DMR
chr1	518641	519715	28	0.768	0.81	-0.043	non-DMR
chr1	519804	520800	23	0.599	0.633	-0.034	non-DMR
chr1	520921	521835	20	0.75	0.802	-0.052	non-DMR
chr1	521954	522911	23	0.484	0.529	-0.045	non-DMR
chr1	522931	523903	23	0.67	0.851	-0.181	good-DMR
chr1	524233	525170	25	0.18	0.14	0.041	non-DMR
chr1	525271	525930	16	0.31	0.348	-0.037	inconsistent-DMR
chr1	526162	527172	24	0.695	0.744	-0.048	non-DMR
chr1	527296	528314	24	0.607	0.652	-0.046	inconsistent-DMR
chr1	528454	529453	21	0.445	0.157	0.288	good-DMR
chr1	530001	530716	17	0.605	0.57	0.035	non-DMR
chr1	530848	531759	20	0.674	0.624	0.05	inconsistent-DMR
chr1	531850	532808	22	0.638	0.675	-0.037	non-DMR
chr1	532900	533752	22	0.257	0.22	0.037	non-DMR
chr1	533821	534836	24	0.762	0.803	-0.041	non-DMR
chr1	534966	535929	25	0.531	0.569	-0.038	non-DMR
chr1	536010	536980	26	0.246	0.206	0.041	non-DMR
chr1	537031	538017	22	0.594	0.872	-0.278	good-DMR
chr1	538517	539475	26	0.78	0.889	-0.109	sub-DMR
chr1	539960	541053	26	0.725	0.765	-0.04	non-DMR
chr1	541146	542047	22	0.84	0.88	-0.04	non-DMR
chr1	542095	543032	23	0.417	0.461	-0.044	non-DMR
chr1	543122	543811	16	0.672	0.721	-0.049	non-DMR
chr1	543848	544699	20	0.812	0.857	-0.046	non-DMR
chr1	544828	545873	24	0.766	0.805	-0.039	non-DMR
chr1	545929	546780	21	0.377	0.699	-0.321	good-DMR
chr1	547242	548186	19	0.896	0.94	-0.044	non-DMR
chr1	548249	549245	23	0.181	0.133	0.048	non-DMR
chr1	549341	550222	21	0.584	0.622	-0.038	non-DMR
chr1	550346	551242	22	0.638	0.691	-0.053	non-DMR
chr1	551331	552229	19	0.728	0.762	-0.034	non-DMR
chr1	552303	553312	24	0.686	0.691	-0.004	inconsistent-DMR
chr1	553550	554431	22	0.595	0.63	-0.035	non-DMR
chr1	554519	555593	26	0.891	0.939	-0.047	non-DMR
chr1	555663	556530	20	0.558	0.608	-0.05	non-DMR
chr1	556606	557583	22	0.759	0.755	0.005	inconsistent-DMR
chr1	557740	558775	23	0.288	0.256	0.032	non-DMR
chr1	558840	559797	20	0.668	0.71	-0.042	non-DMR
chr1	559909	560910	24	0.699	0.742	-0.043	non-DMR
chr1	560992	562060	25	0.796	0.836	-0.039	non-DMR
chr1	562157	563088	21	0.811	0.853	-0.043	non-DMR
chr1	563167	564144	23	0.577	0.625	-0.048	non-DMR
chr1	564233	565274	26	0.618	0.571	0.047	non-DMR
chr1	565343	566299	19	0.538	0.67	-0.132	good-DMR
chr1	566746	567496	19	0.676	0.717	-0.041	non-DMR
chr1	567546	568488	25	0.181	0.134	0.046	non-DMR
chr1	568538	569498	23	0.125	0.085	0.039	non-DMR
chr1	569592	570551	22	0.665	0.712	-0.047	non-DMR
chr1	570605	571445	18	0.743	0.792	-0.049	non-DMR
chr1	571466	572395	25	0.339	0.069	0.27	good-DMR
chr1	572894	573754	23	0.869	0.91	-0.041	non-DMR
chr1	573852	574778	24	0.851	0.887	-0.036	non-DMR
chr1	574866	575692	23	0.75	0.789	-0.039	non-DMR
chr1	575777	576847	24	0.807	0.848	-0.04	non-DMR
chr1	576904	577968	26	0.168	0.129	0.039	non-DMR
chr1	578088	579084	22	0.666	0.667	-0.002	inconsistent-DMR
chr1	579226	579992	21	0.685	0.717	-0.032	non-DMR
chr1	580121	581107	23	0.765	0.806	-0.041	non-DMR
chr1	581215	582227	27	0.501	0.775	-0.273	good-DMR
chr1	582719	583630	22	0.729	0.768	-0.039	non-DMR
chr1	583732	584575	22	0.831	0.865	-0.034	non-DMR
chr1	584685	585615	22	0.585	0.8	-0.216	notable-DMR
chr1	585689	586548	23	0.331	0.292	0.039	non-DMR
chr1	586644	587507	20	0.335	0.293	0.043	non-DMR
chr1	587602	588446	18	0.178	0.141	0.037	non-DMR
chr1	588574	589447	25	0.628	0.678	-0.05	non-DMR
chr1	589555	590706	28	0.089	0.052	0.038	non-DMR
chr1	590780	591887	25	0.575	0.535	0.04	non-DMR
chr1	592007	592909	23	0.381	0.356	0.025	inconsistent-DMR
chr1	592955	593857	23	0.638	0.936	-0.298	good-DMR
chr1	594337	595326	24	0.667	0.706	-0.039	non-DMR
chr1	595391	596410	25	0.496	0.159	0.337	notable-DMR
chr1	596526	597419	19	0.76	0.798	-0.038	non-DMR
chr1	597516	598683	29	0.635	0.592	0.043	non-DMR
chr1	598751	599599	18	0.786	0.823	-0.036	non-DMR
chr1	599682	600782	22	0.795	0.84	-0.045	non-DMR
chr1	600828	601820	21	0.78	0.791	-0.011	inconsistent-DMR
chr1	601907	602921	23	0.801	0.835	-0.034	non-DMR
chr1	602980	604124	27	0.764	0.869	-0.105	sub-DMR
chr1	604525	605492	21	0.563	0.675	-0.112	sub-DMR
chr1	605971	606959	23	0.324	0.711	-0.387	good-DMR
chr1	607479	608422	23	0.191	0.183	0.008	inconsistent-DMR
chr1	608537	609451	24	0.422	0.683	-0.261	good-DMR
chr1	609691	610638	21	0.743	0.781	-0.038	non-DMR
chr1	610719	611905	27	0.697	0.733	-0.036	non-DMR
chr1	613063	613923	22	0.406	0.063	0.343	good-DMR
chr1	614444	615289	17	0.791	0.83	-0.039	non-DMR
chr1	615398	616262	21	0.787	0.826	-0.039	non-DMR
chr1	616360	617175	19	0.23	0.187	0.044	non-DMR
chr1	617248	618115	21	0.219	0.172	0.047	non-DMR
chr1	618214	619155	22	0.565	0.856	-0.291	good-DMR
chr1	619510	620540	23	0.625	0.68	-0.055	non-DMR
chr1	620588	621508	22	0.843	0.879	-0.036	non-DMR
chr1	621582	622660	24	0.432	0.653	-0.221	good-DMR
chr1	623135	624110	23	0.727	0.774	-0.046	non-DMR
chr1	624245	625230	24	0.604	0.641	-0.036	non-DMR
chr1	625331	626217	19	0.873	0.921	-0.048	non-DMR
chr1	626317	627305	23	0.548	0.757	-0.21	good-DMR
chr1	627603	628633	21	0.67	0.918	-0.248	good-DMR
chr1	629101	630151	23	0.836	0.885	-0.05	non-DMR
chr1	630284	631384	25	0.724	0.773	-0.049	non-DMR
chr1	631417	632296	22	0.352	0.136	0.216	good-DMR
chr1	632816	633873	24	0.85	0.895	-0.045	non-DMR
chr1	633950	634987	25	0.646	0.884	-0.238	good-DMR
chr1	635389	636255	23	0.742	0.701	0.041	inconsistent-DMR
chr1	636425	637190	19	0.69	0.792	-0.102	sub-DMR
chr1	637591	638656	25	0.687	0.675	0.012	inconsistent-DMR
chr1	638801	639794	23	0.653	0.685	-0.033	non-DMR
chr1	639897	640953	30	0.539	0.82	-0.281	good-DMR
chr1	641400	642243	19	0.74	0.781	-0.041	non-DMR
chr1	642340	643366	26	0.809	0.852	-0.044	non-DMR
chr1	643485	644442	21	0.771	0.803	-0.033	non-DMR
chr1	644520	645670	29	0.603	0.649	-0.046	non-DMR
chr1	645701	646813	25	0.711	0.749	-0.038	non-DMR
chr1	646873	647779	23	0.601	0.642	-0.041	non-DMR
chr1	647879	648834	19	0.675	0.715	-0.041	non-DMR
chr1	648931	649714	20	0.629	0.671	-0.043	non-DMR
chr1	649826	650689	23	0.726	0.766	-0.041	non-DMR
chr1	650820	651789	21	0.814	0.853	-0.04	non-DMR
chr1	651860	652890	26	0.463	0.202	0.261	good-DMR
chr1	653262	654106	19	0.217	0.107	0.11	sub-DMR
chr1	654381	655403	24	0.615	0.654	-0.038	non-DMR
chr1	655520	656470	25	0.116	0.076	0.04	non-DMR
chr1	656535	657450	19	0.411	0.739	-0.328	good-DMR
chr1	657970	658999	23	0.743	0.773	-0.031	non-DMR
chr1	659077	659889	18	0.589	0.809	-0.221	good-DMR
chr1	660397	661463	26	0.805	0.844	-0.039	non-DMR
chr1	661520	662397	21	0.517	0.802	-0.285	good-DMR
chr1	662906	663945	23	0.685	0.721	-0.036	non-DMR
chr1	664038	665209	27	0.115	0.077	0.038	non-DMR
chr1	665264	666231	23	0.721	0.83	-0.11	sub-DMR
chr1	666689	667618	21	0.633	0.655	-0.023	inconsistent-DMR
chr1	667693	668727	25	0.774	0.809	-0.035	non-DMR
chr1	668772	669553	20	0.486	0.136	0.35	good-DMR
chr1	669997	670816	19	0.194	0.162	0.032	non-DMR
chr1	670945	671787	18	0.717	0.76	-0.043	non-DMR
chr1	671876	672774	21	0.838	0.881	-0.044	non-DMR
chr1	672795	673809	23	0.667	0.713	-0.046	non-DMR
chr1	673820	674633	19	0.605	0.793	-0.188	good-DMR
chr1	675046	675902	21	0.371	0.174	0.197	good-DMR
chr1	676403	677318	22	0.306	0.044	0.263	good-DMR
chr1	677825	678736	21	0.781	0.814	-0.034	non-DMR
chr1	678817	679983	24	0.659	0.705	-0.046	non-DMR
chr1	680052	681100	25	0.417	0.692	-0.275	good-DMR
chr1	681603	682565	20	0.695	0.668	0.027	inconsistent-DMR
chr1	682711	683668	23	0.484	0.213	0.27	good-DMR
chr1	684148	685146	23	0.712	0.754	-0.042	non-DMR
chr1	685227	686162	22	0.755	0.793	-0.039	non-DMR
chr1	686219	687106	25	0.598	0.809	-0.211	good-DMR
chr1	687624	688570	24	0.766	0.806	-0.041	non-DMR
chr1	688673	689459	19	0.321	0.6	-0.279	good-DMR
chr1	689963	690873	22	0.14	0.099	0.04	non-DMR
chr1	690925	691814	21	0.455	0.742	-0.287	good-DMR
chr1	692324	693078	17	0.2	0.167	0.034	non-DMR
chr1	693126	694207	25	0.708	0.91	-0.202	good-DMR
chr1	694581	695543	22	0.119	0.076	0.043	non-DMR
chr1	695590	696574	22	0.874	0.913	-0.038	non-DMR
chr1	696664	697753	27	0.279	0.176	0.103	sub-DMR
chr1	698203	699152	24	0.657	0.93	-0.273	good-DMR
chr1	699469	700531	25	0.116	0.075	0.042	non-DMR
chr1	700603	701674	25	0.732	0.624	0.108	sub-DMR
chr1	702193	702949	19	0.685	0.724	-0.039	non-DMR
chr1	703014	704001	24	0.629	0.664	-0.036	non-DMR
chr1	704111	705139	22	0.712	0.749	-0.038	non-DMR
chr1	705261	706094	20	0.637	0.683	-0.046	non-DMR
chr1	706143	707180	25	0.568	0.866	-0.298	good-DMR
chr1	707699	708645	24	0.707	0.748	-0.041	non-DMR
chr1	709605	710491	24	0.412	0.15	0.263	good-DMR
chr1	711017	712055	23	0.655	0.693	-0.038	non-DMR
chr1	712183	713018	21	0.805	0.842	-0.036	non-DMR
chr1	713074	713939	24	0.723	0.762	-0.039	non-DMR
chr1	713956	714710	18	0.656	0.693	-0.037	non-DMR
chr1	714751	715623	21	0.696	0.724	-0.028	non-DMR
chr1	715689	716683	24	0.796	0.841	-0.045	non-DMR
chr1	716747	717462	17	0.759	0.811	-0.052	non-DMR
chr1	717546	718403	21	0.534	0.226	0.308	notable-DMR
chr1	718490	719584	26	0.814	0.848	-0.033	non-DMR
chr1	719648	720464	21	0.606	0.647	-0.041	non-DMR
chr1	720498	721363	20	0.242	0.202	0.04	non-DMR
chr1	721469	722579	27	0.702	0.805	-0.103	sub-DMR
chr1	723035	723881	23	0.726	0.774	-0.047	non-DMR
chr1	723935	724795	21	0.828	0.872	-0.043	non-DMR
chr1	724872	725932	26	0.857	0.89	-0.033	non-DMR
chr1	726035	727055	25	0.734	0.722	0.011	inconsistent-DMR
chr1	727152	728056	21	0.585	0.688	-0.102	sub-DMR
chr1	728517	729288	16	0.893	0.926	-0.033	non-DMR
chr1	729375	730368	26	0.816	0.86	-0.045	non-DMR
chr1	730463	731232	22	0.327	0.103	0.224	good-DMR
chr1	731698	732541	21	0.733	0.77	-0.036	non-DMR
chr1	732646	733566	23	0.775	0.817	-0.042	non-DMR
chr1	733602	734518	22	0.643	0.676	-0.033	non-DMR
chr1	734591	735664	25	0.527	0.798	-0.271	good-DMR
chr1	736162	737129	22	0.867	0.914	-0.047	non-DMR
chr1	737207	738125	22	0.914	0.945	-0.031	non-DMR
chr1	738222	739312	23	0.721	0.753	-0.032	inconsistent-DMR
chr1	739369	740444	26	0.593	0.294	0.3	good-DMR
chr1	740933	741752	20	0.711	0.751	-0.04	non-DMR
chr1	741836	742600	19	0.751	0.795	-0.044	non-DMR
chr1	742612	743675	22	0.504	0.766	-0.262	good-DMR
chr1	744131	744907	17	0.595	0.697	-0.102	sub-DMR
chr1	745401	746080	16	0.727	0.756	-0.029	non-DMR
chr1	746219	747255	28	0.156	0.117	0.039	non-DMR
chr1	747356	748373	25	0.248	0.212	0.036	non-DMR
chr1	748486	749599	24	0.589	0.626	-0.037	non-DMR
chr1	749651	750461	22	0.17	0.131	0.039	non-DMR
chr1	750565	751580	24	0.091	0.05	0.041	non-DMR
chr1	751672	752516	18	0.714	0.759	-0.045	non-DMR
chr1	752636	753346	18	0.732	0.775	-0.043	non-DMR
chr1	753473	754337	22	0.707	0.746	-0.039	non-DMR
chr1	754442	755504	23	0.131	0.081	0.051	non-DMR
chr1	755574	756546	23	0.563	0.878	-0.315	good-DMR
chr1	757054	758018	23	0.523	0.776	-0.253	good-DMR
chr1	758418	759233	20	0.376	0.147	0.23	good-DMR
chr1	759669	760602	20	0.655	0.912	-0.257	good-DMR
chr1	761071	762147	24	0.332	0.056	0.277	good-DMR
chr1	762626	763695	24	0.437	0.223	0.214	good-DMR
chr1	764131	765076	23	0.853	0.898	-0.045	non-DMR
chr1	765105	766269	27	0.572	0.853	-0.281	good-DMR
chr1	766718	767884	27	0.591	0.835	-0.244	good-DMR
chr1	768277	769226	22	0.573	0.81	-0.237	good-DMR
chr1	769683	770616	22	0.778	0.823	-0.046	non-DMR
chr1	770647	771630	21	0.783	0.827	-0.044	non-DMR
chr1	771728	772749	22	0.494	0.75	-0.255	good-DMR
chr1	773185	774107	21	0.59	0.796	-0.205	good-DMR
chr1	774582	775494	21	0.717	0.755	-0.038	non-DMR
chr1	775602	776636	24	0.746	0.784	-0.038	non-DMR
chr1	776681	777441	20	0.472	0.753	-0.28	notable-DMR
chr1	777564	778623	26	0.741	0.789	-0.048	non-DMR
chr1	778691	779627	23	0.546	0.514	0.032	non-DMR
chr1	779697	780745	24	0.444	0.799	-0.355	good-DMR
chr1	781101	781882	17	0.765	0.797	-0.032	non-DMR
chr1	781963	782757	19	0.686	0.734	-0.048	non-DMR
chr1	782849	783570	17	0.327	0.224	0.103	sub-DMR
chr1	784006	785158	29	0.115	0.075	0.04	non-DMR
chr1	785277	786203	21	0.751	0.793	-0.043	non-DMR
chr1	786350	787178	18	0.743	0.787	-0.044	non-DMR
chr1	787301	788190	19	0.222	0.182	0.041	non-DMR
chr1	788238	788970	22	0.191	0.145	0.046	non-DMR
chr1	789076	790066	23	0.254	0.107	0.147	good-DMR
chr1	790585	791566	21	0.809	0.841	-0.031	non-DMR
chr1	791609	792627	24	0.85	0.897	-0.047	non-DMR
chr1	792680	793701	22	0.585	0.792	-0.207	good-DMR
chr1	794154	795223	29	0.302	0.263	0.039	non-DMR
chr1	795369	796459	25	0.794	0.834	-0.04	non-DMR
chr1	796505	797381	20	0.199	0.156	0.043	non-DMR
chr1	797456	798509	28	0.434	0.199	0.235	good-DMR
chr1	799007	800088	26	0.755	0.804	-0.049	non-DMR
chr1	800135	801203	25	0.757	0.801	-0.044	non-DMR
chr1	801284	802159	21	0.636	0.853	-0.217	good-DMR
chr1	802637	803475	16	0.14	0.103	0.037	non-DMR
chr1	803538	804683	26	0.744	0.792	-0.048	non-DMR
chr1	804758	805904	28	0.36	0.12	0.241	good-DMR
chr1	806401	807287	18	0.881	0.929	-0.048	non-DMR
chr1	807385	808347	25	0.472	0.71	-0.238	good-DMR
chr1	808856	809827	21	0.843	0.886	-0.043	non-DMR
chr1	809933	810633	16	0.367	0.152	0.215	good-DMR
chr1	811137	812008	21	0.694	0.73	-0.035	non-DMR
chr1	812083	812883	20	0.821	0.862	-0.041	non-DMR
chr1	812989	813940	22	0.607	0.638	-0.031	non-DMR
chr1	814062	815018	24	0.757	0.792	-0.034	non-DMR
chr1	815070	816057	23	0.688	0.73	-0.042	non-DMR
chr1	816152	817155	24	0.52	0.526	-0.006	inconsistent-DMR
chr1	817207	818170	22	0.621	0.658	-0.037	non-DMR
chr1	818300	819513	28	0.863	0.902	-0.039	non-DMR
chr1	819524	820624	25	0.764	0.902	-0.138	good-DMR
chr1	821129	822137	23	0.541	0.803	-0.262	good-DMR
chr1	822650	823563	23	0.788	0.83	-0.042	non-DMR
chr1	823616	824768	25	0.729	0.768	-0.039	non-DMR
chr1	824863	825869	28	0.618	0.424	0.194	good-DMR
chr1	826387	827484	29	0.781	0.824	-0.042	non-DMR
chr1	827572	828641	25	0.625	0.673	-0.048	non-DMR
chr1	828712	829589	23	0.733	0.777	-0.044	non-DMR
chr1	829648	830621	22	0.746	0.787	-0.041	non-DMR
chr1	830731	831673	23	0.663	0.699	-0.036	non-DMR
chr1	831766	832699	25	0.707	0.744	-0.038	non-DMR
chr1	832736	833914	24	0.627	0.336	0.291	good-DMR
chr1	834434	835307	20	0.139	0.108	0.031	non-DMR
chr1	835440	836503	27	0.275	0.227	0.048	non-DMR
chr1	836604	837727	27	0.812	0.852	-0.041	non-DMR
chr1	837871	838897	21	0.784	0.831	-0.048	non-DMR
chr1	838931	839933	24	0.516	0.841	-0.324	good-DMR
chr1	840474	841500	24	0.774	0.818	-0.043	non-DMR
chr1	841553	842565	23	0.184	0.148	0.037	non-DMR
chr1	842678	843824	27	0.813	0.851	-0.038	non-DMR
chr1	843847	845050	31	0.637	0.672	-0.035	non-DMR
chr1	845096	846031	22	0.805	0.843	-0.038	non-DMR
chr1	846078	846915	21	0.223	0.117	0.106	sub-DMR
chr1	847277	848214	25	0.61	0.65	-0.04	non-DMR
chr1	848319	849307	24	0.747	0.793	-0.045	non-DMR
chr1	849375	850350	21	0.87	0.908	-0.038	non-DMR
chr1	850395	851309	19	0.654	0.61	0.044	non-DMR
chr1	851375	852339	28	0.351	0.602	-0.251	good-DMR
chr1	852827	853879	23	0.671	0.716	-0.045	non-DMR
chr1	853958	854995	25	0.245	0.139	0.106	sub-DMR
chr1	855168	856129	22	0.547	0.827	-0.28	good-DMR
chr1	856575	857551	25	0.81	0.85	-0.039	non-DMR
chr1	857625	858542	24	0.525	0.817	-0.291	good-DMR
chr1	858971	859966	22	0.18	0.144	0.036	non-DMR
chr1	860074	860852	20	0.47	0.713	-0.242	good-DMR
chr1	861324	862174	22	0.611	0.889	-0.277	good-DMR
chr1	862693	863655	23	0.868	0.91	-0.042	non-DMR
chr1	863741	864625	19	0.827	0.868	-0.041	non-DMR
chr1	864649	865487	20	0.106	0.064	0.043	non-DMR
chr1	865605	866616	24	0.769	0.813	-0.044	non-DMR
chr1	866757	867747	25	0.84	0.877	-0.038	non-DMR
chr1	867864	869052	27	0.776	0.814	-0.038	non-DMR
chr1	869113	869927	20	0.43	0.654	-0.223	good-DMR
chr1	870440	871419	23	0.773	0.815	-0.042	non-DMR
chr1	871514	872495	24	0.089	0.049	0.04	non-DMR
chr1	872508	873478	26	0.403	0.66	-0.258	good-DMR
chr1	873882	875018	25	0.573	0.613	-0.04	non-DMR
chr1	875093	875901	17	0.782	0.83	-0.048	non-DMR
chr1	875972	876934	23	0.825	0.872	-0.047	non-DMR
chr1	877051	878115	25	0.893	0.938	-0.045	non-DMR
chr1	878244	879259	23	0.745	0.783	-0.038	non-DMR
chr1	879340	880478	27	0.729	0.776	-0.047	non-DMR
chr1	880619	881684	25	0.653	0.687	-0.034	non-DMR
chr1	881770	882865	26	0.157	0.112	0.045	non-DMR
chr1	882944	883866	21	0.641	0.818	-0.177	good-DMR
chr1	884371	885185	16	0.489	0.797	-0.308	good-DMR
chr1	885505	886331	19	0.624	0.797	-0.173	good-DMR
chr1	887747	888794	25	0.348	0.286	0.062	inconsistent-DMR
chr1	888938	890114	29	0.094	0.054	0.04	non-DMR
chr1	890225	891264	23	0.778	0.818	-0.04	non-DMR
chr1	891343	892297	22	0.741	0.779	-0.038	non-DMR
chr1	892348	893379	25	0.666	0.706	-0.04	non-DMR
chr1	893453	894554	26	0.821	0.928	-0.107	sub-DMR
chr1	894890	895753	20	0.609	0.717	-0.108	sub-DMR
chr1	896255	897049	18	0.189	0.144	0.045	non-DMR
chr1	897137	897972	18	0.781	0.825	-0.043	non-DMR
chr1	898053	898835	21	0.678	0.729	-0.051	non-DMR
chr1	898908	899899	26	0.193	0.087	0.106	sub-DMR
chr1	900396	901407	23	0.23	0.192	0.038	non-DMR
chr1	902487	903304	20	0.798	0.824	-0.026	non-DMR
chr1	903434	904448	25	0.678	0.714	-0.036	non-DMR
chr1	904487	905328	20	0.761	0.866	-0.106	sub-DMR
chr1	905775	906709	22	0.826	0.931	-0.105	sub-DMR
chr1	907116	907958	22	0.618	0.657	-0.039	non-DMR
chr1	908018	909080	28	0.264	0.228	0.036	non-DMR
chr1	909117	910084	25	0.38	0.617	-0.237	good-DMR
chr1	910529	911454	24	0.466	0.696	-0.23	good-DMR
chr1	911979	912822	20	0.909	0.953	-0.044	non-DMR
chr1	914036	914962	22	0.151	0.108	0.043	non-DMR
chr1	915065	916079	27	0.45	0.169	0.281	good-DMR
chr1	916570	917497	20	0.824	0.86	-0.035	non-DMR
chr1	917533	918362	21	0.295	0.256	0.039	non-DMR
chr1	918480	919371	23	0.694	0.902	-0.208	notable-DMR
chr1	919452	920353	18	0.316	0.273	0.042	non-DMR
chr1	920433	921339	21	0.718	0.751	-0.033	non-DMR
chr1	921429	922475	25	0.166	0.126	0.04	non-DMR
chr1	922539	923476	22	0.258	0.218	0.04	non-DMR
chr1	923531	924446	22	0.697	0.735	-0.039	non-DMR
chr1	924520	925395	24	0.828	0.867	-0.04	non-DMR
chr1	925495	926550	23	0.09	0.045	0.045	non-DMR
chr1	926590	927449	20	0.64	0.678	-0.039	non-DMR
chr1	927476	928343	18	0.578	0.287	0.291	good-DMR
chr1	928868	929973	27	0.128	0.094	0.034	non-DMR
chr1	930101	931083	25	0.863	0.909	-0.046	non-DMR
chr1	931121	932150	25	0.256	0.152	0.105	sub-DMR
chr1	932687	933526	21	0.535	0.573	-0.038	non-DMR
chr1	933580	934685	22	0.524	0.86	-0.337	good-DMR
chr1	935167	936124	26	0.585	0.811	-0.226	good-DMR
chr1	936631	937657	22	0.688	0.728	-0.04	non-DMR
chr1	937762	938551	18	0.691	0.734	-0.043	non-DMR
chr1	938628	939825	28	0.743	0.776	-0.033	non-DMR
chr1	939859	940778	21	0.647	0.8	-0.153	good-DMR
chr1	941167	942232	27	0.85	0.884	-0.034	non-DMR
chr1	942312	943272	21	0.579	0.859	-0.28	good-DMR
chr1	943752	944760	24	0.349	0.649	-0.3	good-DMR
chr1	945235	946282	23	0.088	0.051	0.037	non-DMR
chr1	946326	947568	30	0.658	0.87	-0.212	good-DMR
chr1	948053	949144	23	0.571	0.673	-0.102	sub-DMR
chr1	949594	950502	22	0.605	0.71	-0.105	sub-DMR
chr1	950911	951946	26	0.708	0.754	-0.046	non-DMR
chr1	952011	952932	21	0.541	0.752	-0.21	good-DMR
chr1	953461	954404	24	0.742	0.774	-0.032	non-DMR
chr1	954497	955634	26	0.502	0.798	-0.296	notable-DMR
chr1	955690	956518	21	0.755	0.796	-0.042	non-DMR
chr1	956568	957526	25	0.745	0.781	-0.037	non-DMR
chr1	957573	958467	20	0.137	0.105	0.032	non-DMR
chr1	958567	959498	25	0.9	0.939	-0.039	non-DMR
chr1	959586	960432	19	0.513	0.767	-0.254	good-DMR
chr1	960940	961867	22	0.66	0.692	-0.032	non-DMR
chr1	961901	963000	25	0.43	0.758	-0.329	good-DMR
chr1	963488	964379	20	0.311	0.264	0.046	non-DMR
chr1	964482	965515	24	0.749	0.799	-0.049	non-DMR
chr1	965616	966572	23	0.627	0.671	-0.044	non-DMR
chr1	966695	967692	23	0.765	0.8	-0.035	non-DMR
chr1	967811	968690	22	0.879	0.919	-0.039	non-DMR
chr1	968830	969795	23	0.75	0.796	-0.046	non-DMR
chr1	969883	970971	24	0.147	0.11	0.037	non-DMR
chr1	971031	971831	21	0.437	0.214	0.223	good-DMR
chr1	972275	973210	24	0.21	0.171	0.039	non-DMR
chr1	974337	975242	22	0.232	0.193	0.04	non-DMR
chr1	975361	976507	29	0.781	0.821	-0.041	non-DMR
chr1	976520	977484	21	0.521	0.721	-0.2	good-DMR
chr1	978010	978875	21	0.203	0.16	0.044	non-DMR
chr1	978972	979829	21	0.17	0.133	0.037	non-DMR
chr1	979893	980921	24	0.699	0.741	-0.043	non-DMR
chr1	981002	981928	22	0.185	0.148	0.037	non-DMR
chr1	982017	982888	25	0.276	0.039	0.237	good-DMR
chr1	983378	984140	19	0.459	0.746	-0.288	good-DMR
chr1	984620	985532	25	0.29	0.253	0.037	non-DMR
chr1	985630	986506	23	0.666	0.855	-0.189	good-DMR
chr1	987001	987856	19	0.823	0.862	-0.039	non-DMR
chr1	987951	989077	27	0.77	0.814	-0.044	non-DMR
chr1	989169	989987	21	0.849	0.883	-0.034	non-DMR
chr1	990051	991018	23	0.806	0.851	-0.046	non-DMR
chr1	991120	991991	23	0.318	0.034	0.284	good-DMR
chr1	992284	993258	26	0.802	0.852	-0.05	non-DMR
chr1	993395	994373	21	0.162	0.121	0.041	non-DMR
chr1	994449	995277	19	0.556	0.661	-0.105	sub-DMR
chr1	995751	996613	21	0.651	0.683	-0.033	non-DMR
chr1	996700	997588	24	0.466	0.128	0.338	good-DMR
chr1	998112	999113	23	0.786	0.821	-0.035	non-DMR
chr1	999143	1000017	23	0.11	0.066	0.044	non-DMR
chr1	1000072	1001148	27	0.765	0.8	-0.035	non-DMR
chr1	1001267	1002199	21	0.821	0.866	-0.045	non-DMR
chr1	1002265	1003190	22	0.595	0.86	-0.265	notable-DMR
chr1	1003247	1004156	22	0.153	0.117	0.036	non-DMR
chr1	1004262	1005261	28	0.761	0.803	-0.042	non-DMR
chr1	1005376	1006383	26	0.755	0.797	-0.043	non-DMR
chr1	1006471	1007680	28	0.885	0.923	-0.038	non-DMR
chr1	1007739	1008630	20	0.44	0.104	0.336	good-DMR
chr1	1009169	1010334	31	0.579	0.62	-0.041	non-DMR
chr1	1010419	1011294	21	0.353	0.077	0.276	good-DMR
chr1	1011702	1012699	24	0.316	0.118	0.198	good-DMR
chr1	1013177	1014139	21	0.852	0.896	-0.044	non-DMR
chr1	1014204	1015025	19	0.787	0.823	-0.036	non-DMR
chr1	1015113	1016191	24	0.535	0.791	-0.256	good-DMR
chr1	1016659	1017671	26	0.538	0.776	-0.238	good-DMR
chr1	1018159	1019029	22	0.626	0.661	-0.035	non-DMR
chr1	1019105	1020133	25	0.684	0.723	-0.039	non-DMR
chr1	1020198	1021101	23	0.689	0.729	-0.04	non-DMR
chr1	1021193	1022269	29	0.21	0.164	0.045	non-DMR
chr1	1022364	1023207	20	0.357	0.682	-0.325	good-DMR
chr1	1023374	1024344	22	0.48	0.753	-0.273	good-DMR
chr1	1024598	1025547	24	0.71	0.746	-0.036	non-DMR
chr1	1025652	1026497	19	0.759	0.802	-0.044	non-DMR
chr1	1026600	1027500	19	0.803	0.835	-0.032	non-DMR
chr1	1028728	1029596	19	0.751	0.796	-0.045	non-DMR
chr1	1029667	1030704	25	0.541	0.7	-0.159	good-DMR
chr1	1032453	1033425	21	0.72	0.9	-0.18	notable-DMR
chr1	1033507	1034325	18	0.816	0.852	-0.036	non-DMR
chr1	1034398	1035067	14	0.819	0.866	-0.047	non-DMR
chr1	1035137	1036165	23	0.68	0.885	-0.205	good-DMR
chr1	1036495	1037358	19	0.563	0.604	-0.04	non-DMR
chr1	1038343	1039356	22	0.402	0.141	0.261	good-DMR
chr1	1039803	1040754	23	0.849	0.895	-0.046	non-DMR
chr1	1040858	1041847	22	0.599	0.635	-0.035	non-DMR
chr1	1041856	1042763	23	0.532	0.25	0.281	good-DMR
chr1	1043224	1044173	24	0.249	0.304	-0.055	inconsistent-DMR
chr1	1044344	1045235	20	0.793	0.839	-0.047	non-DMR
chr1	1045324	1046205	20	0.789	0.839	-0.049	non-DMR
chr1	1046259	1047274	23	0.575	0.84	-0.265	good-DMR
chr1	1047765	1048681	22	0.663	0.711	-0.048	non-DMR
chr1	1048732	1049750	22	0.751	0.787	-0.035	non-DMR
chr1	1049843	1050874	27	0.734	0.777	-0.043	non-DMR
chr1	1050930	1051753	20	0.88	0.915	-0.035	non-DMR
chr1	1051836	1052680	19	0.783	0.819	-0.036	non-DMR
chr1	1052740	1053728	21	0.592	0.904	-0.312	good-DMR
chr1	1054151	1055116	26	0.75	0.79	-0.04	non-DMR
chr1	1055178	1056146	24	0.728	0.764	-0.035	non-DMR
chr1	1056230	1057108	23	0.786	0.823	-0.037	non-DMR
chr1	1057188	1058393	27	0.569	0.779	-0.21	good-DMR
chr1	1058899	1059699	19	0.867	0.914	-0.047	non-DMR
chr1	1059795	1060811	23	0.408	0.7	-0.293	good-DMR
chr1	1061218	1062282	23	0.762	0.797	-0.035	non-DMR
chr1	1062360	1063250	20	0.775	0.822	-0.047	non-DMR
chr1	1063361	1064418	28	0.683	0.725	-0.043	non-DMR
chr1	1064521	1065476	21	0.805	0.85	-0.045	non-DMR
chr1	1065522	1066529	24	0.509	0.788	-0.279	good-DMR
chr1	1066994	1067868	20	0.502	0.763	-0.261	good-DMR
chr1	1068239	1069272	26	0.712	0.751	-0.039	non-DMR
chr1	1069379	1070066	18	0.605	0.653	-0.048	non-DMR
chr1	1070122	1071147	24	0.473	0.781	-0.308	good-DMR
chr1	1071626	1072636	23	0.533	0.208	0.326	good-DMR
chr1	1073117	1074025	21	0.882	0.918	-0.036	non-DMR
chr1	1074120	1074973	20	0.785	0.822	-0.037	non-DMR
chr1	1075009	1075929	19	0.209	0.063	0.146	good-DMR
chr1	1076445	1077337	21	0.749	0.794	-0.045	non-DMR
chr1	1077438	1078381	21	0.194	0.149	0.044	non-DMR
chr1	1078480	1079262	18	0.396	0.187	0.209	good-DMR
chr1	1079755	1080774	20	0.714	0.758	-0.043	non-DMR
chr1	1080865	1081860	23	0.584	0.626	-0.041	non-DMR
chr1	1081970	1082774	18	0.713	0.696	0.017	inconsistent-DMR
chr1	1082887	1083711	21	0.844	0.875	-0.031	non-DMR
chr1	1084680	1085673	23	0.712	0.758	-0.046	non-DMR
chr1	1085772	1086569	20	0.343	0.586	-0.243	good-DMR
chr1	1086993	1087970	22	0.649	0.69	-0.042	non-DMR
chr1	1088095	1089139	25	0.572	0.62	-0.048	non-DMR
chr1	1089245	1090220	24	0.64	0.866	-0.226	good-DMR
chr1	1090643	1091613	26	0.54	0.758	-0.218	good-DMR
chr1	1092122	1093114	22	0.355	0.319	0.035	non-DMR
chr1	1093136	1094180	25	0.87	0.904	-0.035	non-DMR
chr1	1094303	1095127	21	0.244	0.194	0.05	non-DMR
chr1	1095226	1096038	20	0.582	0.546	0.036	non-DMR
chr1	1096171	1097107	21	0.77	0.804	-0.034	non-DMR
chr1	1097221	1098151	23	0.88	0.917	-0.037	non-DMR
chr1	1098215	1099163	22	0.354	0.312	0.043	non-DMR
chr1	1099308	1100295	21	0.656	0.698	-0.042	non-DMR
chr1	1100393	1101415	26	0.708	0.749	-0.041	non-DMR
chr1	1101481	1102471	23	0.708	0.754	-0.046	non-DMR
chr1	1102485	1103435	21	0.538	0.775	-0.236	good-DMR
chr1	1103934	1104884	21	0.762	0.799	-0.037	non-DMR
chr1	1104946	1106019	25	0.726	0.773	-0.046	non-DMR
chr1	1106062	1106751	19	0.421	0.727	-0.306	good-DMR
chr1	1107209	1108166	23	0.84	0.877	-0.036	non-DMR
chr1	1108224	1109145	25	0.2	0.155	0.045	non-DMR
chr1	1109259	1110354	26	0.728	0.762	-0.033	non-DMR
chr1	1110440	1111549	24	0.814	0.86	-0.045	non-DMR
chr1	1111648	1112555	20	0.779	0.822	-0.043	non-DMR
chr1	1112689	1113713	25	0.222	0.18	0.042	non-DMR
chr1	1113778	1114660	22	0.137	0.096	0.041	non-DMR
chr1	1114702	1115744	27	0.545	0.835	-0.29	good-DMR
chr1	1116111	1117028	23	0.658	0.692	-0.034	non-DMR
chr1	1117102	1117939	23	0.354	0.182	0.171	good-DMR
chr1	1118393	1119229	21	0.748	0.785	-0.038	non-DMR
chr1	1119323	1120375	25	0.886	0.921	-0.036	non-DMR
chr1	1120433	1121408	23	0.584	0.787	-0.203	good-DMR
chr1	1121917	1122649	18	0.278	0.239	0.039	non-DMR
chr1	1122767	1123769	21	0.144	0.107	0.036	non-DMR
chr1	1123877	1124828	23	0.327	0.598	-0.27	good-DMR
chr1	1125352	1126327	22	0.844	0.883	-0.038	non-DMR
chr1	1126444	1127244	19	0.785	0.823	-0.038	non-DMR
chr1	1127305	1128431	28	0.786	0.893	-0.107	sub-DMR
chr1	1128921	1129830	23	0.656	0.88	-0.224	good-DMR
chr1	1130315	1131190	19	0.813	0.853	-0.04	non-DMR
chr1	1131318	1132170	21	0.162	0.117	0.045	non-DMR
chr1	1132194	1133242	25	0.658	0.912	-0.254	good-DMR
chr1	1133731	1134797	24	0.564	0.847	-0.284	good-DMR
chr1	1135164	1136160	26	0.668	0.637	0.031	inconsistent-DMR
chr1	1136353	1137187	20	0.213	0.17	0.043	non-DMR
chr1	1137309	1138124	20	0.782	0.814	-0.032	non-DMR
chr1	1138208	1139068	22	0.664	0.558	0.107	sub-DMR
chr1	1139576	1140483	23	0.3	0.572	-0.272	good-DMR
chr1	1140936	1141869	24	0.551	0.763	-0.212	good-DMR
chr1	1142346	1143137	19	0.63	0.685	-0.055	inconsistent-DMR
chr1	1143314	1144517	29	0.84	0.878	-0.038	non-DMR
chr1	1144591	1145703	28	0.746	0.787	-0.041	non-DMR
chr1	1145832	1146745	21	0.824	0.864	-0.041	non-DMR
chr1	1146863	1148048	29	0.823	0.859	-0.036	non-DMR
chr1	1148164	1148989	19	0.577	0.626	-0.049	non-DMR
chr1	1149023	1149903	21	0.759	0.794	-0.035	non-DMR
chr1	1149996	1150884	23	0.585	0.774	-0.188	good-DMR
chr1	1151318	1152252	22	0.341	0.074	0.267	good-DMR
chr1	1152783	1153723	23	0.813	0.848	-0.035	non-DMR
chr1	1153844	1154921	25	0.145	0.101	0.044	non-DMR
chr1	1155011	1155919	21	0.652	0.752	-0.101	sub-DMR
chr1	1156330	1157214	21	0.142	0.102	0.041	non-DMR
chr1	1157286	1158221	23	0.244	0.202	0.042	non-DMR
chr1	1158320	1159340	23	0.657	0.7	-0.043	non-DMR
chr1	1159441	1160355	21	0.133	0.1	0.033	non-DMR
chr1	1161635	1162301	14	0.646	0.75	-0.104	sub-DMR
chr1	1162749	1163676	22	0.482	0.769	-0.287	good-DMR
chr1	1164093	1164979	21	0.226	0.186	0.04	non-DMR
chr1	1165028	1166159	27	0.15	0.11	0.04	non-DMR
chr1	1166280	1167078	18	0.252	0.221	0.031	non-DMR
chr1	1167167	1168173	23	0.894	0.937	-0.042	non-DMR
chr1	1168265	1169228	22	0.679	0.786	-0.106	sub-DMR
chr1	1169660	1170406	21	0.521	0.767	-0.246	good-DMR
chr1	1170948	1171965	26	0.766	0.801	-0.035	non-DMR
chr1	1172045	1172901	21	0.748	0.779	-0.031	non-DMR
chr1	1172954	1173930	25	0.242	0.203	0.039	non-DMR
chr1	1174046	1174960	22	0.562	0.523	0.038	non-DMR
chr1	1175058	1176040	24	0.76	0.865	-0.105	sub-DMR
chr1	1176559	1177566	23	0.769	0.811	-0.042	non-DMR
chr1	1177627	1178742	26	0.134	0.097	0.037	non-DMR
chr1	1178832	1179633	19	0.654	0.694	-0.039	non-DMR
chr1	1179743	1180815	24	0.756	0.799	-0.042	non-DMR
chr1	1180826	1181878	26	0.535	0.773	-0.238	good-DMR
chr1	1182319	1183207	21	0.862	0.908	-0.046	non-DMR
chr1	1183297	1184381	23	0.512	0.739	-0.227	good-DMR
chr1	1184874	1185863	25	0.789	0.833	-0.044	non-DMR
chr1	1185993	1186883	23	0.213	0.171	0.042	non-DMR
chr1	1186958	1187870	25	0.111	0.068	0.043	non-DMR
chr1	1187969	1188886	20	0.579	0.314	0.265	good-DMR
chr1	1189362	1190263	21	0.827	0.867	-0.041	non-DMR
chr1	1190341	1191437	26	0.859	0.898	-0.039	non-DMR
chr1	1191521	1192610	24	0.795	0.839	-0.043	non-DMR
chr1	1192671	1193714	27	0.825	0.861	-0.036	non-DMR
chr1	1193785	1194857	23	0.799	0.58	0.219	good-DMR
chr1	1195395	1196377	26	0.686	0.732	-0.047	non-DMR
chr1	1196483	1197394	19	0.686	0.733	-0.047	non-DMR
chr1	1197489	1198423	22	0.87	0.903	-0.034	non-DMR
chr1	1198532	1199517	26	0.613	0.656	-0.043	non-DMR
chr1	1199572	1200462	21	0.35	0.662	-0.312	good-DMR
chr1	1201004	1201975	23	0.711	0.748	-0.038	non-DMR
chr1	1202021	1202986	19	0.64	0.836	-0.196	good-DMR
chr1	1203516	1204407	25	0.764	0.8	-0.036	non-DMR
chr1	1204507	1205473	24	0.154	0.143	0.011	inconsistent-DMR
chr1	1205608	1206514	23	0.79	0.832	-0.042	non-DMR
chr1	1206598	1207603	26	0.609	0.849	-0.24	good-DMR
chr1	1208077	1208949	20	0.556	0.836	-0.281	good-DMR
chr1	1209455	1210318	20	0.711	0.752	-0.041	non-DMR
chr1	1210363	1211248	21	0.747	0.79	-0.044	non-DMR
chr1	1211342	1212493	28	0.158	0.117	0.042	non-DMR
chr1	1212635	1213482	19	0.659	0.692	-0.033	non-DMR
chr1	1213551	1214364	19	0.651	0.689	-0.037	non-DMR
chr1	1214462	1215442	23	0.638	0.681	-0.043	non-DMR
chr1	1215533	1216599	30	0.162	0.122	0.039	non-DMR
chr1	1216656	1217776	24	0.158	0.111	0.047	non-DMR
chr1	1217867	1218894	26	0.437	0.196	0.241	good-DMR
chr1	1219426	1220233	22	0.713	0.739	-0.026	inconsistent-DMR
chr1	1220408	1221383	23	0.516	0.827	-0.311	good-DMR
chr1	1221863	1222872	23	0.722	0.776	-0.054	inconsistent-DMR
chr1	1223013	1224045	25	0.695	0.799	-0.104	sub-DMR
chr1	1224571	1225660	24	0.761	0.806	-0.046	non-DMR
chr1	1225758	1226614	24	0.788	0.826	-0.038	non-DMR
chr1	1226649	1227579	24	0.264	0.16	0.104	sub-DMR
chr1	1228033	1228933	21	0.713	0.815	-0.102	sub-DMR
chr1	1229419	1230506	22	0.204	0.167	0.037	non-DMR
chr1	1230591	1231600	24	0.715	0.753	-0.038	non-DMR
chr1	1231616	1232701	25	0.558	0.819	-0.26	good-DMR
chr1	1233182	1234096	19	0.368	0.322	0.046	non-DMR
chr1	1234240	1235378	29	0.708	0.741	-0.033	non-DMR
chr1	1235422	1236333	23	0.577	0.789	-0.212	good-DMR
chr1	1236840	1237964	26	0.3	0.259	0.04	non-DMR
chr1	1238083	1239028	22	0.859	0.89	-0.031	non-DMR
chr1	1239126	1240095	24	0.743	0.788	-0.044	non-DMR
chr1	1240154	1240994	20	0.513	0.736	-0.222	good-DMR
chr1	1241496	1242511	23	0.785	0.823	-0.039	non-DMR
chr1	1242576	1243425	21	0.156	0.109	0.048	non-DMR
chr1	1243482	1244350	23	0.8	0.824	-0.024	non-DMR
chr1	1244368	1245397	25	0.586	0.824	-0.239	good-DMR
chr1	1245853	1246828	21	0.613	0.727	-0.114	good-DMR
chr1	1247344	1248312	24	0.777	0.816	-0.038	non-DMR
chr1	1248346	1249352	24	0.614	0.843	-0.229	good-DMR
chr1	1249613	1250418	18	0.694	0.735	-0.041	non-DMR
chr1	1250490	1251597	24	0.597	0.635	-0.038	non-DMR
chr1	1251730	1252702	25	0.824	0.866	-0.042	non-DMR
chr1	1252732	1253684	21	0.401	0.173	0.228	good-DMR
chr1	1254149	1255201	27	0.61	0.894	-0.285	good-DMR
chr1	1255654	1256727	25	0.539	0.821	-0.282	good-DMR
chr1	1257243	1258191	24	0.772	0.821	-0.049	non-DMR
chr1	1258283	1259267	23	0.456	0.259	0.197	good-DMR
chr1	1259622	1260610	22	0.598	0.819	-0.221	good-DMR
chr1	1260985	1261957	23	0.674	0.868	-0.194	good-DMR
chr1	1262415	1263409	24	0.755	0.797	-0.043	non-DMR
chr1	1263477	1264474	27	0.655	0.906	-0.25	good-DMR
chr1	1264879	1265670	18	0.353	0.133	0.22	good-DMR
