chr	start	end	CpG_count	treatment_methylation	control_methylation	mean_delta_methylation	category
chr1	100022	101249	27	0.813	0.854	-0.041	non-DMR
chr1	101353	102146	18	0.342	0.089	0.253	good-DMR
chr1	102660	103521	21	0.833	0.882	-0.049	non-DMR
chr1	103665	104556	22	0.706	0.751	-0.045	non-DMR
chr1	104636	105559	22	0.566	0.793	-0.228	good-DMR
chr1	106022	107005	26	0.862	0.912	-0.05	non-DMR
chr1	107154	108245	28	0.828	0.864	-0.036	non-DMR
chr1	108299	109291	20	0.503	0.202	0.301	good-DMR
chr1	109738	110763	22	0.684	0.731	-0.046	non-DMR
chr1	110842	111780	22	0.78	0.827	-0.047	non-DMR
chr1	111850	112915	24	0.724	0.765	-0.041	non-DMR
chr1	112979	113895	21	0.515	0.79	-0.275	good-DMR
chr1	114398	115302	23	0.663	0.878	-0.215	good-DMR
chr1	115784	116849	25	0.897	0.936	-0.039	non-DMR
chr1	116957	117795	21	0.722	0.927	-0.205	good-DMR
chr1	118258	119119	21	0.115	0.074	0.041	non-DMR
chr1	119181	120040	20	0.516	0.823	-0.307	notable-DMR
chr1	120153	120904	19	0.157	0.118	0.039	non-DMR
chr1	120977	122063	26	0.82	0.862	-0.043	non-DMR
chr1	122187	123281	25	0.673	0.714	-0.041	non-DMR
chr1	123347	124188	20	0.698	0.737	-0.039	non-DMR
chr1	124281	125124	24	0.229	0.191	0.038	non-DMR
chr1	125252	126233	20	0.152	0.121	0.031	non-DMR
chr1	126267	127189	22	0.429	0.748	-0.319	good-DMR
chr1	127570	128590	23	0.656	0.697	-0.041	non-DMR
chr1	128674	129411	19	0.677	0.726	-0.049	non-DMR
chr1	129460	130502	23	0.624	0.87	-0.246	good-DMR
chr1	131014	132067	25	0.758	0.796	-0.038	non-DMR
chr1	132186	133165	25	0.82	0.852	-0.031	non-DMR
chr1	133292	134265	23	0.805	0.847	-0.041	non-DMR
chr1	134384	135361	23	0.194	0.073	0.122	notable-DMR
chr1	135448	136429	23	0.703	0.747	-0.044	non-DMR
chr1	136472	137316	19	0.753	0.8	-0.047	non-DMR
chr1	137408	138436	24	0.121	0.086	0.034	non-DMR
chr1	138513	139721	29	0.82	0.852	-0.033	non-DMR
chr1	139789	140696	22	0.733	0.765	-0.033	non-DMR
chr1	140762	141725	21	0.728	0.835	-0.107	sub-DMR
chr1	142199	143077	21	0.807	0.852	-0.044	non-DMR
chr1	143194	143989	21	0.699	0.684	0.015	inconsistent-DMR
chr1	144136	144940	20	0.595	0.801	-0.205	good-DMR
chr1	145457	146396	21	0.758	0.799	-0.041	non-DMR
chr1	146484	147255	19	0.702	0.75	-0.049	non-DMR
chr1	147329	148301	26	0.586	0.857	-0.272	good-DMR
chr1	148692	149578	20	0.843	0.844	-0.001	inconsistent-DMR
chr1	149726	150616	20	0.712	0.756	-0.044	non-DMR
chr1	150720	151763	26	0.13	0.088	0.041	non-DMR
chr1	151794	152765	23	0.467	0.361	0.106	sub-DMR
chr1	153226	154142	22	0.564	0.813	-0.249	good-DMR
chr1	154641	155503	20	0.206	0.168	0.038	non-DMR
chr1	155577	156401	21	0.158	0.122	0.036	non-DMR
chr1	156510	157555	27	0.823	0.869	-0.047	non-DMR
chr1	157630	158747	28	0.663	0.706	-0.044	non-DMR
chr1	158865	159908	28	0.817	0.865	-0.048	non-DMR
chr1	160020	160887	21	0.157	0.12	0.037	non-DMR
chr1	160911	161951	24	0.535	0.846	-0.311	good-DMR
chr1	162429	163510	25	0.892	0.939	-0.047	non-DMR
chr1	163572	164436	23	0.783	0.821	-0.038	non-DMR
chr1	164472	165421	23	0.727	0.837	-0.11	sub-DMR
chr1	165829	166942	28	0.748	0.857	-0.108	sub-DMR
chr1	167398	168361	24	0.794	0.842	-0.048	non-DMR
chr1	168393	169269	22	0.684	0.72	-0.035	non-DMR
chr1	169386	170437	23	0.103	0.06	0.042	non-DMR
chr1	170513	171391	22	0.836	0.875	-0.039	non-DMR
chr1	171505	172467	25	0.708	0.748	-0.04	non-DMR
chr1	172553	173748	28	0.39	0.363	0.027	inconsistent-DMR
chr1	173823	174801	28	0.537	0.866	-0.329	good-DMR
chr1	175253	176161	24	0.784	0.834	-0.051	non-DMR
chr1	176258	177082	20	0.354	0.123	0.231	good-DMR
chr1	177592	178800	29	0.648	0.695	-0.047	non-DMR
chr1	178912	179913	23	0.789	0.811	-0.022	inconsistent-DMR
chr1	180072	181085	25	0.625	0.666	-0.041	non-DMR
chr1	181178	182235	22	0.653	0.854	-0.202	good-DMR
chr1	182652	183822	25	0.849	0.881	-0.032	non-DMR
chr1	183861	184701	22	0.803	0.847	-0.044	non-DMR
chr1	184784	185593	19	0.564	0.524	0.04	non-DMR
chr1	185657	186684	25	0.428	0.789	-0.36	good-DMR
chr1	187166	188278	29	0.635	0.853	-0.218	good-DMR
chr1	188795	189773	24	0.799	0.846	-0.047	non-DMR
chr1	189809	190762	24	0.816	0.861	-0.045	non-DMR
chr1	190891	191683	17	0.596	0.63	-0.034	non-DMR
chr1	191795	193032	29	0.692	0.736	-0.044	non-DMR
chr1	193111	194078	23	0.493	0.779	-0.286	good-DMR
chr1	194584	195683	25	0.811	0.857	-0.047	non-DMR
chr1	195745	196848	30	0.523	0.759	-0.237	good-DMR
chr1	197366	198311	24	0.793	0.831	-0.038	non-DMR
chr1	198411	199347	23	0.252	0.215	0.038	non-DMR
chr1	199404	200246	19	0.457	0.785	-0.328	good-DMR
chr1	200752	201524	18	0.137	0.087	0.05	non-DMR
chr1	201605	202550	20	0.696	0.743	-0.047	non-DMR
chr1	202666	203602	21	0.735	0.769	-0.035	non-DMR
chr1	203686	204757	28	0.223	0.186	0.037	non-DMR
chr1	204811	205691	25	0.758	0.929	-0.172	good-DMR
chr1	206222	207106	22	0.824	0.859	-0.035	non-DMR
chr1	207152	208191	27	0.295	0.032	0.263	good-DMR
chr1	208631	209626	22	0.662	0.697	-0.036	non-DMR
chr1	210753	211549	18	0.731	0.771	-0.04	non-DMR
chr1	211646	212616	21	0.726	0.764	-0.038	non-DMR
chr1	212717	213687	22	0.831	0.875	-0.044	non-DMR
chr1	213785	214786	22	0.696	0.737	-0.04	non-DMR
chr1	214906	215906	23	0.773	0.816	-0.042	non-DMR
chr1	216033	216961	22	0.743	0.784	-0.041	non-DMR
chr1	217086	218059	23	0.687	0.733	-0.045	non-DMR
chr1	218143	219183	24	0.556	0.724	-0.169	good-DMR
chr1	219471	220515	24	0.821	0.923	-0.101	sub-DMR
chr1	221042	221896	20	0.603	0.641	-0.037	non-DMR
chr1	222005	222743	21	0.821	0.862	-0.041	non-DMR
chr1	222831	223866	24	0.71	0.931	-0.221	good-DMR
chr1	224126	225113	22	0.574	0.876	-0.301	good-DMR
chr1	225606	226533	23	0.555	0.793	-0.238	good-DMR
chr1	226988	227822	19	0.511	0.819	-0.308	good-DMR
chr1	228101	229101	25	0.731	0.786	-0.055	inconsistent-DMR
chr1	230153	231085	21	0.806	0.853	-0.047	non-DMR
chr1	231177	232029	19	0.666	0.709	-0.042	non-DMR
chr1	232073	233018	22	0.774	0.815	-0.041	non-DMR
chr1	233088	234063	23	0.872	0.915	-0.042	non-DMR
chr1	234131	235200	24	0.41	0.305	0.105	sub-DMR
chr1	235625	236674	25	0.176	0.139	0.037	non-DMR
chr1	236712	237699	22	0.882	0.925	-0.043	non-DMR
chr1	237717	238629	23	0.606	0.649	-0.043	non-DMR
chr1	238644	239558	21	0.642	0.673	-0.031	non-DMR
chr1	239606	240369	18	0.572	0.621	-0.049	inconsistent-DMR
chr1	240544	241414	20	0.667	0.707	-0.04	non-DMR
chr1	241517	242454	21	0.641	0.685	-0.044	non-DMR
chr1	242549	243635	27	0.705	0.808	-0.103	sub-DMR
chr1	244084	245091	24	0.56	0.853	-0.293	good-DMR
chr1	245519	246424	24	0.346	0.307	0.039	non-DMR
chr1	246555	247469	20	0.651	0.676	-0.025	non-DMR
chr1	247554	248518	20	0.63	0.67	-0.04	non-DMR
chr1	248606	249389	21	0.504	0.727	-0.222	good-DMR
chr1	249861	250941	24	0.322	0.63	-0.309	good-DMR
chr1	251365	252391	27	0.747	0.766	-0.019	inconsistent-DMR
chr1	252539	253442	22	0.628	0.583	0.045	non-DMR
chr1	253469	254350	20	0.336	0.606	-0.27	good-DMR
chr1	254822	255873	25	0.085	0.04	0.045	non-DMR
chr1	255953	256819	21	0.842	0.874	-0.032	non-DMR
chr1	256939	257850	21	0.769	0.817	-0.048	non-DMR
chr1	257966	259018	26	0.084	0.045	0.039	non-DMR
chr1	259063	260032	22	0.566	0.87	-0.305	good-DMR
chr1	260531	261377	21	0.647	0.679	-0.032	non-DMR
chr1	261505	262606	24	0.182	0.14	0.042	non-DMR
chr1	262644	263761	24	0.433	0.7	-0.267	good-DMR
chr1	264114	265003	19	0.589	0.628	-0.04	non-DMR
chr1	265153	266152	24	0.258	0.215	0.043	non-DMR
chr1	266228	267082	20	0.486	0.753	-0.267	good-DMR
chr1	267510	268537	23	0.369	0.06	0.309	good-DMR
chr1	269067	269922	20	0.768	0.806	-0.038	non-DMR
chr1	270023	271066	24	0.711	0.754	-0.043	non-DMR
chr1	271131	272176	24	0.156	0.12	0.036	non-DMR
chr1	272219	273182	23	0.356	0.057	0.299	good-DMR
chr1	273667	274650	24	0.763	0.798	-0.035	non-DMR
chr1	274667	275665	25	0.497	0.747	-0.25	good-DMR
chr1	276039	276935	20	0.702	0.86	-0.158	good-DMR
chr1	277440	278536	25	0.386	0.67	-0.284	good-DMR
chr1	279061	279910	23	0.877	0.919	-0.041	non-DMR
chr1	279976	281026	27	0.702	0.74	-0.038	non-DMR
chr1	281044	282117	26	0.211	0.177	0.033	non-DMR
chr1	282208	283111	21	0.546	0.77	-0.224	good-DMR
chr1	283614	284511	20	0.718	0.755	-0.037	non-DMR
chr1	284554	285562	23	0.626	0.797	-0.17	good-DMR
chr1	285958	286910	23	0.513	0.786	-0.273	good-DMR
chr1	287402	288250	22	0.284	0.078	0.205	good-DMR
chr1	288763	289939	26	0.887	0.93	-0.043	non-DMR
chr1	290004	291156	26	0.684	0.722	-0.038	non-DMR
chr1	291170	291959	20	0.367	0.063	0.304	good-DMR
chr1	292384	293305	25	0.268	0.228	0.04	non-DMR
chr1	293375	294231	23	0.839	0.881	-0.042	non-DMR
chr1	294238	295166	25	0.43	0.76	-0.33	good-DMR
chr1	295614	296649	22	0.557	0.563	-0.006	inconsistent-DMR
chr1	296791	297906	29	0.184	0.142	0.042	non-DMR
chr1	298048	298862	20	0.685	0.73	-0.045	non-DMR
chr1	298972	299914	20	0.775	0.813	-0.038	non-DMR
chr1	301086	302057	20	0.745	0.789	-0.043	non-DMR
chr1	302156	303143	25	0.777	0.82	-0.043	non-DMR
chr1	303210	304277	23	0.252	0.56	-0.308	good-DMR
chr1	304748	305708	24	0.222	0.182	0.04	non-DMR
chr1	305738	306697	21	0.552	0.593	-0.041	non-DMR
chr1	306775	307619	21	0.442	0.653	-0.211	good-DMR
chr1	308126	309171	22	0.366	0.677	-0.311	good-DMR
chr1	309669	310619	21	0.594	0.701	-0.108	sub-DMR
chr1	311089	312107	25	0.731	0.771	-0.04	non-DMR
chr1	312157	313138	24	0.878	0.913	-0.035	non-DMR
chr1	313279	314236	21	0.777	0.808	-0.031	non-DMR
chr1	314324	315179	21	0.551	0.824	-0.272	good-DMR
chr1	315700	316632	21	0.831	0.875	-0.043	non-DMR
chr1	316757	317740	20	0.678	0.715	-0.036	non-DMR
chr1	317845	318827	20	0.669	0.885	-0.216	good-DMR
chr1	319357	320264	19	0.69	0.734	-0.043	non-DMR
chr1	320349	321260	22	0.791	0.832	-0.041	non-DMR
chr1	321341	322248	23	0.424	0.732	-0.308	notable-DMR
chr1	322340	323357	23	0.739	0.773	-0.033	non-DMR
chr1	323388	324364	27	0.715	0.816	-0.101	sub-DMR
chr1	324872	325731	17	0.709	0.742	-0.033	non-DMR
chr1	325870	326841	22	0.581	0.541	0.04	non-DMR
chr1	326882	327777	20	0.496	0.537	-0.04	non-DMR
chr1	327868	328933	25	0.521	0.751	-0.23	notable-DMR
chr1	329031	329903	22	0.763	0.804	-0.041	non-DMR
chr1	329990	330975	25	0.21	0.161	0.048	non-DMR
chr1	330989	331976	22	0.558	0.658	-0.101	sub-DMR
chr1	332463	333321	21	0.101	0.064	0.037	non-DMR
chr1	333341	334276	24	0.391	0.11	0.281	good-DMR
chr1	334683	335654	24	0.709	0.754	-0.045	non-DMR
chr1	335729	336653	23	0.223	0.185	0.038	non-DMR
chr1	336706	337606	19	0.586	0.635	-0.048	non-DMR
chr1	337723	338705	21	0.579	0.31	0.269	notable-DMR
chr1	338782	339734	21	0.675	0.711	-0.036	non-DMR
chr1	339842	340699	18	0.205	0.162	0.043	non-DMR
chr1	340820	341913	24	0.633	0.671	-0.039	non-DMR
chr1	342023	343041	22	0.621	0.658	-0.038	non-DMR
chr1	343125	343967	21	0.713	0.821	-0.108	sub-DMR
chr1	344390	345421	27	0.85	0.892	-0.041	non-DMR
chr1	345498	346344	18	0.639	0.684	-0.045	non-DMR
chr1	346392	347408	24	0.616	0.663	-0.047	non-DMR
chr1	347527	348445	25	0.118	0.07	0.048	non-DMR
chr1	348551	349581	25	0.614	0.873	-0.259	good-DMR
chr1	350049	350980	23	0.791	0.826	-0.036	non-DMR
chr1	352203	353345	25	0.616	0.653	-0.037	non-DMR
chr1	353448	354351	20	0.197	0.153	0.043	non-DMR
chr1	354393	355327	21	0.597	0.639	-0.042	non-DMR
chr1	355428	356373	21	0.763	0.757	0.006	inconsistent-DMR
chr1	356453	357297	19	0.869	0.913	-0.045	non-DMR
chr1	358491	359483	22	0.841	0.881	-0.039	non-DMR
chr1	359584	360500	24	0.86	0.899	-0.039	non-DMR
chr1	360552	361513	21	0.792	0.834	-0.042	non-DMR
chr1	362678	363556	21	0.591	0.796	-0.205	good-DMR
chr1	364014	365165	28	0.776	0.817	-0.041	non-DMR
chr1	365185	366135	24	0.363	0.091	0.271	good-DMR
chr1	366563	367494	23	0.464	0.218	0.247	good-DMR
chr1	368023	369030	27	0.807	0.85	-0.043	non-DMR
chr1	369091	369887	17	0.67	0.72	-0.05	non-DMR
chr1	369989	370929	21	0.723	0.757	-0.034	non-DMR
chr1	371057	372133	28	0.331	0.589	-0.258	notable-DMR
chr1	372228	373304	24	0.7	0.737	-0.037	non-DMR
chr1	373424	374389	24	0.574	0.789	-0.215	notable-DMR
chr1	374506	375438	24	0.633	0.587	0.046	non-DMR
chr1	375456	376221	20	0.591	0.892	-0.301	good-DMR
chr1	376562	377605	24	0.401	0.142	0.259	good-DMR
chr1	377980	378846	21	0.905	0.942	-0.037	non-DMR
chr1	378972	379734	17	0.304	0.271	0.034	non-DMR
chr1	379852	380822	26	0.339	0.334	0.004	inconsistent-DMR
chr1	380943	381877	23	0.403	0.768	-0.365	good-DMR
chr1	382380	383520	23	0.795	0.837	-0.042	non-DMR
chr1	383620	384360	19	0.399	0.356	0.042	non-DMR
chr1	384456	385401	23	0.649	0.69	-0.042	non-DMR
chr1	385450	386300	20	0.438	0.671	-0.233	good-DMR
chr1	386745	387816	23	0.584	0.623	-0.039	inconsistent-DMR
chr1	387985	388959	23	0.132	0.096	0.036	non-DMR
chr1	389017	390068	25	0.411	0.73	-0.319	good-DMR
chr1	390559	391610	26	0.786	0.831	-0.045	non-DMR
chr1	391705	392626	24	0.804	0.839	-0.035	non-DMR
chr1	392748	393671	24	0.682	0.719	-0.036	non-DMR
chr1	393728	394671	22	0.765	0.806	-0.041	non-DMR
chr1	394772	395796	23	0.709	0.753	-0.044	non-DMR
chr1	395875	396950	25	0.712	0.752	-0.04	non-DMR
chr1	397032	397918	21	0.701	0.74	-0.039	non-DMR
chr1	398019	398964	26	0.746	0.786	-0.04	non-DMR
chr1	399028	399956	20	0.858	0.901	-0.043	non-DMR
chr1	400002	401049	23	0.518	0.746	-0.228	good-DMR
chr1	401532	402555	24	0.617	0.884	-0.267	good-DMR
chr1	402987	403960	23	0.723	0.772	-0.049	non-DMR
chr1	404047	405087	21	0.765	0.8	-0.036	non-DMR
chr1	405208	406038	22	0.273	0.232	0.041	non-DMR
chr1	406093	407102	25	0.844	0.882	-0.038	non-DMR
chr1	407181	408149	24	0.717	0.764	-0.047	non-DMR
chr1	408199	409003	21	0.828	0.869	-0.041	non-DMR
chr1	409115	410041	22	0.764	0.808	-0.044	non-DMR
chr1	410118	411000	23	0.734	0.77	-0.036	non-DMR
chr1	411060	411926	19	0.424	0.12	0.305	good-DMR
chr1	412371	413266	22	0.612	0.862	-0.249	good-DMR
chr1	413750	414562	18	0.152	0.107	0.045	non-DMR
chr1	414659	415580	24	0.376	0.337	0.04	inconsistent-DMR
chr1	415647	416555	20	0.704	0.807	-0.103	sub-DMR
chr1	416977	417841	20	0.655	0.767	-0.112	sub-DMR
chr1	418343	419302	23	0.765	0.811	-0.045	non-DMR
chr1	419375	420209	19	0.331	0.295	0.036	non-DMR
chr1	420311	421161	22	0.519	0.744	-0.225	notable-DMR
chr1	421280	422185	22	0.689	0.728	-0.038	non-DMR
chr1	422311	423397	28	0.111	0.062	0.049	non-DMR
chr1	424530	425367	24	0.798	0.839	-0.04	non-DMR
chr1	426694	427818	25	0.329	0.296	0.033	non-DMR
chr1	427929	428678	19	0.622	0.666	-0.044	non-DMR
chr1	428780	429661	19	0.745	0.781	-0.036	non-DMR
chr1	429696	430893	28	0.143	0.113	0.03	non-DMR
chr1	431002	431884	23	0.748	0.789	-0.041	non-DMR
chr1	431980	432758	18	0.714	0.76	-0.046	non-DMR
chr1	432821	433808	25	0.326	0.055	0.271	good-DMR
chr1	434281	435251	22	0.531	0.701	-0.17	good-DMR
chr1	435745	436677	22	0.734	0.777	-0.043	non-DMR
chr1	436741	437793	22	0.613	0.644	-0.031	non-DMR
chr1	437890	438984	25	0.34	0.641	-0.301	good-DMR
chr1	439448	440455	27	0.422	0.168	0.254	good-DMR
chr1	440949	441786	19	0.499	0.24	0.259	good-DMR
chr1	442269	443166	23	0.572	0.613	-0.041	non-DMR
chr1	443251	444195	21	0.716	0.761	-0.046	non-DMR
chr1	444334	445302	23	0.691	0.726	-0.034	non-DMR
chr1	445372	446401	22	0.677	0.845	-0.168	good-DMR
chr1	446846	447696	22	0.801	0.842	-0.041	non-DMR
chr1	447803	448967	28	0.521	0.559	-0.038	non-DMR
chr1	449024	449945	23	0.542	0.584	-0.042	non-DMR
chr1	450035	451006	23	0.658	0.705	-0.047	non-DMR
chr1	451110	452140	23	0.845	0.887	-0.043	non-DMR
chr1	452198	453037	21	0.488	0.712	-0.225	good-DMR
chr1	453511	454669	27	0.678	0.719	-0.041	non-DMR
chr1	454774	455873	22	0.518	0.791	-0.272	good-DMR
chr1	456335	457183	18	0.353	0.15	0.203	good-DMR
chr1	457673	458691	25	0.693	0.728	-0.035	non-DMR
chr1	458786	459718	25	0.688	0.729	-0.041	non-DMR
chr1	459789	460947	25	0.791	0.841	-0.05	non-DMR
chr1	460965	461888	21	0.713	0.867	-0.154	good-DMR
chr1	462411	463326	21	0.829	0.871	-0.042	non-DMR
chr1	463344	464264	21	0.546	0.781	-0.235	good-DMR
chr1	464678	465517	20	0.802	0.841	-0.04	non-DMR
chr1	465589	466498	24	0.724	0.766	-0.042	non-DMR
chr1	466527	467538	24	0.463	0.721	-0.258	good-DMR
chr1	468082	469131	27	0.853	0.897	-0.044	non-DMR
chr1	469256	470326	27	0.743	0.779	-0.036	non-DMR
chr1	470412	471422	25	0.787	0.826	-0.038	non-DMR
chr1	471448	472498	27	0.664	0.77	-0.106	sub-DMR
chr1	472930	473933	26	0.456	0.673	-0.217	good-DMR
chr1	474433	475252	17	0.598	0.585	0.013	inconsistent-DMR
chr1	475350	476304	24	0.329	0.17	0.159	good-DMR
chr1	476805	477738	23	0.709	0.747	-0.038	non-DMR
chr1	477877	478724	19	0.735	0.771	-0.036	non-DMR
chr1	478760	479757	22	0.758	0.805	-0.047	non-DMR
chr1	479873	480749	22	0.865	0.901	-0.036	non-DMR
chr1	480862	481989	27	0.658	0.703	-0.045	non-DMR
chr1	482028	483028	27	0.472	0.764	-0.292	good-DMR
chr1	483489	484424	26	0.64	0.679	-0.039	non-DMR
chr1	485433	486369	23	0.688	0.727	-0.039	non-DMR
chr1	486466	487330	20	0.845	0.884	-0.039	non-DMR
chr1	487392	488280	21	0.705	0.935	-0.23	good-DMR
chr1	488652	489644	22	0.416	0.13	0.286	good-DMR
chr1	490018	490906	20	0.464	0.509	-0.045	non-DMR
chr1	490991	491883	23	0.828	0.868	-0.039	non-DMR
chr1	491927	493038	26	0.74	0.536	0.204	good-DMR
chr1	493501	494388	21	0.616	0.859	-0.243	good-DMR
chr1	494888	495928	27	0.432	0.728	-0.296	good-DMR
chr1	496467	497479	22	0.868	0.905	-0.037	non-DMR
chr1	497613	498554	25	0.747	0.791	-0.043	non-DMR
chr1	498690	499631	23	0.574	0.61	-0.036	non-DMR
chr1	500784	501798	22	0.69	0.732	-0.041	non-DMR
chr1	501938	502925	23	0.851	0.885	-0.033	non-DMR
chr1	503037	503900	19	0.758	0.792	-0.034	non-DMR
chr1	504035	505111	23	0.833	0.866	-0.033	non-DMR
chr1	505195	506215	25	0.42	0.619	-0.199	good-DMR
chr1	506721	507576	23	0.249	0.1	0.149	good-DMR
chr1	508040	509028	22	0.183	0.142	0.041	non-DMR
chr1	509142	510039	25	0.633	0.673	-0.039	non-DMR
chr1	510063	511149	24	0.54	0.718	-0.178	good-DMR
chr1	511633	512757	27	0.131	0.086	0.045	non-DMR
chr1	512824	513630	19	0.6	0.274	0.326	good-DMR
chr1	514151	515097	21	0.855	0.897	-0.042	non-DMR
chr1	515174	516251	21	0.82	0.855	-0.035	non-DMR
chr1	516345	517129	20	0.276	0.538	-0.262	good-DMR
chr1	517575	518579	26	0.652	0.699	-0.047	non-DMR
chr1	518652	519568	23	0.129	0.076	0.053	non-DMR
chr1	519638	520673	24	0.395	0.114	0.281	notable-DMR
chr1	520796	521770	24	0.153	0.119	0.034	non-DMR
chr1	521793	522893	24	0.488	0.753	-0.265	good-DMR
chr1	523339	524341	23	0.259	0.226	0.033	non-DMR
chr1	524410	525636	31	0.472	0.669	-0.197	notable-DMR
chr1	526621	527417	20	0.47	0.204	0.266	good-DMR
chr1	527924	528958	21	0.225	0.041	0.183	good-DMR
chr1	529420	530210	20	0.893	0.926	-0.033	non-DMR
chr1	530287	531349	24	0.85	0.886	-0.037	non-DMR
chr1	531451	532289	21	0.426	0.672	-0.246	good-DMR
chr1	532820	533887	25	0.702	0.749	-0.046	non-DMR
chr1	533956	534812	23	0.821	0.869	-0.048	non-DMR
chr1	534906	535765	23	0.884	0.917	-0.033	non-DMR
chr1	535844	536897	23	0.765	0.808	-0.043	non-DMR
chr1	537039	538121	28	0.691	0.733	-0.042	non-DMR
chr1	538224	539078	20	0.675	0.714	-0.04	non-DMR
chr1	539168	540169	26	0.778	0.824	-0.046	non-DMR
chr1	540265	541284	23	0.353	0.153	0.201	good-DMR
chr1	541702	542642	21	0.804	0.838	-0.034	non-DMR
chr1	542688	543560	20	0.679	0.724	-0.046	non-DMR
chr1	543680	544541	19	0.226	0.176	0.049	non-DMR
chr1	544642	545547	23	0.389	0.662	-0.273	good-DMR
chr1	546035	547103	23	0.704	0.744	-0.041	non-DMR
chr1	547201	548142	24	0.541	0.576	-0.035	non-DMR
chr1	548221	549219	25	0.77	0.873	-0.103	sub-DMR
chr1	549761	550597	18	0.725	0.758	-0.033	non-DMR
chr1	550746	551499	19	0.653	0.698	-0.045	non-DMR
chr1	551608	552514	24	0.719	0.762	-0.044	non-DMR
chr1	552597	553474	21	0.279	0.11	0.169	good-DMR
chr1	553923	554833	22	0.689	0.732	-0.043	non-DMR
chr1	554877	555909	26	0.544	0.859	-0.316	good-DMR
chr1	556423	557350	21	0.88	0.923	-0.043	non-DMR
chr1	557368	558498	25	0.816	0.491	0.325	good-DMR
chr1	559000	559903	20	0.663	0.707	-0.044	non-DMR
chr1	560019	560776	18	0.614	0.647	-0.033	non-DMR
chr1	560873	561977	25	0.661	0.889	-0.227	good-DMR
chr1	562514	563492	24	0.869	0.899	-0.03	non-DMR
chr1	563541	564431	22	0.747	0.792	-0.045	non-DMR
chr1	564464	565521	25	0.304	0.098	0.206	good-DMR
chr1	565950	566951	26	0.542	0.756	-0.215	good-DMR
chr1	567363	568413	27	0.118	0.074	0.044	non-DMR
chr1	568495	569398	23	0.743	0.785	-0.042	non-DMR
chr1	569522	570479	21	0.175	0.129	0.046	non-DMR
chr1	570524	571385	20	0.504	0.771	-0.267	notable-DMR
chr1	571534	572458	19	0.616	0.654	-0.038	non-DMR
chr1	572509	573346	20	0.801	0.844	-0.043	non-DMR
chr1	573386	574416	22	0.521	0.625	-0.104	sub-DMR
chr1	574887	575667	24	0.661	0.808	-0.147	good-DMR
chr1	576089	577053	24	0.493	0.797	-0.304	good-DMR
chr1	577586	578526	21	0.835	0.879	-0.044	non-DMR
chr1	578585	579401	19	0.577	0.616	-0.038	non-DMR
chr1	579462	580460	25	0.81	0.858	-0.047	non-DMR
chr1	580550	581565	25	0.755	0.796	-0.041	non-DMR
chr1	581695	582599	23	0.746	0.783	-0.037	non-DMR
chr1	582714	583669	22	0.782	0.821	-0.039	non-DMR
chr1	583734	584783	26	0.694	0.738	-0.045	non-DMR
chr1	584873	585978	26	0.781	0.822	-0.041	non-DMR
chr1	586088	586932	17	0.678	0.713	-0.035	non-DMR
chr1	586961	587781	17	0.526	0.724	-0.198	good-DMR
chr1	588261	589164	21	0.753	0.792	-0.039	non-DMR
chr1	589220	590187	23	0.417	0.189	0.228	good-DMR
chr1	590623	591654	22	0.138	0.101	0.037	non-DMR
chr1	591703	592784	24	0.585	0.821	-0.236	good-DMR
chr1	593079	593888	17	0.694	0.734	-0.04	non-DMR
chr1	593937	594775	20	0.626	0.662	-0.035	non-DMR
chr1	594856	595872	26	0.863	0.901	-0.038	non-DMR
chr1	595995	597046	27	0.824	0.872	-0.048	non-DMR
chr1	597083	597846	16	0.071	0.033	0.038	non-DMR
chr1	597893	598965	24	0.598	0.555	0.043	non-DMR
chr1	599014	600015	22	0.604	0.902	-0.299	notable-DMR
chr1	600092	601179	29	0.764	0.807	-0.043	non-DMR
chr1	601286	602192	20	0.759	0.799	-0.041	non-DMR
chr1	602312	603317	22	0.836	0.876	-0.04	non-DMR
chr1	603399	604269	22	0.607	0.792	-0.185	good-DMR
chr1	604712	605750	24	0.521	0.785	-0.264	good-DMR
chr1	606188	607186	25	0.797	0.839	-0.041	non-DMR
chr1	607217	608121	22	0.75	0.791	-0.041	non-DMR
chr1	608186	609223	24	0.209	0.161	0.047	non-DMR
chr1	609337	610376	24	0.876	0.914	-0.038	non-DMR
chr1	610458	611676	27	0.153	0.115	0.039	non-DMR
chr1	611804	612762	24	0.769	0.811	-0.042	non-DMR
chr1	612827	613863	26	0.674	0.925	-0.25	good-DMR
chr1	614363	615489	27	0.268	0.221	0.047	non-DMR
chr1	615582	616668	25	0.248	0.016	0.231	good-DMR
chr1	617180	618180	25	0.211	0.172	0.04	non-DMR
chr1	618262	619301	26	0.727	0.835	-0.108	sub-DMR
chr1	619819	620792	22	0.847	0.884	-0.037	non-DMR
chr1	620909	621822	23	0.818	0.867	-0.049	non-DMR
chr1	621895	622772	23	0.339	0.295	0.045	non-DMR
chr1	622904	623774	22	0.1	0.06	0.04	non-DMR
chr1	623886	624921	21	0.699	0.731	-0.032	non-DMR
chr1	625020	625954	22	0.819	0.853	-0.034	non-DMR
chr1	625994	626892	21	0.811	0.85	-0.039	non-DMR
chr1	626941	627879	21	0.688	0.861	-0.173	good-DMR
chr1	628358	629221	18	0.703	0.746	-0.043	non-DMR
chr1	629351	630228	20	0.741	0.774	-0.033	non-DMR
chr1	630361	631461	22	0.618	0.665	-0.047	non-DMR
chr1	631496	632401	22	0.704	0.861	-0.157	good-DMR
chr1	632870	633807	21	0.685	0.725	-0.041	non-DMR
chr1	633920	634860	24	0.179	0.138	0.041	inconsistent-DMR
chr1	635016	635880	20	0.681	0.719	-0.038	non-DMR
chr1	635926	636935	24	0.547	0.556	-0.01	inconsistent-DMR
chr1	637001	637845	21	0.512	0.774	-0.262	good-DMR
chr1	638323	639127	20	0.734	0.771	-0.038	non-DMR
chr1	639174	639931	22	0.4	0.748	-0.349	good-DMR
chr1	640369	641348	22	0.075	0.045	0.031	non-DMR
chr1	641425	642567	26	0.151	0.106	0.045	non-DMR
chr1	642685	643759	27	0.793	0.843	-0.051	non-DMR
chr1	643844	644840	23	0.564	0.804	-0.239	good-DMR
chr1	645271	646222	22	0.728	0.772	-0.044	non-DMR
chr1	646294	647348	23	0.494	0.788	-0.294	good-DMR
chr1	647694	648592	23	0.778	0.818	-0.04	non-DMR
chr1	648648	649524	23	0.665	0.705	-0.04	non-DMR
chr1	649560	650479	21	0.634	0.671	-0.037	non-DMR
chr1	650546	651609	26	0.696	0.729	-0.033	non-DMR
chr1	651690	652500	18	0.912	0.948	-0.036	non-DMR
chr1	652631	653576	23	0.094	0.054	0.04	non-DMR
chr1	653636	654544	24	0.452	0.165	0.287	good-DMR
chr1	654931	655630	15	0.702	0.739	-0.037	non-DMR
chr1	656779	657675	20	0.668	0.711	-0.043	non-DMR
chr1	657715	658487	19	0.746	0.79	-0.044	non-DMR
chr1	658587	659410	18	0.451	0.708	-0.257	good-DMR
chr1	659844	660884	23	0.608	0.841	-0.233	good-DMR
chr1	661369	662327	22	0.487	0.8	-0.312	good-DMR
chr1	662792	663670	19	0.662	0.764	-0.103	sub-DMR
chr1	664128	665185	22	0.638	0.801	-0.163	good-DMR
chr1	665681	666452	18	0.532	0.708	-0.177	good-DMR
chr1	667793	668785	25	0.139	0.101	0.038	non-DMR
chr1	668831	669889	25	0.453	0.789	-0.336	notable-DMR
chr1	670012	670938	23	0.149	0.111	0.038	non-DMR
chr1	671043	671955	22	0.567	0.525	0.041	non-DMR
chr1	672092	672851	17	0.088	0.052	0.037	non-DMR
chr1	672928	673749	21	0.717	0.757	-0.04	non-DMR
chr1	673823	674718	23	0.873	0.923	-0.05	non-DMR
chr1	674819	675720	22	0.646	0.873	-0.227	good-DMR
chr1	676194	677092	25	0.816	0.859	-0.043	non-DMR
chr1	677117	678035	22	0.626	0.668	-0.042	non-DMR
chr1	678136	679053	23	0.859	0.904	-0.045	non-DMR
chr1	679069	679998	22	0.808	0.847	-0.039	non-DMR
chr1	680887	681898	25	0.403	0.667	-0.264	good-DMR
chr1	682412	683423	25	0.76	0.802	-0.042	non-DMR
chr1	683483	684267	18	0.833	0.863	-0.03	non-DMR
chr1	684378	685118	19	0.507	0.69	-0.183	notable-DMR
chr1	685249	686182	25	0.789	0.828	-0.039	non-DMR
chr1	686199	687196	21	0.289	0.058	0.231	good-DMR
chr1	687627	688434	21	0.128	0.082	0.046	non-DMR
chr1	688532	689578	24	0.778	0.82	-0.041	non-DMR
chr1	689667	690705	23	0.649	0.758	-0.109	sub-DMR
chr1	691217	692237	23	0.712	0.752	-0.04	non-DMR
chr1	693474	694678	30	0.658	0.903	-0.245	good-DMR
chr1	695055	695843	20	0.447	0.204	0.242	good-DMR
chr1	696298	697237	21	0.696	0.738	-0.042	non-DMR
chr1	697343	698427	27	0.867	0.905	-0.038	non-DMR
chr1	698482	699565	23	0.681	0.719	-0.037	non-DMR
chr1	699655	700841	26	0.593	0.794	-0.201	good-DMR
chr1	701343	702380	27	0.722	0.771	-0.049	non-DMR
chr1	702521	703516	22	0.745	0.788	-0.044	non-DMR
chr1	703569	704837	30	0.22	0.178	0.041	non-DMR
chr1	704922	705981	29	0.77	0.811	-0.042	non-DMR
chr1	706056	706853	19	0.496	0.765	-0.269	good-DMR
chr1	707362	708359	24	0.756	0.79	-0.034	non-DMR
chr1	708452	709272	21	0.662	0.941	-0.279	good-DMR
chr1	709815	710720	21	0.821	0.864	-0.043	non-DMR
chr1	710803	711818	22	0.692	0.737	-0.044	non-DMR
chr1	711894	712847	22	0.649	0.696	-0.047	non-DMR
chr1	712953	713856	23	0.438	0.743	-0.304	good-DMR
chr1	714308	715194	21	0.805	0.844	-0.04	non-DMR
chr1	715291	716101	19	0.73	0.936	-0.207	good-DMR
chr1	716622	717674	27	0.706	0.743	-0.037	non-DMR
chr1	717744	718691	25	0.599	0.701	-0.102	sub-DMR
chr1	719172	720120	24	0.735	0.771	-0.036	non-DMR
chr1	720199	721207	24	0.901	0.944	-0.043	non-DMR
chr1	721279	722304	23	0.74	0.78	-0.04	non-DMR
chr1	722418	723404	22	0.194	0.166	0.029	non-DMR
chr1	723514	724457	23	0.734	0.775	-0.041	non-DMR
chr1	724532	725596	24	0.812	0.857	-0.045	non-DMR
chr1	725699	726656	26	0.368	0.673	-0.305	good-DMR
chr1	727186	728055	24	0.826	0.866	-0.04	non-DMR
chr1	728142	729003	23	0.464	0.636	-0.172	good-DMR
chr1	729496	730578	25	0.531	0.822	-0.291	good-DMR
chr1	731077	731910	19	0.689	0.863	-0.174	good-DMR
chr1	732315	733226	22	0.503	0.712	-0.209	good-DMR
chr1	733685	734817	24	0.553	0.738	-0.185	good-DMR
chr1	735241	736040	19	0.15	0.109	0.042	non-DMR
chr1	736114	737280	28	0.522	0.822	-0.3	good-DMR
chr1	737670	738725	30	0.461	0.818	-0.357	good-DMR
chr1	739248	740200	23	0.866	0.907	-0.04	non-DMR
chr1	740279	741257	21	0.804	0.84	-0.037	non-DMR
chr1	741362	742266	21	0.834	0.88	-0.046	non-DMR
chr1	742313	743398	26	0.586	0.69	-0.104	sub-DMR
chr1	744941	745832	22	0.733	0.774	-0.041	non-DMR
chr1	745950	747128	25	0.777	0.82	-0.043	non-DMR
chr1	747242	748321	24	0.674	0.711	-0.037	non-DMR
chr1	748400	749479	24	0.813	0.854	-0.042	non-DMR
chr1	749528	750429	21	0.734	0.767	-0.033	non-DMR
chr1	750548	751477	23	0.884	0.923	-0.039	non-DMR
chr1	751536	752381	20	0.466	0.236	0.23	good-DMR
chr1	752831	753787	20	0.122	0.083	0.039	non-DMR
chr1	753890	754834	21	0.435	0.153	0.282	good-DMR
chr1	755315	756252	25	0.651	0.693	-0.042	non-DMR
chr1	756274	757459	27	0.845	0.886	-0.041	non-DMR
chr1	757594	758516	23	0.159	0.11	0.05	non-DMR
chr1	758622	759587	22	0.631	0.666	-0.035	non-DMR
chr1	759697	760554	22	0.573	0.611	-0.039	non-DMR
chr1	760679	761603	22	0.699	0.732	-0.034	non-DMR
chr1	761717	762700	25	0.712	0.753	-0.04	non-DMR
chr1	762781	763726	23	0.659	0.871	-0.212	good-DMR
chr1	764260	765233	23	0.742	0.781	-0.039	non-DMR
chr1	765246	766149	21	0.633	0.816	-0.183	good-DMR
chr1	766671	767608	24	0.683	0.733	-0.05	non-DMR
chr1	767725	768603	24	0.146	0.108	0.037	non-DMR
chr1	768673	769617	24	0.787	0.827	-0.04	non-DMR
chr1	769713	770697	24	0.805	0.844	-0.038	non-DMR
chr1	770729	771680	25	0.559	0.869	-0.31	good-DMR
chr1	772201	773094	21	0.663	0.711	-0.047	non-DMR
chr1	773212	774158	21	0.231	0.194	0.038	non-DMR
chr1	774214	775202	25	0.351	0.087	0.264	good-DMR
chr1	775705	776585	20	0.457	0.729	-0.272	good-DMR
chr1	777025	777761	16	0.617	0.859	-0.243	good-DMR
chr1	778288	779314	23	0.654	0.703	-0.05	non-DMR
chr1	779378	780409	24	0.19	0.153	0.037	non-DMR
chr1	780520	781348	21	0.847	0.88	-0.033	non-DMR
chr1	781478	782331	24	0.105	0.069	0.036	non-DMR
chr1	782456	783459	20	0.146	0.097	0.049	non-DMR
chr1	783515	784667	27	0.717	0.761	-0.044	non-DMR
chr1	784769	785897	26	0.774	0.811	-0.037	non-DMR
chr1	785979	787185	30	0.817	0.853	-0.035	non-DMR
chr1	787233	788266	24	0.652	0.694	-0.042	non-DMR
chr1	788363	789489	29	0.173	0.067	0.106	sub-DMR
chr1	789959	790758	19	0.399	0.271	0.128	good-DMR
chr1	791239	792235	25	0.501	0.482	0.019	inconsistent-DMR
chr1	792375	793567	26	0.206	0.167	0.039	non-DMR
chr1	793632	794591	19	0.698	0.737	-0.039	non-DMR
chr1	794682	795601	19	0.477	0.734	-0.257	good-DMR
chr1	795960	796730	21	0.624	0.813	-0.189	good-DMR
chr1	797099	798173	25	0.654	0.7	-0.046	non-DMR
chr1	798251	799314	27	0.367	0.698	-0.331	good-DMR
chr1	799830	800819	24	0.216	0.175	0.041	non-DMR
chr1	800892	801965	28	0.334	0.685	-0.351	good-DMR
chr1	802473	803517	21	0.139	0.092	0.046	non-DMR
chr1	803564	804479	20	0.866	0.908	-0.042	non-DMR
chr1	804510	805342	18	0.726	0.773	-0.047	non-DMR
chr1	805464	806465	22	0.09	0.057	0.033	non-DMR
chr1	806574	807520	23	0.646	0.677	-0.03	non-DMR
chr1	807623	808289	16	0.566	0.674	-0.108	sub-DMR
chr1	808768	809770	27	0.142	0.099	0.043	non-DMR
chr1	809844	810822	24	0.304	0.077	0.228	good-DMR
chr1	811313	812121	21	0.372	0.701	-0.329	good-DMR
chr1	812628	813594	22	0.732	0.779	-0.047	non-DMR
chr1	813690	814517	21	0.321	0.094	0.227	good-DMR
chr1	815050	815972	20	0.825	0.863	-0.038	non-DMR
chr1	816023	816927	20	0.507	0.747	-0.24	good-DMR
chr1	818542	819516	22	0.392	0.673	-0.281	good-DMR
chr1	821055	822155	26	0.856	0.892	-0.036	non-DMR
chr1	822212	823318	25	0.328	0.343	-0.015	inconsistent-DMR
chr1	823384	824403	27	0.404	0.774	-0.369	good-DMR
chr1	824917	825789	24	0.64	0.687	-0.046	non-DMR
chr1	825862	826733	20	0.366	0.314	0.052	inconsistent-DMR
chr1	826859	827863	25	0.731	0.772	-0.04	non-DMR
chr1	827922	828983	25	0.549	0.787	-0.238	good-DMR
chr1	829467	830340	21	0.127	0.089	0.039	non-DMR
chr1	830474	831433	21	0.612	0.651	-0.04	non-DMR
chr1	831549	832335	19	0.672	0.719	-0.047	non-DMR
chr1	832423	833355	23	0.274	0.236	0.038	non-DMR
chr1	834358	835268	21	0.67	0.931	-0.261	good-DMR
chr1	835739	836683	21	0.138	0.103	0.035	non-DMR
chr1	836736	837729	26	0.578	0.858	-0.279	good-DMR
chr1	838184	838966	20	0.709	0.74	-0.031	non-DMR
chr1	839063	840041	24	0.752	0.8	-0.048	non-DMR
chr1	840187	841205	22	0.858	0.897	-0.038	non-DMR
chr1	841285	842069	19	0.129	0.09	0.039	non-DMR
chr1	842192	843121	23	0.23	0.191	0.039	non-DMR
chr1	843182	843912	18	0.634	0.742	-0.108	sub-DMR
chr1	844315	845289	23	0.119	0.017	0.103	sub-DMR
chr1	845770	846682	18	0.502	0.755	-0.253	good-DMR
chr1	847132	848332	25	0.678	0.722	-0.044	non-DMR
chr1	848414	849344	23	0.841	0.878	-0.037	non-DMR
chr1	849408	850216	17	0.403	0.169	0.234	good-DMR
chr1	850672	851728	23	0.74	0.779	-0.039	non-DMR
chr1	851832	852866	24	0.377	0.597	-0.221	good-DMR
chr1	853291	854274	24	0.881	0.922	-0.041	non-DMR
chr1	854334	855259	23	0.357	0.63	-0.273	good-DMR
chr1	855531	856524	21	0.875	0.915	-0.04	non-DMR
chr1	856603	857589	24	0.138	0.092	0.046	non-DMR
chr1	857647	858514	23	0.207	0.162	0.046	non-DMR
chr1	858604	859465	19	0.764	0.806	-0.041	non-DMR
chr1	859557	860553	22	0.759	0.796	-0.036	non-DMR
chr1	860611	861429	19	0.59	0.81	-0.22	good-DMR
chr1	861955	862862	22	0.694	0.733	-0.039	non-DMR
chr1	862871	863751	22	0.495	0.837	-0.342	good-DMR
chr1	864270	865201	23	0.136	0.089	0.047	non-DMR
chr1	866413	867669	31	0.634	0.678	-0.044	non-DMR
chr1	867723	868607	20	0.859	0.9	-0.041	non-DMR
chr1	868725	869718	25	0.737	0.788	-0.051	non-DMR
chr1	869820	870724	23	0.73	0.769	-0.04	non-DMR
chr1	870811	871839	25	0.132	0.1	0.031	non-DMR
chr1	871960	872817	20	0.478	0.456	0.022	inconsistent-DMR
chr1	872888	873690	22	0.775	0.82	-0.045	non-DMR
chr1	873766	874776	23	0.573	0.881	-0.308	good-DMR
chr1	877078	878055	27	0.379	0.623	-0.243	good-DMR
chr1	878561	879470	22	0.144	0.094	0.051	non-DMR
chr1	879552	880516	24	0.158	0.121	0.037	non-DMR
chr1	880583	881503	26	0.774	0.816	-0.042	non-DMR
chr1	881651	882553	26	0.237	0.182	0.056	inconsistent-DMR
chr1	882645	883755	28	0.266	0.106	0.16	good-DMR
chr1	884267	885427	26	0.835	0.873	-0.038	non-DMR
chr1	885535	886384	21	0.299	0.259	0.04	non-DMR
chr1	886412	887380	26	0.325	0.067	0.258	good-DMR
chr1	889950	890835	21	0.879	0.92	-0.04	non-DMR
chr1	890978	891983	26	0.165	0.116	0.049	non-DMR
chr1	892117	893120	25	0.846	0.879	-0.033	non-DMR
chr1	893222	894126	20	0.195	0.154	0.041	non-DMR
chr1	894226	895215	23	0.695	0.736	-0.041	non-DMR
chr1	895274	896317	24	0.703	0.74	-0.037	non-DMR
chr1	896441	897563	28	0.762	0.798	-0.035	non-DMR
chr1	897663	898688	23	0.756	0.791	-0.035	non-DMR
chr1	898779	899667	22	0.102	0.062	0.041	non-DMR
chr1	899773	900860	28	0.83	0.869	-0.039	non-DMR
chr1	900981	901804	18	0.815	0.857	-0.042	non-DMR
chr1	901817	902743	22	0.172	0.067	0.104	sub-DMR
chr1	903220	904072	21	0.102	0.063	0.039	non-DMR
chr1	904164	905213	28	0.652	0.799	-0.147	good-DMR
chr1	905708	906672	24	0.21	0.163	0.048	non-DMR
chr1	906753	907778	27	0.425	0.753	-0.328	notable-DMR
chr1	907906	908801	21	0.78	0.819	-0.038	non-DMR
chr1	908857	909661	20	0.463	0.501	-0.037	non-DMR
chr1	909764	910833	26	0.836	0.874	-0.038	non-DMR
chr1	910882	911542	17	0.197	0.086	0.111	sub-DMR
chr1	912920	913874	28	0.615	0.836	-0.221	good-DMR
chr1	914344	915183	20	0.655	0.7	-0.045	non-DMR
chr1	915248	915878	15	0.617	0.291	0.326	good-DMR
chr1	916385	917229	22	0.803	0.838	-0.034	non-DMR
chr1	917365	918294	21	0.806	0.837	-0.031	non-DMR
chr1	918325	919286	22	0.736	0.779	-0.042	inconsistent-DMR
chr1	919387	920136	18	0.692	0.738	-0.046	non-DMR
chr1	920217	921309	23	0.707	0.74	-0.034	non-DMR
chr1	921431	922372	23	0.353	0.672	-0.319	notable-DMR
chr1	922506	923412	20	0.889	0.934	-0.045	non-DMR
chr1	923496	924481	22	0.754	0.802	-0.048	non-DMR
chr1	925728	926665	24	0.742	0.506	0.236	notable-DMR
chr1	926758	927709	23	0.152	0.114	0.038	non-DMR
chr1	927776	928814	25	0.354	0.69	-0.335	good-DMR
chr1	929329	930277	22	0.747	0.788	-0.041	non-DMR
chr1	930340	931405	22	0.714	0.747	-0.033	non-DMR
chr1	931477	932330	21	0.61	0.65	-0.04	non-DMR
chr1	932455	933378	20	0.601	0.638	-0.038	non-DMR
chr1	933435	934213	18	0.736	0.773	-0.037	non-DMR
chr1	934265	935299	24	0.678	0.862	-0.184	good-DMR
chr1	935796	936715	25	0.685	0.724	-0.039	non-DMR
chr1	936800	937890	25	0.151	0.105	0.046	non-DMR
chr1	939136	940075	27	0.586	0.803	-0.216	good-DMR
chr1	940582	941587	24	0.807	0.846	-0.039	non-DMR
chr1	941657	942483	23	0.669	0.711	-0.042	non-DMR
chr1	942568	943338	18	0.453	0.723	-0.27	good-DMR
chr1	943870	944757	24	0.696	0.738	-0.042	non-DMR
chr1	944852	945804	22	0.301	0.579	-0.278	good-DMR
chr1	946297	947284	24	0.219	0.232	-0.013	inconsistent-DMR
chr1	947414	948094	17	0.798	0.836	-0.037	non-DMR
chr1	948155	949062	19	0.647	0.681	-0.034	non-DMR
chr1	949118	950143	27	0.608	0.865	-0.258	good-DMR
chr1	950646	951502	20	0.433	0.11	0.324	good-DMR
chr1	951962	952887	24	0.191	0.144	0.047	non-DMR
chr1	952983	954001	23	0.379	0.114	0.266	good-DMR
chr1	954484	955373	23	0.724	0.835	-0.111	sub-DMR
chr1	955892	956840	19	0.817	0.858	-0.042	non-DMR
chr1	956951	957931	26	0.823	0.864	-0.041	non-DMR
chr1	957985	959051	26	0.594	0.574	0.02	inconsistent-DMR
chr1	959183	960093	22	0.806	0.847	-0.041	non-DMR
chr1	960227	961094	23	0.731	0.766	-0.035	non-DMR
chr1	961120	962058	22	0.411	0.658	-0.248	good-DMR
chr1	962542	963367	23	0.628	0.593	0.036	non-DMR
chr1	963463	964297	20	0.378	0.087	0.292	good-DMR
chr1	965816	966581	19	0.358	0.06	0.298	good-DMR
chr1	967079	967982	21	0.876	0.925	-0.049	non-DMR
chr1	968095	969085	22	0.162	0.124	0.038	non-DMR
chr1	969164	970206	26	0.558	0.823	-0.265	good-DMR
chr1	970702	971520	18	0.788	0.9	-0.113	sub-DMR
chr1	972010	972940	20	0.804	0.848	-0.044	non-DMR
chr1	972998	974102	27	0.831	0.837	-0.006	inconsistent-DMR
chr1	974288	975204	21	0.567	0.601	-0.034	non-DMR
chr1	975307	976317	23	0.334	0.063	0.27	good-DMR
chr1	976725	977666	23	0.155	0.115	0.041	non-DMR
chr1	977736	978804	26	0.215	0.107	0.108	sub-DMR
chr1	979309	980527	28	0.732	0.782	-0.05	non-DMR
chr1	980639	981521	21	0.728	0.775	-0.046	non-DMR
chr1	981568	982613	26	0.864	0.907	-0.043	non-DMR
chr1	982691	983535	18	0.727	0.766	-0.039	non-DMR
chr1	983608	984490	22	0.68	0.716	-0.036	non-DMR
chr1	984542	985471	21	0.548	0.578	-0.03	non-DMR
chr1	986543	987577	27	0.811	0.86	-0.049	non-DMR
chr1	987637	988782	26	0.821	0.857	-0.036	non-DMR
chr1	988905	989857	24	0.774	0.814	-0.04	non-DMR
chr1	989934	991067	27	0.361	0.1	0.261	good-DMR
chr1	991563	992413	19	0.458	0.665	-0.207	good-DMR
chr1	992864	994042	28	0.332	0.637	-0.305	good-DMR
chr1	994476	995441	22	0.79	0.832	-0.042	non-DMR
chr1	995508	996441	21	0.164	0.125	0.04	non-DMR
chr1	996517	997466	22	0.107	0.065	0.042	non-DMR
chr1	997504	998430	22	0.727	0.834	-0.107	sub-DMR
chr1	998937	999802	24	0.684	0.717	-0.033	non-DMR
chr1	999896	1000862	23	0.482	0.771	-0.289	good-DMR
chr1	1001388	1002521	27	0.217	0.175	0.042	non-DMR
chr1	1002649	1003508	20	0.838	0.869	-0.032	non-DMR
chr1	1003569	1004535	22	0.187	0.146	0.041	non-DMR
chr1	1004624	1005552	20	0.852	0.9	-0.047	non-DMR
chr1	1005654	1006626	23	0.737	0.846	-0.109	sub-DMR
chr1	1007130	1008045	19	0.262	0.059	0.203	good-DMR
chr1	1008554	1009444	19	0.878	0.921	-0.042	non-DMR
chr1	1009509	1010341	18	0.703	0.597	0.106	sub-DMR
chr1	1010828	1011893	26	0.442	0.78	-0.338	good-DMR
chr1	1012399	1013371	22	0.748	0.752	-0.003	inconsistent-DMR
chr1	1013506	1014278	19	0.588	0.842	-0.254	good-DMR
chr1	1014704	1015543	19	0.361	0.087	0.274	good-DMR
chr1	1016078	1016978	18	0.095	0.05	0.045	non-DMR
chr1	1017086	1018101	22	0.395	0.078	0.317	notable-DMR
chr1	1018197	1019220	26	0.128	0.085	0.043	non-DMR
chr1	1019287	1020255	21	0.285	0.578	-0.293	good-DMR
chr1	1020654	1021667	26	0.32	0.044	0.276	good-DMR
chr1	1022186	1023349	28	0.797	0.844	-0.047	non-DMR
chr1	1023466	1024308	18	0.25	0.202	0.048	non-DMR
chr1	1024417	1025177	17	0.151	0.098	0.053	non-DMR
chr1	1025272	1026141	22	0.831	0.87	-0.039	non-DMR
chr1	1026196	1027018	20	0.189	0.154	0.035	non-DMR
chr1	1027129	1028044	21	0.736	0.78	-0.044	non-DMR
chr1	1028133	1028955	20	0.281	0.166	0.115	sub-DMR
chr1	1029402	1030403	22	0.9	0.937	-0.038	non-DMR
chr1	1030488	1031519	25	0.637	0.742	-0.105	sub-DMR
chr1	1031983	1032930	22	0.754	0.795	-0.041	non-DMR
chr1	1033031	1034006	22	0.533	0.245	0.288	good-DMR
chr1	1034529	1035701	25	0.76	0.798	-0.038	non-DMR
chr1	1035804	1036809	23	0.385	0.146	0.239	good-DMR
chr1	1037252	1038030	19	0.754	0.796	-0.042	non-DMR
chr1	1038078	1039079	23	0.848	0.896	-0.048	non-DMR
chr1	1039190	1040115	22	0.827	0.868	-0.041	non-DMR
chr1	1040146	1041095	24	0.682	0.333	0.349	good-DMR
chr1	1041623	1042520	21	0.701	0.74	-0.039	non-DMR
chr1	1042630	1043640	27	0.148	0.107	0.041	non-DMR
chr1	1043761	1044541	18	0.615	0.653	-0.038	non-DMR
chr1	1044572	1045265	19	0.784	0.894	-0.109	sub-DMR
chr1	1046584	1047549	23	0.436	0.716	-0.28	good-DMR
chr1	1047980	1049176	31	0.4	0.668	-0.268	good-DMR
chr1	1049672	1050654	21	0.544	0.788	-0.244	good-DMR
chr1	1051188	1052255	24	0.816	0.853	-0.037	non-DMR
chr1	1052296	1053140	20	0.753	0.792	-0.039	non-DMR
chr1	1053180	1054223	25	0.527	0.809	-0.283	good-DMR
chr1	1054726	1055665	21	0.744	0.786	-0.041	non-DMR
chr1	1055784	1056780	24	0.8	0.84	-0.04	non-DMR
chr1	1056868	1057922	26	0.797	0.84	-0.043	non-DMR
chr1	1057971	1058870	22	0.778	0.818	-0.039	non-DMR
chr1	1058926	1059972	23	0.297	0.195	0.102	sub-DMR
chr1	1060362	1061245	21	0.76	0.862	-0.102	sub-DMR
chr1	1061684	1062728	25	0.507	0.766	-0.259	good-DMR
chr1	1063251	1064187	23	0.815	0.857	-0.042	non-DMR
chr1	1064279	1065181	22	0.733	0.771	-0.038	non-DMR
chr1	1065298	1066337	25	0.214	0.176	0.037	non-DMR
chr1	1066391	1067324	21	0.459	0.218	0.241	good-DMR
chr1	1067797	1068625	18	0.769	0.811	-0.043	non-DMR
chr1	1069644	1070672	26	0.22	0.043	0.177	notable-DMR
chr1	1070776	1071866	27	0.734	0.78	-0.046	non-DMR
chr1	1071880	1072842	23	0.66	0.911	-0.251	good-DMR
chr1	1073268	1074334	29	0.86	0.901	-0.041	non-DMR
chr1	1074393	1075350	20	0.307	0.593	-0.286	good-DMR
chr1	1075895	1076814	23	0.331	0.293	0.038	non-DMR
chr1	1076901	1077773	21	0.763	0.805	-0.042	non-DMR
chr1	1077818	1078548	20	0.752	0.787	-0.036	non-DMR
chr1	1078612	1079608	27	0.703	0.809	-0.106	sub-DMR
chr1	1080075	1081040	23	0.154	0.115	0.038	non-DMR
chr1	1081143	1082010	19	0.618	0.807	-0.19	good-DMR
chr1	1082499	1083485	19	0.8	0.842	-0.042	non-DMR
chr1	1083529	1084295	18	0.683	0.94	-0.257	good-DMR
chr1	1084779	1085606	19	0.664	0.84	-0.177	good-DMR
chr1	1086045	1087032	23	0.593	0.817	-0.224	good-DMR
chr1	1087492	1088320	18	0.765	0.805	-0.04	non-DMR
chr1	1088400	1089353	23	0.733	0.775	-0.043	non-DMR
chr1	1089450	1090380	20	0.594	0.802	-0.208	good-DMR
chr1	1090908	1091748	20	0.826	0.857	-0.03	non-DMR
chr1	1091806	1092597	18	0.88	0.91	-0.029	non-DMR
chr1	1092685	1093610	24	0.832	0.875	-0.043	non-DMR
chr1	1093663	1094541	25	0.5	0.696	-0.197	good-DMR
chr1	1095006	1095755	20	0.365	0.096	0.269	good-DMR
chr1	1096200	1097357	28	0.547	0.822	-0.274	good-DMR
chr1	1097870	1098711	23	0.819	0.862	-0.042	non-DMR
chr1	1098778	1099761	21	0.662	0.608	0.054	non-DMR
chr1	1099845	1100794	23	0.626	0.674	-0.049	non-DMR
chr1	1100926	1102059	25	0.572	0.613	-0.041	non-DMR
chr1	1102166	1103233	25	0.441	0.165	0.276	good-DMR
chr1	1103689	1104633	22	0.633	0.871	-0.238	good-DMR
chr1	1105097	1106214	30	0.608	0.816	-0.209	good-DMR
chr1	1106712	1107637	22	0.507	0.612	-0.105	sub-DMR
chr1	1109176	1110156	24	0.782	0.822	-0.04	non-DMR
chr1	1110180	1111084	21	0.648	0.865	-0.218	good-DMR
chr1	1111548	1112403	21	0.662	0.618	0.044	non-DMR
chr1	1112501	1113457	23	0.801	0.84	-0.039	non-DMR
chr1	1113538	1114468	21	0.105	0.064	0.041	non-DMR
chr1	1114523	1115546	26	0.629	0.669	-0.04	non-DMR
chr1	1115619	1116434	19	0.669	0.725	-0.056	non-DMR
chr1	1116528	1117604	23	0.668	0.703	-0.034	non-DMR
chr1	1117663	1118792	27	0.242	0.073	0.17	good-DMR
chr1	1119234	1120281	25	0.775	0.805	-0.03	non-DMR
chr1	1120414	1121649	27	0.826	0.866	-0.041	non-DMR
chr1	1121738	1122625	23	0.167	0.125	0.042	non-DMR
chr1	1122708	1123619	22	0.73	0.758	-0.028	non-DMR
chr1	1123732	1124749	24	0.614	0.58	0.034	non-DMR
chr1	1124853	1125894	23	0.823	0.868	-0.045	non-DMR
chr1	1125999	1126922	24	0.138	0.095	0.043	non-DMR
chr1	1127009	1128049	25	0.142	0.095	0.047	non-DMR
chr1	1128157	1129137	22	0.822	0.864	-0.042	non-DMR
chr1	1129270	1130350	24	0.809	0.853	-0.044	non-DMR
chr1	1130420	1131558	26	0.376	0.111	0.265	good-DMR
chr1	1132098	1132789	19	0.092	0.056	0.036	non-DMR
chr1	1132876	1133717	22	0.571	0.616	-0.046	non-DMR
chr1	1133840	1134840	25	0.615	0.657	-0.042	non-DMR
chr1	1134914	1136033	24	0.177	0.136	0.042	non-DMR
chr1	1136147	1136795	20	0.712	0.752	-0.039	non-DMR
chr1	1136861	1137839	21	0.829	0.869	-0.04	non-DMR
chr1	1137963	1138566	17	0.746	0.779	-0.032	non-DMR
chr1	1138656	1139527	18	0.782	0.821	-0.039	non-DMR
chr1	1139617	1140401	19	0.764	0.795	-0.031	non-DMR
chr1	1140534	1141617	28	0.775	0.82	-0.045	non-DMR
chr1	1141655	1142582	23	0.795	0.828	-0.032	non-DMR
chr1	1142664	1143620	22	0.3	0.115	0.185	good-DMR
chr1	1144058	1144877	19	0.433	0.646	-0.213	good-DMR
chr1	1145400	1146404	26	0.762	0.804	-0.042	non-DMR
chr1	1146522	1147656	25	0.303	0.275	0.028	inconsistent-DMR
chr1	1147818	1148692	22	0.816	0.854	-0.038	non-DMR
chr1	1148832	1149708	21	0.262	0.224	0.037	non-DMR
chr1	1149802	1150962	27	0.819	0.858	-0.039	non-DMR
chr1	1151010	1151815	17	0.18	0.142	0.038	non-DMR
chr1	1151923	1152960	26	0.242	0.2	0.041	non-DMR
chr1	1153056	1154102	27	0.794	0.836	-0.042	non-DMR
chr1	1154157	1154981	18	0.464	0.199	0.265	good-DMR
chr1	1155491	1156435	23	0.661	0.553	0.108	sub-DMR
chr1	1156952	1158054	26	0.228	0.183	0.045	non-DMR
chr1	1158159	1158915	17	0.45	0.128	0.323	good-DMR
chr1	1159393	1160212	19	0.25	0.215	0.035	non-DMR
chr1	1160301	1161183	21	0.341	0.74	-0.399	good-DMR
chr1	1161664	1162567	21	0.453	0.725	-0.272	good-DMR
chr1	1163028	1163781	17	0.513	0.627	-0.114	sub-DMR
chr1	1164203	1165082	22	0.699	0.805	-0.107	sub-DMR
chr1	1165567	1166738	26	0.812	0.848	-0.036	non-DMR
chr1	1166788	1167811	22	0.088	0.049	0.038	non-DMR
chr1	1167898	1168686	20	0.61	0.82	-0.21	good-DMR
chr1	1169162	1170015	21	0.221	0.114	0.108	inconsistent-DMR
chr1	1170112	1171034	22	0.166	0.127	0.039	non-DMR
chr1	1171071	1171896	18	0.106	0.066	0.039	non-DMR
chr1	1172004	1172849	17	0.749	0.792	-0.043	non-DMR
chr1	1172918	1173726	22	0.422	0.468	-0.046	non-DMR
chr1	1173790	1174771	25	0.79	0.835	-0.045	non-DMR
chr1	1174861	1175779	23	0.769	0.811	-0.042	non-DMR
chr1	1175877	1176820	21	0.244	0.208	0.036	non-DMR
chr1	1176905	1178108	30	0.498	0.778	-0.281	good-DMR
chr1	1178565	1179420	20	0.728	0.764	-0.036	non-DMR
chr1	1179477	1180503	24	0.338	0.656	-0.318	good-DMR
chr1	1180783	1181661	20	0.722	0.759	-0.036	non-DMR
chr1	1181790	1182836	25	0.764	0.799	-0.035	non-DMR
chr1	1182851	1183763	21	0.578	0.681	-0.103	sub-DMR
chr1	1184300	1185406	25	0.664	0.705	-0.042	non-DMR
chr1	1185516	1186676	27	0.842	0.881	-0.039	non-DMR
chr1	1186795	1187570	21	0.61	0.654	-0.044	non-DMR
chr1	1187654	1188739	23	0.803	0.836	-0.032	non-DMR
chr1	1188855	1189872	25	0.159	0.109	0.051	non-DMR
chr1	1189947	1190894	23	0.744	0.79	-0.046	non-DMR
chr1	1190980	1192168	27	0.732	0.778	-0.046	non-DMR
chr1	1192215	1193132	23	0.826	0.861	-0.034	non-DMR
chr1	1193245	1194225	25	0.404	0.725	-0.321	notable-DMR
chr1	1194283	1195153	22	0.628	0.664	-0.036	non-DMR
chr1	1195210	1196242	25	0.837	0.887	-0.051	non-DMR
chr1	1196334	1197358	24	0.58	0.628	-0.048	non-DMR
chr1	1197439	1198319	19	0.617	0.659	-0.041	non-DMR
chr1	1198394	1199401	23	0.49	0.202	0.288	good-DMR
chr1	1199729	1200634	22	0.814	0.858	-0.043	non-DMR
chr1	1200711	1201593	22	0.132	0.092	0.04	non-DMR
chr1	1201708	1202593	22	0.84	0.879	-0.039	non-DMR
chr1	1202719	1203682	22	0.139	0.106	0.032	non-DMR
chr1	1203813	1204689	22	0.736	0.777	-0.041	non-DMR
chr1	1204746	1205680	22	0.559	0.896	-0.337	good-DMR
chr1	1206162	1206898	15	0.684	0.793	-0.109	sub-DMR
chr1	1207388	1208417	24	0.606	0.651	-0.044	non-DMR
chr1	1208526	1209450	24	0.652	0.705	-0.053	inconsistent-DMR
chr1	1209577	1210775	26	0.861	0.905	-0.043	non-DMR
chr1	1210814	1211797	25	0.801	0.831	-0.029	non-DMR
chr1	1211861	1212972	26	0.249	0.146	0.103	sub-DMR
chr1	1213425	1214630	28	0.542	0.593	-0.051	non-DMR
chr1	1214668	1215744	22	0.533	0.582	-0.049	non-DMR
chr1	1215833	1216942	28	0.324	0.218	0.106	sub-DMR
chr1	1217336	1218230	20	0.792	0.823	-0.031	non-DMR
chr1	1219307	1220451	27	0.591	0.695	-0.104	sub-DMR
chr1	1220958	1221935	22	0.394	0.683	-0.288	good-DMR
chr1	1222461	1223357	23	0.834	0.871	-0.038	non-DMR
chr1	1223467	1224460	24	0.198	0.161	0.036	non-DMR
chr1	1224548	1225585	23	0.699	0.737	-0.038	non-DMR
chr1	1225687	1226726	23	0.499	0.228	0.271	good-DMR
chr1	1227266	1228151	22	0.143	0.108	0.036	non-DMR
chr1	1228259	1229260	27	0.651	0.696	-0.044	non-DMR
chr1	1229343	1230285	20	0.73	0.773	-0.043	non-DMR
chr1	1230396	1231349	24	0.106	0.068	0.038	non-DMR
chr1	1231440	1232482	24	0.544	0.826	-0.281	good-DMR
chr1	1232983	1233857	20	0.774	0.815	-0.041	non-DMR
chr1	1233891	1234707	22	0.596	0.705	-0.11	sub-DMR
chr1	1235169	1236227	24	0.833	0.87	-0.038	non-DMR
chr1	1236267	1236989	19	0.816	0.863	-0.046	non-DMR
chr1	1237092	1238352	31	0.224	0.181	0.042	non-DMR
chr1	1238421	1239357	23	0.776	0.822	-0.046	non-DMR
chr1	1239459	1240268	20	0.135	0.09	0.045	non-DMR
chr1	1240366	1241405	22	0.786	0.825	-0.039	non-DMR
chr1	1241501	1242382	20	0.49	0.251	0.239	good-DMR
chr1	1242909	1243909	25	0.108	0.066	0.042	non-DMR
chr1	1243994	1244815	21	0.683	0.948	-0.266	good-DMR
chr1	1245087	1245826	19	0.738	0.866	-0.128	good-DMR
chr1	1246342	1247504	29	0.619	0.655	-0.036	non-DMR
chr1	1247590	1248403	19	0.424	0.181	0.243	good-DMR
chr1	1248697	1249443	19	0.246	0.131	0.115	sub-DMR
chr1	1249937	1250981	21	0.794	0.834	-0.04	non-DMR
chr1	1251057	1252291	29	0.845	0.889	-0.044	non-DMR
chr1	1252402	1253425	22	0.695	0.634	0.062	inconsistent-DMR
chr1	1253574	1254525	27	0.658	0.698	-0.04	non-DMR
chr1	1254602	1255533	21	0.793	0.83	-0.037	non-DMR
chr1	1255613	1256348	17	0.82	0.853	-0.033	non-DMR
chr1	1256425	1257294	22	0.597	0.841	-0.244	good-DMR
chr1	1257830	1258640	21	0.653	0.691	-0.038	non-DMR
chr1	1259972	1261167	28	0.383	0.103	0.28	good-DMR
chr1	1261683	1262800	29	0.383	0.345	0.038	non-DMR
chr1	1262878	1263862	25	0.617	0.849	-0.233	good-DMR
chr1	1264386	1265311	25	0.629	0.668	-0.04	non-DMR
chr1	1265332	1266368	25	0.68	0.719	-0.039	non-DMR
chr1	1266395	1267325	22	0.552	0.76	-0.208	good-DMR
chr1	1267840	1269030	29	0.109	0.072	0.037	non-DMR
chr1	1269164	1270122	22	0.772	0.814	-0.042	non-DMR
chr1	1270158	1271151	24	0.396	0.627	-0.231	good-DMR
chr1	1271646	1272675	22	0.797	0.837	-0.04	non-DMR
chr1	1272697	1273689	25	0.81	0.852	-0.042	non-DMR
chr1	1273774	1274727	23	0.776	0.809	-0.032	inconsistent-DMR
chr1	1274873	1275906	23	0.744	0.784	-0.04	non-DMR
chr1	1276003	1276972	26	0.102	0.067	0.035	non-DMR
chr1	1277035	1278060	25	0.844	0.888	-0.045	non-DMR
chr1	1278131	1279077	24	0.263	0.051	0.212	good-DMR
chr1	1279525	1280483	22	0.746	0.788	-0.041	non-DMR
chr1	1280596	1281626	23	0.595	0.55	0.045	non-DMR
chr1	1281695	1282485	18	0.406	0.137	0.269	good-DMR
chr1	1282812	1283631	21	0.625	0.669	-0.045	non-DMR
chr1	1283693	1284535	20	0.635	0.676	-0.041	non-DMR
chr1	1284569	1285526	23	0.6	0.85	-0.251	good-DMR
chr1	1286030	1287184	32	0.467	0.814	-0.347	good-DMR
