chr	start	end	CpG_count	treatment_methylation	control_methylation	mean_delta_methylation	category
chr1	100036	101017	24	0.192	0.161	0.031	non-DMR
chr1	101154	102042	22	0.082	0.044	0.038	non-DMR
chr1	102143	103142	22	0.797	0.835	-0.038	non-DMR
chr1	103255	104205	23	0.798	0.835	-0.038	non-DMR
chr1	104293	105199	21	0.24	0.751	-0.512	good-DMR
chr1	105698	106630	22	0.232	0.123	0.109	sub-DMR
chr1	107159	108216	24	0.616	0.662	-0.046	non-DMR
chr1	108312	109165	22	0.456	0.06	0.397	notable-DMR
chr1	109262	110157	21	0.862	0.901	-0.039	non-DMR
chr1	110280	111205	21	0.669	0.711	-0.042	non-DMR
chr1	111314	112244	21	0.714	0.753	-0.039	non-DMR
chr1	112312	113192	21	0.72	0.829	-0.109	sub-DMR
chr1	113659	114616	23	0.397	0.889	-0.492	good-DMR
chr1	115108	116106	28	0.869	0.904	-0.036	non-DMR
chr1	116154	117025	22	0.515	0.097	0.418	good-DMR
chr1	117542	118593	26	0.691	0.729	-0.039	non-DMR
chr1	118667	119594	23	0.68	0.724	-0.043	non-DMR
chr1	119703	120729	23	0.207	0.169	0.038	non-DMR
chr1	120859	121644	18	0.277	0.728	-0.451	notable-DMR
chr1	121716	122796	26	0.703	0.743	-0.04	non-DMR
chr1	122831	123888	28	0.149	0.041	0.108	sub-DMR
chr1	124215	125365	28	0.228	0.681	-0.453	good-DMR
chr1	125747	126773	24	0.691	0.731	-0.04	non-DMR
chr1	126787	127667	22	0.343	0.745	-0.401	good-DMR
chr1	128030	128927	22	0.742	0.782	-0.04	non-DMR
chr1	129062	130100	27	0.88	0.925	-0.045	non-DMR
chr1	130172	131219	21	0.791	0.828	-0.037	non-DMR
chr1	131258	132143	24	0.457	0.901	-0.444	good-DMR
chr1	132604	133594	23	0.85	0.889	-0.039	non-DMR
chr1	133654	134746	26	0.307	0.785	-0.478	notable-DMR
chr1	134839	135708	21	0.881	0.912	-0.031	non-DMR
chr1	135725	136691	22	0.517	0.124	0.393	good-DMR
chr1	137164	138332	29	0.532	0.095	0.437	good-DMR
chr1	138864	139846	23	0.56	0.596	-0.037	non-DMR
chr1	139955	140960	29	0.141	0.105	0.035	non-DMR
chr1	141044	142200	31	0.687	0.727	-0.04	non-DMR
chr1	142291	143273	24	0.873	0.911	-0.038	non-DMR
chr1	143341	144407	22	0.332	0.861	-0.529	good-DMR
chr1	144853	145768	22	0.556	0.596	-0.04	non-DMR
chr1	145906	146804	24	0.449	0.447	0.002	inconsistent-DMR
chr1	146995	147873	22	0.782	0.822	-0.04	non-DMR
chr1	147968	148930	25	0.816	0.919	-0.103	sub-DMR
chr1	149432	150167	18	0.834	0.873	-0.038	non-DMR
chr1	150279	151287	21	0.775	0.814	-0.039	non-DMR
chr1	151311	152158	18	0.497	0.052	0.444	good-DMR
chr1	152629	153571	23	0.557	0.088	0.469	good-DMR
chr1	154058	155103	24	0.313	0.799	-0.486	good-DMR
chr1	155610	156434	21	0.8	0.836	-0.036	non-DMR
chr1	156528	157696	30	0.719	0.756	-0.037	non-DMR
chr1	157800	158753	23	0.479	0.92	-0.441	good-DMR
chr1	159228	160199	23	0.299	0.731	-0.431	good-DMR
chr1	160664	161832	27	0.661	0.699	-0.038	non-DMR
chr1	161884	162943	24	0.156	0.112	0.044	non-DMR
chr1	163081	164018	23	0.373	0.778	-0.405	notable-DMR
chr1	164113	164841	17	0.625	0.675	-0.05	non-DMR
chr1	164985	165950	21	0.621	0.667	-0.046	non-DMR
chr1	166092	167256	26	0.732	0.776	-0.044	non-DMR
chr1	167339	168304	22	0.766	0.804	-0.039	non-DMR
chr1	168349	169305	25	0.277	0.753	-0.475	good-DMR
chr1	169797	170612	20	0.198	0.16	0.039	non-DMR
chr1	170676	171636	22	0.728	0.765	-0.036	non-DMR
chr1	171666	172532	21	0.129	0.091	0.038	non-DMR
chr1	172572	173337	16	0.391	0.82	-0.429	good-DMR
chr1	173849	174768	22	0.69	0.736	-0.047	non-DMR
chr1	174808	175740	22	0.64	0.201	0.439	good-DMR
chr1	176194	177136	24	0.28	0.734	-0.454	good-DMR
chr1	177661	178565	21	0.615	0.653	-0.038	non-DMR
chr1	178626	179523	22	0.654	0.769	-0.115	sub-DMR
chr1	179993	180932	22	0.8	0.838	-0.038	non-DMR
chr1	181032	181865	21	0.835	0.878	-0.043	non-DMR
chr1	182007	182837	21	0.774	0.819	-0.045	non-DMR
chr1	182894	183901	26	0.664	0.713	-0.049	non-DMR
chr1	183946	184962	26	0.371	0.884	-0.513	notable-DMR
chr1	186006	186865	19	0.778	0.817	-0.039	non-DMR
chr1	186971	187868	20	0.502	0.054	0.448	good-DMR
chr1	188317	189333	24	0.536	0.094	0.442	good-DMR
chr1	189810	190979	29	0.334	0.717	-0.383	good-DMR
chr1	191483	192560	27	0.304	0.687	-0.383	good-DMR
chr1	192938	194066	27	0.764	0.802	-0.039	non-DMR
chr1	194172	194976	19	0.554	0.11	0.444	good-DMR
chr1	196570	197731	30	0.874	0.911	-0.037	non-DMR
chr1	197787	198709	20	0.678	0.717	-0.038	non-DMR
chr1	198810	199792	27	0.798	0.842	-0.044	non-DMR
chr1	199844	200745	22	0.811	0.855	-0.045	non-DMR
chr1	200853	201972	27	0.739	0.778	-0.039	non-DMR
chr1	202018	202810	21	0.77	0.796	-0.026	non-DMR
chr1	202829	203770	21	0.692	0.239	0.453	good-DMR
chr1	204241	205079	21	0.843	0.875	-0.033	non-DMR
chr1	205156	206085	22	0.571	0.617	-0.046	non-DMR
chr1	206164	207070	23	0.433	0.84	-0.407	notable-DMR
chr1	207138	208187	27	0.179	0.14	0.039	non-DMR
chr1	208216	209138	21	0.296	0.769	-0.474	good-DMR
chr1	209548	210504	23	0.75	0.785	-0.034	non-DMR
chr1	210524	211572	25	0.038	0.505	-0.467	good-DMR
chr1	212035	212872	21	0.218	0.609	-0.391	good-DMR
chr1	213328	214324	28	0.75	0.238	0.512	good-DMR
chr1	214820	215916	25	0.786	0.83	-0.044	non-DMR
chr1	216024	217083	24	0.723	0.241	0.483	good-DMR
chr1	217548	218568	24	0.23	0.662	-0.432	good-DMR
chr1	218965	219848	23	0.761	0.8	-0.039	non-DMR
chr1	219923	221031	26	0.609	0.097	0.512	good-DMR
chr1	221380	222240	21	0.174	0.132	0.042	non-DMR
chr1	222286	223151	22	0.262	0.78	-0.518	good-DMR
chr1	223569	224528	21	0.213	0.74	-0.527	good-DMR
chr1	224962	225994	23	0.717	0.757	-0.04	non-DMR
chr1	226068	227183	25	0.715	0.753	-0.038	non-DMR
chr1	227263	228092	23	0.536	0.568	-0.031	non-DMR
chr1	228202	229197	21	0.73	0.765	-0.035	non-DMR
chr1	229263	230176	22	0.357	0.769	-0.413	good-DMR
chr1	230682	231623	23	0.106	0.066	0.04	non-DMR
chr1	231715	232668	22	0.596	0.189	0.408	good-DMR
chr1	232999	234010	23	0.688	0.728	-0.04	non-DMR
chr1	234080	235025	24	0.448	0.898	-0.45	good-DMR
chr1	235444	236525	31	0.61	0.157	0.453	good-DMR
chr1	236953	237972	25	0.197	0.16	0.038	non-DMR
chr1	237982	238793	20	0.256	0.62	-0.364	good-DMR
chr1	239273	240350	24	0.271	0.751	-0.48	good-DMR
chr1	240826	241740	22	0.713	0.75	-0.037	non-DMR
chr1	241775	242920	27	0.68	0.716	-0.036	non-DMR
chr1	242992	243920	22	0.188	0.158	0.029	non-DMR
chr1	244042	244976	21	0.728	0.768	-0.04	non-DMR
chr1	245027	245889	19	0.673	0.707	-0.035	non-DMR
chr1	245968	246911	21	0.187	0.146	0.041	non-DMR
chr1	246946	247789	19	0.717	0.766	-0.049	non-DMR
chr1	249160	250010	21	0.903	0.942	-0.038	non-DMR
chr1	250086	250949	21	0.249	0.133	0.115	sub-DMR
chr1	251492	252451	25	0.785	0.829	-0.044	non-DMR
chr1	252580	253664	26	0.715	0.764	-0.049	non-DMR
chr1	253770	254681	21	0.889	0.93	-0.041	non-DMR
chr1	254770	255522	20	0.847	0.892	-0.045	non-DMR
chr1	255536	256397	20	0.62	0.724	-0.104	sub-DMR
chr1	256903	257720	24	0.811	0.851	-0.04	non-DMR
chr1	257814	258735	20	0.532	0.134	0.398	good-DMR
chr1	259190	260167	22	0.714	0.757	-0.043	non-DMR
chr1	260212	261136	20	0.273	0.229	0.044	non-DMR
chr1	261244	262473	30	0.314	0.809	-0.495	notable-DMR
chr1	263566	264548	24	0.112	0.074	0.038	non-DMR
chr1	264610	265564	27	0.456	0.106	0.35	good-DMR
chr1	266109	267107	22	0.112	0.067	0.045	non-DMR
chr1	267209	268123	23	0.361	0.765	-0.404	good-DMR
chr1	268588	269511	23	0.824	0.866	-0.041	non-DMR
chr1	269562	270666	24	0.757	0.867	-0.11	sub-DMR
chr1	271107	272078	25	0.537	0.077	0.46	good-DMR
chr1	272539	273691	25	0.505	0.526	-0.022	inconsistent-DMR
chr1	273890	274745	21	0.833	0.874	-0.041	non-DMR
chr1	274866	275906	26	0.688	0.731	-0.043	non-DMR
chr1	275924	276908	24	0.602	0.56	0.042	non-DMR
chr1	277028	278085	24	0.157	0.109	0.048	non-DMR
chr1	278130	279214	25	0.57	0.15	0.42	good-DMR
chr1	279758	280646	20	0.825	0.868	-0.043	non-DMR
chr1	280770	281617	22	0.1	0.064	0.035	non-DMR
chr1	281661	282416	18	0.229	0.662	-0.432	good-DMR
chr1	282934	283856	21	0.653	0.625	0.028	inconsistent-DMR
chr1	283980	285017	21	0.348	0.308	0.04	non-DMR
chr1	285094	285770	18	0.689	0.735	-0.046	non-DMR
chr1	285886	286961	24	0.66	0.699	-0.039	non-DMR
chr1	287026	287858	21	0.618	0.576	0.042	non-DMR
chr1	287997	288965	24	0.255	0.211	0.044	non-DMR
chr1	289036	290209	28	0.81	0.864	-0.053	non-DMR
chr1	290334	291341	25	0.75	0.784	-0.033	non-DMR
chr1	291380	292192	19	0.217	0.171	0.046	non-DMR
chr1	292224	293186	22	0.348	0.751	-0.403	good-DMR
chr1	293715	294541	19	0.584	0.627	-0.044	non-DMR
chr1	294599	295593	22	0.444	0.033	0.411	good-DMR
chr1	296078	297171	26	0.236	0.774	-0.538	good-DMR
chr1	297647	298455	22	0.726	0.77	-0.044	non-DMR
chr1	299626	300570	22	0.252	0.677	-0.424	good-DMR
chr1	301034	301935	20	0.73	0.773	-0.043	non-DMR
chr1	302037	303153	28	0.738	0.788	-0.05	non-DMR
chr1	303258	304145	21	0.41	0.856	-0.446	good-DMR
chr1	304462	305375	24	0.824	0.861	-0.037	non-DMR
chr1	305405	306253	19	0.138	0.1	0.038	non-DMR
chr1	306387	307402	26	0.456	0.487	-0.031	inconsistent-DMR
chr1	307498	308352	22	0.195	0.147	0.049	non-DMR
chr1	308424	309381	22	0.858	0.895	-0.037	non-DMR
chr1	309439	310412	25	0.549	0.136	0.413	good-DMR
chr1	310883	311853	24	0.365	0.821	-0.456	good-DMR
chr1	312298	313284	24	0.862	0.905	-0.043	non-DMR
chr1	313315	314237	22	0.865	0.896	-0.031	non-DMR
chr1	314365	315314	22	0.747	0.794	-0.047	non-DMR
chr1	315430	316422	24	0.804	0.836	-0.032	non-DMR
chr1	316468	317525	26	0.731	0.775	-0.044	non-DMR
chr1	318677	319611	22	0.82	0.865	-0.044	non-DMR
chr1	319675	320461	17	0.466	0.885	-0.419	good-DMR
chr1	320937	321880	21	0.079	0.046	0.033	non-DMR
chr1	321944	322885	22	0.655	0.698	-0.043	non-DMR
chr1	322991	323929	20	0.62	0.659	-0.039	non-DMR
chr1	323983	324994	24	0.732	0.774	-0.041	non-DMR
chr1	325100	325991	21	0.121	0.67	-0.549	good-DMR
chr1	326494	327399	21	0.523	0.412	0.111	inconsistent-DMR
chr1	327473	328331	21	0.196	0.739	-0.543	good-DMR
chr1	328781	329582	19	0.735	0.774	-0.039	non-DMR
chr1	329681	330681	26	0.695	0.734	-0.038	non-DMR
chr1	330745	331785	27	0.883	0.923	-0.04	non-DMR
chr1	331801	332813	22	0.686	0.79	-0.105	sub-DMR
chr1	333338	334429	30	0.692	0.736	-0.044	non-DMR
chr1	334442	335288	20	0.118	0.649	-0.53	good-DMR
chr1	335751	336495	19	0.463	0.906	-0.442	good-DMR
chr1	337006	337816	20	0.663	0.701	-0.038	non-DMR
chr1	337933	338887	21	0.787	0.822	-0.035	non-DMR
chr1	338933	339800	24	0.705	0.752	-0.047	non-DMR
chr1	339889	340721	22	0.158	0.122	0.036	non-DMR
chr1	340798	341647	23	0.775	0.817	-0.042	non-DMR
chr1	341744	342608	21	0.575	0.621	-0.046	non-DMR
chr1	342730	343699	23	0.219	0.184	0.035	non-DMR
chr1	343801	344727	21	0.411	0.911	-0.5	good-DMR
chr1	345140	345939	19	0.18	0.132	0.048	non-DMR
chr1	346014	346935	23	0.62	0.655	-0.035	non-DMR
chr1	347055	348037	23	0.663	0.698	-0.035	non-DMR
chr1	348063	349099	27	0.606	0.154	0.452	notable-DMR
chr1	349205	350100	22	0.649	0.684	-0.035	non-DMR
chr1	350196	351130	21	0.45	0.885	-0.435	good-DMR
chr1	351616	352622	22	0.207	0.164	0.043	non-DMR
chr1	352684	353579	22	0.44	0.803	-0.362	good-DMR
chr1	354047	355004	24	0.612	0.662	-0.051	inconsistent-DMR
chr1	355121	356127	23	0.777	0.82	-0.043	non-DMR
chr1	356148	356928	20	0.404	0.82	-0.416	good-DMR
chr1	357452	358320	24	0.634	0.68	-0.046	non-DMR
chr1	358467	359388	23	0.726	0.772	-0.046	non-DMR
chr1	359443	360452	25	0.295	0.249	0.046	non-DMR
chr1	360496	361288	17	0.471	0.016	0.456	notable-DMR
chr1	361362	362232	21	0.588	0.637	-0.049	non-DMR
chr1	362258	363317	28	0.381	0.769	-0.388	good-DMR
chr1	363816	364840	24	0.457	0.925	-0.468	good-DMR
chr1	365340	366375	27	0.914	0.947	-0.032	non-DMR
chr1	366387	367386	23	0.355	0.716	-0.361	good-DMR
chr1	367887	368978	27	0.604	0.112	0.492	good-DMR
chr1	369484	370426	22	0.697	0.819	-0.122	sub-DMR
chr1	370832	371827	24	0.714	0.754	-0.039	non-DMR
chr1	371938	373001	26	0.708	0.749	-0.041	non-DMR
chr1	373091	374237	27	0.627	0.667	-0.04	non-DMR
chr1	374311	375321	24	0.566	0.614	-0.048	non-DMR
chr1	375386	376334	24	0.195	0.704	-0.509	good-DMR
chr1	376824	377916	26	0.673	0.71	-0.037	non-DMR
chr1	378032	378939	23	0.578	0.622	-0.044	non-DMR
chr1	379016	379941	23	0.646	0.683	-0.037	non-DMR
chr1	380036	381137	30	0.133	0.093	0.04	non-DMR
chr1	381225	382416	30	0.356	0.77	-0.414	good-DMR
chr1	382877	383670	18	0.805	0.85	-0.046	non-DMR
chr1	383692	384837	28	0.153	0.669	-0.516	good-DMR
chr1	385178	386201	24	0.578	0.124	0.455	good-DMR
chr1	386706	387732	23	0.767	0.806	-0.04	non-DMR
chr1	387840	388751	23	0.718	0.754	-0.036	non-DMR
chr1	388826	389875	23	0.307	0.765	-0.458	good-DMR
chr1	390175	391320	26	0.316	0.821	-0.505	good-DMR
chr1	391829	392981	29	0.637	0.681	-0.044	non-DMR
chr1	393087	394021	25	0.128	0.095	0.033	non-DMR
chr1	394119	395090	25	0.277	0.718	-0.441	good-DMR
chr1	395596	396620	22	0.8	0.84	-0.039	non-DMR
chr1	396703	397764	23	0.685	0.632	0.052	inconsistent-DMR
chr1	397905	398762	22	0.823	0.862	-0.039	non-DMR
chr1	398793	399767	28	0.756	0.797	-0.04	non-DMR
chr1	399843	400700	23	0.821	0.862	-0.04	non-DMR
chr1	400786	401484	17	0.724	0.754	-0.029	non-DMR
chr1	401574	402498	23	0.686	0.789	-0.103	sub-DMR
chr1	403000	403892	23	0.755	0.805	-0.05	non-DMR
chr1	403976	404819	19	0.249	0.198	0.05	non-DMR
chr1	404852	405739	23	0.802	0.846	-0.044	non-DMR
chr1	405877	406859	24	0.691	0.724	-0.033	non-DMR
chr1	406996	407995	23	0.087	0.051	0.036	non-DMR
chr1	408058	409043	24	0.839	0.887	-0.048	non-DMR
chr1	409161	410124	23	0.784	0.827	-0.044	non-DMR
chr1	410226	411238	25	0.599	0.611	-0.012	inconsistent-DMR
chr1	411273	412215	19	0.659	0.69	-0.03	non-DMR
chr1	412313	413097	19	0.633	0.666	-0.033	non-DMR
chr1	413174	414130	22	0.192	0.154	0.038	non-DMR
chr1	414182	415090	21	0.766	0.801	-0.035	non-DMR
chr1	415159	416269	24	0.36	0.365	-0.005	inconsistent-DMR
chr1	416457	417475	24	0.754	0.788	-0.035	non-DMR
chr1	417546	418371	20	0.427	0.874	-0.447	good-DMR
chr1	418841	419795	21	0.728	0.757	-0.029	non-DMR
chr1	419896	420731	21	0.689	0.737	-0.047	non-DMR
chr1	420765	421546	16	0.483	0.886	-0.402	good-DMR
chr1	422024	422926	22	0.37	0.782	-0.412	good-DMR
chr1	424511	425440	21	0.559	0.064	0.494	good-DMR
chr1	425931	426647	18	0.162	0.124	0.038	non-DMR
chr1	426754	427741	22	0.735	0.773	-0.038	non-DMR
chr1	427871	428914	24	0.615	0.581	0.034	non-DMR
chr1	428968	429758	19	0.078	0.036	0.042	non-DMR
chr1	429851	430735	23	0.724	0.84	-0.116	sub-DMR
chr1	431208	432242	24	0.545	0.932	-0.388	good-DMR
chr1	432715	433780	25	0.759	0.8	-0.041	non-DMR
chr1	433893	434809	23	0.703	0.748	-0.045	non-DMR
chr1	434836	435978	27	0.917	0.959	-0.041	non-DMR
chr1	436062	437114	26	0.66	0.135	0.525	good-DMR
chr1	437507	438542	26	0.753	0.794	-0.041	non-DMR
chr1	438663	439677	25	0.848	0.888	-0.04	non-DMR
chr1	439722	440799	25	0.678	0.724	-0.046	non-DMR
chr1	440885	442107	29	0.289	0.79	-0.501	good-DMR
chr1	442646	443815	29	0.776	0.817	-0.041	non-DMR
chr1	443879	444923	27	0.59	0.138	0.452	good-DMR
chr1	445194	446070	22	0.443	0.942	-0.499	good-DMR
chr1	446571	447537	21	0.378	0.934	-0.557	good-DMR
chr1	447944	448885	22	0.178	0.062	0.116	sub-DMR
chr1	449351	450336	22	0.559	0.662	-0.103	sub-DMR
chr1	450810	451784	21	0.915	0.945	-0.03	non-DMR
chr1	451824	452881	24	0.472	0.842	-0.369	good-DMR
chr1	453390	454513	27	0.801	0.849	-0.048	non-DMR
chr1	454575	455782	29	0.094	0.055	0.038	non-DMR
chr1	455889	456723	21	0.952	0.565	0.387	good-DMR
chr1	457243	458158	22	0.714	0.755	-0.041	non-DMR
chr1	458239	459202	24	0.332	0.805	-0.474	good-DMR
chr1	459644	460419	22	0.792	0.826	-0.034	non-DMR
chr1	460526	461602	27	0.566	0.701	-0.135	inconsistent-DMR
chr1	461743	462682	26	0.701	0.725	-0.024	non-DMR
chr1	462793	463840	23	0.69	0.726	-0.036	non-DMR
chr1	463896	464755	21	0.816	0.849	-0.033	non-DMR
chr1	464836	465972	27	0.792	0.829	-0.038	non-DMR
chr1	466017	466936	20	0.549	0.591	-0.042	non-DMR
chr1	467872	468743	21	0.426	0.806	-0.38	good-DMR
chr1	469178	470230	27	0.127	0.093	0.034	non-DMR
chr1	470332	471250	21	0.586	0.627	-0.041	non-DMR
chr1	471378	472532	27	0.78	0.826	-0.046	non-DMR
chr1	472580	473441	19	0.81	0.859	-0.049	non-DMR
chr1	473534	474314	17	0.584	0.623	-0.04	non-DMR
chr1	474397	475420	25	0.518	0.869	-0.351	good-DMR
chr1	475942	476965	26	0.742	0.774	-0.032	non-DMR
chr1	476981	477959	24	0.762	0.798	-0.036	non-DMR
chr1	478080	478979	20	0.141	0.092	0.049	non-DMR
chr1	479108	480197	27	0.75	0.783	-0.034	non-DMR
chr1	480297	481218	21	0.738	0.781	-0.043	non-DMR
chr1	481318	482156	18	0.159	0.118	0.041	non-DMR
chr1	482256	483184	21	0.713	0.752	-0.039	non-DMR
chr1	483292	484113	21	0.867	0.909	-0.042	non-DMR
chr1	484169	485291	28	0.469	0.021	0.448	good-DMR
chr1	485772	486597	20	0.251	0.261	-0.01	inconsistent-DMR
chr1	486704	487577	20	0.282	0.164	0.119	sub-DMR
chr1	488113	489025	22	0.847	0.89	-0.042	non-DMR
chr1	489121	490119	26	0.291	0.829	-0.538	good-DMR
chr1	490657	491577	22	0.546	0.576	-0.029	non-DMR
chr1	491609	492552	22	0.687	0.219	0.468	good-DMR
chr1	493044	493910	20	0.871	0.91	-0.039	non-DMR
chr1	493966	495040	25	0.823	0.862	-0.039	non-DMR
chr1	495077	495803	16	0.526	0.932	-0.405	good-DMR
chr1	496320	497331	27	0.854	0.895	-0.041	non-DMR
chr1	497396	498350	23	0.124	0.087	0.037	non-DMR
chr1	498472	499622	28	0.121	0.082	0.04	non-DMR
chr1	499709	500721	23	0.77	0.809	-0.039	non-DMR
chr1	500754	501739	25	0.666	0.212	0.455	good-DMR
chr1	502246	503206	22	0.86	0.9	-0.041	non-DMR
chr1	503263	504375	27	0.308	0.269	0.039	non-DMR
chr1	504482	505451	24	0.813	0.853	-0.04	non-DMR
chr1	505485	506296	20	0.228	0.659	-0.43	good-DMR
chr1	506724	507738	26	0.809	0.853	-0.044	non-DMR
chr1	507851	508850	24	0.694	0.732	-0.038	non-DMR
chr1	508889	509901	23	0.236	0.646	-0.41	good-DMR
chr1	510399	511233	20	0.646	0.685	-0.039	non-DMR
chr1	511305	512023	16	0.805	0.848	-0.044	non-DMR
chr1	512127	513136	24	0.52	0.075	0.444	good-DMR
chr1	513563	514477	22	0.426	0.458	-0.032	inconsistent-DMR
chr1	514626	515592	20	0.096	0.054	0.042	non-DMR
chr1	515722	516637	24	0.208	0.17	0.037	non-DMR
chr1	516732	517596	22	0.089	0.047	0.042	non-DMR
chr1	517631	518701	26	0.559	0.517	0.042	non-DMR
chr1	518766	519562	19	0.579	0.62	-0.041	non-DMR
chr1	519634	520344	17	0.421	0.881	-0.46	good-DMR
chr1	520810	521816	26	0.538	0.931	-0.394	good-DMR
chr1	522321	523200	20	0.779	0.822	-0.043	non-DMR
chr1	523242	524087	21	0.723	0.765	-0.042	non-DMR
chr1	524221	525083	19	0.66	0.697	-0.037	non-DMR
chr1	525184	526223	26	0.345	0.808	-0.463	good-DMR
chr1	526656	527521	19	0.405	0.066	0.34	good-DMR
chr1	528030	528869	21	0.677	0.718	-0.041	non-DMR
chr1	528932	529750	21	0.635	0.672	-0.037	non-DMR
chr1	529855	530727	18	0.869	0.904	-0.035	non-DMR
chr1	530803	531787	24	0.266	0.324	-0.059	inconsistent-DMR
chr1	531939	532939	22	0.132	0.09	0.042	non-DMR
chr1	533015	533876	21	0.25	0.78	-0.529	good-DMR
chr1	534363	535292	20	0.472	0.09	0.382	good-DMR
chr1	535766	536759	24	0.545	0.507	0.037	inconsistent-DMR
chr1	536833	537705	21	0.403	0.819	-0.416	good-DMR
chr1	538249	539172	21	0.33	0.286	0.043	non-DMR
chr1	539249	540322	24	0.175	0.135	0.04	non-DMR
chr1	540442	541488	23	0.783	0.824	-0.041	non-DMR
chr1	541559	542299	19	0.091	0.06	0.031	non-DMR
chr1	542398	543211	16	0.622	0.665	-0.043	non-DMR
chr1	543266	544215	23	0.126	0.09	0.036	non-DMR
chr1	544303	545464	29	0.723	0.773	-0.05	non-DMR
chr1	545543	546688	30	0.656	0.696	-0.039	non-DMR
chr1	547809	548830	23	0.675	0.717	-0.042	non-DMR
chr1	548899	549962	24	0.442	0.514	-0.072	inconsistent-DMR
chr1	550085	551017	24	0.762	0.802	-0.041	non-DMR
chr1	551092	552001	24	0.534	0.58	-0.046	inconsistent-DMR
chr1	552055	552849	17	0.882	0.92	-0.038	non-DMR
chr1	552892	553731	18	0.104	0.062	0.042	non-DMR
chr1	553821	554835	21	0.375	0.788	-0.413	good-DMR
chr1	555335	556233	21	0.527	0.63	-0.103	sub-DMR
chr1	556768	557698	21	0.717	0.759	-0.042	non-DMR
chr1	558930	559971	25	0.134	0.095	0.039	non-DMR
chr1	560066	560924	19	0.142	0.1	0.042	non-DMR
chr1	561010	562006	25	0.792	0.829	-0.037	non-DMR
chr1	562108	563089	25	0.785	0.823	-0.037	non-DMR
chr1	563142	564135	24	0.79	0.826	-0.035	non-DMR
chr1	564239	565205	19	0.412	0.829	-0.417	good-DMR
chr1	565702	566403	16	0.145	0.102	0.043	non-DMR
chr1	566475	567498	24	0.339	0.806	-0.468	good-DMR
chr1	567986	568833	20	0.763	0.795	-0.032	non-DMR
chr1	568941	569779	21	0.355	0.822	-0.467	good-DMR
chr1	570305	571405	26	0.143	0.105	0.038	non-DMR
chr1	571450	572416	22	0.69	0.17	0.52	good-DMR
chr1	572877	573739	21	0.296	0.793	-0.497	good-DMR
chr1	573985	574984	23	0.801	0.367	0.434	good-DMR
chr1	575504	576319	20	0.727	0.776	-0.049	non-DMR
chr1	576351	577446	23	0.583	0.689	-0.105	sub-DMR
chr1	577889	578866	24	0.241	0.618	-0.377	good-DMR
chr1	579232	580366	28	0.712	0.746	-0.034	non-DMR
chr1	580431	581475	28	0.504	0.067	0.437	good-DMR
chr1	582926	583864	25	0.147	0.113	0.034	non-DMR
chr1	583940	584926	23	0.846	0.891	-0.045	non-DMR
chr1	584984	585939	24	0.415	0.877	-0.462	good-DMR
chr1	586441	587576	27	0.695	0.739	-0.044	non-DMR
chr1	587698	588760	22	0.729	0.779	-0.05	non-DMR
chr1	588849	589612	19	0.81	0.853	-0.043	non-DMR
chr1	589704	590614	21	0.829	0.867	-0.038	non-DMR
chr1	590747	591717	22	0.634	0.672	-0.039	non-DMR
chr1	591791	592732	24	0.876	0.914	-0.038	non-DMR
chr1	592776	593901	27	0.742	0.786	-0.044	non-DMR
chr1	593979	594912	23	0.75	0.789	-0.039	non-DMR
chr1	594968	596135	29	0.501	0.549	-0.048	non-DMR
chr1	596212	597208	23	0.564	0.124	0.44	good-DMR
chr1	597738	598690	25	0.621	0.662	-0.041	non-DMR
chr1	598736	599701	22	0.446	0.81	-0.364	good-DMR
chr1	600145	601150	24	0.447	0.413	0.035	inconsistent-DMR
chr1	601239	602190	25	0.186	0.15	0.036	non-DMR
chr1	602294	603256	22	0.754	0.798	-0.044	non-DMR
chr1	603403	604238	20	0.697	0.738	-0.041	non-DMR
chr1	604338	605311	20	0.688	0.735	-0.046	non-DMR
chr1	605381	606344	23	0.783	0.822	-0.04	non-DMR
chr1	606410	607285	23	0.675	0.711	-0.036	non-DMR
chr1	607377	608257	22	0.752	0.79	-0.038	non-DMR
chr1	608342	609248	20	0.456	0.904	-0.448	good-DMR
chr1	609640	610680	24	0.897	0.501	0.396	good-DMR
chr1	611128	611981	24	0.611	0.568	0.043	non-DMR
chr1	612055	612986	20	0.532	0.57	-0.038	non-DMR
chr1	613073	614046	23	0.874	0.918	-0.044	non-DMR
chr1	614111	615122	27	0.696	0.797	-0.101	sub-DMR
chr1	615579	616598	26	0.858	0.892	-0.034	non-DMR
chr1	616664	617613	21	0.613	0.655	-0.042	non-DMR
chr1	617711	618459	17	0.721	0.763	-0.042	non-DMR
chr1	618508	619527	22	0.538	0.585	-0.046	non-DMR
chr1	619606	620459	20	0.199	0.68	-0.482	good-DMR
chr1	620930	621980	21	0.431	0.89	-0.459	good-DMR
chr1	622414	623255	21	0.433	0.103	0.329	good-DMR
chr1	623770	624588	18	0.824	0.87	-0.046	non-DMR
chr1	624696	625814	27	0.566	0.894	-0.328	good-DMR
chr1	626328	627137	19	0.768	0.816	-0.048	non-DMR
chr1	627240	628189	25	0.626	0.667	-0.04	non-DMR
chr1	628278	629290	25	0.236	0.196	0.04	non-DMR
chr1	629366	630193	20	0.75	0.784	-0.034	non-DMR
chr1	630237	631235	23	0.167	0.124	0.043	non-DMR
chr1	631303	632283	22	0.591	0.55	0.042	non-DMR
chr1	632323	633162	21	0.607	0.652	-0.044	non-DMR
chr1	633267	634279	23	0.76	0.802	-0.042	non-DMR
chr1	634326	635302	22	0.761	0.805	-0.044	non-DMR
chr1	635435	636371	23	0.122	0.087	0.035	non-DMR
chr1	636405	637319	24	0.796	0.836	-0.039	non-DMR
chr1	637400	638280	22	0.17	0.658	-0.487	good-DMR
chr1	638601	639545	23	0.852	0.895	-0.042	non-DMR
chr1	639605	640586	22	0.557	0.098	0.46	good-DMR
chr1	641117	642046	22	0.567	0.605	-0.038	non-DMR
chr1	642111	643111	21	0.114	0.076	0.038	non-DMR
chr1	643164	644109	20	0.419	0.902	-0.483	good-DMR
chr1	644585	645714	25	0.729	0.711	0.018	inconsistent-DMR
chr1	645767	646873	25	0.29	0.746	-0.456	good-DMR
chr1	647327	648266	19	0.219	0.7	-0.481	good-DMR
chr1	648747	649644	23	0.809	0.847	-0.038	non-DMR
chr1	649693	650516	19	0.291	0.76	-0.47	good-DMR
chr1	650843	651787	27	0.167	0.063	0.104	sub-DMR
chr1	652239	653092	22	0.789	0.827	-0.039	non-DMR
chr1	653226	654094	20	0.763	0.811	-0.048	non-DMR
chr1	654195	655099	21	0.536	0.063	0.473	good-DMR
chr1	655585	656491	22	0.311	0.797	-0.486	good-DMR
chr1	657004	657968	22	0.17	0.131	0.039	non-DMR
chr1	658028	659027	24	0.468	0.389	0.079	inconsistent-DMR
chr1	659201	660457	30	0.124	0.089	0.035	non-DMR
chr1	660605	661777	28	0.186	0.626	-0.44	notable-DMR
chr1	661870	662817	25	0.306	0.263	0.043	non-DMR
chr1	662913	663886	25	0.376	0.805	-0.43	good-DMR
chr1	665455	666317	20	0.762	0.8	-0.038	non-DMR
chr1	666347	667315	22	0.677	0.245	0.432	good-DMR
chr1	667788	668644	23	0.097	0.057	0.041	non-DMR
chr1	668683	669695	20	0.644	0.689	-0.045	non-DMR
chr1	669786	670811	24	0.424	0.866	-0.442	good-DMR
chr1	671265	672047	19	0.481	0.081	0.401	good-DMR
chr1	672529	673531	23	0.638	0.597	0.041	non-DMR
chr1	673676	674531	20	0.801	0.843	-0.042	non-DMR
chr1	674648	675646	24	0.92	0.952	-0.032	non-DMR
chr1	675674	676633	22	0.388	0.807	-0.419	good-DMR
chr1	677117	678040	23	0.777	0.823	-0.046	non-DMR
chr1	678115	679125	23	0.57	0.612	-0.042	non-DMR
chr1	679255	680140	22	0.305	0.271	0.034	inconsistent-DMR
chr1	680337	681408	29	0.229	0.714	-0.486	good-DMR
chr1	681885	682694	21	0.79	0.833	-0.043	non-DMR
chr1	682743	683886	28	0.744	0.785	-0.04	non-DMR
chr1	684020	684820	19	0.665	0.7	-0.035	non-DMR
chr1	684890	685813	21	0.126	0.089	0.038	non-DMR
chr1	685903	686707	18	0.728	0.768	-0.04	non-DMR
chr1	686795	687802	24	0.111	0.075	0.036	non-DMR
chr1	687859	688681	19	0.607	0.649	-0.041	non-DMR
chr1	688769	689622	19	0.833	0.877	-0.044	non-DMR
chr1	689692	690784	22	0.79	0.832	-0.043	non-DMR
chr1	690884	691804	18	0.352	0.797	-0.445	good-DMR
chr1	692307	693271	26	0.309	0.74	-0.431	good-DMR
chr1	693768	694467	17	0.603	0.206	0.397	good-DMR
chr1	694967	696086	26	0.633	0.674	-0.041	non-DMR
chr1	696121	697297	27	0.696	0.737	-0.04	non-DMR
chr1	697402	698184	21	0.525	0.554	-0.028	inconsistent-DMR
chr1	698285	699360	27	0.531	0.075	0.456	good-DMR
chr1	699842	700712	22	0.742	0.778	-0.036	non-DMR
chr1	700830	701597	18	0.672	0.712	-0.04	non-DMR
chr1	701717	702584	19	0.736	0.781	-0.045	non-DMR
chr1	702708	703766	24	0.56	0.599	-0.039	non-DMR
chr1	703839	704775	21	0.44	0.88	-0.44	good-DMR
chr1	705213	706089	20	0.227	0.191	0.036	non-DMR
chr1	706219	707174	21	0.789	0.829	-0.04	non-DMR
chr1	707202	708063	21	0.75	0.794	-0.044	non-DMR
chr1	708176	709211	28	0.618	0.218	0.4	notable-DMR
chr1	709322	710176	23	0.677	0.717	-0.04	non-DMR
chr1	710255	711100	18	0.701	0.59	0.111	sub-DMR
chr1	711601	712467	20	0.731	0.772	-0.041	non-DMR
chr1	712532	713518	27	0.435	0.817	-0.382	notable-DMR
chr1	713557	714566	26	0.748	0.791	-0.043	non-DMR
chr1	714587	715628	25	0.339	0.787	-0.447	good-DMR
chr1	716111	716825	17	0.106	0.56	-0.454	good-DMR
chr1	717361	718292	24	0.753	0.8	-0.047	non-DMR
chr1	718370	719377	22	0.666	0.172	0.494	good-DMR
chr1	719924	720914	22	0.724	0.77	-0.045	non-DMR
chr1	720996	721806	21	0.115	0.076	0.039	non-DMR
chr1	721889	722760	23	0.2	0.698	-0.498	good-DMR
chr1	723286	724147	22	0.617	0.661	-0.044	non-DMR
chr1	724243	725190	22	0.885	0.927	-0.042	non-DMR
chr1	725266	726128	20	0.697	0.746	-0.049	non-DMR
chr1	726202	727197	23	0.298	0.805	-0.507	good-DMR
chr1	727703	728667	23	0.786	0.824	-0.039	non-DMR
chr1	728760	729811	25	0.324	0.29	0.034	non-DMR
chr1	729899	730846	22	0.096	0.061	0.035	non-DMR
chr1	730972	732024	24	0.81	0.85	-0.04	non-DMR
chr1	732087	733085	28	0.368	0.774	-0.406	good-DMR
chr1	733506	734531	24	0.845	0.89	-0.045	non-DMR
chr1	734557	735494	21	0.313	0.786	-0.472	good-DMR
chr1	735921	736899	28	0.685	0.731	-0.047	non-DMR
chr1	737048	738008	24	0.658	0.693	-0.035	non-DMR
chr1	738069	739087	23	0.376	0.839	-0.463	good-DMR
chr1	739567	740603	24	0.121	0.083	0.039	non-DMR
chr1	740616	741532	26	0.804	0.855	-0.051	non-DMR
chr1	741569	742418	20	0.651	0.693	-0.043	non-DMR
chr1	742511	743483	24	0.823	0.863	-0.04	non-DMR
chr1	743576	744439	18	0.127	0.088	0.039	non-DMR
chr1	744531	745365	20	0.494	0.842	-0.348	good-DMR
chr1	745874	746698	17	0.884	0.926	-0.042	non-DMR
chr1	746777	747682	22	0.274	0.738	-0.464	good-DMR
chr1	748116	749061	23	0.274	0.781	-0.507	good-DMR
chr1	749568	750513	22	0.284	0.18	0.104	sub-DMR
chr1	750997	751883	22	0.799	0.839	-0.04	non-DMR
chr1	751908	753121	28	0.107	0.073	0.033	non-DMR
chr1	753224	754016	19	0.418	0.793	-0.374	good-DMR
chr1	754473	755387	20	0.081	0.041	0.039	non-DMR
chr1	756727	757730	24	0.238	0.193	0.045	non-DMR
chr1	757825	758853	25	0.406	0.856	-0.45	good-DMR
chr1	759341	760311	22	0.676	0.718	-0.043	non-DMR
chr1	760365	761427	25	0.759	0.803	-0.044	non-DMR
chr1	761560	762428	21	0.773	0.811	-0.037	non-DMR
chr1	762553	763377	19	0.888	0.917	-0.029	non-DMR
chr1	764402	765306	22	0.362	0.759	-0.397	good-DMR
chr1	765845	766852	25	0.737	0.782	-0.046	non-DMR
chr1	766930	767801	21	0.297	0.72	-0.423	good-DMR
chr1	768234	769172	24	0.464	0.581	-0.117	inconsistent-DMR
chr1	769329	770281	23	0.312	0.821	-0.509	good-DMR
chr1	770675	771698	27	0.614	0.654	-0.041	non-DMR
chr1	771812	772790	21	0.673	0.718	-0.045	non-DMR
chr1	772875	773892	24	0.699	0.741	-0.042	non-DMR
chr1	774005	775152	30	0.792	0.834	-0.042	non-DMR
chr1	775225	776028	21	0.276	0.79	-0.515	good-DMR
chr1	776449	777281	24	0.43	0.826	-0.397	good-DMR
chr1	777827	778886	23	0.763	0.802	-0.039	non-DMR
chr1	778940	779697	16	0.799	0.84	-0.041	non-DMR
chr1	779794	780822	24	0.115	0.071	0.044	non-DMR
chr1	780905	781852	20	0.816	0.853	-0.037	non-DMR
chr1	781951	782847	22	0.798	0.844	-0.047	non-DMR
chr1	782948	783971	24	0.271	0.789	-0.518	good-DMR
chr1	784467	785501	27	0.792	0.834	-0.042	non-DMR
chr1	785612	786464	19	0.797	0.839	-0.042	non-DMR
chr1	786504	787545	24	0.486	0.923	-0.438	good-DMR
chr1	787996	788956	21	0.234	0.197	0.037	non-DMR
chr1	789065	790073	22	0.855	0.903	-0.047	non-DMR
chr1	790181	791071	21	0.229	0.696	-0.467	good-DMR
chr1	791584	792444	21	0.629	0.663	-0.034	non-DMR
chr1	792539	793565	23	0.764	0.807	-0.042	non-DMR
chr1	793630	794582	23	0.783	0.823	-0.04	non-DMR
chr1	794636	795471	19	0.122	0.076	0.046	non-DMR
chr1	795549	796532	26	0.78	0.822	-0.042	non-DMR
chr1	796647	797389	17	0.798	0.845	-0.047	non-DMR
chr1	797494	798424	21	0.51	0.044	0.466	good-DMR
chr1	798900	799714	20	0.767	0.81	-0.042	non-DMR
chr1	799819	800786	24	0.097	0.057	0.04	non-DMR
chr1	800799	801701	21	0.681	0.718	-0.037	non-DMR
chr1	801805	802816	26	0.679	0.719	-0.04	non-DMR
chr1	802906	803694	18	0.214	0.799	-0.586	good-DMR
chr1	804070	805133	26	0.628	0.663	-0.035	non-DMR
chr1	805208	806218	26	0.725	0.161	0.564	good-DMR
chr1	806744	807578	19	0.763	0.808	-0.045	non-DMR
chr1	807703	808773	26	0.58	0.618	-0.038	non-DMR
chr1	808882	809954	23	0.655	0.759	-0.103	sub-DMR
chr1	810430	811514	24	0.152	0.118	0.034	non-DMR
chr1	811556	812431	20	0.764	0.807	-0.043	non-DMR
chr1	812496	813174	17	0.675	0.796	-0.122	sub-DMR
chr1	813600	814583	23	0.464	0.92	-0.457	good-DMR
chr1	815036	816047	24	0.249	0.21	0.04	non-DMR
chr1	816153	817005	23	0.308	0.738	-0.43	good-DMR
chr1	817290	818125	23	0.794	0.837	-0.043	non-DMR
chr1	818227	819092	17	0.51	0.891	-0.381	good-DMR
chr1	819567	820615	24	0.696	0.15	0.546	good-DMR
chr1	821075	822055	24	0.751	0.854	-0.103	sub-DMR
chr1	822577	823372	19	0.761	0.797	-0.036	non-DMR
chr1	823457	824400	23	0.112	0.063	0.049	non-DMR
chr1	824434	825432	23	0.351	0.806	-0.455	good-DMR
chr1	825927	827017	29	0.721	0.83	-0.109	sub-DMR
chr1	827522	828556	23	0.379	0.266	0.113	sub-DMR
chr1	829060	830068	22	0.25	0.206	0.045	non-DMR
chr1	830138	830835	20	0.107	0.071	0.036	non-DMR
chr1	830907	831854	23	0.434	0.051	0.383	good-DMR
chr1	832366	833404	26	0.797	0.839	-0.043	non-DMR
chr1	833514	834616	28	0.822	0.924	-0.101	sub-DMR
chr1	835082	835999	24	0.774	0.813	-0.038	non-DMR
chr1	836059	836928	21	0.691	0.73	-0.038	non-DMR
chr1	836998	837923	22	0.71	0.758	-0.048	non-DMR
chr1	837999	839035	25	0.703	0.74	-0.036	non-DMR
chr1	839107	840115	27	0.738	0.848	-0.11	sub-DMR
chr1	840564	841574	24	0.712	0.757	-0.044	non-DMR
chr1	841694	842598	20	0.865	0.903	-0.038	non-DMR
chr1	842653	843597	24	0.634	0.75	-0.116	sub-DMR
chr1	844092	845169	26	0.224	0.191	0.033	non-DMR
chr1	845206	846155	24	0.761	0.804	-0.043	non-DMR
chr1	846225	847050	21	0.761	0.798	-0.037	non-DMR
chr1	847108	847968	22	0.204	0.165	0.04	non-DMR
chr1	848029	848971	21	0.844	0.885	-0.041	non-DMR
chr1	849034	849975	25	0.798	0.838	-0.04	non-DMR
chr1	850119	850946	18	0.118	0.082	0.036	non-DMR
chr1	851041	852014	28	0.588	0.628	-0.04	non-DMR
chr1	852084	853053	20	0.889	0.932	-0.042	non-DMR
chr1	853114	853889	18	0.073	0.042	0.03	non-DMR
chr1	853994	854934	21	0.601	0.647	-0.046	non-DMR
chr1	854988	855910	21	0.116	0.079	0.037	non-DMR
chr1	856006	856976	22	0.819	0.869	-0.05	non-DMR
chr1	857022	858078	23	0.83	0.885	-0.056	non-DMR
chr1	858141	859260	26	0.176	0.133	0.043	non-DMR
chr1	859383	860494	24	0.645	0.681	-0.036	non-DMR
chr1	860603	861578	24	0.52	0.53	-0.009	inconsistent-DMR
chr1	861751	862646	20	0.874	0.905	-0.031	non-DMR
chr1	862774	863644	21	0.72	0.764	-0.044	non-DMR
chr1	863713	864495	19	0.733	0.781	-0.048	non-DMR
chr1	864574	865631	26	0.766	0.807	-0.041	non-DMR
chr1	865730	866698	22	0.266	0.717	-0.451	notable-DMR
chr1	866790	868028	26	0.685	0.73	-0.045	non-DMR
chr1	868138	869266	27	0.735	0.774	-0.039	non-DMR
chr1	869344	870353	23	0.201	0.678	-0.476	good-DMR
chr1	870845	871866	26	0.397	0.879	-0.482	good-DMR
chr1	872343	873238	18	0.759	0.801	-0.042	non-DMR
chr1	873370	874323	22	0.847	0.876	-0.03	non-DMR
chr1	874430	875494	23	0.234	0.749	-0.516	good-DMR
chr1	875931	876785	22	0.308	0.696	-0.388	good-DMR
chr1	877300	878145	22	0.818	0.865	-0.047	non-DMR
chr1	878212	879167	25	0.684	0.717	-0.033	non-DMR
chr1	879301	880272	24	0.741	0.781	-0.04	non-DMR
chr1	880339	881368	26	0.741	0.782	-0.042	non-DMR
chr1	881450	882542	27	0.097	0.064	0.034	non-DMR
chr1	882633	883511	21	0.102	0.069	0.033	non-DMR
chr1	883626	884785	24	0.808	0.839	-0.031	non-DMR
chr1	884899	885916	23	0.703	0.746	-0.043	non-DMR
chr1	886006	886921	23	0.745	0.792	-0.047	non-DMR
chr1	887020	887889	20	0.661	0.702	-0.041	non-DMR
chr1	887948	888894	23	0.839	0.878	-0.039	non-DMR
chr1	888971	889890	21	0.235	0.702	-0.467	good-DMR
chr1	890411	891420	25	0.902	0.951	-0.048	non-DMR
chr1	891499	892411	25	0.639	0.683	-0.044	non-DMR
chr1	892476	893444	24	0.845	0.882	-0.037	non-DMR
chr1	893552	894554	24	0.12	0.078	0.043	non-DMR
chr1	894659	895660	22	0.354	0.844	-0.491	good-DMR
chr1	896185	897021	19	0.769	0.818	-0.049	non-DMR
chr1	897157	898140	20	0.622	0.621	0.001	inconsistent-DMR
chr1	898311	899355	24	0.182	0.138	0.044	non-DMR
chr1	899434	900437	23	0.43	0.846	-0.416	notable-DMR
chr1	900542	901491	19	0.623	0.581	0.042	non-DMR
chr1	901620	902652	24	0.784	0.817	-0.033	non-DMR
chr1	902732	903664	24	0.758	0.804	-0.045	non-DMR
chr1	903687	904516	20	0.171	0.057	0.114	sub-DMR
chr1	904980	905794	19	0.509	0.545	-0.036	non-DMR
chr1	905895	906819	20	0.186	0.144	0.042	non-DMR
chr1	906931	908011	22	0.763	0.803	-0.041	non-DMR
chr1	908123	909159	23	0.795	0.844	-0.049	non-DMR
chr1	909251	910051	19	0.61	0.658	-0.047	non-DMR
chr1	910118	910890	18	0.199	0.169	0.03	non-DMR
chr1	910917	911841	23	0.493	0.858	-0.365	good-DMR
chr1	912336	913338	24	0.596	0.633	-0.037	non-DMR
chr1	913471	914354	20	0.759	0.793	-0.034	non-DMR
chr1	914388	915353	24	0.585	0.148	0.437	good-DMR
chr1	915872	916734	23	0.635	0.672	-0.037	non-DMR
chr1	916861	917809	22	0.691	0.724	-0.033	non-DMR
chr1	917910	918767	23	0.292	0.786	-0.494	good-DMR
chr1	919243	920205	25	0.569	0.608	-0.039	non-DMR
chr1	920293	921082	17	0.252	0.211	0.042	non-DMR
chr1	921121	922157	24	0.274	0.755	-0.481	notable-DMR
chr1	922235	923224	22	0.865	0.903	-0.038	non-DMR
chr1	923289	924323	29	0.126	0.091	0.035	non-DMR
chr1	924425	925538	28	0.469	0.818	-0.349	good-DMR
chr1	927149	928147	26	0.664	0.713	-0.049	non-DMR
chr1	928236	929224	24	0.158	0.109	0.049	non-DMR
chr1	929295	930105	18	0.369	0.891	-0.522	good-DMR
chr1	930472	931574	25	0.683	0.725	-0.042	non-DMR
chr1	931647	932586	22	0.578	0.538	0.04	non-DMR
chr1	932701	933537	19	0.877	0.914	-0.037	non-DMR
chr1	933615	934723	25	0.782	0.901	-0.119	sub-DMR
chr1	935146	936155	24	0.707	0.808	-0.101	sub-DMR
chr1	936628	937560	23	0.803	0.835	-0.032	non-DMR
chr1	937644	938699	25	0.211	0.107	0.103	sub-DMR
chr1	939135	939877	19	0.338	0.793	-0.455	good-DMR
chr1	940374	941297	24	0.837	0.877	-0.039	non-DMR
chr1	941339	942223	23	0.719	0.754	-0.035	non-DMR
chr1	942282	943112	20	0.832	0.881	-0.049	non-DMR
chr1	943215	944212	23	0.2	0.161	0.038	non-DMR
chr1	944296	945216	23	0.34	0.298	0.041	non-DMR
chr1	945365	946161	21	0.837	0.883	-0.047	non-DMR
chr1	946234	947159	22	0.811	0.854	-0.043	non-DMR
chr1	947216	948300	26	0.762	0.868	-0.106	sub-DMR
chr1	948794	949630	22	0.374	0.257	0.117	sub-DMR
chr1	950161	951220	30	0.741	0.779	-0.038	non-DMR
chr1	951303	952272	24	0.309	0.788	-0.479	good-DMR
chr1	952743	953776	25	0.797	0.834	-0.037	non-DMR
chr1	953871	954819	23	0.479	0.91	-0.431	good-DMR
chr1	955323	956359	28	0.586	0.142	0.444	good-DMR
chr1	956658	957525	19	0.196	0.613	-0.416	good-DMR
chr1	958001	958975	23	0.779	0.892	-0.113	sub-DMR
chr1	959514	960374	22	0.73	0.768	-0.037	non-DMR
chr1	960422	961447	24	0.568	0.129	0.439	good-DMR
chr1	961913	962711	19	0.774	0.82	-0.046	non-DMR
chr1	962834	963724	22	0.731	0.767	-0.037	non-DMR
chr1	963796	964542	19	0.663	0.166	0.497	good-DMR
chr1	965077	966178	24	0.814	0.859	-0.045	non-DMR
chr1	966306	967536	29	0.694	0.731	-0.037	non-DMR
chr1	967607	968437	19	0.591	0.639	-0.047	non-DMR
chr1	968563	969517	22	0.766	0.813	-0.047	non-DMR
chr1	969626	970611	22	0.289	0.765	-0.476	notable-DMR
chr1	970695	971583	24	0.577	0.62	-0.043	non-DMR
chr1	971645	972423	22	0.094	0.69	-0.596	notable-DMR
chr1	972481	973448	25	0.821	0.864	-0.043	non-DMR
chr1	973535	974479	22	0.234	0.197	0.037	non-DMR
chr1	974597	975463	23	0.832	0.87	-0.038	non-DMR
chr1	975491	976451	22	0.543	0.58	-0.038	non-DMR
chr1	976547	977333	20	0.654	0.699	-0.045	non-DMR
chr1	977412	978465	23	0.616	0.21	0.405	notable-DMR
chr1	978570	979464	22	0.281	0.246	0.035	non-DMR
chr1	979539	980500	22	0.323	0.825	-0.502	good-DMR
chr1	981011	981965	23	0.243	0.198	0.045	non-DMR
chr1	982022	982979	22	0.758	0.801	-0.044	non-DMR
chr1	983081	984037	24	0.24	0.702	-0.463	good-DMR
chr1	984526	985549	24	0.698	0.742	-0.043	non-DMR
chr1	985644	986648	25	0.836	0.882	-0.046	non-DMR
chr1	986688	987747	24	0.752	0.79	-0.038	non-DMR
chr1	987783	988759	21	0.474	0.869	-0.396	good-DMR
chr1	989298	990113	22	0.873	0.916	-0.043	non-DMR
chr1	990148	990958	20	0.484	0.898	-0.413	good-DMR
chr1	991417	992358	23	0.123	0.085	0.038	non-DMR
chr1	992504	993490	24	0.155	0.111	0.044	non-DMR
chr1	993547	994488	21	0.671	0.787	-0.115	sub-DMR
chr1	994861	995854	25	0.335	0.683	-0.348	good-DMR
chr1	996396	997324	23	0.185	0.141	0.044	non-DMR
chr1	997398	998229	18	0.261	0.142	0.119	sub-DMR
chr1	998618	999634	25	0.77	0.813	-0.044	non-DMR
chr1	999740	1000618	21	0.669	0.71	-0.04	non-DMR
chr1	1000744	1001839	29	0.167	0.131	0.036	non-DMR
chr1	1001933	1002832	24	0.181	0.666	-0.486	good-DMR
chr1	1003306	1004125	19	0.287	0.254	0.033	inconsistent-DMR
chr1	1004327	1005409	25	0.649	0.682	-0.033	non-DMR
chr1	1005508	1006423	20	0.717	0.755	-0.038	non-DMR
chr1	1006503	1007531	25	0.616	0.66	-0.044	non-DMR
chr1	1007669	1008703	22	0.159	0.119	0.039	non-DMR
chr1	1008785	1009707	20	0.34	0.799	-0.458	good-DMR
chr1	1010137	1010841	17	0.459	0.497	-0.038	non-DMR
chr1	1010920	1011899	25	0.729	0.83	-0.101	sub-DMR
chr1	1012391	1013198	19	0.745	0.789	-0.043	non-DMR
chr1	1013220	1014177	22	0.297	0.798	-0.501	good-DMR
chr1	1014661	1015583	21	0.311	0.765	-0.454	good-DMR
chr1	1016056	1017076	24	0.699	0.735	-0.037	non-DMR
chr1	1017108	1017988	21	0.744	0.24	0.504	good-DMR
chr1	1018478	1019403	24	0.524	0.952	-0.428	good-DMR
chr1	1019899	1020770	21	0.701	0.747	-0.046	non-DMR
chr1	1020800	1021607	22	0.234	0.696	-0.462	good-DMR
chr1	1022041	1022891	20	0.37	0.855	-0.485	good-DMR
chr1	1023325	1024322	23	0.855	0.9	-0.045	non-DMR
chr1	1024352	1025248	23	0.781	0.82	-0.038	non-DMR
chr1	1025337	1026275	20	0.687	0.722	-0.035	non-DMR
chr1	1026387	1027345	22	0.625	0.58	0.044	non-DMR
chr1	1027413	1028373	25	0.806	0.849	-0.042	non-DMR
chr1	1028422	1029319	23	0.838	0.881	-0.043	non-DMR
chr1	1029346	1030431	25	0.405	0.81	-0.405	good-DMR
chr1	1030846	1031861	26	0.366	0.848	-0.482	good-DMR
chr1	1032248	1033169	24	0.69	0.739	-0.049	non-DMR
chr1	1034452	1035409	23	0.798	0.833	-0.035	non-DMR
chr1	1035446	1036175	20	0.786	0.833	-0.046	non-DMR
chr1	1036263	1037301	27	0.575	0.62	-0.045	non-DMR
chr1	1037432	1038447	23	0.628	0.668	-0.04	non-DMR
chr1	1038541	1039392	20	0.379	0.065	0.314	good-DMR
chr1	1039780	1040717	21	0.259	0.728	-0.468	good-DMR
chr1	1041189	1042144	22	0.225	0.178	0.047	non-DMR
chr1	1042198	1043224	23	0.311	0.763	-0.452	good-DMR
chr1	1043693	1044824	24	0.771	0.814	-0.043	non-DMR
chr1	1044926	1045897	25	0.783	0.817	-0.035	non-DMR
chr1	1046963	1047841	25	0.685	0.725	-0.039	non-DMR
chr1	1047906	1048904	22	0.38	0.826	-0.446	good-DMR
chr1	1049447	1050342	22	0.634	0.672	-0.038	non-DMR
chr1	1050426	1051434	23	0.67	0.714	-0.044	non-DMR
chr1	1051530	1052589	24	0.886	0.923	-0.037	non-DMR
chr1	1052661	1053620	21	0.766	0.804	-0.038	non-DMR
chr1	1053703	1054697	24	0.852	0.892	-0.04	non-DMR
chr1	1054774	1055705	24	0.756	0.794	-0.038	non-DMR
chr1	1055762	1056714	28	0.618	0.578	0.039	non-DMR
chr1	1056824	1057671	23	0.809	0.849	-0.04	non-DMR
chr1	1057755	1058823	27	0.392	0.826	-0.434	good-DMR
chr1	1059247	1060263	26	0.552	0.098	0.453	good-DMR
chr1	1060631	1061557	19	0.584	0.705	-0.121	sub-DMR
chr1	1062059	1062954	21	0.747	0.792	-0.045	non-DMR
chr1	1063039	1064082	22	0.268	0.73	-0.462	good-DMR
chr1	1065872	1066983	26	0.267	0.229	0.038	non-DMR
chr1	1067080	1068106	25	0.195	0.079	0.116	sub-DMR
chr1	1068544	1069600	27	0.581	0.05	0.531	good-DMR
chr1	1070050	1070986	22	0.642	0.685	-0.043	non-DMR
chr1	1071115	1072089	24	0.101	0.057	0.044	non-DMR
chr1	1072142	1073166	25	0.092	0.053	0.038	non-DMR
chr1	1073276	1074267	24	0.857	0.897	-0.039	non-DMR
chr1	1074342	1075395	24	0.415	0.86	-0.445	good-DMR
chr1	1075823	1076623	18	0.144	0.085	0.059	non-DMR
chr1	1076687	1077770	23	0.307	0.27	0.037	non-DMR
chr1	1077870	1078922	26	0.246	0.203	0.042	non-DMR
chr1	1079021	1079945	24	0.861	0.901	-0.041	non-DMR
chr1	1080002	1081034	25	0.309	0.798	-0.489	good-DMR
chr1	1081568	1082625	23	0.673	0.647	0.026	inconsistent-DMR
chr1	1082748	1083629	24	0.891	0.933	-0.042	non-DMR
chr1	1083691	1084544	19	0.781	0.819	-0.037	non-DMR
chr1	1084609	1085639	29	0.823	0.865	-0.042	non-DMR
chr1	1085733	1086601	21	0.122	0.09	0.032	non-DMR
chr1	1086731	1087699	25	0.709	0.753	-0.044	non-DMR
chr1	1087809	1088994	28	0.403	0.361	0.042	non-DMR
chr1	1089038	1090186	27	0.31	0.746	-0.437	good-DMR
chr1	1090617	1091333	16	0.58	0.139	0.44	good-DMR
chr1	1091817	1092809	23	0.193	0.146	0.047	non-DMR
chr1	1092833	1093865	24	0.781	0.82	-0.039	non-DMR
chr1	1093974	1094865	20	0.812	0.853	-0.041	non-DMR
chr1	1094974	1095976	26	0.713	0.759	-0.046	non-DMR
chr1	1096088	1097073	24	0.72	0.764	-0.044	non-DMR
chr1	1097212	1098256	25	0.697	0.743	-0.046	non-DMR
chr1	1098336	1099324	26	0.2	0.725	-0.525	good-DMR
chr1	1099712	1100532	18	0.098	0.053	0.045	non-DMR
chr1	1100645	1101558	24	0.518	0.564	-0.046	non-DMR
chr1	1101663	1102625	22	0.173	0.649	-0.476	good-DMR
chr1	1103096	1104103	24	0.673	0.715	-0.043	non-DMR
chr1	1104205	1105245	24	0.483	0.792	-0.309	good-DMR
chr1	1105533	1106604	27	0.778	0.815	-0.037	non-DMR
chr1	1106704	1107582	22	0.268	0.783	-0.515	good-DMR
chr1	1107835	1108904	26	0.696	0.734	-0.037	inconsistent-DMR
chr1	1109005	1110081	27	0.084	0.045	0.039	non-DMR
chr1	1110169	1111252	25	0.22	0.177	0.042	non-DMR
chr1	1111318	1112193	20	0.753	0.791	-0.038	non-DMR
chr1	1112245	1113182	21	0.365	0.782	-0.417	good-DMR
chr1	1113581	1114422	20	0.686	0.729	-0.043	non-DMR
chr1	1114484	1115344	19	0.568	0.611	-0.043	non-DMR
chr1	1115424	1116444	25	0.289	0.748	-0.459	notable-DMR
chr1	1116565	1117537	23	0.693	0.723	-0.03	non-DMR
chr1	1117685	1118634	24	0.71	0.749	-0.039	non-DMR
chr1	1118692	1119609	19	0.049	0.51	-0.461	good-DMR
chr1	1120107	1121005	21	0.787	0.833	-0.046	non-DMR
chr1	1121909	1122693	18	0.966	0.545	0.421	good-DMR
chr1	1123211	1124219	24	0.765	0.804	-0.039	non-DMR
chr1	1124355	1125475	27	0.819	0.862	-0.043	non-DMR
chr1	1125604	1126554	23	0.791	0.839	-0.048	non-DMR
chr1	1126613	1127616	25	0.229	0.187	0.042	non-DMR
chr1	1127688	1128490	19	0.71	0.748	-0.038	non-DMR
chr1	1128510	1129487	23	0.76	0.8	-0.04	non-DMR
chr1	1129586	1130435	21	0.469	0.859	-0.389	good-DMR
chr1	1130897	1131756	23	0.154	0.121	0.033	non-DMR
chr1	1131836	1132649	21	0.747	0.789	-0.042	non-DMR
chr1	1132751	1133906	28	0.78	0.821	-0.041	non-DMR
chr1	1133933	1134791	20	0.555	0.596	-0.041	non-DMR
chr1	1134855	1135765	22	0.754	0.796	-0.042	non-DMR
chr1	1135845	1136668	20	0.657	0.703	-0.046	non-DMR
chr1	1136723	1137762	27	0.172	0.668	-0.496	good-DMR
chr1	1138228	1139245	22	0.685	0.681	0.003	inconsistent-DMR
chr1	1139317	1140253	25	0.639	0.684	-0.045	non-DMR
chr1	1140328	1141345	23	0.639	0.747	-0.108	sub-DMR
chr1	1141793	1142858	25	0.671	0.779	-0.108	sub-DMR
chr1	1143334	1144285	21	0.725	0.758	-0.033	non-DMR
chr1	1144390	1145360	24	0.556	0.517	0.039	non-DMR
chr1	1145441	1146143	17	0.318	0.79	-0.472	notable-DMR
chr1	1146214	1147084	22	0.71	0.755	-0.045	non-DMR
chr1	1147200	1148084	21	0.661	0.724	-0.063	inconsistent-DMR
chr1	1148262	1149157	22	0.804	0.843	-0.039	non-DMR
chr1	1149251	1150149	20	0.803	0.844	-0.041	non-DMR
chr1	1150260	1151295	23	0.119	0.077	0.042	non-DMR
chr1	1151365	1152456	25	0.156	0.117	0.039	non-DMR
chr1	1152537	1153341	20	0.126	0.085	0.04	non-DMR
chr1	1153444	1154490	26	0.692	0.735	-0.042	non-DMR
chr1	1154588	1155638	24	0.794	0.909	-0.115	sub-DMR
chr1	1156001	1156893	22	0.671	0.706	-0.035	non-DMR
chr1	1157023	1157977	21	0.618	0.653	-0.035	non-DMR
chr1	1158079	1158880	18	0.455	0.839	-0.384	good-DMR
chr1	1159384	1160411	25	0.846	0.891	-0.045	non-DMR
chr1	1160509	1161497	25	0.861	0.904	-0.043	non-DMR
chr1	1161629	1162547	25	0.184	0.14	0.044	non-DMR
chr1	1162674	1163652	23	0.687	0.728	-0.041	non-DMR
chr1	1163764	1164883	25	0.736	0.783	-0.047	non-DMR
chr1	1165015	1165955	23	0.858	0.895	-0.038	non-DMR
chr1	1166017	1167012	21	0.64	0.183	0.457	good-DMR
chr1	1167507	1168689	26	0.088	0.049	0.039	non-DMR
chr1	1168778	1169747	25	0.115	0.08	0.035	non-DMR
chr1	1169857	1170735	22	0.721	0.766	-0.045	non-DMR
chr1	1170837	1171808	22	0.622	0.731	-0.108	sub-DMR
chr1	1172239	1173091	20	0.217	0.178	0.039	non-DMR
chr1	1173196	1174301	27	0.107	0.066	0.041	non-DMR
chr1	1174391	1175214	18	0.184	0.139	0.045	non-DMR
chr1	1175274	1176118	22	0.153	0.672	-0.52	good-DMR
chr1	1176534	1177462	21	0.2	0.16	0.04	non-DMR
chr1	1177508	1178438	24	0.614	0.563	0.052	inconsistent-DMR
chr1	1178517	1179474	23	0.32	0.777	-0.457	good-DMR
chr1	1179934	1180943	26	0.358	0.818	-0.461	good-DMR
chr1	1181424	1182456	24	0.457	0.912	-0.455	good-DMR
chr1	1182729	1183735	23	0.67	0.14	0.53	good-DMR
chr1	1184084	1185084	23	0.271	0.632	-0.361	good-DMR
chr1	1185574	1186428	19	0.436	0.851	-0.415	good-DMR
chr1	1186950	1187730	18	0.763	0.806	-0.044	non-DMR
chr1	1187817	1188746	22	0.272	0.229	0.043	non-DMR
chr1	1188822	1189762	24	0.673	0.725	-0.053	non-DMR
chr1	1189798	1190730	24	0.832	0.874	-0.042	non-DMR
chr1	1190824	1191740	22	0.526	0.123	0.403	good-DMR
chr1	1192218	1193084	21	0.313	0.727	-0.414	good-DMR
chr1	1193439	1194303	24	0.85	0.89	-0.04	non-DMR
chr1	1194429	1195472	24	0.814	0.851	-0.037	non-DMR
chr1	1195557	1196583	25	0.16	0.118	0.042	non-DMR
chr1	1196683	1197711	25	0.369	0.792	-0.423	good-DMR
chr1	1198165	1199001	19	0.746	0.785	-0.039	non-DMR
chr1	1199065	1200132	24	0.129	0.09	0.039	non-DMR
chr1	1200273	1201117	19	0.859	0.891	-0.032	non-DMR
chr1	1201171	1202099	22	0.23	0.187	0.043	non-DMR
chr1	1202226	1203249	25	0.749	0.795	-0.046	non-DMR
chr1	1203351	1204296	21	0.605	0.179	0.426	good-DMR
chr1	1204664	1205764	26	0.413	0.91	-0.497	good-DMR
chr1	1206217	1207332	26	0.33	0.688	-0.357	good-DMR
chr1	1207869	1208824	21	0.798	0.837	-0.038	non-DMR
chr1	1208926	1209921	25	0.639	0.675	-0.036	non-DMR
chr1	1210036	1210822	18	0.078	0.033	0.045	non-DMR
chr1	1210939	1211877	23	0.73	0.768	-0.039	non-DMR
chr1	1211933	1213017	26	0.114	0.077	0.037	non-DMR
chr1	1213114	1214138	23	0.44	0.843	-0.403	good-DMR
chr1	1214630	1215362	20	0.714	0.753	-0.039	non-DMR
chr1	1215464	1216327	22	0.831	0.879	-0.048	non-DMR
chr1	1216378	1217357	21	0.265	0.85	-0.585	good-DMR
chr1	1217662	1218614	22	0.827	0.861	-0.034	non-DMR
chr1	1218712	1219525	18	0.27	0.235	0.034	non-DMR
chr1	1219631	1220616	26	0.67	0.714	-0.044	non-DMR
chr1	1220698	1221718	23	0.1	0.057	0.043	non-DMR
chr1	1221829	1222705	24	0.565	0.522	0.043	non-DMR
chr1	1222798	1223933	28	0.525	0.132	0.393	good-DMR
chr1	1224417	1225335	20	0.786	0.827	-0.042	non-DMR
chr1	1225352	1226219	22	0.384	0.851	-0.467	good-DMR
chr1	1226731	1227743	24	0.756	0.79	-0.034	non-DMR
chr1	1227847	1228644	20	0.55	0.588	-0.038	non-DMR
chr1	1228771	1229669	22	0.37	0.334	0.036	non-DMR
chr1	1229718	1230754	25	0.709	0.814	-0.105	sub-DMR
chr1	1231219	1231982	16	0.796	0.83	-0.033	non-DMR
chr1	1232103	1232892	20	0.124	0.075	0.049	non-DMR
chr1	1232913	1233712	21	0.347	0.775	-0.428	good-DMR
chr1	1234178	1235048	23	0.832	0.875	-0.043	non-DMR
chr1	1235126	1236143	22	0.405	0.016	0.389	good-DMR
chr1	1236585	1237604	24	0.491	0.907	-0.416	good-DMR
chr1	1238098	1239055	20	0.741	0.783	-0.042	non-DMR
chr1	1239139	1239950	19	0.751	0.788	-0.038	non-DMR
chr1	1240050	1241186	27	0.69	0.731	-0.041	non-DMR
chr1	1241242	1242202	24	0.763	0.803	-0.04	non-DMR
chr1	1242246	1243155	21	0.169	0.132	0.036	non-DMR
chr1	1243230	1244267	25	0.845	0.889	-0.044	non-DMR
chr1	1244333	1245292	25	0.343	0.85	-0.508	good-DMR
chr1	1245649	1246572	20	0.77	0.246	0.525	good-DMR
chr1	1247051	1248177	26	0.385	0.773	-0.388	good-DMR
chr1	1248617	1249398	19	0.568	0.609	-0.041	non-DMR
chr1	1249443	1250399	26	0.592	0.636	-0.045	non-DMR
chr1	1250449	1251132	18	0.769	0.822	-0.052	non-DMR
chr1	1251157	1252126	25	0.344	0.847	-0.503	good-DMR
chr1	1252616	1253612	24	0.773	0.874	-0.101	sub-DMR
chr1	1254110	1255171	24	0.787	0.826	-0.039	non-DMR
chr1	1255277	1256208	21	0.877	0.916	-0.039	non-DMR
chr1	1256290	1257316	21	0.639	0.68	-0.042	non-DMR
chr1	1257396	1258232	20	0.828	0.87	-0.042	non-DMR
chr1	1258303	1259340	26	0.699	0.261	0.437	good-DMR
chr1	1259743	1260800	24	0.73	0.772	-0.043	non-DMR
chr1	1260905	1262009	28	0.304	0.2	0.104	sub-DMR
chr1	1262463	1263503	23	0.669	0.775	-0.106	sub-DMR
chr1	1263945	1265011	24	0.714	0.758	-0.044	non-DMR
chr1	1265108	1265961	18	0.818	0.864	-0.046	non-DMR
chr1	1266087	1267124	24	0.627	0.665	-0.038	non-DMR
chr1	1267260	1268153	21	0.769	0.811	-0.041	non-DMR
chr1	1268177	1269050	21	0.562	0.601	-0.039	non-DMR
chr1	1269125	1270176	27	0.451	0.553	-0.102	sub-DMR
