chr	start	end	CpG_count	treatment_methylation	control_methylation	mean_delta_methylation	category
chr1	100022	101249	27	0.813	0.854	-0.041	non-DMR
chr1	101297	102185	19	0.666	0.774	-0.108	sub-DMR
chr1	102667	103537	20	0.698	0.733	-0.035	non-DMR
chr1	103671	104741	28	0.671	0.713	-0.042	non-DMR
chr1	104813	105837	24	0.616	0.662	-0.046	non-DMR
chr1	105916	107040	25	0.628	0.592	0.036	non-DMR
chr1	107058	108006	23	0.506	0.799	-0.293	good-DMR
chr1	108452	109304	21	0.749	0.782	-0.033	non-DMR
chr1	109402	110515	29	0.52	0.774	-0.254	good-DMR
chr1	110933	112128	26	0.849	0.887	-0.037	non-DMR
chr1	112195	113087	21	0.573	0.77	-0.197	good-DMR
chr1	113561	114642	27	0.706	0.747	-0.041	non-DMR
chr1	114737	115628	25	0.294	0.068	0.226	good-DMR
chr1	116113	117094	24	0.71	0.745	-0.035	non-DMR
chr1	117167	118033	22	0.586	0.822	-0.235	good-DMR
chr1	118544	119452	19	0.868	0.923	-0.055	non-DMR
chr1	119495	120391	21	0.234	0.189	0.045	non-DMR
chr1	120452	121287	21	0.707	0.752	-0.045	non-DMR
chr1	121396	122423	24	0.612	0.646	-0.033	non-DMR
chr1	122518	123527	24	0.783	0.822	-0.039	non-DMR
chr1	123645	124251	15	0.825	0.87	-0.044	non-DMR
chr1	124286	125193	22	0.716	0.751	-0.035	non-DMR
chr1	125308	126236	23	0.689	0.738	-0.049	non-DMR
chr1	126313	127114	19	0.587	0.549	0.037	non-DMR
chr1	127201	128149	25	0.666	0.718	-0.052	non-DMR
chr1	128250	129277	24	0.317	0.105	0.212	good-DMR
chr1	129778	130780	22	0.578	0.749	-0.171	good-DMR
chr1	131252	132016	16	0.425	0.63	-0.205	good-DMR
chr1	132515	133588	26	0.139	0.038	0.101	sub-DMR
chr1	134120	135041	19	0.651	0.695	-0.044	non-DMR
chr1	135069	135885	21	0.452	0.199	0.253	good-DMR
chr1	136352	137364	23	0.736	0.777	-0.04	non-DMR
chr1	137410	138201	22	0.688	0.733	-0.045	non-DMR
chr1	138297	139290	24	0.598	0.841	-0.244	good-DMR
chr1	139763	140723	25	0.741	0.776	-0.034	non-DMR
chr1	140807	141662	21	0.783	0.824	-0.042	non-DMR
chr1	141714	142668	22	0.676	0.714	-0.038	non-DMR
chr1	142768	143806	26	0.418	0.719	-0.301	notable-DMR
chr1	143953	144974	22	0.15	0.113	0.038	non-DMR
chr1	145000	145984	21	0.451	0.158	0.293	good-DMR
chr1	146468	147401	23	0.654	0.693	-0.038	non-DMR
chr1	147499	148569	25	0.782	0.816	-0.034	non-DMR
chr1	148646	149440	19	0.779	0.825	-0.046	non-DMR
chr1	149538	150425	20	0.772	0.807	-0.035	non-DMR
chr1	150522	151299	18	0.748	0.753	-0.004	inconsistent-DMR
chr1	151421	152319	22	0.454	0.694	-0.24	good-DMR
chr1	152814	153847	25	0.871	0.91	-0.038	non-DMR
chr1	153932	155097	24	0.398	0.153	0.245	good-DMR
chr1	155576	156421	18	0.155	0.109	0.046	non-DMR
chr1	156519	157452	22	0.578	0.614	-0.037	non-DMR
chr1	157493	158313	19	0.552	0.735	-0.183	good-DMR
chr1	158801	159800	23	0.718	0.864	-0.147	good-DMR
chr1	160253	161160	25	0.678	0.718	-0.04	non-DMR
chr1	161259	162316	28	0.793	0.841	-0.048	non-DMR
chr1	162409	163197	18	0.452	0.743	-0.291	good-DMR
chr1	163664	164531	21	0.254	0.151	0.102	sub-DMR
chr1	165013	166076	25	0.635	0.885	-0.25	good-DMR
chr1	166582	167497	21	0.459	0.782	-0.323	good-DMR
chr1	168009	169044	29	0.688	0.725	-0.037	non-DMR
chr1	169098	169918	20	0.678	0.929	-0.25	notable-DMR
chr1	169976	170778	17	0.828	0.862	-0.035	non-DMR
chr1	170909	171822	21	0.602	0.649	-0.048	non-DMR
chr1	171955	172910	20	0.671	0.716	-0.044	non-DMR
chr1	172961	173825	21	0.835	0.876	-0.04	non-DMR
chr1	173947	174926	20	0.693	0.728	-0.035	non-DMR
chr1	175027	175999	23	0.845	0.883	-0.038	non-DMR
chr1	176121	177052	23	0.182	0.148	0.034	non-DMR
chr1	177177	178076	21	0.748	0.79	-0.042	non-DMR
chr1	178132	179200	26	0.451	0.79	-0.339	notable-DMR
chr1	179223	180276	27	0.732	0.772	-0.04	non-DMR
chr1	180346	181214	20	0.563	0.236	0.326	good-DMR
chr1	181662	182724	23	0.544	0.583	-0.039	non-DMR
chr1	182855	183769	22	0.611	0.579	0.032	inconsistent-DMR
chr1	183937	184635	18	0.151	0.116	0.035	non-DMR
chr1	184676	185570	21	0.506	0.781	-0.274	good-DMR
chr1	186073	186965	24	0.674	0.715	-0.042	non-DMR
chr1	187099	188022	25	0.758	0.796	-0.038	non-DMR
chr1	188142	189213	25	0.081	0.038	0.043	non-DMR
chr1	191510	192586	26	0.576	0.845	-0.268	good-DMR
chr1	193056	194014	25	0.51	0.783	-0.272	good-DMR
chr1	194501	195380	23	0.627	0.821	-0.193	good-DMR
chr1	195901	196826	21	0.659	0.698	-0.039	non-DMR
chr1	196936	197816	20	0.64	0.744	-0.104	sub-DMR
chr1	198266	199131	20	0.47	0.141	0.33	good-DMR
chr1	199444	200454	23	0.849	0.889	-0.04	non-DMR
chr1	200496	201387	24	0.287	0.182	0.105	sub-DMR
chr1	201851	202786	21	0.243	0.546	-0.302	good-DMR
chr1	203324	204124	21	0.099	0.057	0.042	non-DMR
chr1	204238	205224	24	0.748	0.787	-0.039	non-DMR
chr1	205245	206167	24	0.23	0.05	0.181	good-DMR
chr1	206506	207418	23	0.287	0.252	0.035	non-DMR
chr1	207532	208403	21	0.854	0.901	-0.047	non-DMR
chr1	208434	209496	25	0.468	0.718	-0.25	good-DMR
chr1	210026	210834	19	0.229	0.184	0.044	non-DMR
chr1	210890	211852	26	0.609	0.869	-0.261	notable-DMR
chr1	211931	212841	23	0.787	0.828	-0.042	non-DMR
chr1	212895	213742	20	0.78	0.823	-0.044	non-DMR
chr1	213831	214531	20	0.861	0.906	-0.044	non-DMR
chr1	214587	215384	21	0.689	0.731	-0.042	non-DMR
chr1	215428	216337	22	0.836	0.871	-0.036	non-DMR
chr1	216410	217322	21	0.713	0.754	-0.041	non-DMR
chr1	217437	218364	22	0.561	0.6	-0.039	non-DMR
chr1	218432	219419	26	0.548	0.782	-0.234	good-DMR
chr1	219841	220711	21	0.798	0.825	-0.027	non-DMR
chr1	220752	221802	26	0.792	0.834	-0.041	non-DMR
chr1	221889	222963	27	0.747	0.787	-0.04	non-DMR
chr1	223104	224048	19	0.112	0.057	0.055	non-DMR
chr1	224120	225015	20	0.732	0.773	-0.04	non-DMR
chr1	225081	225871	21	0.756	0.861	-0.105	sub-DMR
chr1	226373	227108	20	0.664	0.71	-0.046	non-DMR
chr1	227163	228009	22	0.168	0.124	0.044	non-DMR
chr1	228130	228944	23	0.256	0.208	0.048	non-DMR
chr1	228975	229868	23	0.689	0.791	-0.101	sub-DMR
chr1	230382	231345	25	0.222	0.176	0.046	non-DMR
chr1	231457	232420	22	0.747	0.782	-0.035	non-DMR
chr1	232454	233444	23	0.654	0.698	-0.043	non-DMR
chr1	233529	234497	25	0.557	0.596	-0.039	non-DMR
chr1	234551	235595	23	0.141	0.101	0.041	non-DMR
chr1	235653	236699	23	0.662	0.71	-0.048	non-DMR
chr1	236807	237667	23	0.846	0.893	-0.047	non-DMR
chr1	237776	238712	19	0.527	0.582	-0.055	non-DMR
chr1	238724	239735	27	0.283	0.045	0.238	good-DMR
chr1	240243	241264	26	0.565	0.61	-0.045	non-DMR
chr1	241281	242022	19	0.747	0.793	-0.046	non-DMR
chr1	242134	243017	23	0.399	0.345	0.055	non-DMR
chr1	243130	244115	20	0.167	0.132	0.035	non-DMR
chr1	245174	246011	23	0.769	0.806	-0.036	non-DMR
chr1	246125	247121	24	0.387	0.341	0.046	non-DMR
chr1	247202	248058	18	0.735	0.78	-0.046	non-DMR
chr1	248160	249369	29	0.796	0.832	-0.036	non-DMR
chr1	249495	250415	21	0.755	0.792	-0.037	non-DMR
chr1	250509	251351	18	0.754	0.795	-0.041	non-DMR
chr1	251446	252337	23	0.428	0.692	-0.265	good-DMR
chr1	252814	253894	26	0.609	0.567	0.042	non-DMR
chr1	253952	254897	24	0.331	0.058	0.273	good-DMR
chr1	255297	256279	27	0.827	0.86	-0.033	non-DMR
chr1	256395	257453	25	0.809	0.852	-0.043	non-DMR
chr1	257564	258581	22	0.587	0.622	-0.034	non-DMR
chr1	258658	259412	17	0.139	0.101	0.038	non-DMR
chr1	259511	260546	25	0.826	0.853	-0.028	non-DMR
chr1	260639	261521	19	0.164	0.125	0.039	non-DMR
chr1	261579	262450	20	0.605	0.58	0.026	inconsistent-DMR
chr1	262627	263712	24	0.685	0.687	-0.002	inconsistent-DMR
chr1	263768	264651	21	0.811	0.841	-0.03	non-DMR
chr1	264774	265918	25	0.168	0.129	0.038	non-DMR
chr1	266016	266960	22	0.628	0.864	-0.236	good-DMR
chr1	267403	268385	25	0.698	0.737	-0.04	non-DMR
chr1	268482	269379	23	0.88	0.924	-0.044	non-DMR
chr1	269444	270393	23	0.787	0.826	-0.038	non-DMR
chr1	270489	271328	21	0.767	0.808	-0.041	non-DMR
chr1	271379	272201	23	0.763	0.8	-0.038	non-DMR
chr1	273472	274630	27	0.117	0.073	0.044	non-DMR
chr1	274682	275519	22	0.783	0.826	-0.043	non-DMR
chr1	275604	276720	26	0.617	0.861	-0.244	good-DMR
chr1	277148	278134	26	0.764	0.806	-0.042	non-DMR
chr1	278240	279216	24	0.115	0.072	0.043	non-DMR
chr1	279352	280367	23	0.874	0.913	-0.039	non-DMR
chr1	280447	281512	27	0.799	0.839	-0.04	non-DMR
chr1	281584	282297	22	0.332	0.602	-0.27	good-DMR
chr1	282772	283761	25	0.645	0.682	-0.037	non-DMR
chr1	283835	284802	25	0.337	0.631	-0.293	good-DMR
chr1	285205	286157	19	0.683	0.725	-0.042	non-DMR
chr1	286271	287374	25	0.775	0.823	-0.048	non-DMR
chr1	287483	288439	26	0.716	0.765	-0.049	non-DMR
chr1	288568	289429	20	0.479	0.796	-0.317	notable-DMR
chr1	289556	290541	24	0.8	0.838	-0.038	non-DMR
chr1	290644	291494	21	0.666	0.705	-0.039	non-DMR
chr1	291581	292745	28	0.744	0.788	-0.043	non-DMR
chr1	292855	293926	30	0.768	0.811	-0.043	non-DMR
chr1	294031	295115	28	0.86	0.904	-0.044	non-DMR
chr1	295234	296109	22	0.728	0.764	-0.036	non-DMR
chr1	296173	297203	21	0.79	0.823	-0.033	non-DMR
chr1	297239	298234	26	0.719	0.76	-0.041	non-DMR
chr1	298267	299325	25	0.08	0.045	0.035	non-DMR
chr1	299450	300421	23	0.75	0.786	-0.037	non-DMR
chr1	300536	301370	18	0.814	0.85	-0.036	non-DMR
chr1	301481	302314	20	0.811	0.843	-0.032	non-DMR
chr1	302423	303395	22	0.725	0.76	-0.035	non-DMR
chr1	303494	304462	22	0.538	0.782	-0.244	good-DMR
chr1	304987	305890	18	0.756	0.796	-0.039	non-DMR
chr1	306009	306860	22	0.739	0.777	-0.038	non-DMR
chr1	306951	307789	21	0.324	0.278	0.046	non-DMR
chr1	307867	308970	22	0.427	0.173	0.254	good-DMR
chr1	309417	310217	20	0.242	0.184	0.057	inconsistent-DMR
chr1	310298	311317	23	0.677	0.864	-0.187	good-DMR
chr1	311836	312790	22	0.759	0.803	-0.044	non-DMR
chr1	312824	313873	24	0.733	0.775	-0.042	non-DMR
chr1	313932	315002	22	0.131	0.095	0.036	non-DMR
chr1	315135	316024	24	0.152	0.118	0.034	non-DMR
chr1	316064	316947	24	0.334	0.028	0.305	good-DMR
chr1	317436	318430	22	0.064	0.027	0.037	non-DMR
chr1	318556	319598	27	0.723	0.763	-0.04	non-DMR
chr1	319687	320469	20	0.664	0.709	-0.044	non-DMR
chr1	320545	321476	22	0.827	0.866	-0.04	non-DMR
chr1	321517	322354	18	0.59	0.83	-0.241	notable-DMR
chr1	322462	323491	23	0.767	0.81	-0.044	non-DMR
chr1	323510	324532	25	0.78	0.824	-0.044	non-DMR
chr1	324635	325478	21	0.822	0.86	-0.038	non-DMR
chr1	325580	326486	22	0.618	0.867	-0.25	good-DMR
chr1	327007	327988	23	0.761	0.794	-0.034	non-DMR
chr1	328092	329222	27	0.81	0.85	-0.041	non-DMR
chr1	329269	330150	20	0.422	0.099	0.324	notable-DMR
chr1	330257	331367	25	0.805	0.846	-0.042	non-DMR
chr1	331421	332408	24	0.499	0.599	-0.101	sub-DMR
chr1	332848	333742	19	0.669	0.706	-0.038	non-DMR
chr1	333836	334902	28	0.642	0.684	-0.042	non-DMR
chr1	334977	335855	21	0.556	0.776	-0.22	good-DMR
chr1	336350	337304	24	0.603	0.647	-0.044	non-DMR
chr1	337331	338241	20	0.52	0.828	-0.307	good-DMR
chr1	338640	339758	25	0.526	0.633	-0.107	sub-DMR
chr1	340267	341067	21	0.161	0.122	0.04	non-DMR
chr1	341125	342072	22	0.267	0.165	0.102	sub-DMR
chr1	342535	343499	22	0.428	0.727	-0.299	good-DMR
chr1	343928	344965	23	0.549	0.581	-0.032	non-DMR
chr1	345087	345866	21	0.648	0.686	-0.038	non-DMR
chr1	345926	346758	20	0.587	0.845	-0.259	good-DMR
chr1	347210	348279	21	0.084	0.046	0.039	non-DMR
chr1	348377	349149	21	0.658	0.763	-0.104	sub-DMR
chr1	349625	350396	18	0.4	0.161	0.238	good-DMR
chr1	350858	351892	26	0.233	0.214	0.019	inconsistent-DMR
chr1	352043	352937	22	0.436	0.646	-0.21	good-DMR
chr1	353445	354430	25	0.451	0.169	0.282	good-DMR
chr1	354863	355971	26	0.77	0.804	-0.034	non-DMR
chr1	356106	356891	19	0.502	0.761	-0.259	notable-DMR
chr1	356926	357786	20	0.794	0.837	-0.043	non-DMR
chr1	357908	358868	21	0.257	0.219	0.038	non-DMR
chr1	358965	359858	18	0.696	0.742	-0.047	non-DMR
chr1	359921	360888	22	0.794	0.832	-0.038	non-DMR
chr1	360991	361942	22	0.598	0.774	-0.176	notable-DMR
chr1	362045	363009	24	0.775	0.813	-0.039	non-DMR
chr1	363058	364050	24	0.531	0.785	-0.254	notable-DMR
chr1	364152	364835	18	0.67	0.704	-0.034	non-DMR
chr1	364861	365866	23	0.804	0.842	-0.038	non-DMR
chr1	365987	367045	25	0.24	0.194	0.045	non-DMR
chr1	367165	368275	25	0.138	0.091	0.047	non-DMR
chr1	368377	369395	26	0.785	0.825	-0.04	non-DMR
chr1	369450	370360	24	0.625	0.908	-0.283	good-DMR
chr1	370841	371779	25	0.661	0.7	-0.039	non-DMR
chr1	371891	372866	24	0.762	0.797	-0.034	non-DMR
chr1	372985	373914	21	0.584	0.633	-0.049	non-DMR
chr1	375185	376244	24	0.646	0.692	-0.046	non-DMR
chr1	376317	377273	25	0.681	0.731	-0.05	non-DMR
chr1	377345	378136	20	0.587	0.837	-0.251	good-DMR
chr1	378540	379521	22	0.187	0.083	0.105	sub-DMR
chr1	379997	380955	21	0.616	0.763	-0.148	good-DMR
chr1	381205	382287	26	0.747	0.787	-0.041	non-DMR
chr1	382333	383442	25	0.631	0.679	-0.048	non-DMR
chr1	383560	384472	24	0.653	0.69	-0.038	non-DMR
chr1	384575	385539	22	0.712	0.756	-0.044	non-DMR
chr1	385652	386557	21	0.806	0.844	-0.038	non-DMR
chr1	386628	387490	23	0.446	0.767	-0.322	good-DMR
chr1	387884	388572	16	0.205	0.162	0.043	non-DMR
chr1	388673	389814	25	0.603	0.642	-0.039	non-DMR
chr1	389900	390953	29	0.616	0.855	-0.238	good-DMR
chr1	391436	392478	24	0.19	0.151	0.039	non-DMR
chr1	392608	393441	18	0.719	0.754	-0.035	non-DMR
chr1	393502	394441	22	0.723	0.768	-0.044	non-DMR
chr1	394520	395489	23	0.551	0.86	-0.308	good-DMR
chr1	395804	396756	20	0.526	0.86	-0.334	good-DMR
chr1	397261	398113	21	0.799	0.841	-0.042	non-DMR
chr1	398143	399126	21	0.807	0.844	-0.037	non-DMR
chr1	399226	400198	22	0.6	0.859	-0.259	notable-DMR
chr1	400219	401098	20	0.699	0.736	-0.037	non-DMR
chr1	401230	402207	24	0.762	0.811	-0.05	non-DMR
chr1	402282	403318	25	0.796	0.831	-0.034	non-DMR
chr1	403447	404360	24	0.798	0.836	-0.038	non-DMR
chr1	404488	405434	22	0.81	0.842	-0.031	non-DMR
chr1	405509	406244	19	0.671	0.877	-0.206	notable-DMR
chr1	406326	407327	23	0.13	0.096	0.034	non-DMR
chr1	407355	408383	23	0.376	0.128	0.248	good-DMR
chr1	409812	410785	22	0.169	0.168	0.0	inconsistent-DMR
chr1	410971	411943	20	0.612	0.799	-0.187	good-DMR
chr1	412425	413258	20	0.321	0.133	0.188	good-DMR
chr1	413641	414621	25	0.35	0.084	0.266	good-DMR
chr1	415121	416156	27	0.65	0.888	-0.238	good-DMR
chr1	416666	417601	21	0.772	0.811	-0.039	non-DMR
chr1	417679	418612	24	0.387	0.67	-0.284	good-DMR
chr1	419100	419901	20	0.541	0.754	-0.213	good-DMR
chr1	420344	421243	20	0.216	0.169	0.047	non-DMR
chr1	421351	422396	24	0.65	0.689	-0.039	non-DMR
chr1	422457	423202	21	0.736	0.775	-0.039	non-DMR
chr1	423286	424329	23	0.242	0.206	0.036	non-DMR
chr1	424463	425352	22	0.839	0.874	-0.035	non-DMR
chr1	425438	426275	21	0.369	0.263	0.107	sub-DMR
chr1	426741	427690	23	0.306	0.266	0.04	non-DMR
chr1	427753	428608	17	0.437	0.62	-0.183	good-DMR
chr1	429137	430267	30	0.143	0.102	0.041	non-DMR
chr1	430343	431346	22	0.562	0.608	-0.046	non-DMR
chr1	431402	432392	23	0.637	0.68	-0.043	inconsistent-DMR
chr1	432541	433487	22	0.733	0.773	-0.041	non-DMR
chr1	433550	434304	18	0.571	0.884	-0.313	good-DMR
chr1	434793	435650	21	0.717	0.762	-0.044	non-DMR
chr1	435682	436690	23	0.451	0.774	-0.323	good-DMR
chr1	437188	438019	18	0.785	0.822	-0.037	non-DMR
chr1	438097	438590	13	0.137	0.089	0.048	non-DMR
chr1	438686	439696	25	0.777	0.819	-0.042	non-DMR
chr1	439759	440844	25	0.655	0.763	-0.108	sub-DMR
chr1	441344	442222	22	0.615	0.651	-0.036	non-DMR
chr1	442337	443131	18	0.848	0.884	-0.036	non-DMR
chr1	443141	443957	20	0.586	0.9	-0.314	good-DMR
chr1	444414	445243	19	0.401	0.677	-0.276	good-DMR
chr1	445671	446595	22	0.544	0.819	-0.275	good-DMR
chr1	447102	448150	24	0.223	0.119	0.104	sub-DMR
chr1	448653	449682	24	0.634	0.845	-0.211	good-DMR
chr1	450200	451183	22	0.123	0.083	0.04	non-DMR
chr1	451213	451990	20	0.479	0.736	-0.257	good-DMR
chr1	452480	453559	23	0.524	0.259	0.265	good-DMR
chr1	454087	455078	23	0.637	0.689	-0.052	non-DMR
chr1	455148	456124	22	0.858	0.894	-0.035	non-DMR
chr1	456261	457390	30	0.156	0.117	0.039	non-DMR
chr1	457421	458471	25	0.54	0.801	-0.261	good-DMR
chr1	458950	460079	28	0.482	0.687	-0.205	good-DMR
chr1	460603	461531	23	0.289	0.244	0.044	non-DMR
chr1	461646	462514	20	0.722	0.713	0.009	inconsistent-DMR
chr1	462655	463459	17	0.246	0.207	0.04	non-DMR
chr1	463508	464333	20	0.291	0.248	0.042	non-DMR
chr1	464422	465465	25	0.396	0.079	0.316	good-DMR
chr1	465986	466946	24	0.722	0.762	-0.04	non-DMR
chr1	467043	468178	23	0.703	0.738	-0.036	non-DMR
chr1	468288	469284	23	0.591	0.63	-0.039	non-DMR
chr1	469394	470419	24	0.854	0.887	-0.034	non-DMR
chr1	470447	471373	21	0.557	0.779	-0.221	good-DMR
chr1	471819	472717	22	0.173	0.134	0.039	non-DMR
chr1	472773	473649	22	0.668	0.821	-0.153	good-DMR
chr1	474091	474968	23	0.288	0.086	0.202	good-DMR
chr1	475351	476324	21	0.908	0.952	-0.044	non-DMR
chr1	476352	477450	25	0.36	0.126	0.234	good-DMR
chr1	477982	478910	24	0.823	0.865	-0.043	non-DMR
chr1	479032	479940	22	0.438	0.474	-0.036	non-DMR
chr1	479987	480791	19	0.66	0.701	-0.041	non-DMR
chr1	480849	481896	27	0.739	0.778	-0.039	non-DMR
chr1	481975	482899	18	0.689	0.729	-0.039	non-DMR
chr1	482998	483790	20	0.278	0.089	0.189	good-DMR
chr1	484304	485218	24	0.756	0.801	-0.045	non-DMR
chr1	485241	486149	22	0.688	0.846	-0.158	good-DMR
chr1	486628	487591	22	0.825	0.874	-0.049	non-DMR
chr1	487660	488572	20	0.666	0.716	-0.05	non-DMR
chr1	488647	489626	26	0.657	0.706	-0.05	non-DMR
chr1	489765	490592	20	0.69	0.726	-0.036	non-DMR
chr1	490722	491526	22	0.68	0.725	-0.045	non-DMR
chr1	491590	492459	21	0.209	0.172	0.037	non-DMR
chr1	492575	493533	22	0.889	0.932	-0.042	non-DMR
chr1	493620	494719	27	0.734	0.768	-0.035	non-DMR
chr1	494810	495539	17	0.731	0.767	-0.037	non-DMR
chr1	495613	496493	21	0.282	0.033	0.249	good-DMR
chr1	496918	497694	18	0.497	0.78	-0.283	good-DMR
chr1	498064	499108	25	0.611	0.864	-0.253	good-DMR
chr1	499535	500756	26	0.754	0.792	-0.038	non-DMR
chr1	500807	501825	24	0.755	0.798	-0.044	non-DMR
chr1	503036	504025	25	0.505	0.753	-0.248	good-DMR
chr1	504422	505394	26	0.516	0.765	-0.249	good-DMR
chr1	505897	507006	26	0.26	0.222	0.038	non-DMR
chr1	507111	508024	22	0.252	0.151	0.101	sub-DMR
chr1	508509	509328	23	0.858	0.895	-0.037	non-DMR
chr1	509443	510513	25	0.781	0.819	-0.038	non-DMR
chr1	510585	511466	19	0.261	0.029	0.233	good-DMR
chr1	513056	514044	19	0.841	0.876	-0.035	non-DMR
chr1	515300	516218	21	0.775	0.818	-0.044	non-DMR
chr1	516330	517358	24	0.753	0.796	-0.043	non-DMR
chr1	517431	518614	28	0.84	0.883	-0.043	non-DMR
chr1	518746	519739	24	0.786	0.816	-0.03	non-DMR
chr1	519815	520813	24	0.577	0.807	-0.23	notable-DMR
chr1	520894	521880	25	0.739	0.778	-0.038	non-DMR
chr1	521935	523018	23	0.735	0.865	-0.13	good-DMR
chr1	523462	524462	28	0.107	0.061	0.046	non-DMR
chr1	524572	525394	18	0.723	0.771	-0.048	non-DMR
chr1	525442	526467	23	0.739	0.845	-0.106	sub-DMR
chr1	526969	527842	20	0.62	0.647	-0.027	inconsistent-DMR
chr1	528033	528884	20	0.839	0.881	-0.042	non-DMR
chr1	528975	530087	24	0.719	0.762	-0.043	non-DMR
chr1	530111	530957	22	0.804	0.849	-0.045	non-DMR
chr1	530990	531853	19	0.427	0.727	-0.3	good-DMR
chr1	532323	533305	24	0.223	0.071	0.152	good-DMR
chr1	533778	534982	28	0.693	0.732	-0.038	non-DMR
chr1	535060	536156	24	0.45	0.224	0.226	good-DMR
chr1	536603	537503	22	0.428	0.716	-0.287	good-DMR
chr1	537854	538688	21	0.645	0.898	-0.253	good-DMR
chr1	539231	540232	24	0.666	0.715	-0.049	non-DMR
chr1	540323	541229	22	0.79	0.891	-0.101	sub-DMR
chr1	541708	542481	18	0.713	0.758	-0.045	non-DMR
chr1	542552	543529	23	0.117	0.081	0.036	non-DMR
chr1	543586	544614	23	0.727	0.768	-0.042	non-DMR
chr1	544715	545529	22	0.643	0.692	-0.049	non-DMR
chr1	545550	546629	28	0.381	0.232	0.149	good-DMR
chr1	547091	548202	26	0.52	0.705	-0.185	good-DMR
chr1	548731	549757	24	0.682	0.727	-0.045	non-DMR
chr1	549844	550855	23	0.744	0.783	-0.039	non-DMR
chr1	550910	551905	27	0.729	0.767	-0.038	non-DMR
chr1	551987	552849	22	0.181	0.544	-0.362	good-DMR
chr1	553305	554182	24	0.419	0.714	-0.295	good-DMR
chr1	554596	555507	23	0.893	0.938	-0.046	non-DMR
chr1	555611	556464	19	0.654	0.686	-0.033	non-DMR
chr1	556564	557531	22	0.411	0.085	0.326	good-DMR
chr1	557927	558891	28	0.363	0.071	0.292	good-DMR
chr1	559322	560308	24	0.789	0.839	-0.05	non-DMR
chr1	560350	561285	24	0.709	0.89	-0.182	good-DMR
chr1	561773	562790	25	0.681	0.788	-0.108	sub-DMR
chr1	564179	565036	19	0.812	0.852	-0.04	non-DMR
chr1	565107	566098	22	0.616	0.667	-0.051	non-DMR
chr1	566204	567019	19	0.784	0.821	-0.037	non-DMR
chr1	567133	568185	25	0.774	0.811	-0.037	non-DMR
chr1	568255	569283	26	0.209	0.169	0.041	non-DMR
chr1	569414	570285	19	0.774	0.813	-0.039	non-DMR
chr1	571528	572350	19	0.579	0.797	-0.218	good-DMR
chr1	572863	573946	26	0.64	0.6	0.04	non-DMR
chr1	574055	575071	24	0.586	0.62	-0.035	non-DMR
chr1	575201	576215	23	0.772	0.783	-0.011	inconsistent-DMR
chr1	576369	577265	24	0.098	0.059	0.039	non-DMR
chr1	577321	578334	22	0.599	0.832	-0.233	good-DMR
chr1	578843	579825	22	0.794	0.833	-0.04	non-DMR
chr1	579841	580500	14	0.881	0.91	-0.029	non-DMR
chr1	580588	581611	21	0.831	0.873	-0.042	non-DMR
chr1	581680	582644	22	0.146	0.107	0.039	non-DMR
chr1	582675	583457	18	0.77	0.813	-0.043	non-DMR
chr1	583522	584378	23	0.665	0.913	-0.248	good-DMR
chr1	584825	585673	18	0.742	0.786	-0.044	non-DMR
chr1	586869	587767	22	0.812	0.853	-0.041	non-DMR
chr1	587858	588783	21	0.404	0.16	0.244	good-DMR
chr1	589215	590073	21	0.34	0.114	0.227	good-DMR
chr1	591575	592529	21	0.146	0.095	0.051	non-DMR
chr1	592619	593610	27	0.381	0.152	0.229	good-DMR
chr1	594083	594763	20	0.724	0.772	-0.048	non-DMR
chr1	594812	595820	23	0.64	0.684	-0.044	non-DMR
chr1	595871	596897	25	0.679	0.886	-0.207	good-DMR
chr1	597224	598024	20	0.649	0.76	-0.111	sub-DMR
chr1	598493	599385	23	0.156	0.119	0.037	non-DMR
chr1	599488	600565	25	0.802	0.844	-0.043	non-DMR
chr1	600579	601525	24	0.646	0.859	-0.213	good-DMR
chr1	602021	602990	21	0.845	0.888	-0.043	non-DMR
chr1	603103	604169	27	0.789	0.823	-0.034	non-DMR
chr1	604267	605482	29	0.57	0.607	-0.037	non-DMR
chr1	605591	606620	25	0.691	0.74	-0.049	non-DMR
chr1	606720	607689	22	0.742	0.782	-0.04	non-DMR
chr1	607810	608717	21	0.201	0.158	0.044	non-DMR
chr1	608790	609775	23	0.581	0.622	-0.041	non-DMR
chr1	609854	610770	20	0.69	0.91	-0.221	good-DMR
chr1	611275	612054	18	0.131	0.088	0.043	non-DMR
chr1	612161	613180	23	0.8	0.843	-0.043	non-DMR
chr1	613259	614081	20	0.233	0.192	0.04	non-DMR
chr1	614111	615035	20	0.143	0.111	0.032	non-DMR
chr1	615060	616081	26	0.591	0.654	-0.063	inconsistent-DMR
chr1	616228	617041	18	0.612	0.873	-0.262	good-DMR
chr1	617489	618388	24	0.73	0.769	-0.039	non-DMR
chr1	618498	619380	22	0.774	0.816	-0.043	non-DMR
chr1	619419	620210	19	0.441	0.105	0.336	good-DMR
chr1	620665	621677	23	0.201	0.159	0.042	non-DMR
chr1	621822	622776	25	0.863	0.908	-0.045	non-DMR
chr1	622791	623914	24	0.555	0.83	-0.275	good-DMR
chr1	624417	625368	21	0.451	0.696	-0.245	good-DMR
chr1	625910	626947	26	0.268	0.235	0.033	non-DMR
chr1	627080	628129	29	0.106	0.07	0.036	non-DMR
chr1	628227	629113	20	0.626	0.662	-0.036	non-DMR
chr1	629197	630255	24	0.809	0.838	-0.028	non-DMR
chr1	630284	631360	25	0.763	0.808	-0.045	non-DMR
chr1	631467	632468	21	0.687	0.735	-0.048	non-DMR
chr1	632562	633445	20	0.162	0.12	0.043	non-DMR
chr1	633558	634617	25	0.704	0.743	-0.039	non-DMR
chr1	634660	635670	24	0.797	0.834	-0.037	non-DMR
chr1	635749	636636	20	0.286	0.097	0.189	good-DMR
chr1	637084	637956	20	0.148	0.112	0.036	non-DMR
chr1	637990	638842	19	0.502	0.149	0.353	good-DMR
chr1	639318	640001	18	0.681	0.726	-0.046	non-DMR
chr1	640077	640996	20	0.234	0.233	0.0	inconsistent-DMR
chr1	641161	642145	25	0.705	0.731	-0.025	inconsistent-DMR
chr1	642311	643202	20	0.685	0.912	-0.227	good-DMR
chr1	643585	644619	23	0.46	0.708	-0.248	good-DMR
chr1	644969	646083	27	0.701	0.747	-0.045	non-DMR
chr1	646136	646956	21	0.283	0.061	0.223	good-DMR
chr1	647390	648466	27	0.697	0.742	-0.045	non-DMR
chr1	648554	649427	20	0.388	0.162	0.226	good-DMR
chr1	649884	650916	27	0.751	0.799	-0.048	non-DMR
chr1	650982	651967	24	0.47	0.222	0.248	good-DMR
chr1	652488	653479	24	0.746	0.784	-0.039	non-DMR
chr1	653561	654355	19	0.161	0.124	0.038	non-DMR
chr1	654377	655293	23	0.765	0.867	-0.102	sub-DMR
chr1	655748	656463	16	0.353	0.106	0.247	good-DMR
chr1	656780	657618	21	0.344	0.096	0.248	good-DMR
chr1	657970	658794	19	0.623	0.663	-0.04	non-DMR
chr1	658866	659899	23	0.712	0.762	-0.05	non-DMR
chr1	659958	661038	27	0.238	0.198	0.04	non-DMR
chr1	661101	662148	26	0.105	0.075	0.031	non-DMR
chr1	662265	663300	23	0.763	0.805	-0.042	non-DMR
chr1	663388	664397	23	0.827	0.862	-0.035	non-DMR
chr1	664429	665403	24	0.151	0.113	0.038	non-DMR
chr1	665504	666315	19	0.809	0.846	-0.038	non-DMR
chr1	666417	667355	18	0.699	0.738	-0.039	non-DMR
chr1	667489	668299	18	0.726	0.768	-0.042	non-DMR
chr1	668409	669187	20	0.621	0.583	0.038	non-DMR
chr1	669271	670089	23	0.099	0.055	0.043	non-DMR
chr1	670198	671102	20	0.774	0.815	-0.041	non-DMR
chr1	671165	672137	18	0.753	0.806	-0.053	non-DMR
chr1	672241	673043	20	0.769	0.807	-0.038	non-DMR
chr1	673087	674076	22	0.735	0.782	-0.047	non-DMR
chr1	674127	675131	21	0.761	0.803	-0.042	non-DMR
chr1	675253	676060	20	0.763	0.798	-0.035	non-DMR
chr1	676174	677240	25	0.779	0.814	-0.036	non-DMR
chr1	677370	678333	22	0.831	0.876	-0.045	non-DMR
chr1	678462	679432	22	0.272	0.236	0.036	inconsistent-DMR
chr1	679480	680403	24	0.653	0.831	-0.178	good-DMR
chr1	680949	681986	23	0.653	0.692	-0.039	non-DMR
chr1	682092	683042	23	0.394	0.138	0.255	good-DMR
chr1	683493	684342	21	0.249	0.211	0.038	non-DMR
chr1	684482	685382	22	0.728	0.766	-0.038	non-DMR
chr1	685413	686421	22	0.854	0.898	-0.043	non-DMR
chr1	686511	687562	26	0.229	0.014	0.216	good-DMR
chr1	688092	689218	27	0.76	0.8	-0.04	non-DMR
chr1	689307	690287	24	0.647	0.904	-0.257	notable-DMR
chr1	690334	691224	19	0.631	0.666	-0.034	non-DMR
chr1	691323	692057	18	0.669	0.71	-0.041	non-DMR
chr1	692143	693132	22	0.35	0.062	0.288	good-DMR
chr1	693646	694456	21	0.25	0.215	0.036	non-DMR
chr1	694603	695510	19	0.135	0.087	0.048	non-DMR
chr1	695532	696475	24	0.757	0.859	-0.102	sub-DMR
chr1	696927	697852	20	0.495	0.531	-0.036	non-DMR
chr1	697935	698985	25	0.723	0.826	-0.103	sub-DMR
chr1	699437	700255	19	0.449	0.72	-0.271	good-DMR
chr1	700736	701653	24	0.482	0.733	-0.252	good-DMR
chr1	702142	703109	24	0.551	0.705	-0.153	good-DMR
chr1	703582	704649	29	0.704	0.747	-0.042	non-DMR
chr1	704695	705680	26	0.137	0.092	0.045	non-DMR
chr1	705715	706809	24	0.546	0.8	-0.255	good-DMR
chr1	707222	708123	19	0.574	0.559	0.015	inconsistent-DMR
chr1	708192	709294	27	0.724	0.766	-0.042	non-DMR
chr1	709415	710362	24	0.638	0.675	-0.038	non-DMR
chr1	710441	711555	25	0.641	0.682	-0.041	non-DMR
chr1	711623	712743	27	0.687	0.727	-0.04	non-DMR
chr1	712765	713721	22	0.537	0.752	-0.215	good-DMR
chr1	714232	715113	24	0.799	0.844	-0.045	non-DMR
chr1	715204	716172	24	0.277	0.082	0.195	good-DMR
chr1	716681	717567	19	0.695	0.735	-0.04	non-DMR
chr1	717655	718612	21	0.592	0.819	-0.227	good-DMR
chr1	719113	720029	20	0.54	0.795	-0.255	good-DMR
chr1	720516	721455	21	0.693	0.955	-0.262	good-DMR
chr1	721952	722983	24	0.829	0.861	-0.033	non-DMR
chr1	723085	723815	19	0.254	0.211	0.042	non-DMR
chr1	723932	724964	26	0.802	0.842	-0.04	non-DMR
chr1	725091	725888	17	0.656	0.703	-0.047	non-DMR
chr1	726017	727004	24	0.894	0.938	-0.044	non-DMR
chr1	727069	728054	25	0.477	0.664	-0.187	good-DMR
chr1	728537	729450	20	0.461	0.672	-0.211	good-DMR
chr1	729883	730766	20	0.207	0.102	0.105	sub-DMR
chr1	731230	732117	22	0.439	0.72	-0.281	good-DMR
chr1	732631	733470	19	0.354	0.313	0.041	non-DMR
chr1	733548	734510	25	0.756	0.797	-0.041	non-DMR
chr1	734593	735617	23	0.217	0.172	0.045	non-DMR
chr1	735647	736692	25	0.589	0.768	-0.179	good-DMR
chr1	737198	738038	21	0.334	0.639	-0.305	good-DMR
chr1	738543	739372	18	0.742	0.786	-0.044	non-DMR
chr1	739473	740388	21	0.547	0.786	-0.24	good-DMR
chr1	740813	741677	20	0.762	0.806	-0.044	non-DMR
chr1	741775	742772	27	0.543	0.725	-0.182	good-DMR
chr1	744309	745401	23	0.409	0.126	0.284	good-DMR
chr1	745901	746957	26	0.613	0.652	-0.04	non-DMR
chr1	747053	747833	20	0.576	0.614	-0.038	non-DMR
chr1	747909	748772	21	0.219	0.178	0.041	non-DMR
chr1	748891	749635	19	0.688	0.719	-0.031	non-DMR
chr1	749723	750729	26	0.699	0.735	-0.036	non-DMR
chr1	750811	751668	22	0.619	0.722	-0.104	sub-DMR
chr1	752159	753050	22	0.734	0.785	-0.05	non-DMR
chr1	753132	754217	26	0.734	0.774	-0.04	non-DMR
chr1	754319	755384	23	0.265	0.116	0.149	good-DMR
chr1	755817	756791	21	0.463	0.778	-0.314	good-DMR
chr1	757204	757990	20	0.554	0.804	-0.25	good-DMR
chr1	758389	759259	21	0.759	0.79	-0.03	non-DMR
chr1	759348	760407	28	0.527	0.631	-0.104	sub-DMR
chr1	760932	761700	19	0.746	0.787	-0.04	non-DMR
chr1	761762	762893	21	0.587	0.627	-0.039	inconsistent-DMR
chr1	763031	763993	22	0.616	0.657	-0.041	non-DMR
chr1	764036	764998	23	0.522	0.63	-0.108	sub-DMR
chr1	765504	766592	26	0.316	0.215	0.101	sub-DMR
chr1	767011	768097	23	0.585	0.864	-0.279	good-DMR
chr1	768591	769482	21	0.122	0.077	0.045	non-DMR
chr1	769524	770442	22	0.635	0.684	-0.048	non-DMR
chr1	770491	771573	28	0.721	0.761	-0.04	non-DMR
chr1	771701	772702	22	0.821	0.865	-0.044	non-DMR
chr1	772822	773878	22	0.713	0.751	-0.038	non-DMR
chr1	773940	774869	23	0.332	0.183	0.148	good-DMR
chr1	775285	776239	19	0.63	0.674	-0.044	non-DMR
chr1	776276	777181	24	0.785	0.818	-0.033	non-DMR
chr1	777205	778084	21	0.48	0.758	-0.278	good-DMR
chr1	778560	779604	21	0.789	0.822	-0.033	non-DMR
chr1	779743	780808	24	0.179	0.137	0.042	non-DMR
chr1	780876	781685	20	0.217	0.178	0.039	non-DMR
chr1	781730	782661	22	0.386	0.697	-0.311	good-DMR
chr1	783040	783963	21	0.719	0.761	-0.042	non-DMR
chr1	784026	784894	21	0.7	0.745	-0.046	non-DMR
chr1	784981	785981	23	0.568	0.795	-0.227	good-DMR
chr1	786477	787440	21	0.762	0.806	-0.045	non-DMR
chr1	787545	788445	22	0.338	0.156	0.182	good-DMR
chr1	788929	789863	24	0.565	0.794	-0.229	good-DMR
chr1	790348	791230	19	0.626	0.667	-0.041	non-DMR
chr1	791273	792182	23	0.562	0.835	-0.273	good-DMR
chr1	792583	793505	22	0.141	0.098	0.043	non-DMR
chr1	793580	794656	24	0.695	0.735	-0.04	non-DMR
chr1	794731	795684	21	0.902	0.938	-0.036	non-DMR
chr1	795723	796624	23	0.588	0.887	-0.298	good-DMR
chr1	797087	798149	25	0.703	0.899	-0.197	good-DMR
chr1	798655	799599	23	0.542	0.776	-0.234	good-DMR
chr1	800113	800892	19	0.57	0.613	-0.043	non-DMR
chr1	800965	801918	23	0.823	0.862	-0.038	non-DMR
chr1	801977	802978	25	0.774	0.81	-0.036	non-DMR
chr1	803023	803965	21	0.413	0.132	0.28	good-DMR
chr1	804424	805415	27	0.752	0.798	-0.046	non-DMR
chr1	805523	806381	21	0.652	0.692	-0.04	non-DMR
chr1	806475	807274	17	0.225	0.229	-0.004	inconsistent-DMR
chr1	807441	808245	19	0.556	0.839	-0.283	good-DMR
chr1	808632	809572	25	0.6	0.856	-0.256	good-DMR
chr1	810039	811025	23	0.649	0.698	-0.05	non-DMR
chr1	811133	812175	25	0.19	0.153	0.037	non-DMR
chr1	812234	813260	25	0.601	0.649	-0.047	non-DMR
chr1	813365	814303	22	0.828	0.874	-0.046	non-DMR
chr1	814320	815300	24	0.506	0.734	-0.229	good-DMR
chr1	815789	816795	25	0.651	0.691	-0.039	non-DMR
chr1	816855	817601	19	0.695	0.8	-0.104	sub-DMR
chr1	818100	819200	24	0.205	0.165	0.041	non-DMR
chr1	819313	820375	29	0.675	0.719	-0.044	non-DMR
chr1	820445	821485	22	0.627	0.58	0.047	non-DMR
chr1	821592	822311	17	0.776	0.821	-0.045	non-DMR
chr1	822379	823412	24	0.558	0.221	0.337	good-DMR
chr1	823920	824870	22	0.423	0.196	0.228	good-DMR
chr1	825196	826113	20	0.879	0.913	-0.034	non-DMR
chr1	826226	827206	22	0.753	0.796	-0.043	non-DMR
chr1	827327	828296	20	0.657	0.7	-0.044	non-DMR
chr1	828325	829333	23	0.79	0.828	-0.038	non-DMR
chr1	829444	830590	26	0.79	0.827	-0.037	non-DMR
chr1	830614	831602	22	0.589	0.821	-0.233	good-DMR
chr1	832072	833126	27	0.727	0.767	-0.04	non-DMR
chr1	833177	834166	23	0.457	0.726	-0.268	good-DMR
chr1	834662	835543	22	0.633	0.667	-0.035	non-DMR
chr1	835624	836496	23	0.84	0.883	-0.043	non-DMR
chr1	836583	837414	22	0.382	0.1	0.282	good-DMR
chr1	837885	838983	26	0.705	0.809	-0.104	sub-DMR
chr1	839405	840499	26	0.615	0.655	-0.04	non-DMR
chr1	840626	841637	24	0.825	0.87	-0.045	non-DMR
chr1	841721	842647	22	0.684	0.812	-0.127	good-DMR
chr1	843187	844372	28	0.611	0.57	0.04	inconsistent-DMR
chr1	844448	845314	20	0.818	0.85	-0.033	non-DMR
chr1	845449	846263	20	0.703	0.752	-0.049	non-DMR
chr1	846375	847303	23	0.786	0.825	-0.038	non-DMR
chr1	847408	848422	25	0.884	0.922	-0.038	non-DMR
chr1	848526	849500	21	0.475	0.749	-0.274	good-DMR
chr1	850002	850946	21	0.744	0.783	-0.039	non-DMR
chr1	850998	851910	22	0.641	0.682	-0.041	non-DMR
chr1	852000	852962	22	0.654	0.695	-0.041	non-DMR
chr1	853024	853967	23	0.167	0.126	0.041	non-DMR
chr1	854046	855041	24	0.702	0.739	-0.038	non-DMR
chr1	855090	855850	18	0.232	0.048	0.185	good-DMR
chr1	856309	857244	25	0.576	0.62	-0.045	non-DMR
chr1	857374	858205	19	0.649	0.679	-0.03	non-DMR
chr1	858222	859157	23	0.601	0.631	-0.03	non-DMR
chr1	859226	860149	23	0.837	0.873	-0.036	non-DMR
chr1	860253	861223	23	0.316	0.281	0.035	non-DMR
chr1	861309	862348	24	0.563	0.826	-0.263	good-DMR
chr1	862871	863922	26	0.715	0.757	-0.042	non-DMR
chr1	864030	865149	25	0.807	0.856	-0.048	non-DMR
chr1	865178	865860	18	0.848	0.89	-0.042	non-DMR
chr1	865906	866732	19	0.313	0.147	0.166	good-DMR
chr1	867073	868099	24	0.56	0.749	-0.189	good-DMR
chr1	868551	869453	20	0.717	0.758	-0.041	non-DMR
chr1	869553	870491	20	0.146	0.104	0.042	non-DMR
chr1	870609	871580	23	0.46	0.508	-0.048	non-DMR
chr1	871631	872307	17	0.071	0.036	0.036	non-DMR
chr1	872426	873398	23	0.189	0.151	0.038	non-DMR
chr1	873499	874545	28	0.816	0.856	-0.04	non-DMR
chr1	874652	875838	26	0.687	0.721	-0.034	non-DMR
chr1	875901	876929	24	0.544	0.812	-0.268	good-DMR
chr1	877355	878308	26	0.752	0.796	-0.044	non-DMR
chr1	878377	879303	21	0.742	0.845	-0.103	sub-DMR
chr1	879825	880836	24	0.786	0.821	-0.035	non-DMR
chr1	880975	881850	21	0.753	0.796	-0.044	non-DMR
chr1	881940	882810	22	0.527	0.812	-0.285	good-DMR
chr1	883327	884286	22	0.192	0.149	0.043	non-DMR
chr1	884408	885447	23	0.865	0.898	-0.033	non-DMR
chr1	885535	886391	19	0.112	0.082	0.03	non-DMR
chr1	886465	887374	20	0.717	0.757	-0.04	non-DMR
chr1	887516	888594	25	0.594	0.624	-0.031	inconsistent-DMR
chr1	888681	889600	20	0.857	0.894	-0.037	non-DMR
chr1	889687	890687	26	0.54	0.721	-0.181	good-DMR
chr1	891219	892208	23	0.855	0.888	-0.033	non-DMR
chr1	892319	893227	23	0.733	0.768	-0.034	non-DMR
chr1	893302	894313	23	0.735	0.839	-0.104	sub-DMR
chr1	894723	895833	25	0.261	0.227	0.034	non-DMR
chr1	895941	897057	25	0.675	0.719	-0.044	non-DMR
chr1	897115	898051	20	0.225	0.19	0.035	non-DMR
chr1	898167	899173	23	0.838	0.883	-0.044	non-DMR
chr1	899254	900099	18	0.634	0.902	-0.268	good-DMR
chr1	900613	901618	23	0.832	0.862	-0.03	non-DMR
chr1	901730	902670	25	0.792	0.815	-0.023	inconsistent-DMR
chr1	902837	903905	24	0.851	0.884	-0.034	non-DMR
chr1	903953	904841	19	0.581	0.621	-0.04	non-DMR
chr1	904870	905778	21	0.481	0.744	-0.263	good-DMR
chr1	906282	907268	22	0.227	0.116	0.112	sub-DMR
chr1	907755	908722	25	0.804	0.848	-0.043	non-DMR
chr1	908827	909885	23	0.89	0.924	-0.034	non-DMR
chr1	909981	910844	22	0.683	0.728	-0.045	non-DMR
chr1	910926	911923	22	0.604	0.64	-0.036	non-DMR
chr1	912014	912876	20	0.869	0.903	-0.034	non-DMR
chr1	912954	913775	19	0.226	0.123	0.103	sub-DMR
chr1	914273	915162	21	0.487	0.732	-0.244	good-DMR
chr1	915653	916667	27	0.099	0.059	0.039	non-DMR
chr1	916752	917408	18	0.548	0.766	-0.218	good-DMR
chr1	917939	919062	26	0.756	0.796	-0.04	non-DMR
chr1	919130	920108	23	0.27	0.056	0.214	good-DMR
chr1	920638	921654	25	0.637	0.68	-0.043	non-DMR
chr1	921763	922665	24	0.169	0.127	0.041	non-DMR
chr1	922741	923913	27	0.518	0.781	-0.263	good-DMR
chr1	924419	925207	18	0.809	0.851	-0.041	non-DMR
chr1	925288	926256	25	0.744	0.785	-0.041	non-DMR
chr1	926384	927224	21	0.854	0.893	-0.039	non-DMR
chr1	927332	928372	25	0.617	0.659	-0.042	non-DMR
chr1	928465	929486	24	0.696	0.739	-0.043	non-DMR
chr1	929542	930540	22	0.322	0.084	0.238	good-DMR
chr1	931056	932119	26	0.702	0.742	-0.039	non-DMR
chr1	932217	933270	22	0.627	0.93	-0.303	good-DMR
chr1	933710	934552	21	0.22	0.179	0.042	non-DMR
chr1	934645	935562	20	0.452	0.708	-0.256	good-DMR
chr1	936071	936929	21	0.771	0.814	-0.044	non-DMR
chr1	937008	938085	23	0.88	0.914	-0.034	non-DMR
chr1	938161	939044	21	0.758	0.792	-0.034	non-DMR
chr1	939105	939990	21	0.651	0.832	-0.181	notable-DMR
chr1	940988	941769	20	0.808	0.84	-0.032	non-DMR
chr1	941856	942826	24	0.664	0.706	-0.042	non-DMR
chr1	942926	943890	22	0.682	0.932	-0.251	good-DMR
chr1	944391	945413	25	0.096	0.05	0.046	non-DMR
chr1	945491	946411	21	0.727	0.776	-0.049	non-DMR
chr1	946536	947421	22	0.814	0.855	-0.04	non-DMR
chr1	947524	948595	26	0.768	0.811	-0.043	non-DMR
chr1	948691	949683	27	0.784	0.823	-0.039	non-DMR
chr1	950764	951803	24	0.193	0.086	0.106	sub-DMR
chr1	952293	953131	19	0.761	0.8	-0.038	non-DMR
chr1	953229	954290	23	0.854	0.897	-0.044	non-DMR
chr1	954361	955340	22	0.103	0.06	0.043	non-DMR
chr1	955430	956599	27	0.539	0.848	-0.309	good-DMR
chr1	957070	957949	22	0.544	0.625	-0.082	inconsistent-DMR
chr1	958028	959165	29	0.733	0.779	-0.046	non-DMR
chr1	959239	960147	20	0.679	0.703	-0.023	inconsistent-DMR
chr1	960275	961259	24	0.579	0.621	-0.042	non-DMR
chr1	961398	962420	23	0.717	0.755	-0.039	non-DMR
chr1	962478	963305	18	0.699	0.858	-0.159	good-DMR
chr1	963706	964516	19	0.78	0.824	-0.045	non-DMR
chr1	964621	965411	19	0.15	0.107	0.043	non-DMR
chr1	965486	966525	26	0.501	0.752	-0.251	good-DMR
chr1	967012	968071	24	0.75	0.788	-0.038	non-DMR
chr1	968176	969380	25	0.262	0.533	-0.271	good-DMR
chr1	969871	970720	18	0.173	0.133	0.04	non-DMR
chr1	970802	971808	22	0.093	0.053	0.04	non-DMR
chr1	971883	972708	19	0.233	0.239	-0.006	inconsistent-DMR
chr1	972848	973773	21	0.129	0.084	0.045	non-DMR
chr1	973884	974711	21	0.109	0.074	0.035	non-DMR
chr1	974843	975904	22	0.172	0.137	0.035	non-DMR
chr1	976012	977036	23	0.357	0.148	0.209	good-DMR
chr1	977469	978670	29	0.578	0.812	-0.234	good-DMR
chr1	979065	979845	16	0.334	0.652	-0.318	good-DMR
chr1	980366	981459	24	0.652	0.688	-0.036	non-DMR
chr1	981525	982530	23	0.748	0.791	-0.043	non-DMR
chr1	982576	983438	20	0.583	0.811	-0.228	notable-DMR
chr1	983530	984438	23	0.806	0.838	-0.032	non-DMR
chr1	984535	985458	19	0.142	0.098	0.044	non-DMR
chr1	985513	986575	24	0.628	0.892	-0.263	notable-DMR
chr1	986628	987425	21	0.587	0.624	-0.037	non-DMR
chr1	987525	988337	19	0.684	0.735	-0.052	non-DMR
chr1	988370	989150	19	0.767	0.81	-0.043	non-DMR
chr1	989254	990185	21	0.118	0.077	0.042	non-DMR
chr1	990332	991104	18	0.174	0.128	0.046	non-DMR
chr1	991201	992269	26	0.56	0.385	0.176	good-DMR
chr1	992653	993585	22	0.582	0.831	-0.249	good-DMR
chr1	993983	994948	21	0.643	0.685	-0.042	non-DMR
chr1	995048	996141	32	0.096	0.054	0.042	non-DMR
chr1	996183	997005	20	0.797	0.836	-0.038	non-DMR
chr1	997100	998075	24	0.6	0.71	-0.11	sub-DMR
chr1	998581	999371	20	0.632	0.668	-0.036	non-DMR
chr1	999493	1000498	23	0.686	0.73	-0.044	non-DMR
chr1	1000559	1001401	20	0.316	0.211	0.105	sub-DMR
chr1	1001849	1002822	20	0.687	0.733	-0.046	non-DMR
chr1	1002927	1003979	22	0.266	0.228	0.038	non-DMR
chr1	1004061	1004910	19	0.779	0.82	-0.042	non-DMR
chr1	1004955	1006161	26	0.116	0.07	0.046	non-DMR
chr1	1006203	1007156	26	0.651	0.692	-0.041	non-DMR
chr1	1007229	1008223	24	0.35	0.12	0.23	good-DMR
chr1	1008754	1009639	20	0.712	0.751	-0.04	non-DMR
chr1	1009749	1010614	21	0.344	0.073	0.271	good-DMR
chr1	1011017	1012103	25	0.838	0.869	-0.031	non-DMR
chr1	1012164	1013070	22	0.173	0.132	0.042	non-DMR
chr1	1013152	1014144	26	0.85	0.886	-0.037	non-DMR
chr1	1014264	1015139	19	0.082	0.032	0.049	non-DMR
chr1	1015192	1016158	26	0.745	0.777	-0.032	inconsistent-DMR
chr1	1016316	1017352	26	0.741	0.774	-0.033	non-DMR
chr1	1017428	1018290	21	0.412	0.702	-0.29	good-DMR
chr1	1018749	1019737	24	0.626	0.812	-0.186	good-DMR
chr1	1020203	1020914	21	0.571	0.606	-0.035	non-DMR
chr1	1021013	1022010	24	0.662	0.705	-0.043	non-DMR
chr1	1022125	1023109	20	0.871	0.909	-0.038	non-DMR
chr1	1023154	1024182	23	0.646	0.751	-0.105	sub-DMR
chr1	1024715	1025769	27	0.889	0.933	-0.044	non-DMR
chr1	1025876	1026905	26	0.695	0.736	-0.041	non-DMR
chr1	1026964	1027911	22	0.237	0.048	0.19	good-DMR
chr1	1028371	1029305	26	0.533	0.83	-0.297	good-DMR
chr1	1029724	1030595	20	0.556	0.606	-0.05	non-DMR
chr1	1030679	1031442	16	0.677	0.715	-0.038	non-DMR
chr1	1031525	1032434	21	0.206	0.17	0.036	non-DMR
chr1	1032527	1033492	23	0.747	0.904	-0.157	good-DMR
chr1	1034022	1034915	19	0.732	0.773	-0.041	non-DMR
chr1	1034949	1035896	20	0.313	0.274	0.039	non-DMR
chr1	1035953	1036901	21	0.759	0.803	-0.043	non-DMR
chr1	1036939	1037906	24	0.738	0.777	-0.039	non-DMR
chr1	1038004	1038942	25	0.506	0.824	-0.318	good-DMR
chr1	1039445	1040432	22	0.455	0.728	-0.272	good-DMR
chr1	1040819	1041662	16	0.685	0.873	-0.188	good-DMR
chr1	1042161	1043204	25	0.805	0.845	-0.04	non-DMR
chr1	1043263	1044279	22	0.238	0.016	0.222	good-DMR
chr1	1045658	1046653	22	0.152	0.108	0.044	non-DMR
chr1	1046749	1047754	23	0.23	0.022	0.208	good-DMR
chr1	1048261	1049285	25	0.694	0.733	-0.039	non-DMR
chr1	1049417	1050524	25	0.536	0.813	-0.277	notable-DMR
chr1	1050619	1051733	26	0.169	0.131	0.038	non-DMR
chr1	1051794	1052593	20	0.689	0.731	-0.042	non-DMR
chr1	1052655	1053719	28	0.585	0.796	-0.211	good-DMR
chr1	1054262	1055358	26	0.66	0.702	-0.043	non-DMR
chr1	1055417	1056188	16	0.586	0.616	-0.031	non-DMR
chr1	1056263	1057134	18	0.475	0.528	-0.052	non-DMR
chr1	1057222	1058244	25	0.781	0.819	-0.038	non-DMR
chr1	1058296	1059148	19	0.794	0.835	-0.041	non-DMR
chr1	1059230	1060042	19	0.401	0.124	0.277	good-DMR
chr1	1060490	1061649	24	0.64	0.821	-0.181	good-DMR
chr1	1062124	1063159	26	0.829	0.874	-0.046	non-DMR
chr1	1063283	1064232	23	0.567	0.602	-0.035	non-DMR
chr1	1064305	1065103	21	0.888	0.933	-0.045	non-DMR
chr1	1065147	1066144	26	0.17	0.135	0.035	non-DMR
chr1	1066248	1067140	22	0.811	0.852	-0.04	non-DMR
chr1	1067244	1068204	24	0.146	0.106	0.04	non-DMR
chr1	1068300	1069483	30	0.521	0.75	-0.23	notable-DMR
chr1	1069547	1070509	25	0.362	0.324	0.038	non-DMR
chr1	1070520	1071432	22	0.504	0.116	0.388	good-DMR
chr1	1071973	1073031	23	0.817	0.864	-0.047	non-DMR
chr1	1073079	1074031	21	0.239	0.196	0.044	non-DMR
chr1	1074065	1075070	23	0.669	0.708	-0.04	non-DMR
chr1	1075176	1076134	23	0.696	0.731	-0.035	non-DMR
chr1	1076240	1077263	25	0.37	0.631	-0.261	good-DMR
chr1	1077765	1078660	23	0.703	0.75	-0.046	non-DMR
chr1	1078774	1079751	22	0.687	0.728	-0.041	non-DMR
chr1	1079825	1080822	26	0.631	0.802	-0.171	good-DMR
chr1	1081330	1082165	21	0.576	0.812	-0.236	good-DMR
chr1	1082655	1083700	24	0.583	0.842	-0.259	good-DMR
chr1	1084207	1085096	21	0.676	0.712	-0.036	non-DMR
chr1	1085177	1086300	27	0.643	0.681	-0.038	non-DMR
chr1	1086430	1087333	19	0.553	0.511	0.042	non-DMR
chr1	1087417	1088378	22	0.695	0.74	-0.045	non-DMR
chr1	1088506	1089373	19	0.217	0.18	0.037	non-DMR
chr1	1089456	1090384	25	0.836	0.874	-0.038	non-DMR
chr1	1090456	1091391	23	0.534	0.87	-0.336	good-DMR
chr1	1091906	1092997	28	0.129	0.09	0.039	non-DMR
chr1	1093060	1094011	22	0.677	0.709	-0.032	non-DMR
chr1	1094108	1095094	24	0.738	0.781	-0.043	non-DMR
chr1	1095209	1096128	25	0.864	0.905	-0.041	non-DMR
chr1	1096146	1096931	18	0.669	0.784	-0.115	sub-DMR
chr1	1097396	1098338	21	0.743	0.779	-0.036	non-DMR
chr1	1098447	1099380	23	0.718	0.753	-0.035	non-DMR
chr1	1099432	1100367	24	0.408	0.678	-0.27	good-DMR
chr1	1100903	1101901	27	0.768	0.806	-0.038	non-DMR
chr1	1101968	1103032	25	0.8	0.831	-0.031	non-DMR
chr1	1103129	1104137	24	0.523	0.769	-0.247	good-DMR
chr1	1104637	1105593	22	0.249	0.2	0.049	non-DMR
chr1	1105710	1106644	24	0.136	0.093	0.043	non-DMR
chr1	1106722	1107844	25	0.448	0.709	-0.261	notable-DMR
chr1	1107932	1108782	21	0.769	0.806	-0.038	non-DMR
chr1	1108907	1110037	26	0.634	0.6	0.034	non-DMR
chr1	1110137	1110880	19	0.131	0.084	0.047	non-DMR
chr1	1110896	1111815	21	0.344	0.102	0.243	good-DMR
chr1	1112183	1113108	24	0.786	0.887	-0.101	sub-DMR
chr1	1113472	1114447	22	0.128	0.026	0.102	sub-DMR
chr1	1114944	1115924	25	0.8	0.836	-0.036	non-DMR
chr1	1116036	1117212	27	0.167	0.125	0.042	non-DMR
chr1	1117234	1118255	23	0.471	0.225	0.246	good-DMR
chr1	1118793	1119776	25	0.148	0.103	0.045	non-DMR
chr1	1119841	1120806	23	0.659	0.701	-0.042	non-DMR
chr1	1120908	1121824	24	0.205	0.172	0.033	non-DMR
chr1	1121928	1122796	20	0.73	0.74	-0.01	inconsistent-DMR
chr1	1122937	1124024	27	0.158	0.11	0.047	non-DMR
chr1	1124174	1125157	24	0.111	0.075	0.036	non-DMR
chr1	1125232	1126317	25	0.758	0.86	-0.102	sub-DMR
chr1	1126736	1127669	20	0.597	0.815	-0.218	good-DMR
chr1	1128207	1128939	16	0.768	0.808	-0.04	non-DMR
chr1	1129036	1129995	26	0.803	0.836	-0.034	non-DMR
chr1	1130085	1131139	25	0.676	0.708	-0.033	non-DMR
chr1	1131246	1132217	25	0.787	0.825	-0.038	non-DMR
chr1	1132318	1133307	21	0.826	0.869	-0.043	non-DMR
chr1	1133454	1134371	22	0.168	0.126	0.042	non-DMR
chr1	1134513	1135380	21	0.583	0.603	-0.02	inconsistent-DMR
chr1	1135532	1136554	26	0.549	0.83	-0.282	good-DMR
chr1	1136980	1137977	23	0.822	0.866	-0.043	non-DMR
chr1	1138075	1138878	21	0.154	0.112	0.042	non-DMR
chr1	1138959	1139936	21	0.594	0.637	-0.042	non-DMR
chr1	1139964	1140932	21	0.73	0.766	-0.036	non-DMR
chr1	1141017	1141938	21	0.288	0.419	-0.13	good-DMR
chr1	1142255	1143349	26	0.764	0.865	-0.101	sub-DMR
chr1	1143841	1144783	24	0.899	0.935	-0.036	non-DMR
chr1	1144890	1145854	21	0.724	0.761	-0.036	non-DMR
chr1	1145957	1146908	22	0.418	0.66	-0.242	good-DMR
chr1	1147333	1148267	24	0.179	0.141	0.038	non-DMR
chr1	1148305	1149301	23	0.698	0.736	-0.038	non-DMR
chr1	1149400	1150231	20	0.637	0.803	-0.166	good-DMR
chr1	1150752	1151472	19	0.735	0.779	-0.044	non-DMR
chr1	1151588	1152525	22	0.695	0.74	-0.045	non-DMR
chr1	1152622	1153451	19	0.734	0.839	-0.105	sub-DMR
chr1	1153884	1154960	26	0.427	0.738	-0.312	good-DMR
chr1	1155423	1156442	24	0.446	0.16	0.286	good-DMR
chr1	1156905	1157795	21	0.752	0.941	-0.19	good-DMR
chr1	1158310	1159278	21	0.669	0.701	-0.032	non-DMR
chr1	1159335	1160219	21	0.64	0.678	-0.038	non-DMR
chr1	1160319	1161585	27	0.592	0.851	-0.259	good-DMR
chr1	1162069	1163048	24	0.237	0.013	0.224	good-DMR
chr1	1163468	1164455	24	0.697	0.731	-0.034	non-DMR
chr1	1164549	1165283	20	0.136	0.093	0.043	non-DMR
chr1	1165335	1166033	17	0.788	0.83	-0.043	non-DMR
chr1	1166130	1167124	25	0.335	0.062	0.273	good-DMR
chr1	1167630	1168550	22	0.58	0.616	-0.036	non-DMR
chr1	1168620	1169485	19	0.332	0.289	0.042	non-DMR
chr1	1169619	1170700	28	0.087	0.042	0.045	non-DMR
chr1	1170802	1171803	25	0.798	0.835	-0.037	non-DMR
chr1	1171851	1172695	20	0.298	0.609	-0.312	good-DMR
chr1	1173135	1174043	22	0.272	0.154	0.117	sub-DMR
chr1	1174491	1175356	21	0.262	0.061	0.2	good-DMR
chr1	1175882	1176933	22	0.117	0.074	0.043	non-DMR
chr1	1177037	1177874	19	0.567	0.679	-0.113	sub-DMR
chr1	1178380	1179587	27	0.235	0.201	0.033	non-DMR
chr1	1179688	1180744	24	0.332	0.622	-0.29	good-DMR
chr1	1181205	1182021	20	0.439	0.651	-0.212	good-DMR
chr1	1182527	1183597	26	0.647	0.682	-0.035	non-DMR
chr1	1183614	1184588	22	0.498	0.808	-0.31	good-DMR
chr1	1185067	1186019	22	0.682	0.719	-0.037	non-DMR
chr1	1186107	1186909	19	0.273	0.231	0.041	non-DMR
chr1	1186991	1188040	24	0.555	0.266	0.289	good-DMR
chr1	1188569	1189553	20	0.125	0.082	0.043	non-DMR
chr1	1189695	1190594	22	0.738	0.787	-0.049	non-DMR
chr1	1190679	1191481	19	0.73	0.77	-0.04	non-DMR
chr1	1191591	1192568	23	0.81	0.855	-0.046	non-DMR
chr1	1192640	1193595	19	0.476	0.424	0.052	non-DMR
chr1	1193683	1194676	28	0.208	0.17	0.038	non-DMR
chr1	1194786	1195633	21	0.499	0.691	-0.192	good-DMR
chr1	1196144	1197091	22	0.573	0.612	-0.038	non-DMR
chr1	1197190	1198192	26	0.112	0.072	0.04	non-DMR
chr1	1198268	1199114	20	0.67	0.776	-0.107	sub-DMR
chr1	1199608	1200604	25	0.652	0.92	-0.268	good-DMR
chr1	1201030	1202017	26	0.715	0.757	-0.043	non-DMR
chr1	1202136	1202975	22	0.172	0.143	0.029	non-DMR
chr1	1203073	1204153	26	0.159	0.055	0.103	sub-DMR
chr1	1204547	1205575	26	0.753	0.8	-0.047	non-DMR
chr1	1205622	1206584	24	0.16	0.125	0.036	non-DMR
chr1	1206677	1207332	15	0.883	0.932	-0.049	non-DMR
chr1	1207433	1208356	21	0.693	0.794	-0.101	sub-DMR
chr1	1208864	1209761	24	0.43	0.74	-0.31	good-DMR
chr1	1210255	1211147	22	0.517	0.706	-0.189	good-DMR
chr1	1211630	1212473	19	0.722	0.765	-0.043	non-DMR
chr1	1212508	1213465	24	0.806	0.844	-0.037	non-DMR
chr1	1214635	1215586	22	0.817	0.861	-0.044	non-DMR
chr1	1215674	1216692	21	0.564	0.604	-0.04	non-DMR
chr1	1216794	1217874	27	0.685	0.786	-0.101	sub-DMR
chr1	1218401	1219291	24	0.852	0.891	-0.04	non-DMR
chr1	1219345	1220442	28	0.838	0.882	-0.043	non-DMR
chr1	1220579	1221531	24	0.924	0.959	-0.034	non-DMR
chr1	1221589	1222673	28	0.808	0.849	-0.042	non-DMR
chr1	1222711	1223605	23	0.754	0.792	-0.038	non-DMR
chr1	1223683	1224490	20	0.619	0.853	-0.234	good-DMR
chr1	1224864	1225925	27	0.392	0.096	0.296	good-DMR
chr1	1226358	1227276	19	0.552	0.598	-0.045	inconsistent-DMR
chr1	1227387	1228475	23	0.543	0.587	-0.044	non-DMR
chr1	1228574	1229507	22	0.623	0.882	-0.259	good-DMR
chr1	1229941	1230999	25	0.129	0.093	0.036	non-DMR
chr1	1231020	1231974	22	0.447	0.754	-0.307	good-DMR
chr1	1232453	1233320	20	0.909	0.95	-0.042	non-DMR
chr1	1233397	1234467	25	0.721	0.766	-0.045	non-DMR
chr1	1234545	1235395	21	0.146	0.107	0.039	non-DMR
chr1	1235444	1236337	23	0.202	0.164	0.038	non-DMR
chr1	1236472	1237325	25	0.577	0.533	0.044	non-DMR
chr1	1237424	1238216	20	0.526	0.76	-0.235	good-DMR
chr1	1238736	1239653	22	0.671	0.711	-0.04	non-DMR
chr1	1239754	1240772	22	0.75	0.793	-0.043	non-DMR
chr1	1240889	1241830	21	0.188	0.141	0.048	non-DMR
chr1	1241884	1242726	18	0.392	0.075	0.317	good-DMR
chr1	1243205	1244268	28	0.094	0.052	0.042	non-DMR
chr1	1244410	1245372	24	0.148	0.108	0.041	non-DMR
chr1	1245399	1246329	22	0.33	0.576	-0.246	good-DMR
chr1	1246837	1247744	24	0.768	0.82	-0.051	non-DMR
chr1	1247839	1248702	21	0.713	0.752	-0.039	non-DMR
chr1	1248822	1249574	19	0.212	0.203	0.008	inconsistent-DMR
chr1	1249704	1250536	20	0.65	0.689	-0.04	inconsistent-DMR
chr1	1250737	1251731	21	0.859	0.89	-0.031	non-DMR
chr1	1251791	1252620	23	0.447	0.754	-0.308	good-DMR
chr1	1253047	1253961	22	0.182	0.137	0.045	non-DMR
chr1	1253998	1255067	27	0.52	0.242	0.278	good-DMR
chr1	1255512	1256621	25	0.748	0.783	-0.036	non-DMR
chr1	1256717	1257552	22	0.165	0.123	0.042	non-DMR
chr1	1257643	1258562	26	0.611	0.768	-0.157	good-DMR
chr1	1259093	1260010	22	0.857	0.903	-0.045	non-DMR
chr1	1260105	1261114	21	0.825	0.869	-0.044	non-DMR
chr1	1261159	1262283	25	0.78	0.824	-0.043	non-DMR
chr1	1262306	1263337	27	0.497	0.759	-0.263	good-DMR
chr1	1263763	1264882	26	0.621	0.668	-0.047	non-DMR
chr1	1264993	1266107	28	0.733	0.77	-0.037	non-DMR
chr1	1266182	1267167	22	0.59	0.799	-0.209	good-DMR
