chr	start	end	CpG_count	treatment_methylation	control_methylation	mean_delta_methylation	category
chr1	100047	101013	24	0.216	0.166	0.05	non-DMR
chr1	101054	101768	18	0.395	0.178	0.218	notable-DMR
chr1	101804	102965	26	0.738	0.773	-0.035	non-DMR
chr1	103012	104093	27	0.287	0.245	0.041	non-DMR
chr1	104181	105309	26	0.806	0.848	-0.042	non-DMR
chr1	105365	106337	21	0.697	0.74	-0.043	non-DMR
chr1	106430	107185	20	0.859	0.964	-0.105	sub-DMR
chr1	107710	108751	26	0.686	0.734	-0.048	non-DMR
chr1	108867	109833	24	0.768	0.805	-0.037	non-DMR
chr1	109923	110844	20	0.671	0.711	-0.04	non-DMR
chr1	110930	111643	19	0.388	0.207	0.181	good-DMR
chr1	112133	113172	22	0.731	0.764	-0.033	non-DMR
chr1	113219	114105	23	0.705	0.891	-0.186	good-DMR
chr1	114456	115496	25	0.837	0.877	-0.04	non-DMR
chr1	115608	116717	26	0.71	0.746	-0.036	non-DMR
chr1	116755	117862	25	0.511	0.787	-0.276	good-DMR
chr1	118382	119425	25	0.69	0.733	-0.043	non-DMR
chr1	119466	120444	20	0.72	0.762	-0.042	non-DMR
chr1	120555	121514	20	0.824	0.868	-0.044	non-DMR
chr1	121592	122456	25	0.463	0.698	-0.234	good-DMR
chr1	122784	123825	23	0.156	0.121	0.034	non-DMR
chr1	123929	124919	23	0.133	0.097	0.035	non-DMR
chr1	125042	126094	25	0.637	0.61	0.027	non-DMR
chr1	126134	127054	21	0.406	0.752	-0.345	good-DMR
chr1	127502	128427	24	0.762	0.806	-0.044	non-DMR
chr1	128471	129281	22	0.645	0.745	-0.101	sub-DMR
chr1	129815	130978	26	0.762	0.804	-0.042	non-DMR
chr1	131104	131900	21	0.738	0.781	-0.043	non-DMR
chr1	131985	132714	15	0.758	0.805	-0.048	non-DMR
chr1	132822	133865	24	0.55	0.856	-0.307	good-DMR
chr1	134251	135221	27	0.41	0.079	0.331	good-DMR
chr1	135625	136807	26	0.88	0.921	-0.041	non-DMR
chr1	136915	137904	26	0.879	0.917	-0.039	non-DMR
chr1	137968	138935	25	0.763	0.805	-0.043	non-DMR
chr1	139031	139964	23	0.318	0.278	0.04	non-DMR
chr1	140055	140779	21	0.679	0.722	-0.043	non-DMR
chr1	140902	141869	24	0.54	0.578	-0.038	inconsistent-DMR
chr1	141934	142841	22	0.302	0.265	0.036	non-DMR
chr1	142924	143890	23	0.411	0.716	-0.305	good-DMR
chr1	144417	145445	20	0.634	0.67	-0.037	non-DMR
chr1	145523	146296	20	0.534	0.287	0.247	good-DMR
chr1	146692	147732	25	0.77	0.813	-0.044	non-DMR
chr1	147762	148784	23	0.444	0.759	-0.315	good-DMR
chr1	149304	150294	22	0.723	0.763	-0.04	non-DMR
chr1	150318	151443	26	0.671	0.711	-0.04	non-DMR
chr1	151506	152525	23	0.416	0.751	-0.335	good-DMR
chr1	152963	153977	25	0.646	0.828	-0.182	good-DMR
chr1	154457	155420	21	0.171	0.127	0.044	non-DMR
chr1	155514	156319	23	0.851	0.883	-0.033	non-DMR
chr1	156457	157514	26	0.563	0.608	-0.045	non-DMR
chr1	157543	158373	22	0.571	0.785	-0.215	good-DMR
chr1	158827	159770	23	0.701	0.809	-0.108	sub-DMR
chr1	160234	161190	25	0.621	0.575	0.046	non-DMR
chr1	161316	162252	23	0.146	0.098	0.048	non-DMR
chr1	162386	163255	21	0.145	0.101	0.045	non-DMR
chr1	163352	164356	26	0.739	0.788	-0.049	non-DMR
chr1	164441	165260	17	0.73	0.767	-0.036	non-DMR
chr1	165322	166180	21	0.698	0.801	-0.103	sub-DMR
chr1	166687	167637	23	0.687	0.887	-0.2	good-DMR
chr1	168066	168856	17	0.754	0.794	-0.04	non-DMR
chr1	168961	169580	16	0.769	0.81	-0.041	non-DMR
chr1	169711	170707	25	0.84	0.872	-0.032	non-DMR
chr1	170750	171898	26	0.251	0.494	-0.243	good-DMR
chr1	172370	173185	19	0.527	0.757	-0.23	good-DMR
chr1	173625	174446	20	0.801	0.846	-0.045	non-DMR
chr1	174507	175461	25	0.333	0.064	0.269	good-DMR
chr1	175783	176801	22	0.814	0.842	-0.028	non-DMR
chr1	176841	177857	29	0.779	0.885	-0.107	sub-DMR
chr1	178295	179140	20	0.074	0.037	0.038	non-DMR
chr1	179217	179979	16	0.681	0.716	-0.034	non-DMR
chr1	180074	181048	22	0.498	0.7	-0.202	good-DMR
chr1	181543	182580	24	0.447	0.153	0.294	good-DMR
chr1	183033	183969	23	0.734	0.766	-0.032	non-DMR
chr1	184076	185044	21	0.193	0.088	0.105	sub-DMR
chr1	185431	186470	25	0.304	0.202	0.102	sub-DMR
chr1	186997	187950	23	0.767	0.807	-0.04	non-DMR
chr1	188052	188841	21	0.494	0.239	0.255	good-DMR
chr1	189342	190133	21	0.698	0.738	-0.04	non-DMR
chr1	190265	190995	18	0.454	0.127	0.326	notable-DMR
chr1	191115	191930	19	0.765	0.798	-0.033	non-DMR
chr1	191998	192771	16	0.735	0.777	-0.041	non-DMR
chr1	192895	193632	20	0.853	0.882	-0.029	non-DMR
chr1	193738	194703	22	0.376	0.34	0.036	non-DMR
chr1	194787	195700	25	0.813	0.843	-0.03	non-DMR
chr1	195808	196921	24	0.691	0.726	-0.035	non-DMR
chr1	197013	198103	25	0.717	0.758	-0.04	non-DMR
chr1	198205	199099	23	0.84	0.877	-0.037	non-DMR
chr1	199167	200332	28	0.851	0.887	-0.036	non-DMR
chr1	200378	201450	26	0.72	0.77	-0.049	non-DMR
chr1	201527	202362	22	0.106	0.061	0.046	non-DMR
chr1	202418	203336	23	0.513	0.755	-0.242	good-DMR
chr1	203637	204498	20	0.906	0.943	-0.036	non-DMR
chr1	205702	206715	25	0.781	0.828	-0.046	non-DMR
chr1	206823	207651	17	0.735	0.771	-0.035	non-DMR
chr1	207737	208476	19	0.701	0.729	-0.028	non-DMR
chr1	208603	209380	18	0.648	0.687	-0.039	non-DMR
chr1	209503	210353	19	0.324	0.286	0.038	non-DMR
chr1	210477	211599	28	0.794	0.836	-0.042	non-DMR
chr1	211632	212645	25	0.326	0.074	0.252	good-DMR
chr1	213162	214084	21	0.738	0.778	-0.04	non-DMR
chr1	214173	215099	22	0.423	0.462	-0.039	non-DMR
chr1	215197	216345	25	0.297	0.681	-0.383	notable-DMR
chr1	216425	217573	26	0.115	0.072	0.044	non-DMR
chr1	217614	218716	26	0.365	0.594	-0.229	good-DMR
chr1	219193	220218	24	0.22	0.175	0.045	non-DMR
chr1	220275	221059	19	0.69	0.723	-0.033	non-DMR
chr1	221153	222203	25	0.231	0.195	0.036	non-DMR
chr1	222281	223228	20	0.532	0.837	-0.305	good-DMR
chr1	223679	224687	20	0.398	0.111	0.287	good-DMR
chr1	225183	226437	31	0.178	0.137	0.042	non-DMR
chr1	226511	227562	24	0.752	0.791	-0.04	non-DMR
chr1	227620	228462	20	0.597	0.637	-0.04	non-DMR
chr1	228501	229536	25	0.662	0.704	-0.042	non-DMR
chr1	229597	230583	23	0.317	0.122	0.195	good-DMR
chr1	230960	232029	25	0.462	0.672	-0.21	good-DMR
chr1	232418	233388	23	0.304	0.057	0.247	good-DMR
chr1	233907	234951	22	0.78	0.83	-0.05	non-DMR
chr1	235076	236135	26	0.713	0.744	-0.032	non-DMR
chr1	236208	237111	23	0.857	0.896	-0.038	non-DMR
chr1	237156	238095	23	0.391	0.763	-0.372	good-DMR
chr1	238602	239438	20	0.132	0.085	0.047	non-DMR
chr1	239543	240591	26	0.365	0.059	0.306	good-DMR
chr1	241096	241914	25	0.52	0.629	-0.109	sub-DMR
chr1	242450	243429	24	0.626	0.671	-0.045	non-DMR
chr1	243525	244576	26	0.491	0.747	-0.256	good-DMR
chr1	244978	245870	21	0.708	0.753	-0.045	non-DMR
chr1	245975	247028	26	0.382	0.347	0.036	non-DMR
chr1	248414	249416	26	0.173	0.138	0.035	non-DMR
chr1	249488	250521	25	0.7	0.743	-0.043	non-DMR
chr1	250551	251618	24	0.78	0.817	-0.037	non-DMR
chr1	251690	252603	22	0.845	0.951	-0.106	sub-DMR
chr1	253029	254079	26	0.876	0.918	-0.042	non-DMR
chr1	254184	255106	20	0.352	0.315	0.037	non-DMR
chr1	255208	256156	23	0.628	0.828	-0.201	good-DMR
chr1	256661	257628	21	0.754	0.778	-0.024	inconsistent-DMR
chr1	257704	258649	24	0.461	0.695	-0.234	good-DMR
chr1	259095	260080	25	0.443	0.28	0.163	good-DMR
chr1	260513	261489	23	0.815	0.858	-0.043	non-DMR
chr1	261564	262482	22	0.749	0.784	-0.035	non-DMR
chr1	262520	263664	29	0.606	0.756	-0.151	notable-DMR
chr1	263807	264581	20	0.656	0.704	-0.048	non-DMR
chr1	264713	265692	23	0.648	0.691	-0.043	non-DMR
chr1	265773	266687	21	0.148	0.109	0.039	non-DMR
chr1	266774	267732	23	0.701	0.737	-0.036	non-DMR
chr1	267834	268810	22	0.474	0.785	-0.311	good-DMR
chr1	269333	270126	23	0.583	0.622	-0.039	non-DMR
chr1	270174	271141	21	0.437	0.145	0.292	good-DMR
chr1	271558	272418	23	0.398	0.75	-0.352	good-DMR
chr1	272873	273924	27	0.633	0.673	-0.04	non-DMR
chr1	274014	274936	24	0.785	0.826	-0.041	non-DMR
chr1	275031	275977	25	0.564	0.876	-0.312	good-DMR
chr1	276477	277346	20	0.856	0.896	-0.04	non-DMR
chr1	277472	278582	24	0.552	0.791	-0.239	notable-DMR
chr1	278643	279649	23	0.841	0.881	-0.04	non-DMR
chr1	279737	280750	23	0.375	0.331	0.043	non-DMR
chr1	281853	282672	19	0.59	0.233	0.357	good-DMR
chr1	283067	284074	23	0.496	0.844	-0.348	good-DMR
chr1	284589	285583	23	0.107	0.068	0.039	non-DMR
chr1	285641	286485	21	0.784	0.831	-0.047	non-DMR
chr1	286592	287643	24	0.587	0.691	-0.104	sub-DMR
chr1	287994	288799	22	0.722	0.769	-0.047	non-DMR
chr1	288888	289882	23	0.849	0.894	-0.045	non-DMR
chr1	289985	291038	23	0.169	0.136	0.033	non-DMR
chr1	291117	291998	23	0.772	0.817	-0.045	non-DMR
chr1	292053	293015	23	0.719	0.752	-0.033	non-DMR
chr1	293058	294050	23	0.79	0.828	-0.038	non-DMR
chr1	294101	295323	27	0.136	0.099	0.037	non-DMR
chr1	295370	296077	19	0.725	0.833	-0.108	sub-DMR
chr1	296493	297448	22	0.188	0.148	0.04	non-DMR
chr1	297480	298458	21	0.396	0.231	0.165	good-DMR
chr1	298912	299832	22	0.144	0.104	0.04	non-DMR
chr1	299887	300701	19	0.592	0.777	-0.185	good-DMR
chr1	301008	301910	24	0.775	0.81	-0.034	non-DMR
chr1	301962	302979	24	0.607	0.652	-0.045	non-DMR
chr1	303076	304082	25	0.703	0.748	-0.046	non-DMR
chr1	304168	304951	19	0.168	0.132	0.036	non-DMR
chr1	305073	306029	22	0.804	0.841	-0.037	non-DMR
chr1	306077	307116	25	0.702	0.753	-0.051	non-DMR
chr1	307190	308149	24	0.761	0.801	-0.04	non-DMR
chr1	308159	308955	20	0.534	0.762	-0.228	good-DMR
chr1	309474	310497	24	0.734	0.783	-0.049	non-DMR
chr1	310595	311403	18	0.562	0.563	-0.002	inconsistent-DMR
chr1	311481	312368	21	0.654	0.699	-0.045	non-DMR
chr1	312469	313268	20	0.779	0.821	-0.042	non-DMR
chr1	313342	314249	21	0.735	0.771	-0.037	non-DMR
chr1	314324	315261	20	0.865	0.91	-0.045	non-DMR
chr1	315334	316383	25	0.14	0.099	0.04	non-DMR
chr1	316490	317597	25	0.888	0.927	-0.039	non-DMR
chr1	317668	318816	28	0.742	0.789	-0.047	non-DMR
chr1	318920	320080	27	0.562	0.874	-0.312	good-DMR
chr1	320498	321599	28	0.765	0.813	-0.048	non-DMR
chr1	321711	322621	21	0.833	0.882	-0.048	non-DMR
chr1	322634	323732	24	0.445	0.736	-0.291	good-DMR
chr1	324167	325069	21	0.64	0.635	0.005	inconsistent-DMR
chr1	325137	326231	24	0.763	0.806	-0.043	non-DMR
chr1	326317	327252	24	0.553	0.861	-0.308	good-DMR
chr1	327686	328612	22	0.096	0.061	0.034	non-DMR
chr1	328692	329573	21	0.791	0.827	-0.036	non-DMR
chr1	329637	330610	23	0.782	0.816	-0.034	non-DMR
chr1	330728	331557	19	0.737	0.781	-0.043	non-DMR
chr1	331668	332596	23	0.825	0.863	-0.038	non-DMR
chr1	332744	333808	24	0.643	0.685	-0.042	non-DMR
chr1	333885	334927	23	0.648	0.6	0.049	inconsistent-DMR
chr1	335038	335891	20	0.38	0.676	-0.296	good-DMR
chr1	336357	337382	22	0.119	0.079	0.04	non-DMR
chr1	337447	338474	23	0.463	0.132	0.331	good-DMR
chr1	338901	339651	20	0.913	0.96	-0.047	non-DMR
chr1	339701	340599	20	0.209	0.167	0.043	non-DMR
chr1	340632	341420	20	0.772	0.816	-0.044	non-DMR
chr1	341528	342566	22	0.784	0.834	-0.05	non-DMR
chr1	342605	343392	17	0.4	0.698	-0.298	good-DMR
chr1	343864	344684	17	0.759	0.799	-0.04	non-DMR
chr1	344784	345774	23	0.751	0.788	-0.037	non-DMR
chr1	345899	346759	21	0.785	0.832	-0.047	non-DMR
chr1	346867	347674	21	0.785	0.835	-0.051	non-DMR
chr1	347739	348849	27	0.318	0.303	0.015	inconsistent-DMR
chr1	349006	349727	19	0.825	0.869	-0.044	non-DMR
chr1	349791	350795	21	0.702	0.74	-0.038	non-DMR
chr1	350906	351743	19	0.84	0.886	-0.046	non-DMR
chr1	351850	352766	21	0.746	0.785	-0.039	non-DMR
chr1	352829	353986	28	0.774	0.931	-0.157	good-DMR
chr1	354416	355327	21	0.413	0.674	-0.261	good-DMR
chr1	355813	356615	19	0.499	0.749	-0.25	good-DMR
chr1	357140	358058	24	0.741	0.788	-0.047	non-DMR
chr1	358189	359111	22	0.888	0.921	-0.033	non-DMR
chr1	359233	360088	22	0.118	0.086	0.032	non-DMR
chr1	360182	361262	25	0.181	0.146	0.035	non-DMR
chr1	361351	362279	23	0.326	0.043	0.284	good-DMR
chr1	362778	363866	29	0.683	0.726	-0.043	non-DMR
chr1	363984	365050	25	0.672	0.711	-0.039	non-DMR
chr1	365156	365936	21	0.837	0.877	-0.04	non-DMR
chr1	366075	367096	24	0.802	0.842	-0.04	non-DMR
chr1	367217	368306	25	0.706	0.74	-0.034	non-DMR
chr1	368428	369344	22	0.669	0.629	0.04	inconsistent-DMR
chr1	369451	370380	21	0.331	0.227	0.104	sub-DMR
chr1	370857	371717	19	0.806	0.842	-0.036	non-DMR
chr1	371817	372638	21	0.699	0.69	0.009	inconsistent-DMR
chr1	372733	373648	22	0.478	0.71	-0.233	good-DMR
chr1	374149	375046	17	0.681	0.793	-0.112	sub-DMR
chr1	375546	376511	23	0.341	0.076	0.265	good-DMR
chr1	376878	377832	23	0.627	0.839	-0.213	good-DMR
chr1	378351	379473	31	0.154	0.116	0.038	non-DMR
chr1	379577	380447	22	0.793	0.827	-0.034	non-DMR
chr1	380496	381471	22	0.82	0.853	-0.033	non-DMR
chr1	381541	382450	21	0.289	0.045	0.244	notable-DMR
chr1	382584	383552	18	0.527	0.578	-0.05	non-DMR
chr1	383615	384695	26	0.833	0.869	-0.036	non-DMR
chr1	384785	385790	24	0.337	0.159	0.178	good-DMR
chr1	386259	387018	20	0.37	0.655	-0.286	good-DMR
chr1	387260	388288	24	0.678	0.722	-0.044	non-DMR
chr1	388394	389243	23	0.181	0.143	0.038	non-DMR
chr1	389322	390372	24	0.533	0.819	-0.286	good-DMR
chr1	390652	391508	20	0.748	0.799	-0.051	non-DMR
chr1	391590	392429	19	0.735	0.777	-0.042	non-DMR
chr1	392463	393371	22	0.514	0.772	-0.258	good-DMR
chr1	393880	394826	21	0.735	0.775	-0.039	non-DMR
chr1	394925	395899	24	0.395	0.695	-0.3	notable-DMR
chr1	395969	396842	22	0.143	0.106	0.037	non-DMR
chr1	396873	397813	20	0.264	0.162	0.102	sub-DMR
chr1	398289	399297	21	0.237	0.194	0.043	non-DMR
chr1	399396	400447	25	0.66	0.765	-0.105	sub-DMR
chr1	400931	401825	23	0.682	0.717	-0.035	non-DMR
chr1	401942	402747	24	0.646	0.694	-0.049	non-DMR
chr1	402816	403909	25	0.304	0.067	0.237	good-DMR
chr1	404235	405170	23	0.612	0.651	-0.038	non-DMR
chr1	405213	405916	18	0.12	0.092	0.027	non-DMR
chr1	405985	406947	21	0.491	0.216	0.275	good-DMR
chr1	407486	408402	23	0.772	0.812	-0.04	non-DMR
chr1	408482	409390	23	0.475	0.206	0.269	good-DMR
chr1	409901	410776	19	0.698	0.742	-0.044	non-DMR
chr1	410858	411746	21	0.2	0.154	0.045	non-DMR
chr1	411868	412731	19	0.731	0.771	-0.04	non-DMR
chr1	412855	413728	24	0.848	0.888	-0.039	non-DMR
chr1	413785	414634	19	0.438	0.181	0.258	good-DMR
chr1	415126	416027	22	0.803	0.843	-0.04	non-DMR
chr1	416116	417150	23	0.586	0.812	-0.226	good-DMR
chr1	417457	418540	25	0.682	0.719	-0.037	non-DMR
chr1	418601	419518	23	0.609	0.87	-0.261	good-DMR
chr1	419955	420656	18	0.789	0.826	-0.037	non-DMR
chr1	420671	421674	23	0.419	0.772	-0.353	good-DMR
chr1	422188	423172	22	0.858	0.902	-0.044	non-DMR
chr1	423250	424185	21	0.719	0.871	-0.152	good-DMR
chr1	424635	425457	21	0.278	0.24	0.038	non-DMR
chr1	425581	426274	19	0.396	0.383	0.014	inconsistent-DMR
chr1	427498	428529	25	0.109	0.07	0.04	non-DMR
chr1	428579	429337	19	0.774	0.818	-0.043	non-DMR
chr1	429445	430386	24	0.807	0.849	-0.041	non-DMR
chr1	430448	431489	25	0.394	0.683	-0.289	good-DMR
chr1	432015	433098	27	0.136	0.093	0.043	non-DMR
chr1	433183	434338	25	0.776	0.817	-0.041	non-DMR
chr1	434354	435269	23	0.581	0.754	-0.173	good-DMR
chr1	435677	436734	25	0.516	0.731	-0.215	good-DMR
chr1	437156	437996	18	0.672	0.918	-0.247	good-DMR
chr1	438499	439415	24	0.154	0.112	0.042	non-DMR
chr1	439495	440401	21	0.437	0.62	-0.183	good-DMR
chr1	440810	441695	19	0.747	0.787	-0.04	non-DMR
chr1	441756	442812	25	0.444	0.723	-0.278	good-DMR
chr1	443289	444372	24	0.484	0.76	-0.276	good-DMR
chr1	444664	445504	17	0.285	0.242	0.043	non-DMR
chr1	445572	446425	23	0.76	0.799	-0.039	non-DMR
chr1	446489	447432	25	0.824	0.868	-0.044	non-DMR
chr1	447517	448544	22	0.509	0.549	-0.04	non-DMR
chr1	448649	449571	22	0.671	0.713	-0.042	non-DMR
chr1	449581	450352	22	0.704	0.812	-0.108	sub-DMR
chr1	450830	451708	25	0.804	0.838	-0.034	non-DMR
chr1	451801	452872	26	0.312	0.268	0.044	non-DMR
chr1	452946	453764	18	0.627	0.736	-0.109	sub-DMR
chr1	454159	455246	27	0.787	0.825	-0.039	non-DMR
chr1	455359	456338	25	0.625	0.666	-0.04	non-DMR
chr1	456415	457355	22	0.674	0.717	-0.043	non-DMR
chr1	457469	458471	24	0.26	0.221	0.039	non-DMR
chr1	458537	459590	24	0.467	0.696	-0.229	good-DMR
chr1	460096	461146	26	0.403	0.671	-0.268	good-DMR
chr1	461676	462607	22	0.153	0.109	0.044	non-DMR
chr1	462702	463861	28	0.415	0.672	-0.257	notable-DMR
chr1	463957	464950	24	0.83	0.867	-0.037	non-DMR
chr1	465035	466055	23	0.729	0.775	-0.046	non-DMR
chr1	466141	466992	19	0.847	0.888	-0.041	non-DMR
chr1	467119	468350	29	0.238	0.2	0.038	non-DMR
chr1	468465	469404	21	0.804	0.839	-0.035	non-DMR
chr1	469485	470671	27	0.313	0.271	0.042	non-DMR
chr1	470748	471836	23	0.225	0.184	0.04	non-DMR
chr1	471869	472782	23	0.457	0.811	-0.355	good-DMR
chr1	473308	474381	23	0.084	0.039	0.045	non-DMR
chr1	474429	475274	20	0.714	0.908	-0.194	good-DMR
chr1	475779	476640	20	0.552	0.686	-0.134	good-DMR
chr1	477153	478096	23	0.794	0.762	0.032	inconsistent-DMR
chr1	478191	479125	27	0.62	0.279	0.341	good-DMR
chr1	479570	480450	20	0.823	0.863	-0.041	non-DMR
chr1	480549	481402	23	0.824	0.862	-0.038	non-DMR
chr1	481481	482573	25	0.759	0.801	-0.042	non-DMR
chr1	482685	483624	23	0.733	0.773	-0.04	non-DMR
chr1	483719	484827	27	0.687	0.726	-0.04	non-DMR
chr1	484942	485885	24	0.15	0.107	0.043	non-DMR
chr1	485991	486988	23	0.263	0.032	0.231	good-DMR
chr1	487438	488493	26	0.635	0.802	-0.167	good-DMR
chr1	488978	489902	27	0.788	0.83	-0.042	non-DMR
chr1	490003	491069	27	0.808	0.848	-0.04	non-DMR
chr1	491201	492018	21	0.694	0.729	-0.035	non-DMR
chr1	492062	492932	19	0.601	0.896	-0.295	good-DMR
chr1	493442	494341	18	0.648	0.886	-0.238	good-DMR
chr1	494824	495824	22	0.71	0.903	-0.193	good-DMR
chr1	496319	497410	27	0.618	0.822	-0.204	good-DMR
chr1	497823	498941	28	0.086	0.048	0.039	non-DMR
chr1	499041	499854	20	0.809	0.855	-0.046	non-DMR
chr1	499902	500894	24	0.832	0.873	-0.041	non-DMR
chr1	500983	501991	24	0.795	0.832	-0.037	non-DMR
chr1	502097	503164	26	0.851	0.892	-0.041	non-DMR
chr1	503240	504056	20	0.885	0.93	-0.045	non-DMR
chr1	504150	505183	24	0.885	0.914	-0.029	non-DMR
chr1	505269	506419	28	0.672	0.807	-0.134	good-DMR
chr1	506848	507811	23	0.118	0.082	0.036	non-DMR
chr1	507839	508814	27	0.724	0.759	-0.035	non-DMR
chr1	508844	509652	18	0.377	0.143	0.234	good-DMR
chr1	510133	511099	21	0.776	0.814	-0.038	non-DMR
chr1	511176	512351	25	0.487	0.741	-0.253	good-DMR
chr1	512886	513707	18	0.663	0.705	-0.042	non-DMR
chr1	513758	514610	25	0.203	0.094	0.109	sub-DMR
chr1	515050	516028	23	0.104	0.07	0.034	non-DMR
chr1	516124	516989	20	0.706	0.743	-0.037	non-DMR
chr1	517079	517968	18	0.819	0.863	-0.044	non-DMR
chr1	518075	518913	20	0.682	0.724	-0.042	non-DMR
chr1	519018	520002	26	0.71	0.745	-0.035	non-DMR
chr1	520090	521023	21	0.731	0.77	-0.039	non-DMR
chr1	521076	522054	24	0.555	0.823	-0.268	good-DMR
chr1	522540	523624	27	0.145	0.096	0.049	non-DMR
chr1	523724	524651	20	0.16	0.114	0.046	non-DMR
chr1	524768	525834	23	0.809	0.848	-0.039	non-DMR
chr1	525894	526788	22	0.363	0.695	-0.332	good-DMR
chr1	527315	528253	24	0.688	0.726	-0.039	non-DMR
chr1	528341	529489	26	0.399	0.181	0.218	good-DMR
chr1	529982	530960	22	0.439	0.705	-0.266	good-DMR
chr1	531490	532634	24	0.282	0.24	0.042	non-DMR
chr1	532722	533651	23	0.569	0.616	-0.046	non-DMR
chr1	534813	535812	23	0.149	0.114	0.035	non-DMR
chr1	535939	536950	23	0.147	0.099	0.048	non-DMR
chr1	536998	537905	22	0.817	0.859	-0.042	non-DMR
chr1	537956	538842	20	0.723	0.963	-0.24	good-DMR
chr1	539377	540396	24	0.236	0.194	0.042	non-DMR
chr1	540509	541485	28	0.146	0.104	0.042	non-DMR
chr1	542637	543666	24	0.608	0.818	-0.21	good-DMR
chr1	544076	545083	22	0.676	0.862	-0.186	good-DMR
chr1	545561	546521	24	0.528	0.741	-0.213	good-DMR
chr1	547059	548055	23	0.913	0.958	-0.045	non-DMR
chr1	548180	549073	20	0.583	0.773	-0.19	notable-DMR
chr1	549116	549951	18	0.207	0.173	0.035	non-DMR
chr1	550059	551005	22	0.609	0.648	-0.04	non-DMR
chr1	551126	552074	21	0.773	0.816	-0.043	non-DMR
chr1	553315	554057	19	0.609	0.65	-0.042	non-DMR
chr1	554111	555193	26	0.303	0.255	0.048	non-DMR
chr1	555270	556264	22	0.636	0.895	-0.259	good-DMR
chr1	556730	557735	25	0.729	0.775	-0.046	non-DMR
chr1	557821	558909	26	0.352	0.06	0.292	good-DMR
chr1	559358	560445	31	0.258	0.217	0.041	non-DMR
chr1	560513	561444	21	0.887	0.926	-0.039	non-DMR
chr1	561491	562260	20	0.831	0.87	-0.039	non-DMR
chr1	562380	563197	20	0.723	0.767	-0.044	non-DMR
chr1	563307	564316	23	0.133	0.085	0.048	non-DMR
chr1	564421	565316	18	0.768	0.801	-0.033	non-DMR
chr1	565424	566217	18	0.536	0.817	-0.281	good-DMR
chr1	566675	567578	20	0.697	0.737	-0.039	non-DMR
chr1	567712	568747	23	0.623	0.656	-0.033	non-DMR
chr1	568780	569866	26	0.731	0.78	-0.049	non-DMR
chr1	570975	571832	20	0.86	0.9	-0.039	non-DMR
chr1	571969	572865	23	0.72	0.752	-0.032	non-DMR
chr1	572940	573828	23	0.775	0.818	-0.043	non-DMR
chr1	573903	574792	19	0.723	0.768	-0.045	non-DMR
chr1	574914	575853	23	0.343	0.309	0.034	non-DMR
chr1	575912	576926	23	0.665	0.818	-0.152	good-DMR
chr1	577424	578362	21	0.823	0.866	-0.043	non-DMR
chr1	578440	579516	26	0.519	0.75	-0.232	good-DMR
chr1	579899	580792	23	0.735	0.784	-0.049	non-DMR
chr1	580834	581976	25	0.431	0.733	-0.301	good-DMR
chr1	582335	583403	25	0.737	0.779	-0.042	non-DMR
chr1	583434	584245	21	0.822	0.858	-0.036	non-DMR
chr1	584316	585019	17	0.782	0.819	-0.037	non-DMR
chr1	585107	586042	25	0.581	0.751	-0.171	good-DMR
chr1	586592	587493	21	0.757	0.792	-0.036	non-DMR
chr1	587549	588374	19	0.238	0.2	0.038	non-DMR
chr1	588468	589307	18	0.769	0.802	-0.033	non-DMR
chr1	589395	590380	23	0.629	0.62	0.009	inconsistent-DMR
chr1	590498	591578	26	0.231	0.125	0.106	sub-DMR
chr1	592004	592920	20	0.707	0.745	-0.038	non-DMR
chr1	592989	593962	24	0.803	0.838	-0.035	non-DMR
chr1	594032	594822	19	0.754	0.797	-0.043	non-DMR
chr1	594901	595869	24	0.264	0.22	0.044	non-DMR
chr1	595916	596899	22	0.863	0.9	-0.037	non-DMR
chr1	596982	597870	24	0.151	0.111	0.039	non-DMR
chr1	597959	598838	22	0.643	0.888	-0.244	good-DMR
chr1	599298	600162	19	0.71	0.729	-0.019	inconsistent-DMR
chr1	600303	601368	26	0.78	0.817	-0.037	non-DMR
chr1	601500	602449	24	0.835	0.874	-0.039	non-DMR
chr1	602576	603575	23	0.247	0.26	-0.013	inconsistent-DMR
chr1	603698	604633	23	0.743	0.792	-0.048	non-DMR
chr1	604649	605647	25	0.669	0.944	-0.275	good-DMR
chr1	606141	607249	27	0.366	0.108	0.258	good-DMR
chr1	607699	608638	25	0.106	0.063	0.043	non-DMR
chr1	608745	609454	18	0.61	0.649	-0.039	non-DMR
chr1	609495	610436	23	0.692	0.93	-0.238	good-DMR
chr1	610911	611738	21	0.132	0.091	0.041	non-DMR
chr1	611767	612804	26	0.638	0.842	-0.204	good-DMR
chr1	613308	614142	20	0.853	0.897	-0.043	non-DMR
chr1	615303	616336	25	0.144	0.104	0.04	non-DMR
chr1	616426	617185	20	0.455	0.766	-0.311	good-DMR
chr1	617680	618618	23	0.926	0.965	-0.039	non-DMR
chr1	618760	619983	31	0.886	0.922	-0.036	non-DMR
chr1	620088	621103	25	0.728	0.776	-0.049	non-DMR
chr1	621235	622299	25	0.436	0.754	-0.317	notable-DMR
chr1	622353	623271	20	0.657	0.7	-0.043	non-DMR
chr1	623363	624295	24	0.119	0.079	0.041	non-DMR
chr1	624307	625259	23	0.59	0.841	-0.251	good-DMR
chr1	625784	626783	25	0.799	0.84	-0.041	non-DMR
chr1	626879	627905	27	0.542	0.691	-0.149	good-DMR
chr1	628384	629252	19	0.073	0.032	0.042	non-DMR
chr1	629335	630358	23	0.369	0.619	-0.25	good-DMR
chr1	630886	631758	21	0.667	0.7	-0.033	non-DMR
chr1	631862	632821	23	0.824	0.866	-0.041	non-DMR
chr1	632902	633926	24	0.635	0.676	-0.041	non-DMR
chr1	634001	635077	25	0.515	0.776	-0.261	good-DMR
chr1	635540	636496	24	0.433	0.725	-0.292	good-DMR
chr1	636910	637905	24	0.714	0.757	-0.043	non-DMR
chr1	638004	638948	23	0.739	0.78	-0.04	non-DMR
chr1	639071	639989	22	0.733	0.775	-0.043	non-DMR
chr1	640014	640777	18	0.731	0.774	-0.044	non-DMR
chr1	640890	641923	24	0.12	0.077	0.043	non-DMR
chr1	641962	642787	23	0.524	0.75	-0.226	notable-DMR
chr1	642888	643814	22	0.897	0.936	-0.039	non-DMR
chr1	643882	645022	25	0.534	0.581	-0.046	non-DMR
chr1	645140	646130	23	0.833	0.873	-0.04	non-DMR
chr1	646240	647149	21	0.515	0.764	-0.249	good-DMR
chr1	647663	648583	20	0.77	0.813	-0.042	non-DMR
chr1	648682	649741	25	0.422	0.67	-0.247	good-DMR
chr1	650215	651169	22	0.771	0.813	-0.042	non-DMR
chr1	651216	652187	22	0.758	0.794	-0.036	non-DMR
chr1	652256	653137	18	0.198	0.149	0.049	non-DMR
chr1	653155	654171	23	0.585	0.768	-0.183	good-DMR
chr1	654553	655325	18	0.833	0.875	-0.042	non-DMR
chr1	655415	656401	25	0.354	0.184	0.17	notable-DMR
chr1	656528	657399	24	0.208	0.174	0.034	non-DMR
chr1	657448	658384	22	0.157	0.118	0.039	non-DMR
chr1	658487	659497	23	0.776	0.932	-0.156	good-DMR
chr1	659933	660964	26	0.401	0.701	-0.3	good-DMR
chr1	661223	661957	20	0.097	0.056	0.041	non-DMR
chr1	662060	663046	22	0.774	0.806	-0.032	non-DMR
chr1	663073	663896	21	0.344	0.14	0.204	good-DMR
chr1	664399	665389	24	0.808	0.851	-0.042	non-DMR
chr1	665435	666334	22	0.685	0.789	-0.104	sub-DMR
chr1	666700	667664	23	0.15	0.113	0.037	non-DMR
chr1	667699	668825	26	0.553	0.798	-0.245	good-DMR
chr1	670426	671418	22	0.49	0.705	-0.215	good-DMR
chr1	671941	672868	21	0.66	0.702	-0.042	non-DMR
chr1	673006	673970	22	0.88	0.921	-0.041	non-DMR
chr1	674018	675022	23	0.169	0.066	0.103	sub-DMR
chr1	675509	676578	23	0.798	0.832	-0.034	non-DMR
chr1	676628	677425	19	0.77	0.809	-0.039	non-DMR
chr1	677452	678439	25	0.37	0.167	0.203	good-DMR
chr1	678961	679996	25	0.76	0.798	-0.038	non-DMR
chr1	680102	680985	21	0.55	0.872	-0.321	good-DMR
chr1	681480	682491	25	0.672	0.714	-0.042	non-DMR
chr1	682590	683526	21	0.136	0.096	0.041	non-DMR
chr1	683552	684379	20	0.426	0.179	0.247	good-DMR
chr1	684687	685760	28	0.659	0.765	-0.106	sub-DMR
chr1	686186	687109	23	0.738	0.771	-0.033	non-DMR
chr1	687152	687978	19	0.723	0.757	-0.035	non-DMR
chr1	688112	689051	21	0.112	0.072	0.04	non-DMR
chr1	689129	690144	26	0.72	0.759	-0.039	non-DMR
chr1	690217	691089	20	0.411	0.747	-0.336	good-DMR
chr1	691402	692419	25	0.591	0.756	-0.165	good-DMR
chr1	692774	693874	25	0.509	0.553	-0.043	non-DMR
chr1	693937	694927	24	0.138	0.036	0.103	sub-DMR
chr1	695390	696371	23	0.581	0.84	-0.259	good-DMR
chr1	696828	697795	23	0.25	0.208	0.042	non-DMR
chr1	697911	698838	22	0.688	0.729	-0.041	non-DMR
chr1	698929	699817	21	0.747	0.786	-0.04	non-DMR
chr1	699920	700848	23	0.805	0.842	-0.037	non-DMR
chr1	700984	702154	26	0.73	0.765	-0.035	non-DMR
chr1	702277	703305	24	0.753	0.799	-0.046	non-DMR
chr1	703374	704335	25	0.471	0.692	-0.221	good-DMR
chr1	704692	705638	23	0.522	0.694	-0.171	good-DMR
chr1	706158	707059	23	0.633	0.681	-0.048	non-DMR
chr1	707137	708092	22	0.725	0.835	-0.11	sub-DMR
chr1	708499	709416	19	0.471	0.701	-0.231	good-DMR
chr1	709870	710605	18	0.168	0.116	0.053	non-DMR
chr1	710664	711547	18	0.737	0.774	-0.038	non-DMR
chr1	711641	712588	23	0.642	0.681	-0.04	non-DMR
chr1	712631	713440	19	0.739	0.786	-0.046	non-DMR
chr1	713539	714500	22	0.892	0.929	-0.037	non-DMR
chr1	714585	715337	16	0.777	0.819	-0.041	non-DMR
chr1	715479	716593	23	0.674	0.713	-0.039	non-DMR
chr1	716672	717518	20	0.639	0.746	-0.107	sub-DMR
chr1	717976	718859	23	0.57	0.869	-0.299	good-DMR
chr1	719262	720267	25	0.601	0.709	-0.108	sub-DMR
chr1	720780	721807	27	0.831	0.873	-0.042	non-DMR
chr1	721822	722604	19	0.374	0.103	0.27	good-DMR
chr1	723053	723956	22	0.749	0.736	0.013	inconsistent-DMR
chr1	724094	724813	18	0.599	0.709	-0.11	sub-DMR
chr1	725134	726033	20	0.155	0.108	0.048	non-DMR
chr1	726107	727054	20	0.824	0.861	-0.037	non-DMR
chr1	727116	728131	21	0.101	0.061	0.04	non-DMR
chr1	728229	729139	21	0.107	0.071	0.036	non-DMR
chr1	729204	730008	20	0.371	0.731	-0.36	good-DMR
chr1	730513	731420	24	0.754	0.798	-0.044	non-DMR
chr1	731461	732608	28	0.748	0.79	-0.042	non-DMR
chr1	732646	733517	23	0.448	0.724	-0.276	good-DMR
chr1	734027	735004	23	0.178	0.144	0.035	non-DMR
chr1	735079	736024	24	0.444	0.758	-0.314	good-DMR
chr1	736474	737442	22	0.66	0.694	-0.034	non-DMR
chr1	737546	738496	21	0.771	0.813	-0.042	non-DMR
chr1	738586	739520	26	0.571	0.785	-0.214	good-DMR
chr1	739935	740746	22	0.754	0.792	-0.038	non-DMR
chr1	740884	741911	24	0.78	0.818	-0.039	non-DMR
chr1	742008	742905	25	0.403	0.22	0.183	good-DMR
chr1	743350	744214	22	0.856	0.898	-0.042	non-DMR
chr1	744310	745267	22	0.215	0.175	0.04	non-DMR
chr1	745362	746231	20	0.755	0.791	-0.036	non-DMR
chr1	746339	747154	21	0.202	0.162	0.04	non-DMR
chr1	747179	748122	25	0.17	0.133	0.037	non-DMR
chr1	748214	749196	24	0.259	0.225	0.035	non-DMR
chr1	749255	750248	26	0.248	0.052	0.196	good-DMR
chr1	750744	751655	22	0.527	0.759	-0.231	good-DMR
chr1	752118	753258	27	0.313	0.062	0.251	good-DMR
chr1	753781	754767	26	0.886	0.926	-0.04	non-DMR
chr1	754827	755851	23	0.679	0.715	-0.036	non-DMR
chr1	755945	757019	24	0.22	0.119	0.101	sub-DMR
chr1	758704	759748	24	0.87	0.911	-0.041	non-DMR
chr1	759827	760977	26	0.358	0.089	0.269	notable-DMR
chr1	761094	762133	24	0.759	0.803	-0.044	non-DMR
chr1	762179	763372	30	0.759	0.798	-0.039	non-DMR
chr1	763415	764364	23	0.596	0.793	-0.197	good-DMR
chr1	764858	765926	26	0.832	0.884	-0.052	non-DMR
chr1	767160	768184	24	0.146	0.108	0.038	non-DMR
chr1	768276	769290	23	0.482	0.171	0.311	notable-DMR
chr1	769396	770542	26	0.765	0.802	-0.037	non-DMR
chr1	770671	771443	19	0.69	0.736	-0.046	non-DMR
chr1	771501	772431	21	0.752	0.793	-0.041	non-DMR
chr1	772485	773520	25	0.134	0.094	0.04	non-DMR
chr1	773559	774724	30	0.731	0.773	-0.042	non-DMR
chr1	774814	775709	22	0.518	0.747	-0.229	good-DMR
chr1	776096	776818	20	0.467	0.19	0.277	good-DMR
chr1	777294	778331	27	0.599	0.642	-0.043	non-DMR
chr1	778399	779132	21	0.802	0.839	-0.036	non-DMR
chr1	779257	780075	21	0.657	0.697	-0.041	non-DMR
chr1	780164	781089	23	0.719	0.762	-0.043	non-DMR
chr1	781228	782306	25	0.696	0.738	-0.042	non-DMR
chr1	782430	783478	26	0.778	0.808	-0.029	non-DMR
chr1	783496	784576	23	0.705	0.749	-0.044	non-DMR
chr1	784640	785652	25	0.8	0.842	-0.042	non-DMR
chr1	785788	786675	19	0.646	0.686	-0.04	non-DMR
chr1	786743	787798	22	0.61	0.957	-0.347	good-DMR
chr1	788314	789133	22	0.127	0.096	0.031	non-DMR
chr1	789235	790201	21	0.691	0.729	-0.039	non-DMR
chr1	790329	791481	27	0.636	0.682	-0.046	non-DMR
chr1	791535	792471	23	0.908	0.938	-0.03	non-DMR
chr1	792538	793357	20	0.733	0.837	-0.104	sub-DMR
chr1	793881	794708	20	0.781	0.81	-0.029	non-DMR
chr1	794777	795621	20	0.116	0.073	0.043	non-DMR
chr1	795630	796542	22	0.245	0.143	0.102	sub-DMR
chr1	796888	797920	23	0.15	0.108	0.042	non-DMR
chr1	798054	799031	24	0.778	0.821	-0.043	non-DMR
chr1	799095	800220	24	0.875	0.919	-0.044	non-DMR
chr1	800330	801251	23	0.747	0.795	-0.047	non-DMR
chr1	801297	802414	27	0.895	0.932	-0.037	non-DMR
chr1	802504	803376	20	0.529	0.765	-0.237	good-DMR
chr1	803866	805006	28	0.812	0.845	-0.033	non-DMR
chr1	805110	806170	26	0.721	0.829	-0.108	sub-DMR
chr1	806609	807729	28	0.668	0.715	-0.047	non-DMR
chr1	807811	808855	24	0.737	0.79	-0.053	inconsistent-DMR
chr1	809003	810062	28	0.841	0.882	-0.04	non-DMR
chr1	810111	811244	25	0.74	0.844	-0.104	sub-DMR
chr1	811671	812717	26	0.739	0.771	-0.032	non-DMR
chr1	812808	813868	23	0.48	0.733	-0.253	good-DMR
chr1	814308	815355	28	0.795	0.832	-0.037	non-DMR
chr1	815436	816455	23	0.176	0.139	0.037	non-DMR
chr1	816474	817233	17	0.567	0.729	-0.162	good-DMR
chr1	817726	818769	22	0.523	0.773	-0.25	good-DMR
chr1	819284	820331	27	0.181	0.14	0.041	non-DMR
chr1	820418	821276	22	0.405	0.362	0.043	non-DMR
chr1	821367	822322	23	0.786	0.833	-0.047	non-DMR
chr1	822461	823520	25	0.697	0.77	-0.072	inconsistent-DMR
chr1	823664	824399	17	0.183	0.141	0.042	non-DMR
chr1	824427	825188	18	0.61	0.782	-0.172	good-DMR
chr1	825547	826434	20	0.136	0.09	0.046	non-DMR
chr1	826572	827458	20	0.827	0.859	-0.032	non-DMR
chr1	827514	828523	21	0.696	0.741	-0.044	non-DMR
chr1	828562	829533	19	0.621	0.672	-0.051	non-DMR
chr1	829579	830733	25	0.509	0.741	-0.232	good-DMR
chr1	831106	831963	20	0.614	0.885	-0.271	good-DMR
chr1	832440	833373	22	0.649	0.85	-0.2	good-DMR
chr1	833907	834785	21	0.826	0.866	-0.039	non-DMR
chr1	834866	835714	20	0.576	0.54	0.036	non-DMR
chr1	835823	836579	19	0.855	0.895	-0.041	non-DMR
chr1	836646	837586	24	0.843	0.878	-0.035	non-DMR
chr1	837652	838429	19	0.853	0.893	-0.04	non-DMR
chr1	838480	839514	23	0.743	0.784	-0.04	non-DMR
chr1	839580	840396	21	0.707	0.742	-0.034	non-DMR
chr1	840457	841377	23	0.793	0.838	-0.045	non-DMR
chr1	841425	842407	23	0.8	0.85	-0.05	non-DMR
chr1	842478	843395	20	0.681	0.785	-0.104	sub-DMR
chr1	843930	844884	23	0.088	0.046	0.041	non-DMR
chr1	844978	845973	20	0.406	0.697	-0.291	good-DMR
chr1	846403	847416	25	0.677	0.834	-0.158	good-DMR
chr1	847905	848755	20	0.649	0.685	-0.037	non-DMR
chr1	848867	850021	25	0.717	0.768	-0.052	non-DMR
chr1	850092	851039	21	0.632	0.855	-0.223	good-DMR
chr1	851419	852370	23	0.274	0.113	0.161	good-DMR
chr1	852873	853929	23	0.537	0.708	-0.171	good-DMR
chr1	854322	855223	20	0.454	0.139	0.315	good-DMR
chr1	855749	856731	23	0.793	0.827	-0.034	non-DMR
chr1	856826	857886	26	0.833	0.876	-0.043	non-DMR
chr1	858007	859084	26	0.117	0.077	0.04	non-DMR
chr1	859105	860041	22	0.802	0.847	-0.045	non-DMR
chr1	860110	861118	27	0.252	0.597	-0.345	good-DMR
chr1	861588	862417	21	0.288	0.242	0.047	non-DMR
chr1	862541	863458	22	0.786	0.828	-0.042	non-DMR
chr1	863572	864630	25	0.806	0.842	-0.037	non-DMR
chr1	864760	865738	22	0.438	0.198	0.24	notable-DMR
chr1	865803	866653	21	0.752	0.795	-0.043	non-DMR
chr1	867711	868737	24	0.232	0.232	-0.0	inconsistent-DMR
chr1	868818	869870	23	0.553	0.866	-0.313	good-DMR
chr1	870395	871283	21	0.687	0.731	-0.044	non-DMR
chr1	871394	872378	27	0.786	0.827	-0.041	non-DMR
chr1	872411	873371	21	0.861	0.898	-0.037	non-DMR
chr1	873487	874473	22	0.311	0.225	0.086	inconsistent-DMR
chr1	874549	875538	25	0.389	0.747	-0.358	good-DMR
chr1	875969	876970	23	0.536	0.641	-0.105	sub-DMR
chr1	877378	878409	22	0.669	0.71	-0.041	non-DMR
chr1	878534	879318	21	0.343	0.637	-0.295	notable-DMR
chr1	879468	880489	23	0.818	0.854	-0.036	non-DMR
chr1	880585	881517	24	0.128	0.091	0.037	non-DMR
chr1	881589	882564	24	0.345	0.103	0.242	good-DMR
chr1	883007	884076	26	0.459	0.747	-0.288	good-DMR
chr1	884568	885427	18	0.259	0.231	0.027	inconsistent-DMR
chr1	885495	886389	22	0.618	0.802	-0.184	good-DMR
chr1	886837	887782	19	0.662	0.701	-0.039	non-DMR
chr1	887884	888866	26	0.512	0.522	-0.01	inconsistent-DMR
chr1	889004	889880	21	0.593	0.824	-0.231	good-DMR
chr1	890349	891480	28	0.639	0.597	0.042	non-DMR
chr1	891516	892381	22	0.817	0.863	-0.046	non-DMR
chr1	892471	893368	24	0.558	0.267	0.291	good-DMR
chr1	893625	894532	25	0.789	0.83	-0.04	non-DMR
chr1	894606	895668	24	0.478	0.719	-0.241	good-DMR
chr1	896207	897080	19	0.614	0.599	0.015	inconsistent-DMR
chr1	897164	897949	20	0.423	0.739	-0.317	good-DMR
chr1	898475	899476	26	0.767	0.808	-0.041	non-DMR
chr1	899571	900505	21	0.517	0.844	-0.327	good-DMR
chr1	900914	902075	26	0.396	0.202	0.194	good-DMR
chr1	902476	903276	20	0.338	0.237	0.101	sub-DMR
chr1	903639	904595	23	0.813	0.848	-0.035	non-DMR
chr1	904715	905590	20	0.488	0.53	-0.043	non-DMR
chr1	905681	906647	22	0.772	0.808	-0.036	non-DMR
chr1	906738	907752	22	0.763	0.806	-0.043	non-DMR
chr1	907783	908841	25	0.604	0.641	-0.037	non-DMR
chr1	908939	909893	23	0.614	0.66	-0.045	non-DMR
chr1	909969	910869	24	0.126	0.091	0.035	non-DMR
chr1	910887	911825	22	0.543	0.571	-0.028	inconsistent-DMR
chr1	911939	912937	23	0.544	0.818	-0.274	good-DMR
chr1	913362	914284	22	0.499	0.234	0.265	good-DMR
chr1	914800	915672	20	0.74	0.782	-0.042	non-DMR
chr1	915790	916706	17	0.713	0.759	-0.046	non-DMR
chr1	916820	917827	23	0.722	0.77	-0.048	non-DMR
chr1	917907	918690	19	0.307	0.271	0.037	non-DMR
chr1	918716	919672	21	0.623	0.578	0.045	non-DMR
chr1	919780	920677	22	0.391	0.182	0.209	good-DMR
chr1	921131	922097	24	0.648	0.693	-0.045	non-DMR
chr1	922139	923233	26	0.203	0.1	0.103	sub-DMR
chr1	923615	924568	19	0.45	0.705	-0.255	good-DMR
chr1	925077	926023	21	0.113	0.07	0.043	non-DMR
chr1	926099	927097	26	0.648	0.857	-0.209	good-DMR
chr1	927574	928526	24	0.394	0.67	-0.276	good-DMR
chr1	929039	929936	23	0.563	0.603	-0.04	non-DMR
chr1	930032	931158	27	0.171	0.133	0.038	non-DMR
chr1	931237	932140	23	0.286	0.165	0.121	good-DMR
chr1	932570	933453	21	0.626	0.849	-0.223	good-DMR
chr1	933833	934824	24	0.594	0.816	-0.222	good-DMR
chr1	935305	935979	17	0.689	0.796	-0.107	sub-DMR
chr1	936439	937290	20	0.617	0.838	-0.221	good-DMR
chr1	937682	938643	21	0.735	0.777	-0.041	non-DMR
chr1	938759	939904	24	0.632	0.675	-0.043	non-DMR
chr1	940004	940992	23	0.872	0.91	-0.038	non-DMR
chr1	941118	941998	22	0.846	0.89	-0.044	non-DMR
chr1	942091	942986	22	0.625	0.662	-0.036	non-DMR
chr1	943084	944176	27	0.662	0.765	-0.103	sub-DMR
chr1	944594	945591	25	0.579	0.686	-0.107	sub-DMR
chr1	946098	947205	25	0.679	0.724	-0.045	non-DMR
chr1	947274	948265	24	0.497	0.816	-0.319	notable-DMR
chr1	948329	949380	26	0.711	0.755	-0.043	non-DMR
chr1	949462	950642	28	0.206	0.16	0.045	non-DMR
chr1	950741	951581	20	0.902	0.941	-0.039	non-DMR
chr1	951666	952521	20	0.581	0.626	-0.045	non-DMR
chr1	952631	953431	17	0.711	0.74	-0.03	non-DMR
chr1	953526	954508	23	0.728	0.768	-0.04	non-DMR
chr1	954549	955470	23	0.727	0.77	-0.043	non-DMR
chr1	955602	956522	20	0.778	0.818	-0.04	non-DMR
chr1	956652	957765	29	0.618	0.662	-0.044	non-DMR
chr1	957813	958855	25	0.905	0.937	-0.032	non-DMR
chr1	958947	959884	21	0.788	0.827	-0.039	non-DMR
chr1	959988	960935	23	0.688	0.898	-0.21	good-DMR
chr1	961418	962390	21	0.621	0.892	-0.271	good-DMR
chr1	962898	963967	29	0.807	0.85	-0.043	non-DMR
chr1	963999	964978	25	0.788	0.791	-0.004	inconsistent-DMR
chr1	965079	966039	23	0.788	0.834	-0.045	non-DMR
chr1	966141	967174	24	0.764	0.797	-0.033	non-DMR
chr1	967247	968216	22	0.633	0.679	-0.047	non-DMR
chr1	969517	970465	21	0.333	0.053	0.28	good-DMR
chr1	970867	971786	24	0.352	0.093	0.259	good-DMR
chr1	972189	973240	25	0.636	0.857	-0.221	good-DMR
chr1	973610	974450	20	0.332	0.3	0.032	non-DMR
chr1	974515	975372	22	0.651	0.693	-0.042	non-DMR
chr1	975496	976670	28	0.885	0.919	-0.034	non-DMR
chr1	976730	977646	20	0.726	0.767	-0.04	non-DMR
chr1	977750	978670	25	0.681	0.72	-0.04	non-DMR
chr1	978812	979552	19	0.757	0.798	-0.041	non-DMR
chr1	979582	980631	27	0.225	0.212	0.013	inconsistent-DMR
chr1	980793	981832	24	0.405	0.359	0.045	non-DMR
chr1	981899	982970	26	0.664	0.705	-0.041	non-DMR
chr1	983015	983898	21	0.566	0.742	-0.176	good-DMR
chr1	984432	985576	26	0.777	0.814	-0.036	non-DMR
chr1	985703	986731	25	0.599	0.633	-0.034	non-DMR
chr1	986848	987811	22	0.197	0.16	0.037	non-DMR
chr1	987882	988793	22	0.768	0.817	-0.048	non-DMR
chr1	988834	989720	21	0.168	0.135	0.033	non-DMR
chr1	989753	990793	26	0.69	0.893	-0.203	good-DMR
chr1	991279	992142	21	0.706	0.748	-0.042	non-DMR
chr1	992237	993248	26	0.792	0.838	-0.046	non-DMR
chr1	993344	994225	20	0.776	0.819	-0.043	non-DMR
chr1	994358	995358	25	0.739	0.782	-0.043	non-DMR
chr1	995503	996481	24	0.719	0.76	-0.041	non-DMR
chr1	996547	997563	27	0.416	0.383	0.033	non-DMR
chr1	997669	998560	20	0.607	0.635	-0.029	inconsistent-DMR
chr1	998640	999762	26	0.857	0.898	-0.041	non-DMR
chr1	999886	1000921	23	0.748	0.787	-0.038	non-DMR
chr1	1000993	1001889	20	0.57	0.606	-0.037	non-DMR
chr1	1001984	1002961	23	0.803	0.848	-0.045	non-DMR
chr1	1003035	1003873	21	0.17	0.064	0.107	sub-DMR
chr1	1004351	1005091	18	0.82	0.86	-0.04	non-DMR
chr1	1005162	1006043	19	0.87	0.908	-0.038	non-DMR
chr1	1006152	1007087	23	0.781	0.821	-0.041	non-DMR
chr1	1007209	1008107	21	0.168	0.132	0.036	non-DMR
chr1	1008243	1009008	24	0.794	0.836	-0.042	non-DMR
chr1	1009141	1010070	24	0.626	0.663	-0.036	non-DMR
chr1	1010207	1010994	17	0.769	0.813	-0.044	non-DMR
chr1	1011093	1012086	27	0.552	0.863	-0.311	good-DMR
chr1	1012565	1013756	27	0.584	0.869	-0.284	good-DMR
chr1	1014233	1015184	23	0.376	0.097	0.279	good-DMR
chr1	1015680	1016686	26	0.173	0.135	0.039	non-DMR
chr1	1016775	1017597	19	0.881	0.926	-0.044	non-DMR
chr1	1017662	1018552	22	0.703	0.806	-0.103	sub-DMR
chr1	1019042	1019916	23	0.807	0.85	-0.042	non-DMR
chr1	1019954	1020953	25	0.409	0.154	0.255	good-DMR
chr1	1021410	1022338	23	0.586	0.628	-0.042	non-DMR
chr1	1022370	1023193	19	0.481	0.728	-0.246	good-DMR
chr1	1023670	1024693	23	0.865	0.904	-0.039	non-DMR
chr1	1024759	1025525	17	0.481	0.82	-0.338	good-DMR
chr1	1025903	1026828	21	0.748	0.789	-0.042	non-DMR
chr1	1026942	1027958	23	0.59	0.626	-0.035	non-DMR
chr1	1028057	1029086	23	0.516	0.563	-0.046	non-DMR
chr1	1029218	1030136	21	0.67	0.711	-0.041	non-DMR
chr1	1030183	1031059	21	0.167	0.129	0.038	non-DMR
chr1	1031181	1032144	23	0.68	0.727	-0.046	non-DMR
chr1	1032247	1033269	23	0.465	0.816	-0.351	good-DMR
chr1	1033770	1034565	20	0.722	0.765	-0.043	non-DMR
chr1	1034668	1035435	17	0.735	0.774	-0.04	non-DMR
chr1	1035490	1036296	19	0.687	0.722	-0.035	non-DMR
chr1	1036344	1037418	24	0.152	0.105	0.046	non-DMR
chr1	1037537	1038510	25	0.512	0.548	-0.036	inconsistent-DMR
chr1	1038629	1039553	23	0.11	0.064	0.046	non-DMR
chr1	1039659	1040708	24	0.742	0.78	-0.038	non-DMR
chr1	1040802	1041881	26	0.821	0.863	-0.041	non-DMR
chr1	1041952	1042976	23	0.655	0.69	-0.035	non-DMR
chr1	1043039	1044060	26	0.179	0.132	0.047	non-DMR
chr1	1044076	1044807	18	0.895	0.937	-0.042	non-DMR
chr1	1044871	1045911	24	0.485	0.739	-0.254	good-DMR
chr1	1046444	1047196	18	0.244	0.195	0.049	non-DMR
chr1	1047302	1048350	26	0.109	0.077	0.032	non-DMR
chr1	1048394	1049393	24	0.824	0.87	-0.046	non-DMR
chr1	1049443	1050413	22	0.795	0.839	-0.044	non-DMR
chr1	1050521	1051622	30	0.213	0.17	0.043	non-DMR
chr1	1051693	1052862	29	0.611	0.657	-0.046	non-DMR
chr1	1052924	1053952	25	0.567	0.62	-0.053	non-DMR
chr1	1054060	1055093	24	0.794	0.836	-0.042	non-DMR
chr1	1055182	1056330	28	0.72	0.764	-0.043	non-DMR
chr1	1056436	1057304	20	0.551	0.735	-0.184	good-DMR
chr1	1057845	1058774	23	0.735	0.774	-0.039	non-DMR
chr1	1058828	1059996	26	0.554	0.601	-0.048	non-DMR
chr1	1060061	1061018	22	0.758	0.797	-0.038	non-DMR
chr1	1061043	1061917	24	0.527	0.816	-0.289	good-DMR
chr1	1062404	1063464	26	0.107	0.07	0.037	non-DMR
chr1	1063515	1064416	21	0.788	0.829	-0.041	non-DMR
chr1	1064480	1065504	24	0.395	0.119	0.276	good-DMR
chr1	1066014	1067034	25	0.836	0.876	-0.04	non-DMR
chr1	1067100	1068037	23	0.519	0.803	-0.284	good-DMR
chr1	1068455	1069350	22	0.723	0.77	-0.047	non-DMR
chr1	1069431	1070405	23	0.25	0.043	0.207	good-DMR
chr1	1070920	1071801	20	0.858	0.898	-0.04	non-DMR
chr1	1071826	1072734	19	0.764	0.865	-0.102	sub-DMR
chr1	1073272	1074283	25	0.663	0.698	-0.035	non-DMR
chr1	1074343	1075295	23	0.83	0.873	-0.043	non-DMR
chr1	1075400	1076369	21	0.766	0.793	-0.027	non-DMR
chr1	1076428	1077475	25	0.863	0.89	-0.026	non-DMR
chr1	1077546	1078542	26	0.772	0.813	-0.04	non-DMR
chr1	1078654	1079643	21	0.805	0.843	-0.038	non-DMR
chr1	1079701	1080495	20	0.571	0.809	-0.238	good-DMR
chr1	1080992	1081973	22	0.666	0.713	-0.048	non-DMR
chr1	1082066	1082948	19	0.834	0.873	-0.039	non-DMR
chr1	1082962	1083859	24	0.471	0.709	-0.239	good-DMR
chr1	1084254	1085150	22	0.785	0.818	-0.034	non-DMR
chr1	1085201	1085983	19	0.641	0.746	-0.105	sub-DMR
chr1	1086481	1087455	22	0.373	0.674	-0.301	good-DMR
chr1	1087941	1088851	22	0.443	0.69	-0.246	good-DMR
chr1	1089346	1090331	23	0.464	0.739	-0.275	good-DMR
chr1	1090802	1091653	20	0.648	0.887	-0.239	good-DMR
chr1	1092078	1093256	28	0.795	0.839	-0.044	non-DMR
chr1	1093301	1094261	19	0.161	0.116	0.044	non-DMR
chr1	1094333	1095419	26	0.824	0.865	-0.041	non-DMR
chr1	1095514	1096576	27	0.257	0.221	0.036	non-DMR
chr1	1096678	1097564	22	0.132	0.091	0.042	non-DMR
chr1	1097641	1098557	22	0.722	0.826	-0.104	sub-DMR
chr1	1098994	1099863	22	0.852	0.9	-0.048	non-DMR
chr1	1100001	1100981	23	0.743	0.786	-0.043	non-DMR
chr1	1101093	1102038	22	0.809	0.855	-0.046	non-DMR
chr1	1102047	1102945	21	0.451	0.733	-0.282	good-DMR
chr1	1103433	1104347	21	0.134	0.08	0.055	non-DMR
chr1	1104475	1105473	23	0.779	0.818	-0.039	non-DMR
chr1	1105560	1106475	23	0.236	0.196	0.041	non-DMR
chr1	1106564	1107416	18	0.568	0.761	-0.193	notable-DMR
chr1	1107488	1108553	24	0.109	0.073	0.036	non-DMR
chr1	1108614	1109460	19	0.151	0.111	0.04	non-DMR
chr1	1109579	1110589	27	0.723	0.763	-0.04	non-DMR
chr1	1110608	1111651	25	0.549	0.855	-0.305	good-DMR
chr1	1112105	1112993	22	0.799	0.84	-0.041	non-DMR
chr1	1113103	1114023	21	0.65	0.685	-0.035	non-DMR
chr1	1114099	1115034	21	0.664	0.96	-0.296	notable-DMR
chr1	1115158	1116118	24	0.595	0.635	-0.04	non-DMR
chr1	1116149	1117039	22	0.169	0.125	0.045	non-DMR
chr1	1117150	1118025	23	0.136	0.095	0.042	non-DMR
chr1	1118170	1119168	25	0.127	0.089	0.038	non-DMR
chr1	1119192	1120106	22	0.32	0.105	0.216	good-DMR
chr1	1120524	1121367	20	0.372	0.658	-0.286	good-DMR
chr1	1121838	1122804	24	0.39	0.622	-0.233	good-DMR
chr1	1123309	1124225	25	0.183	0.146	0.037	non-DMR
chr1	1124292	1125159	21	0.429	0.155	0.274	good-DMR
chr1	1125530	1126349	18	0.528	0.82	-0.293	good-DMR
chr1	1126857	1127984	28	0.827	0.867	-0.04	non-DMR
chr1	1128051	1128919	23	0.889	0.925	-0.036	non-DMR
chr1	1129000	1129772	17	0.627	0.671	-0.044	non-DMR
chr1	1129876	1130805	25	0.791	0.836	-0.045	non-DMR
chr1	1130869	1131822	25	0.335	0.302	0.033	non-DMR
chr1	1131925	1132772	22	0.821	0.855	-0.034	non-DMR
chr1	1132846	1133863	21	0.231	0.188	0.043	non-DMR
chr1	1133955	1134971	26	0.755	0.785	-0.03	non-DMR
chr1	1134993	1135977	26	0.489	0.597	-0.108	sub-DMR
chr1	1136405	1137433	23	0.417	0.664	-0.247	good-DMR
chr1	1137929	1138943	26	0.742	0.783	-0.042	non-DMR
chr1	1139087	1140103	24	0.735	0.774	-0.039	non-DMR
chr1	1140169	1141204	26	0.737	0.782	-0.046	non-DMR
chr1	1141295	1142340	24	0.67	0.712	-0.042	non-DMR
chr1	1142449	1143294	23	0.734	0.77	-0.036	non-DMR
chr1	1143370	1144254	22	0.712	0.679	0.032	inconsistent-DMR
chr1	1144396	1145386	24	0.567	0.607	-0.041	non-DMR
chr1	1145481	1146482	24	0.747	0.787	-0.04	non-DMR
chr1	1146564	1147645	24	0.864	0.901	-0.037	non-DMR
chr1	1147680	1148555	19	0.642	0.899	-0.257	good-DMR
chr1	1148962	1150000	22	0.458	0.676	-0.218	good-DMR
chr1	1150418	1151492	23	0.298	0.097	0.201	good-DMR
chr1	1152009	1152922	24	0.596	0.639	-0.043	non-DMR
chr1	1152977	1153713	17	0.418	0.095	0.324	good-DMR
chr1	1154201	1155100	23	0.437	0.736	-0.299	good-DMR
chr1	1155608	1156421	19	0.706	0.748	-0.042	non-DMR
chr1	1156530	1157361	21	0.536	0.877	-0.34	good-DMR
chr1	1157710	1158585	20	0.243	0.142	0.101	sub-DMR
chr1	1158787	1159804	22	0.098	0.064	0.033	non-DMR
chr1	1159817	1160780	20	0.338	0.052	0.286	good-DMR
chr1	1161301	1162325	22	0.826	0.879	-0.053	non-DMR
chr1	1162403	1163350	22	0.148	0.104	0.044	non-DMR
chr1	1163446	1164527	28	0.841	0.883	-0.042	non-DMR
chr1	1164650	1165571	21	0.125	0.085	0.04	non-DMR
chr1	1165684	1166721	24	0.413	0.375	0.038	non-DMR
chr1	1166820	1167695	21	0.63	0.897	-0.268	good-DMR
chr1	1168202	1169040	20	0.781	0.821	-0.04	non-DMR
chr1	1169093	1169935	17	0.774	0.821	-0.046	non-DMR
chr1	1169976	1171091	28	0.583	0.749	-0.165	good-DMR
chr1	1171428	1172296	22	0.809	0.912	-0.103	sub-DMR
chr1	1172818	1173726	22	0.588	0.63	-0.042	non-DMR
chr1	1173836	1174881	27	0.151	0.111	0.04	non-DMR
chr1	1174950	1175953	24	0.723	0.907	-0.184	good-DMR
chr1	1176353	1177293	20	0.743	0.787	-0.044	non-DMR
chr1	1177344	1178369	22	0.698	0.743	-0.045	non-DMR
chr1	1178453	1179388	20	0.46	0.155	0.305	good-DMR
chr1	1179925	1180849	22	0.748	0.785	-0.037	non-DMR
chr1	1180926	1181927	24	0.694	0.731	-0.036	non-DMR
chr1	1181958	1183004	25	0.421	0.645	-0.224	good-DMR
chr1	1183268	1184429	27	0.775	0.816	-0.04	non-DMR
chr1	1184458	1185205	18	0.126	0.086	0.041	non-DMR
chr1	1185316	1186319	26	0.58	0.544	0.037	non-DMR
chr1	1186362	1187197	20	0.102	0.078	0.025	non-DMR
chr1	1188469	1189282	17	0.805	0.846	-0.04	non-DMR
chr1	1189406	1190342	22	0.727	0.771	-0.044	non-DMR
chr1	1190392	1191428	25	0.4	0.247	0.153	good-DMR
chr1	1191859	1192813	20	0.697	0.737	-0.041	non-DMR
chr1	1192890	1193847	24	0.78	0.589	0.191	good-DMR
chr1	1194259	1195331	25	0.827	0.868	-0.041	non-DMR
chr1	1195423	1196431	22	0.373	0.093	0.28	good-DMR
chr1	1196857	1197926	24	0.808	0.848	-0.041	non-DMR
chr1	1197992	1199167	25	0.888	0.923	-0.034	non-DMR
chr1	1199276	1200062	21	0.449	0.698	-0.25	notable-DMR
chr1	1200117	1201302	30	0.806	0.84	-0.034	non-DMR
chr1	1201408	1202553	29	0.643	0.679	-0.036	non-DMR
chr1	1202630	1203493	21	0.818	0.853	-0.035	non-DMR
chr1	1203561	1204539	23	0.502	0.797	-0.295	good-DMR
chr1	1205067	1206007	24	0.775	0.82	-0.045	non-DMR
chr1	1206098	1206886	19	0.505	0.761	-0.255	good-DMR
chr1	1207340	1208420	29	0.563	0.608	-0.046	non-DMR
chr1	1208501	1209463	22	0.268	0.228	0.04	non-DMR
chr1	1209570	1210730	26	0.779	0.82	-0.041	non-DMR
chr1	1210826	1211911	24	0.733	0.77	-0.037	non-DMR
chr1	1212011	1213077	24	0.816	0.862	-0.046	non-DMR
chr1	1213098	1213943	21	0.674	0.784	-0.11	sub-DMR
chr1	1214303	1215186	21	0.658	0.701	-0.043	non-DMR
chr1	1215273	1216146	21	0.658	0.702	-0.044	non-DMR
chr1	1216258	1217215	23	0.727	0.775	-0.048	non-DMR
chr1	1217314	1218148	25	0.616	0.717	-0.102	sub-DMR
chr1	1218677	1219630	24	0.717	0.756	-0.039	non-DMR
chr1	1219706	1220521	21	0.759	0.801	-0.042	non-DMR
chr1	1220611	1221516	21	0.587	0.793	-0.206	good-DMR
chr1	1221991	1223019	24	0.607	0.837	-0.23	good-DMR
chr1	1223489	1224611	27	0.699	0.746	-0.047	non-DMR
chr1	1224698	1225752	26	0.8	0.831	-0.031	non-DMR
chr1	1225813	1226926	24	0.667	0.872	-0.205	good-DMR
chr1	1227433	1228391	22	0.561	0.765	-0.204	good-DMR
chr1	1228872	1229721	20	0.68	0.723	-0.043	non-DMR
chr1	1229830	1230629	19	0.111	0.07	0.042	non-DMR
chr1	1230769	1231742	21	0.863	0.91	-0.047	non-DMR
chr1	1231850	1232862	23	0.716	0.751	-0.035	non-DMR
chr1	1232929	1233953	26	0.902	0.568	0.334	good-DMR
chr1	1234395	1235393	24	0.728	0.772	-0.045	inconsistent-DMR
chr1	1235520	1236324	20	0.704	0.851	-0.146	good-DMR
chr1	1236752	1237776	24	0.601	0.562	0.04	non-DMR
chr1	1237887	1238818	24	0.266	0.228	0.038	non-DMR
chr1	1238919	1239780	19	0.385	0.668	-0.284	good-DMR
chr1	1240237	1241078	25	0.148	0.109	0.039	non-DMR
chr1	1241165	1242070	22	0.505	0.281	0.224	good-DMR
chr1	1243729	1244588	21	0.645	0.88	-0.235	good-DMR
chr1	1244964	1245830	18	0.611	0.829	-0.218	good-DMR
chr1	1246303	1247285	24	0.71	0.718	-0.008	inconsistent-DMR
chr1	1247460	1248337	23	0.753	0.787	-0.034	non-DMR
chr1	1248447	1249415	23	0.808	0.844	-0.036	non-DMR
chr1	1249455	1250480	23	0.508	0.793	-0.285	good-DMR
chr1	1250985	1252088	24	0.73	0.834	-0.104	sub-DMR
chr1	1252618	1253432	18	0.856	0.897	-0.04	non-DMR
chr1	1253567	1254558	24	0.624	0.664	-0.039	non-DMR
chr1	1254634	1255382	22	0.149	0.106	0.044	non-DMR
chr1	1255521	1256472	26	0.583	0.581	0.002	inconsistent-DMR
chr1	1256646	1257651	25	0.566	0.782	-0.216	good-DMR
chr1	1258084	1259058	22	0.576	0.831	-0.255	good-DMR
chr1	1259543	1260395	21	0.071	0.035	0.037	non-DMR
chr1	1260418	1261159	18	0.705	0.872	-0.167	good-DMR
chr1	1261659	1262616	28	0.76	0.801	-0.041	non-DMR
chr1	1262682	1263715	25	0.585	0.918	-0.333	good-DMR
chr1	1264207	1265325	27	0.89	0.923	-0.033	non-DMR
chr1	1265362	1266413	23	0.611	0.868	-0.257	good-DMR
