chr	start	end	CpG_count	treatment_methylation	control_methylation	mean_delta_methylation	category
chr1	100022	101249	27	0.813	0.854	-0.041	non-DMR
chr1	101349	102433	23	0.647	0.88	-0.233	good-DMR
chr1	102931	103899	21	0.827	0.87	-0.042	non-DMR
chr1	103969	104944	25	0.701	0.741	-0.039	non-DMR
chr1	105026	106163	26	0.652	0.69	-0.038	non-DMR
chr1	106174	107216	24	0.357	0.14	0.217	good-DMR
chr1	107722	108548	21	0.521	0.816	-0.295	good-DMR
chr1	109064	110178	26	0.099	0.067	0.032	non-DMR
chr1	111398	112326	19	0.381	0.077	0.304	good-DMR
chr1	112828	113706	22	0.803	0.839	-0.036	non-DMR
chr1	113819	114665	21	0.863	0.9	-0.037	non-DMR
chr1	114739	115944	28	0.833	0.875	-0.041	non-DMR
chr1	116025	117029	25	0.689	0.723	-0.034	non-DMR
chr1	117096	118052	24	0.668	0.714	-0.045	non-DMR
chr1	118123	119114	22	0.764	0.808	-0.044	non-DMR
chr1	119193	120066	21	0.807	0.846	-0.039	non-DMR
chr1	120193	121005	19	0.716	0.759	-0.043	non-DMR
chr1	121035	121972	25	0.686	0.573	0.113	sub-DMR
chr1	122434	123242	18	0.782	0.825	-0.043	non-DMR
chr1	123341	124235	19	0.562	0.879	-0.317	good-DMR
chr1	124572	125733	28	0.464	0.224	0.24	good-DMR
chr1	126134	126979	20	0.8	0.845	-0.045	non-DMR
chr1	127021	127877	20	0.492	0.709	-0.217	good-DMR
chr1	128394	129419	26	0.843	0.883	-0.04	non-DMR
chr1	129457	130533	26	0.375	0.064	0.311	good-DMR
chr1	131018	131886	23	0.677	0.906	-0.23	good-DMR
chr1	132350	133270	21	0.614	0.76	-0.146	good-DMR
chr1	133734	134801	25	0.749	0.786	-0.037	non-DMR
chr1	134842	135615	19	0.805	0.914	-0.11	sub-DMR
chr1	136050	137066	28	0.659	0.828	-0.169	good-DMR
chr1	137538	138541	24	0.66	0.702	-0.042	non-DMR
chr1	138595	139426	20	0.103	0.066	0.037	non-DMR
chr1	139530	140596	22	0.34	0.116	0.224	good-DMR
chr1	141074	142096	25	0.251	0.207	0.044	non-DMR
chr1	142242	143259	25	0.117	0.069	0.048	non-DMR
chr1	143313	144360	26	0.495	0.708	-0.213	good-DMR
chr1	144815	145862	23	0.222	0.187	0.035	non-DMR
chr1	145963	146779	19	0.201	0.165	0.037	non-DMR
chr1	146830	147785	24	0.714	0.748	-0.035	non-DMR
chr1	147873	148917	26	0.735	0.775	-0.04	non-DMR
chr1	148983	150042	23	0.192	0.087	0.105	sub-DMR
chr1	150506	151390	21	0.543	0.656	-0.113	good-DMR
chr1	151895	152791	24	0.526	0.87	-0.344	good-DMR
chr1	153288	154108	20	0.726	0.761	-0.035	non-DMR
chr1	154206	155183	21	0.647	0.749	-0.102	sub-DMR
chr1	155624	156488	20	0.126	0.091	0.035	non-DMR
chr1	156583	157450	18	0.255	0.215	0.04	non-DMR
chr1	157599	158651	23	0.815	0.863	-0.048	non-DMR
chr1	158685	159760	24	0.598	0.797	-0.199	good-DMR
chr1	160284	161274	24	0.701	0.734	-0.033	non-DMR
chr1	161344	162324	22	0.595	0.769	-0.174	good-DMR
chr1	162818	163789	22	0.706	0.741	-0.035	non-DMR
chr1	163862	164729	21	0.74	0.785	-0.046	non-DMR
chr1	164788	165708	24	0.838	0.877	-0.038	non-DMR
chr1	165759	166742	21	0.346	0.305	0.041	non-DMR
chr1	166858	167707	19	0.463	0.424	0.038	non-DMR
chr1	167755	168662	21	0.115	0.074	0.041	non-DMR
chr1	168748	169586	20	0.845	0.883	-0.038	non-DMR
chr1	169630	170663	24	0.816	0.556	0.26	notable-DMR
chr1	170778	171978	33	0.572	0.609	-0.037	non-DMR
chr1	172064	173053	23	0.783	0.83	-0.046	non-DMR
chr1	173089	174081	23	0.401	0.698	-0.298	good-DMR
chr1	174570	175397	21	0.57	0.885	-0.316	good-DMR
chr1	175698	176601	20	0.856	0.894	-0.037	non-DMR
chr1	176694	177605	22	0.563	0.523	0.04	non-DMR
chr1	177621	178388	17	0.791	0.837	-0.046	non-DMR
chr1	178454	179228	21	0.762	0.796	-0.034	non-DMR
chr1	179326	180378	23	0.825	0.869	-0.043	non-DMR
chr1	180456	181484	26	0.7	0.737	-0.037	non-DMR
chr1	181593	182459	24	0.714	0.759	-0.044	non-DMR
chr1	182504	183514	24	0.775	0.82	-0.045	non-DMR
chr1	183621	184449	22	0.659	0.855	-0.196	notable-DMR
chr1	184539	185356	20	0.726	0.771	-0.045	non-DMR
chr1	185459	186376	24	0.857	0.897	-0.04	non-DMR
chr1	186435	187404	22	0.582	0.627	-0.045	non-DMR
chr1	187441	188492	23	0.567	0.805	-0.238	good-DMR
chr1	188996	189928	25	0.765	0.803	-0.038	non-DMR
chr1	189975	191036	25	0.186	0.142	0.044	non-DMR
chr1	191126	192141	26	0.896	0.939	-0.043	non-DMR
chr1	192254	193135	25	0.7	0.744	-0.044	non-DMR
chr1	193219	194203	24	0.495	0.773	-0.277	good-DMR
chr1	194652	195608	24	0.395	0.749	-0.354	good-DMR
chr1	196058	197106	25	0.552	0.894	-0.342	good-DMR
chr1	197434	198304	19	0.853	0.892	-0.039	non-DMR
chr1	198367	199323	23	0.776	0.817	-0.041	non-DMR
chr1	199427	200544	28	0.418	0.371	0.047	non-DMR
chr1	200565	201617	28	0.573	0.624	-0.051	non-DMR
chr1	201663	202477	24	0.676	0.783	-0.107	sub-DMR
chr1	202985	203912	26	0.777	0.817	-0.04	non-DMR
chr1	203983	204951	22	0.881	0.928	-0.047	non-DMR
chr1	205011	206074	24	0.773	0.814	-0.041	non-DMR
chr1	206175	207261	27	0.566	0.827	-0.26	good-DMR
chr1	207706	208698	23	0.574	0.768	-0.194	good-DMR
chr1	209045	210019	21	0.547	0.854	-0.308	good-DMR
chr1	210511	211470	25	0.52	0.831	-0.311	good-DMR
chr1	211967	212962	22	0.458	0.74	-0.282	good-DMR
chr1	213455	214364	20	0.101	0.062	0.038	non-DMR
chr1	214453	215277	17	0.507	0.243	0.263	good-DMR
chr1	215642	216349	19	0.571	0.783	-0.212	good-DMR
chr1	216801	217593	20	0.413	0.65	-0.237	good-DMR
chr1	218042	218918	21	0.594	0.813	-0.219	good-DMR
chr1	219329	220379	25	0.598	0.643	-0.045	non-DMR
chr1	221538	222306	21	0.185	0.139	0.046	non-DMR
chr1	222368	223339	21	0.583	0.624	-0.042	non-DMR
chr1	223413	224265	20	0.466	0.729	-0.262	good-DMR
chr1	224767	225663	22	0.435	0.173	0.262	good-DMR
chr1	226137	227077	23	0.648	0.656	-0.009	inconsistent-DMR
chr1	227161	227991	18	0.637	0.679	-0.042	non-DMR
chr1	228040	228955	23	0.853	0.892	-0.039	non-DMR
chr1	229029	230112	26	0.821	0.856	-0.035	non-DMR
chr1	230144	231040	21	0.713	0.815	-0.101	sub-DMR
chr1	231549	232467	22	0.762	0.803	-0.041	non-DMR
chr1	232597	233553	25	0.592	0.625	-0.033	non-DMR
chr1	233668	234792	28	0.582	0.542	0.04	non-DMR
chr1	234903	235824	24	0.81	0.838	-0.029	non-DMR
chr1	235942	236707	15	0.689	0.725	-0.035	non-DMR
chr1	236796	237713	22	0.709	0.687	0.021	inconsistent-DMR
chr1	237818	238842	22	0.878	0.91	-0.032	non-DMR
chr1	238913	239806	22	0.603	0.633	-0.03	non-DMR
chr1	239900	240859	21	0.117	0.081	0.035	non-DMR
chr1	240924	241852	24	0.652	0.894	-0.242	good-DMR
chr1	242248	243159	22	0.579	0.303	0.275	good-DMR
chr1	243660	244338	15	0.735	0.773	-0.038	non-DMR
chr1	244432	245327	22	0.234	0.283	-0.049	inconsistent-DMR
chr1	245499	246433	20	0.71	0.754	-0.044	non-DMR
chr1	246505	247596	25	0.817	0.862	-0.044	non-DMR
chr1	247700	248539	19	0.781	0.828	-0.047	non-DMR
chr1	248612	249736	30	0.791	0.827	-0.035	non-DMR
chr1	249777	250665	20	0.64	0.92	-0.28	good-DMR
chr1	251112	252070	21	0.75	0.795	-0.044	non-DMR
chr1	252136	253065	21	0.643	0.687	-0.044	non-DMR
chr1	253177	254116	22	0.092	0.05	0.042	non-DMR
chr1	254249	255180	23	0.163	0.121	0.042	non-DMR
chr1	255298	256188	26	0.826	0.867	-0.04	non-DMR
chr1	256248	257235	24	0.761	0.801	-0.041	non-DMR
chr1	257316	258201	25	0.28	0.247	0.033	non-DMR
chr1	258228	259033	19	0.808	0.913	-0.105	sub-DMR
chr1	259521	260361	21	0.211	0.1	0.111	sub-DMR
chr1	260832	261782	20	0.315	0.564	-0.249	good-DMR
chr1	262313	263313	20	0.769	0.812	-0.043	non-DMR
chr1	263377	264408	25	0.259	0.157	0.102	sub-DMR
chr1	265722	266776	25	0.679	0.931	-0.252	good-DMR
chr1	267219	268096	21	0.687	0.728	-0.041	non-DMR
chr1	268210	269026	21	0.292	0.251	0.041	non-DMR
chr1	269104	270145	22	0.875	0.9	-0.025	non-DMR
chr1	270263	271161	22	0.134	0.096	0.039	non-DMR
chr1	271296	272112	20	0.757	0.793	-0.036	non-DMR
chr1	272215	273049	22	0.583	0.62	-0.037	non-DMR
chr1	273141	273978	18	0.694	0.796	-0.101	sub-DMR
chr1	274507	275521	22	0.711	0.761	-0.05	non-DMR
chr1	275626	276663	25	0.804	0.848	-0.044	non-DMR
chr1	276786	277691	24	0.653	0.7	-0.047	non-DMR
chr1	277740	278634	23	0.868	0.912	-0.043	non-DMR
chr1	278719	279705	25	0.723	0.765	-0.042	non-DMR
chr1	279771	280742	25	0.263	0.277	-0.013	inconsistent-DMR
chr1	280929	281833	21	0.696	0.745	-0.049	non-DMR
chr1	281917	282946	25	0.767	0.807	-0.04	non-DMR
chr1	283021	283920	20	0.116	0.071	0.045	non-DMR
chr1	283962	284961	25	0.711	0.728	-0.017	inconsistent-DMR
chr1	285036	285791	18	0.654	0.694	-0.039	non-DMR
chr1	285885	286871	24	0.094	0.061	0.033	non-DMR
chr1	286991	288010	23	0.703	0.745	-0.042	non-DMR
chr1	288082	288923	20	0.232	0.085	0.148	good-DMR
chr1	289427	290436	25	0.448	0.607	-0.159	good-DMR
chr1	290852	291657	21	0.143	0.104	0.039	non-DMR
chr1	291688	292705	22	0.722	0.765	-0.043	non-DMR
chr1	292788	293933	25	0.543	0.797	-0.254	good-DMR
chr1	294403	295272	19	0.215	0.173	0.041	non-DMR
chr1	295324	296326	23	0.864	0.901	-0.036	non-DMR
chr1	296401	297361	24	0.666	0.717	-0.051	non-DMR
chr1	297448	298347	22	0.837	0.868	-0.031	non-DMR
chr1	298398	299478	27	0.659	0.957	-0.298	good-DMR
chr1	299981	300837	22	0.684	0.785	-0.101	sub-DMR
chr1	301064	302012	22	0.713	0.749	-0.036	non-DMR
chr1	302019	303022	22	0.416	0.154	0.262	good-DMR
chr1	304609	305765	26	0.554	0.799	-0.245	good-DMR
chr1	306269	307199	20	0.645	0.753	-0.108	good-DMR
chr1	307667	308702	23	0.647	0.877	-0.229	good-DMR
chr1	309163	309961	19	0.743	0.85	-0.107	sub-DMR
chr1	310471	311413	21	0.916	0.956	-0.04	non-DMR
chr1	311473	312427	21	0.661	0.897	-0.236	good-DMR
chr1	312886	313895	25	0.886	0.924	-0.038	non-DMR
chr1	314013	314704	18	0.785	0.822	-0.036	non-DMR
chr1	314787	315862	27	0.767	0.803	-0.036	non-DMR
chr1	315940	316881	21	0.511	0.824	-0.313	good-DMR
chr1	317378	318371	22	0.448	0.258	0.189	good-DMR
chr1	318858	319860	25	0.842	0.876	-0.034	non-DMR
chr1	319939	320708	20	0.78	0.824	-0.044	non-DMR
chr1	320807	321537	14	0.12	0.092	0.029	non-DMR
chr1	321622	322464	19	0.558	0.601	-0.042	non-DMR
chr1	322534	323700	29	0.094	0.062	0.033	non-DMR
chr1	323795	324747	22	0.631	0.915	-0.284	good-DMR
chr1	325229	326090	23	0.797	0.843	-0.045	non-DMR
chr1	326206	326972	16	0.162	0.117	0.045	non-DMR
chr1	327086	327879	18	0.746	0.786	-0.04	non-DMR
chr1	327926	328930	22	0.716	0.749	-0.033	non-DMR
chr1	328990	329970	22	0.62	0.647	-0.027	inconsistent-DMR
chr1	330103	330978	19	0.577	0.689	-0.112	sub-DMR
chr1	331419	332471	27	0.865	0.904	-0.04	non-DMR
chr1	332573	333400	22	0.566	0.609	-0.042	non-DMR
chr1	333541	334456	24	0.647	0.69	-0.043	non-DMR
chr1	334552	335486	23	0.808	0.85	-0.043	non-DMR
chr1	335583	336576	24	0.613	0.659	-0.046	non-DMR
chr1	336634	337515	19	0.638	0.937	-0.299	good-DMR
chr1	337899	338916	24	0.114	0.073	0.041	non-DMR
chr1	338996	339949	21	0.655	0.702	-0.047	non-DMR
chr1	340050	340974	22	0.724	0.771	-0.047	non-DMR
chr1	341009	342122	28	0.676	0.709	-0.033	non-DMR
chr1	342203	342941	17	0.313	0.09	0.223	notable-DMR
chr1	343048	344077	25	0.773	0.812	-0.04	non-DMR
chr1	344149	345030	22	0.132	0.089	0.043	non-DMR
chr1	345079	346089	24	0.141	0.102	0.038	non-DMR
chr1	346228	347224	23	0.231	0.193	0.039	non-DMR
chr1	347290	348319	23	0.611	0.85	-0.239	good-DMR
chr1	348794	349651	20	0.654	0.69	-0.036	non-DMR
chr1	349755	350644	20	0.567	0.821	-0.254	good-DMR
chr1	351184	352040	21	0.13	0.088	0.042	non-DMR
chr1	352084	353114	24	0.617	0.822	-0.205	good-DMR
chr1	353645	354607	26	0.705	0.748	-0.043	non-DMR
chr1	354644	355571	23	0.494	0.736	-0.243	good-DMR
chr1	355977	356879	21	0.689	0.72	-0.031	non-DMR
chr1	357011	357978	23	0.175	0.132	0.043	non-DMR
chr1	358025	358870	21	0.836	0.878	-0.041	non-DMR
chr1	358964	359914	22	0.535	0.746	-0.211	good-DMR
chr1	360378	361189	21	0.578	0.615	-0.038	non-DMR
chr1	361252	362108	21	0.811	0.855	-0.044	non-DMR
chr1	362183	362892	19	0.682	0.72	-0.038	non-DMR
chr1	362999	364118	27	0.748	0.789	-0.041	non-DMR
chr1	364152	365102	24	0.667	0.716	-0.049	non-DMR
chr1	366205	367137	19	0.768	0.809	-0.04	non-DMR
chr1	367247	368506	28	0.131	0.094	0.037	non-DMR
chr1	368607	369359	18	0.808	0.843	-0.035	non-DMR
chr1	369466	370443	22	0.236	0.192	0.044	non-DMR
chr1	370523	371494	23	0.085	0.045	0.04	non-DMR
chr1	372585	373780	30	0.813	0.85	-0.037	non-DMR
chr1	373821	374834	23	0.467	0.145	0.322	good-DMR
chr1	375256	376192	22	0.817	0.855	-0.039	non-DMR
chr1	376266	377243	25	0.607	0.826	-0.219	good-DMR
chr1	377759	378683	23	0.183	0.143	0.04	non-DMR
chr1	378827	379838	22	0.255	0.65	-0.395	notable-DMR
chr1	379935	380903	23	0.739	0.784	-0.044	non-DMR
chr1	381006	381971	23	0.213	0.486	-0.273	good-DMR
chr1	382462	383539	25	0.758	0.797	-0.04	non-DMR
chr1	383591	384508	21	0.718	0.755	-0.037	non-DMR
chr1	384578	385545	22	0.713	0.746	-0.034	non-DMR
chr1	385593	386494	20	0.291	0.043	0.248	good-DMR
chr1	387004	388039	26	0.234	0.188	0.046	non-DMR
chr1	388163	389067	23	0.863	0.904	-0.041	non-DMR
chr1	389091	389923	20	0.605	0.895	-0.289	good-DMR
chr1	390404	391336	21	0.689	0.733	-0.044	non-DMR
chr1	391473	392288	17	0.435	0.749	-0.314	notable-DMR
chr1	392353	393067	17	0.87	0.909	-0.039	non-DMR
chr1	393144	394204	24	0.446	0.669	-0.223	good-DMR
chr1	394740	395635	23	0.523	0.56	-0.037	non-DMR
chr1	395703	396654	24	0.838	0.881	-0.042	non-DMR
chr1	396747	397617	20	0.174	0.134	0.041	non-DMR
chr1	397727	398698	22	0.153	0.111	0.042	non-DMR
chr1	398773	399824	28	0.891	0.932	-0.04	non-DMR
chr1	399885	400805	20	0.536	0.839	-0.303	notable-DMR
chr1	400911	401942	26	0.661	0.697	-0.037	non-DMR
chr1	402013	403029	22	0.401	0.131	0.27	good-DMR
chr1	403473	404375	23	0.733	0.772	-0.04	non-DMR
chr1	404440	405586	25	0.373	0.623	-0.25	good-DMR
chr1	406105	407031	22	0.672	0.714	-0.041	non-DMR
chr1	407158	408146	21	0.733	0.77	-0.036	non-DMR
chr1	408267	409324	27	0.525	0.783	-0.258	notable-DMR
chr1	409352	410324	20	0.751	0.785	-0.034	non-DMR
chr1	410421	411426	24	0.381	0.691	-0.309	good-DMR
chr1	411957	413005	24	0.654	0.63	0.024	inconsistent-DMR
chr1	413190	414109	20	0.618	0.73	-0.111	sub-DMR
chr1	414504	415460	22	0.424	0.768	-0.344	good-DMR
chr1	415953	416873	22	0.582	0.887	-0.306	good-DMR
chr1	417360	418324	22	0.651	0.699	-0.048	non-DMR
chr1	418418	419552	29	0.79	0.832	-0.042	non-DMR
chr1	419608	420642	24	0.85	0.89	-0.04	non-DMR
chr1	420668	421827	26	0.557	0.767	-0.211	good-DMR
chr1	422315	423286	25	0.189	0.147	0.042	non-DMR
chr1	423404	424284	19	0.634	0.669	-0.034	non-DMR
chr1	424391	425422	24	0.831	0.862	-0.031	non-DMR
chr1	425517	426445	21	0.384	0.345	0.039	non-DMR
chr1	426483	427312	21	0.487	0.843	-0.357	notable-DMR
chr1	427409	428409	25	0.22	0.18	0.04	non-DMR
chr1	428463	429420	22	0.718	0.76	-0.042	non-DMR
chr1	429555	430445	22	0.667	0.701	-0.035	non-DMR
chr1	430530	431393	19	0.791	0.831	-0.039	non-DMR
chr1	431431	432325	25	0.39	0.043	0.347	good-DMR
chr1	432772	433731	25	0.844	0.888	-0.044	non-DMR
chr1	433837	434702	20	0.595	0.642	-0.047	non-DMR
chr1	434772	435673	21	0.562	0.85	-0.289	good-DMR
chr1	436160	436908	17	0.823	0.599	0.224	good-DMR
chr1	437331	438326	26	0.274	0.074	0.2	good-DMR
chr1	438800	439686	22	0.718	0.761	-0.042	non-DMR
chr1	439756	440594	20	0.464	0.138	0.326	good-DMR
chr1	441025	441806	18	0.631	0.665	-0.034	non-DMR
chr1	441874	442829	23	0.694	0.802	-0.109	sub-DMR
chr1	443319	444271	22	0.156	0.116	0.04	non-DMR
chr1	444339	445292	18	0.812	0.861	-0.049	non-DMR
chr1	445359	446387	28	0.598	0.63	-0.032	non-DMR
chr1	446449	447361	20	0.501	0.745	-0.244	good-DMR
chr1	447876	448902	25	0.091	0.052	0.039	non-DMR
chr1	448993	449946	23	0.842	0.883	-0.041	non-DMR
chr1	449980	451033	28	0.228	0.195	0.033	non-DMR
chr1	451088	452040	22	0.42	0.685	-0.264	good-DMR
chr1	452414	453394	26	0.755	0.805	-0.049	non-DMR
chr1	453485	454476	23	0.702	0.748	-0.046	non-DMR
chr1	454576	455705	28	0.163	0.117	0.047	non-DMR
chr1	455730	456717	23	0.605	0.806	-0.2	good-DMR
chr1	457009	457937	20	0.223	0.184	0.039	non-DMR
chr1	458047	458831	21	0.757	0.806	-0.049	non-DMR
chr1	458933	459876	24	0.639	0.742	-0.103	sub-DMR
chr1	460223	461048	21	0.666	0.711	-0.045	non-DMR
chr1	461191	462005	23	0.874	0.908	-0.035	non-DMR
chr1	462027	462865	24	0.687	0.878	-0.191	good-DMR
chr1	463346	464281	22	0.156	0.122	0.034	non-DMR
chr1	464353	465334	23	0.796	0.844	-0.048	non-DMR
chr1	465433	466492	26	0.707	0.809	-0.101	sub-DMR
chr1	466988	467855	19	0.617	0.807	-0.191	good-DMR
chr1	468245	469198	22	0.789	0.829	-0.04	non-DMR
chr1	469270	470253	23	0.613	0.858	-0.245	good-DMR
chr1	470755	471731	23	0.747	0.781	-0.034	non-DMR
chr1	471788	472676	21	0.452	0.18	0.272	good-DMR
chr1	473140	474161	23	0.62	0.91	-0.29	good-DMR
chr1	474621	475595	23	0.79	0.825	-0.035	non-DMR
chr1	475735	476633	26	0.542	0.742	-0.2	notable-DMR
chr1	476721	477608	22	0.657	0.697	-0.039	non-DMR
chr1	477673	478692	26	0.451	0.726	-0.274	notable-DMR
chr1	478794	479708	20	0.828	0.872	-0.044	non-DMR
chr1	479770	480701	21	0.595	0.633	-0.038	non-DMR
chr1	480801	481735	22	0.588	0.692	-0.104	sub-DMR
chr1	482200	483155	23	0.829	0.86	-0.032	non-DMR
chr1	483218	484203	24	0.573	0.614	-0.041	non-DMR
chr1	484274	485392	25	0.139	0.096	0.043	non-DMR
chr1	485500	486435	23	0.571	0.605	-0.034	non-DMR
chr1	486517	487688	29	0.659	0.698	-0.039	non-DMR
chr1	487789	488884	26	0.502	0.542	-0.04	non-DMR
chr1	488925	489936	24	0.539	0.797	-0.258	good-DMR
chr1	490400	491121	19	0.521	0.796	-0.275	good-DMR
chr1	491569	492500	21	0.54	0.76	-0.22	good-DMR
chr1	493042	493933	21	0.207	0.166	0.041	non-DMR
chr1	494021	494941	24	0.561	0.665	-0.104	sub-DMR
chr1	495388	496374	21	0.726	0.761	-0.035	non-DMR
chr1	496419	497291	18	0.727	0.766	-0.039	non-DMR
chr1	497406	498324	20	0.652	0.692	-0.04	non-DMR
chr1	498451	499442	18	0.214	0.179	0.035	non-DMR
chr1	499539	500498	23	0.825	0.859	-0.034	non-DMR
chr1	500636	501380	17	0.816	0.852	-0.036	non-DMR
chr1	501416	502429	23	0.196	0.16	0.036	non-DMR
chr1	502501	503435	20	0.568	0.617	-0.049	non-DMR
chr1	503483	504370	24	0.128	0.088	0.04	non-DMR
chr1	504387	505377	28	0.557	0.752	-0.195	good-DMR
chr1	505874	506991	29	0.293	0.253	0.04	non-DMR
chr1	507082	508056	21	0.685	0.725	-0.04	non-DMR
chr1	508161	509137	24	0.505	0.733	-0.228	good-DMR
chr1	510619	511639	28	0.659	0.705	-0.046	non-DMR
chr1	511735	512664	21	0.321	0.135	0.187	good-DMR
chr1	513141	514119	23	0.336	0.637	-0.301	good-DMR
chr1	514579	515347	19	0.269	0.123	0.145	good-DMR
chr1	515832	516953	26	0.681	0.684	-0.004	inconsistent-DMR
chr1	517075	517959	21	0.599	0.826	-0.227	good-DMR
chr1	518374	519286	23	0.29	0.085	0.205	good-DMR
chr1	519715	520673	23	0.385	0.08	0.305	good-DMR
chr1	521189	522027	23	0.815	0.809	0.007	inconsistent-DMR
chr1	522157	522959	20	0.434	0.16	0.275	good-DMR
chr1	523460	524463	22	0.158	0.128	0.03	non-DMR
chr1	524487	525441	22	0.786	0.838	-0.052	non-DMR
chr1	525509	526393	21	0.406	0.691	-0.285	good-DMR
chr1	526835	527956	25	0.802	0.845	-0.042	non-DMR
chr1	528086	528922	21	0.122	0.08	0.042	non-DMR
chr1	529026	530099	28	0.583	0.827	-0.243	good-DMR
chr1	530578	531674	28	0.693	0.738	-0.044	non-DMR
chr1	531698	532562	20	0.657	0.859	-0.202	good-DMR
chr1	533061	534035	24	0.26	0.223	0.037	non-DMR
chr1	534133	534930	20	0.814	0.846	-0.032	non-DMR
chr1	535027	536081	26	0.429	0.694	-0.265	good-DMR
chr1	536520	537468	22	0.434	0.642	-0.208	good-DMR
chr1	538801	539772	22	0.481	0.52	-0.039	non-DMR
chr1	539803	540789	25	0.665	0.704	-0.039	non-DMR
chr1	540883	541869	21	0.601	0.862	-0.262	good-DMR
chr1	542141	543175	24	0.888	0.931	-0.042	non-DMR
chr1	543227	544140	23	0.749	0.803	-0.053	non-DMR
chr1	544149	545148	25	0.614	0.851	-0.237	good-DMR
chr1	545576	546636	27	0.162	0.119	0.043	non-DMR
chr1	546679	547801	26	0.67	0.946	-0.277	good-DMR
chr1	548234	549260	19	0.835	0.62	0.215	good-DMR
chr1	549722	550770	23	0.544	0.839	-0.295	good-DMR
chr1	551216	552380	22	0.132	0.09	0.042	non-DMR
chr1	552401	553446	25	0.499	0.722	-0.223	good-DMR
chr1	553893	554825	19	0.533	0.744	-0.211	good-DMR
chr1	555305	556167	22	0.708	0.821	-0.113	sub-DMR
chr1	556686	557736	24	0.793	0.832	-0.039	non-DMR
chr1	557765	558675	22	0.758	0.809	-0.051	non-DMR
chr1	558783	559900	27	0.182	0.14	0.042	non-DMR
chr1	559936	560917	20	0.8	0.841	-0.041	non-DMR
chr1	561026	562052	24	0.748	0.793	-0.045	non-DMR
chr1	562194	563327	24	0.612	0.608	0.004	inconsistent-DMR
chr1	563411	564330	22	0.808	0.842	-0.034	non-DMR
chr1	564471	565429	23	0.803	0.837	-0.034	non-DMR
chr1	565470	566445	20	0.594	0.558	0.036	non-DMR
chr1	566555	567506	22	0.811	0.848	-0.037	non-DMR
chr1	567566	568446	20	0.754	0.79	-0.035	non-DMR
chr1	568549	569341	20	0.816	0.846	-0.03	non-DMR
chr1	569423	570549	31	0.549	0.859	-0.31	good-DMR
chr1	571021	572004	24	0.724	0.758	-0.034	non-DMR
chr1	572075	572974	24	0.125	0.088	0.037	non-DMR
chr1	573020	574043	23	0.265	0.078	0.187	good-DMR
chr1	574482	575466	22	0.592	0.632	-0.04	non-DMR
chr1	575548	576406	21	0.691	0.799	-0.108	sub-DMR
chr1	576783	577714	21	0.599	0.87	-0.271	good-DMR
chr1	578249	578913	15	0.72	0.764	-0.044	non-DMR
chr1	579005	580023	25	0.862	0.906	-0.044	non-DMR
chr1	580113	581070	21	0.118	0.074	0.044	non-DMR
chr1	581174	582186	25	0.473	0.61	-0.136	good-DMR
chr1	582667	583673	23	0.865	0.905	-0.041	non-DMR
chr1	583779	584651	20	0.84	0.882	-0.042	non-DMR
chr1	584762	585801	23	0.163	0.127	0.036	non-DMR
chr1	585893	586923	25	0.155	0.116	0.039	non-DMR
chr1	587029	587972	23	0.44	0.792	-0.353	good-DMR
chr1	588457	589124	16	0.299	0.068	0.231	good-DMR
chr1	589550	590500	22	0.427	0.745	-0.318	good-DMR
chr1	591014	591989	25	0.778	0.815	-0.037	non-DMR
chr1	592063	593088	23	0.458	0.627	-0.169	good-DMR
chr1	593584	594550	25	0.827	0.858	-0.03	non-DMR
chr1	594662	595569	22	0.716	0.756	-0.04	non-DMR
chr1	595624	596625	23	0.888	0.928	-0.04	non-DMR
chr1	596712	597604	21	0.698	0.945	-0.247	good-DMR
chr1	598106	598928	20	0.105	0.071	0.034	non-DMR
chr1	599029	599884	21	0.758	0.796	-0.038	non-DMR
chr1	599979	601045	26	0.904	0.941	-0.037	non-DMR
chr1	601165	602157	24	0.372	0.693	-0.321	notable-DMR
chr1	602204	603179	23	0.64	0.678	-0.039	non-DMR
chr1	603238	604259	25	0.684	0.725	-0.04	non-DMR
chr1	604288	605331	24	0.417	0.711	-0.294	good-DMR
chr1	605824	606863	26	0.469	0.468	0.001	inconsistent-DMR
chr1	606905	607931	24	0.478	0.722	-0.244	good-DMR
chr1	608328	609215	20	0.511	0.55	-0.038	non-DMR
chr1	609300	610314	25	0.822	0.862	-0.04	non-DMR
chr1	610456	611371	23	0.869	0.913	-0.044	non-DMR
chr1	611470	612529	23	0.697	0.738	-0.041	non-DMR
chr1	612657	613594	22	0.718	0.75	-0.033	non-DMR
chr1	613684	614564	20	0.784	0.818	-0.034	non-DMR
chr1	614611	615475	21	0.799	0.844	-0.045	non-DMR
chr1	615510	616364	20	0.359	0.139	0.219	good-DMR
chr1	616867	617628	19	0.236	0.195	0.041	non-DMR
chr1	617733	618676	23	0.654	0.756	-0.102	sub-DMR
chr1	619084	620096	22	0.685	0.458	0.227	good-DMR
chr1	620582	621777	25	0.854	0.894	-0.04	non-DMR
chr1	621889	622697	21	0.782	0.815	-0.034	non-DMR
chr1	622803	623811	24	0.529	0.814	-0.286	good-DMR
chr1	624308	625394	26	0.858	0.907	-0.049	non-DMR
chr1	625448	626488	26	0.702	0.748	-0.046	non-DMR
chr1	626592	627298	19	0.545	0.586	-0.04	non-DMR
chr1	627410	628438	23	0.736	0.778	-0.042	non-DMR
chr1	628571	629544	22	0.758	0.797	-0.039	non-DMR
chr1	629658	630593	22	0.791	0.835	-0.043	non-DMR
chr1	630667	631739	28	0.332	0.069	0.262	good-DMR
chr1	632278	633172	22	0.671	0.709	-0.038	non-DMR
chr1	633247	634085	22	0.485	0.776	-0.291	notable-DMR
chr1	634200	635096	21	0.667	0.709	-0.042	non-DMR
chr1	636123	637211	28	0.743	0.783	-0.04	non-DMR
chr1	638298	639289	22	0.802	0.844	-0.042	non-DMR
chr1	639382	640361	22	0.72	0.766	-0.046	non-DMR
chr1	640493	641476	24	0.564	0.609	-0.045	non-DMR
chr1	641530	642486	21	0.722	0.829	-0.107	sub-DMR
chr1	642934	643941	23	0.694	0.738	-0.044	non-DMR
chr1	643987	644703	17	0.385	0.686	-0.301	good-DMR
chr1	645060	646188	29	0.559	0.605	-0.046	non-DMR
chr1	646264	647260	25	0.676	0.686	-0.011	inconsistent-DMR
chr1	647328	648454	27	0.503	0.236	0.267	good-DMR
chr1	648946	649967	24	0.51	0.784	-0.274	good-DMR
chr1	650431	651369	20	0.525	0.48	0.045	non-DMR
chr1	651477	652341	21	0.286	0.109	0.177	good-DMR
chr1	652855	653631	21	0.874	0.913	-0.039	non-DMR
chr1	653707	654633	22	0.823	0.857	-0.034	non-DMR
chr1	655668	656623	23	0.665	0.712	-0.047	non-DMR
chr1	656732	657632	21	0.625	0.587	0.038	non-DMR
chr1	657699	658852	25	0.63	0.669	-0.039	non-DMR
chr1	658899	660014	28	0.717	0.765	-0.048	non-DMR
chr1	661262	662228	23	0.632	0.854	-0.222	good-DMR
chr1	662765	663648	20	0.52	0.566	-0.046	non-DMR
chr1	663711	664593	24	0.654	0.702	-0.048	non-DMR
chr1	664665	665562	20	0.376	0.126	0.25	good-DMR
chr1	667140	668078	19	0.671	0.713	-0.042	non-DMR
chr1	668166	669155	24	0.81	0.851	-0.041	non-DMR
chr1	669208	670210	21	0.099	0.061	0.038	non-DMR
chr1	670291	671211	20	0.112	0.076	0.036	non-DMR
chr1	671330	672436	24	0.638	0.673	-0.035	non-DMR
chr1	672551	673733	27	0.204	0.163	0.04	non-DMR
chr1	673794	674684	23	0.295	0.25	0.045	non-DMR
chr1	674772	675684	21	0.811	0.92	-0.109	sub-DMR
chr1	676169	677100	26	0.499	0.821	-0.322	good-DMR
chr1	677603	678666	24	0.63	0.851	-0.221	good-DMR
chr1	679121	679995	20	0.743	0.791	-0.048	non-DMR
chr1	680079	680905	20	0.43	0.709	-0.279	good-DMR
chr1	681368	682418	29	0.526	0.78	-0.255	good-DMR
chr1	682837	683763	23	0.736	0.779	-0.043	non-DMR
chr1	683855	684774	23	0.722	0.829	-0.107	sub-DMR
chr1	685277	686257	24	0.129	0.088	0.041	non-DMR
chr1	686360	687256	22	0.855	0.898	-0.043	non-DMR
chr1	687343	688111	19	0.901	0.938	-0.037	non-DMR
chr1	688217	689099	23	0.443	0.799	-0.356	good-DMR
chr1	689386	690501	28	0.335	0.295	0.04	non-DMR
chr1	690539	691330	22	0.75	0.797	-0.047	non-DMR
chr1	691398	692281	20	0.71	0.828	-0.118	sub-DMR
chr1	692819	693703	21	0.167	0.127	0.04	non-DMR
chr1	693751	694710	21	0.776	0.814	-0.038	non-DMR
chr1	694739	695513	20	0.762	0.807	-0.045	non-DMR
chr1	695626	696443	21	0.169	0.137	0.032	non-DMR
chr1	696461	697391	22	0.757	0.799	-0.042	non-DMR
chr1	697484	698428	21	0.705	0.751	-0.046	non-DMR
chr1	698469	699345	22	0.786	0.825	-0.039	non-DMR
chr1	699384	700210	20	0.73	0.833	-0.103	sub-DMR
chr1	700722	701672	21	0.204	0.165	0.039	non-DMR
chr1	701735	702756	25	0.647	0.694	-0.048	non-DMR
chr1	702881	703854	24	0.76	0.805	-0.045	non-DMR
chr1	703917	704746	19	0.235	0.191	0.044	non-DMR
chr1	704841	705796	21	0.591	0.816	-0.225	good-DMR
chr1	706210	707001	18	0.481	0.783	-0.302	good-DMR
chr1	707524	708375	19	0.674	0.714	-0.04	non-DMR
chr1	708475	709583	23	0.798	0.841	-0.043	non-DMR
chr1	709728	710663	23	0.501	0.72	-0.22	notable-DMR
chr1	710708	711593	23	0.755	0.795	-0.039	non-DMR
chr1	711683	712546	18	0.715	0.759	-0.044	non-DMR
chr1	712576	713529	24	0.633	0.844	-0.211	good-DMR
chr1	714893	715680	18	0.333	0.638	-0.305	good-DMR
chr1	716210	717287	23	0.684	0.73	-0.045	non-DMR
chr1	717392	718417	27	0.796	0.843	-0.047	non-DMR
chr1	718471	719626	26	0.27	0.23	0.041	non-DMR
chr1	719675	720700	22	0.776	0.826	-0.049	non-DMR
chr1	720814	721579	17	0.777	0.823	-0.046	non-DMR
chr1	721648	722513	21	0.629	0.672	-0.043	non-DMR
chr1	722575	723620	25	0.53	0.722	-0.192	good-DMR
chr1	724140	725110	23	0.277	0.246	0.031	non-DMR
chr1	725177	726457	30	0.158	0.116	0.042	non-DMR
chr1	726563	727643	25	0.177	0.016	0.161	good-DMR
chr1	728112	729065	22	0.493	0.819	-0.327	good-DMR
chr1	729541	730493	25	0.526	0.903	-0.377	good-DMR
chr1	730992	731970	22	0.742	0.783	-0.042	non-DMR
chr1	732018	733089	24	0.313	0.138	0.175	good-DMR
chr1	733539	734542	24	0.638	0.686	-0.048	non-DMR
chr1	734638	735655	21	0.671	0.708	-0.036	non-DMR
chr1	735716	736643	22	0.376	0.699	-0.323	good-DMR
chr1	737138	737923	18	0.834	0.871	-0.037	non-DMR
chr1	738022	739044	25	0.853	0.897	-0.044	non-DMR
chr1	739114	740120	24	0.157	0.111	0.045	non-DMR
chr1	740205	741030	20	0.488	0.182	0.306	good-DMR
chr1	741546	742422	22	0.664	0.705	-0.041	non-DMR
chr1	742519	743580	26	0.592	0.881	-0.289	good-DMR
chr1	744029	744928	23	0.267	0.162	0.106	good-DMR
chr1	745373	746375	27	0.663	0.874	-0.211	good-DMR
chr1	746791	747657	21	0.866	0.901	-0.034	non-DMR
chr1	747793	748947	26	0.255	0.219	0.036	non-DMR
chr1	749062	750047	25	0.749	0.792	-0.043	non-DMR
chr1	750156	751197	24	0.324	0.298	0.026	inconsistent-DMR
chr1	751262	752145	20	0.098	0.057	0.041	non-DMR
chr1	752223	753154	21	0.677	0.722	-0.046	non-DMR
chr1	753254	754245	23	0.71	0.759	-0.049	non-DMR
chr1	754275	755136	20	0.503	0.551	-0.047	non-DMR
chr1	755229	756102	20	0.744	0.781	-0.037	non-DMR
chr1	756183	757095	23	0.213	0.166	0.047	non-DMR
chr1	757220	758045	18	0.679	0.721	-0.042	non-DMR
chr1	758053	759092	27	0.402	0.811	-0.409	good-DMR
chr1	759561	760527	24	0.699	0.741	-0.042	non-DMR
chr1	760660	761715	24	0.588	0.884	-0.296	notable-DMR
chr1	761839	762733	22	0.085	0.05	0.035	non-DMR
chr1	762820	763873	24	0.806	0.838	-0.032	non-DMR
chr1	763992	764920	22	0.825	0.863	-0.038	non-DMR
chr1	765020	766047	23	0.676	0.725	-0.049	non-DMR
chr1	766105	766987	17	0.824	0.868	-0.044	non-DMR
chr1	767106	768110	23	0.627	0.669	-0.042	non-DMR
chr1	768210	769293	23	0.519	0.829	-0.31	notable-DMR
chr1	769402	770510	27	0.74	0.778	-0.037	non-DMR
chr1	770614	771460	20	0.558	0.557	0.001	inconsistent-DMR
chr1	771525	772550	24	0.175	0.074	0.101	sub-DMR
chr1	772991	773938	22	0.12	0.078	0.042	non-DMR
chr1	774023	774917	20	0.582	0.813	-0.231	good-DMR
chr1	775398	776554	32	0.354	0.615	-0.261	good-DMR
chr1	777059	777942	20	0.708	0.709	-0.001	inconsistent-DMR
chr1	778042	778834	19	0.103	0.062	0.041	non-DMR
chr1	778981	780005	22	0.716	0.751	-0.035	non-DMR
chr1	780012	780969	23	0.378	0.111	0.267	good-DMR
chr1	781473	782424	21	0.155	0.118	0.038	non-DMR
chr1	782530	783348	18	0.758	0.802	-0.044	non-DMR
chr1	783431	784529	28	0.228	0.183	0.045	non-DMR
chr1	784604	785574	24	0.71	0.758	-0.047	non-DMR
chr1	785694	786676	24	0.11	0.072	0.037	non-DMR
chr1	786796	787710	23	0.912	0.945	-0.033	non-DMR
chr1	787790	788785	24	0.261	0.227	0.033	non-DMR
chr1	788856	789803	24	0.259	0.223	0.036	non-DMR
chr1	789912	790848	23	0.768	0.808	-0.04	non-DMR
chr1	790938	791893	24	0.585	0.621	-0.037	non-DMR
chr1	791969	792942	25	0.317	0.579	-0.262	good-DMR
chr1	793451	794276	18	0.827	0.865	-0.038	non-DMR
chr1	794368	795403	24	0.206	0.157	0.048	non-DMR
chr1	795494	796575	24	0.418	0.699	-0.282	good-DMR
chr1	797075	798022	26	0.775	0.813	-0.038	non-DMR
chr1	798126	799096	23	0.627	0.728	-0.101	notable-DMR
chr1	799209	800071	21	0.754	0.795	-0.04	non-DMR
chr1	800159	801089	24	0.295	0.616	-0.321	good-DMR
chr1	801487	802440	22	0.15	0.04	0.11	sub-DMR
chr1	802940	803930	24	0.62	0.794	-0.174	good-DMR
chr1	804366	805249	21	0.622	0.923	-0.301	good-DMR
chr1	805701	806473	22	0.654	0.799	-0.145	good-DMR
chr1	806939	807993	28	0.602	0.646	-0.044	non-DMR
chr1	808077	808959	27	0.69	0.735	-0.045	non-DMR
chr1	809080	810330	26	0.672	0.707	-0.035	non-DMR
chr1	810468	811447	21	0.72	0.758	-0.038	non-DMR
chr1	811476	812664	25	0.68	0.688	-0.008	inconsistent-DMR
chr1	812824	813886	23	0.148	0.114	0.034	non-DMR
chr1	813931	814643	17	0.565	0.794	-0.23	good-DMR
chr1	814896	815847	22	0.626	0.584	0.042	non-DMR
chr1	815994	817015	25	0.667	0.708	-0.041	non-DMR
chr1	817068	818062	23	0.854	0.902	-0.048	non-DMR
chr1	818137	819281	29	0.22	0.185	0.036	non-DMR
chr1	819418	820402	21	0.823	0.864	-0.041	non-DMR
chr1	820447	821333	22	0.858	0.886	-0.029	non-DMR
chr1	821443	822608	29	0.19	0.15	0.039	non-DMR
chr1	822634	823436	20	0.165	0.122	0.043	non-DMR
chr1	823497	824366	23	0.822	0.865	-0.043	non-DMR
chr1	824458	825302	23	0.574	0.614	-0.04	non-DMR
chr1	825395	826243	22	0.593	0.849	-0.256	good-DMR
chr1	826650	827585	25	0.21	0.166	0.044	non-DMR
chr1	827639	828743	30	0.313	0.269	0.043	non-DMR
chr1	828826	829765	24	0.726	0.762	-0.036	non-DMR
chr1	829858	830760	19	0.735	0.773	-0.039	non-DMR
chr1	830819	831908	26	0.63	0.682	-0.052	non-DMR
chr1	831927	833003	26	0.291	0.094	0.197	good-DMR
chr1	833365	834239	20	0.705	0.739	-0.035	non-DMR
chr1	834341	835515	27	0.221	0.179	0.043	non-DMR
chr1	835625	836682	27	0.73	0.773	-0.043	non-DMR
chr1	836788	837752	24	0.669	0.703	-0.034	non-DMR
chr1	837785	838682	22	0.631	0.88	-0.249	good-DMR
chr1	839157	840169	25	0.445	0.232	0.213	good-DMR
chr1	840600	841578	26	0.883	0.919	-0.036	non-DMR
chr1	841688	842748	22	0.19	0.151	0.039	non-DMR
chr1	842819	843824	27	0.309	0.09	0.219	good-DMR
chr1	844304	845297	22	0.667	0.871	-0.204	good-DMR
chr1	845746	846682	24	0.734	0.782	-0.047	non-DMR
chr1	846742	847678	23	0.39	0.136	0.254	good-DMR
chr1	848150	849411	31	0.722	0.762	-0.04	non-DMR
chr1	849536	850405	22	0.229	0.186	0.043	non-DMR
chr1	850512	851484	25	0.449	0.73	-0.281	good-DMR
chr1	851819	852936	23	0.787	0.823	-0.036	non-DMR
chr1	853048	854124	29	0.252	0.212	0.039	non-DMR
chr1	854217	855155	22	0.687	0.718	-0.031	inconsistent-DMR
chr1	855337	856217	22	0.458	0.761	-0.303	good-DMR
chr1	856633	857626	25	0.452	0.655	-0.202	good-DMR
chr1	858019	859000	23	0.668	0.705	-0.037	non-DMR
chr1	859100	860028	22	0.696	0.74	-0.043	non-DMR
chr1	860096	861177	25	0.713	0.75	-0.038	non-DMR
chr1	861247	862172	20	0.14	0.097	0.043	non-DMR
chr1	862254	863222	24	0.603	0.704	-0.101	sub-DMR
chr1	863705	864475	18	0.491	0.732	-0.241	good-DMR
chr1	864867	865841	24	0.133	0.097	0.036	non-DMR
chr1	865927	866853	24	0.145	0.108	0.037	non-DMR
chr1	866970	867834	20	0.76	0.799	-0.039	non-DMR
chr1	867907	868749	22	0.256	0.215	0.041	non-DMR
chr1	868849	869764	22	0.338	0.302	0.037	non-DMR
chr1	869830	870929	24	0.16	0.117	0.043	non-DMR
chr1	871020	872030	21	0.526	0.767	-0.241	good-DMR
chr1	872526	873387	20	0.473	0.441	0.031	non-DMR
chr1	873421	874369	20	0.628	0.871	-0.243	good-DMR
chr1	874845	875786	25	0.764	0.802	-0.039	non-DMR
chr1	875836	876921	27	0.366	0.107	0.259	good-DMR
chr1	877406	878216	21	0.718	0.903	-0.184	good-DMR
chr1	878677	879695	23	0.594	0.636	-0.042	non-DMR
chr1	879772	880694	22	0.352	0.068	0.284	good-DMR
chr1	881023	881915	21	0.829	0.869	-0.04	non-DMR
chr1	881989	883001	23	0.745	0.79	-0.045	non-DMR
chr1	883114	884041	20	0.626	0.664	-0.038	non-DMR
chr1	884130	884914	18	0.554	0.875	-0.321	good-DMR
chr1	885427	886391	23	0.757	0.797	-0.04	non-DMR
chr1	886439	887395	21	0.713	0.825	-0.112	sub-DMR
chr1	887838	888839	25	0.751	0.789	-0.038	non-DMR
chr1	888857	889672	17	0.613	0.916	-0.302	good-DMR
chr1	890104	891062	23	0.9	0.931	-0.031	non-DMR
chr1	891161	892067	21	0.835	0.884	-0.049	non-DMR
chr1	892102	892957	20	0.787	0.892	-0.105	sub-DMR
chr1	893426	894418	23	0.804	0.847	-0.043	non-DMR
chr1	894474	895428	21	0.432	0.739	-0.307	good-DMR
chr1	895901	896904	24	0.464	0.725	-0.261	good-DMR
chr1	897371	898373	24	0.893	0.931	-0.039	non-DMR
chr1	898411	899148	21	0.8	0.844	-0.044	non-DMR
chr1	899196	900212	25	0.746	0.791	-0.045	non-DMR
chr1	900258	901254	25	0.822	0.874	-0.052	non-DMR
chr1	901321	902256	25	0.642	0.688	-0.046	non-DMR
chr1	902338	903269	24	0.229	0.194	0.036	non-DMR
chr1	903331	904392	25	0.79	0.893	-0.103	sub-DMR
chr1	904917	905968	25	0.52	0.568	-0.048	non-DMR
chr1	906007	906986	25	0.329	0.049	0.28	good-DMR
chr1	907403	908291	22	0.195	0.163	0.032	non-DMR
chr1	908336	909408	26	0.716	0.756	-0.04	non-DMR
chr1	910535	911520	24	0.267	0.097	0.17	good-DMR
chr1	912028	913036	26	0.45	0.735	-0.286	good-DMR
chr1	913497	914438	21	0.855	0.896	-0.041	non-DMR
chr1	914528	915380	18	0.628	0.658	-0.031	non-DMR
chr1	915460	916510	25	0.505	0.608	-0.104	sub-DMR
chr1	917012	918019	23	0.671	0.711	-0.04	non-DMR
chr1	918110	919371	28	0.706	0.749	-0.042	non-DMR
chr1	919493	920415	21	0.856	0.895	-0.04	non-DMR
chr1	920516	921333	18	0.421	0.146	0.275	notable-DMR
chr1	921463	922440	21	0.852	0.891	-0.04	non-DMR
chr1	922494	923493	25	0.181	0.133	0.049	non-DMR
chr1	923594	924596	21	0.192	0.081	0.111	sub-DMR
chr1	925038	925927	24	0.254	0.242	0.012	inconsistent-DMR
chr1	926049	927190	26	0.603	0.648	-0.044	non-DMR
chr1	927313	928471	31	0.759	0.804	-0.045	non-DMR
chr1	928547	929588	25	0.321	0.116	0.205	good-DMR
chr1	930076	931020	20	0.65	0.681	-0.031	non-DMR
chr1	931064	932031	20	0.69	0.733	-0.043	non-DMR
chr1	932141	933084	22	0.187	0.15	0.037	non-DMR
chr1	933212	933897	17	0.617	0.678	-0.061	inconsistent-DMR
chr1	934098	935074	24	0.743	0.784	-0.041	non-DMR
chr1	935164	936226	26	0.582	0.844	-0.262	good-DMR
chr1	936592	937467	19	0.818	0.861	-0.043	non-DMR
chr1	937525	938324	19	0.603	0.709	-0.106	sub-DMR
chr1	938709	939489	19	0.576	0.775	-0.199	good-DMR
chr1	939936	940900	25	0.714	0.754	-0.04	non-DMR
chr1	940951	941679	17	0.568	0.774	-0.206	good-DMR
chr1	942110	943088	22	0.555	0.721	-0.167	good-DMR
chr1	943565	944618	24	0.767	0.808	-0.041	non-DMR
chr1	944699	945717	23	0.723	0.761	-0.038	non-DMR
chr1	945768	946426	16	0.851	0.893	-0.042	non-DMR
chr1	946485	947414	23	0.461	0.792	-0.331	good-DMR
chr1	947836	949008	26	0.134	0.091	0.043	non-DMR
chr1	950217	951328	24	0.817	0.851	-0.035	non-DMR
chr1	951420	952350	20	0.143	0.102	0.041	non-DMR
chr1	952444	953381	21	0.781	0.813	-0.032	non-DMR
chr1	953422	954474	26	0.532	0.76	-0.228	good-DMR
chr1	954935	955825	22	0.783	0.822	-0.039	non-DMR
chr1	955930	956831	22	0.663	0.701	-0.038	non-DMR
chr1	956933	957985	24	0.706	0.741	-0.035	non-DMR
chr1	958048	959003	24	0.227	0.189	0.038	non-DMR
chr1	959076	959882	18	0.686	0.721	-0.036	non-DMR
chr1	959939	961019	28	0.25	0.215	0.035	non-DMR
chr1	961050	961991	25	0.658	0.698	-0.04	non-DMR
chr1	962063	962980	22	0.785	0.817	-0.032	non-DMR
chr1	963072	963977	21	0.88	0.91	-0.03	non-DMR
chr1	964008	964674	16	0.109	0.077	0.032	non-DMR
chr1	964758	965668	21	0.712	0.754	-0.042	non-DMR
chr1	965778	966693	25	0.553	0.598	-0.045	non-DMR
chr1	967846	968934	25	0.748	0.79	-0.043	non-DMR
chr1	969041	970035	23	0.571	0.612	-0.041	non-DMR
chr1	970158	971087	21	0.228	0.186	0.041	non-DMR
chr1	971150	971964	21	0.767	0.804	-0.037	non-DMR
chr1	972021	972883	23	0.642	0.686	-0.044	non-DMR
chr1	972913	973782	23	0.445	0.707	-0.262	good-DMR
chr1	974288	975136	20	0.831	0.871	-0.04	non-DMR
chr1	975217	975979	17	0.754	0.793	-0.039	non-DMR
chr1	976057	976943	21	0.718	0.763	-0.045	non-DMR
chr1	976999	977718	21	0.406	0.056	0.35	good-DMR
chr1	978253	979179	22	0.558	0.523	0.035	inconsistent-DMR
chr1	979327	980247	21	0.855	0.893	-0.038	non-DMR
chr1	980343	981343	25	0.741	0.85	-0.109	sub-DMR
chr1	981873	982902	23	0.641	0.682	-0.041	non-DMR
chr1	983023	984039	24	0.644	0.931	-0.287	notable-DMR
chr1	984158	985085	23	0.757	0.796	-0.039	non-DMR
chr1	985169	986300	24	0.784	0.825	-0.042	non-DMR
chr1	986401	987542	26	0.325	0.102	0.223	good-DMR
chr1	987970	988941	23	0.507	0.22	0.288	good-DMR
chr1	989408	990391	23	0.365	0.115	0.251	good-DMR
chr1	990908	991655	17	0.636	0.683	-0.047	non-DMR
chr1	991725	992655	22	0.719	0.758	-0.039	non-DMR
chr1	992767	993976	29	0.764	0.8	-0.036	non-DMR
chr1	994047	995085	24	0.513	0.744	-0.231	good-DMR
chr1	995561	996586	24	0.692	0.796	-0.104	sub-DMR
chr1	997092	998113	26	0.873	0.916	-0.043	non-DMR
chr1	998179	999192	25	0.668	0.71	-0.042	non-DMR
chr1	999266	1000141	21	0.227	0.188	0.039	non-DMR
chr1	1000235	1001109	20	0.094	0.055	0.039	non-DMR
chr1	1001231	1002140	19	0.804	0.832	-0.027	non-DMR
chr1	1002184	1003107	23	0.452	0.723	-0.27	good-DMR
chr1	1003575	1004702	24	0.606	0.65	-0.044	non-DMR
chr1	1004778	1005798	24	0.67	0.678	-0.009	inconsistent-DMR
chr1	1005923	1006917	24	0.81	0.848	-0.038	non-DMR
chr1	1006960	1007880	21	0.804	0.857	-0.052	non-DMR
chr1	1007940	1008913	23	0.645	0.689	-0.045	non-DMR
chr1	1008951	1009812	20	0.234	0.165	0.069	inconsistent-DMR
chr1	1009930	1010723	19	0.795	0.83	-0.035	non-DMR
chr1	1010790	1011611	18	0.491	0.685	-0.194	good-DMR
chr1	1011986	1012921	23	0.463	0.751	-0.288	good-DMR
chr1	1013457	1014411	22	0.716	0.754	-0.038	non-DMR
chr1	1014488	1015446	22	0.782	0.82	-0.038	non-DMR
chr1	1015543	1016459	21	0.753	0.793	-0.04	non-DMR
chr1	1016565	1017469	22	0.849	0.882	-0.033	non-DMR
chr1	1017507	1018375	21	0.527	0.812	-0.285	good-DMR
chr1	1018848	1019898	25	0.464	0.742	-0.278	good-DMR
chr1	1020315	1021226	22	0.503	0.779	-0.276	good-DMR
chr1	1021607	1022448	18	0.632	0.636	-0.003	inconsistent-DMR
chr1	1022587	1023513	18	0.779	0.823	-0.044	non-DMR
chr1	1023625	1024572	22	0.712	0.753	-0.041	non-DMR
chr1	1024620	1025755	28	0.688	0.728	-0.039	non-DMR
chr1	1025842	1026681	21	0.809	0.848	-0.039	non-DMR
chr1	1026800	1027799	24	0.77	0.812	-0.043	non-DMR
chr1	1027910	1029126	30	0.749	0.791	-0.042	non-DMR
chr1	1029204	1030095	21	0.472	0.651	-0.178	good-DMR
chr1	1030522	1031385	22	0.669	0.782	-0.113	sub-DMR
chr1	1031842	1032901	25	0.735	0.769	-0.034	non-DMR
chr1	1032999	1034026	22	0.575	0.536	0.038	non-DMR
chr1	1034147	1035118	21	0.626	0.669	-0.043	non-DMR
chr1	1035162	1036316	27	0.809	0.844	-0.034	non-DMR
chr1	1036379	1037380	25	0.792	0.829	-0.037	non-DMR
chr1	1037492	1038502	27	0.815	0.858	-0.043	non-DMR
chr1	1038528	1039341	17	0.429	0.709	-0.28	good-DMR
chr1	1039838	1040670	22	0.54	0.839	-0.299	good-DMR
chr1	1041155	1042094	20	0.721	0.823	-0.102	sub-DMR
chr1	1042567	1043589	26	0.091	0.057	0.034	non-DMR
chr1	1043718	1044709	25	0.627	0.59	0.037	non-DMR
chr1	1044789	1045728	22	0.595	0.639	-0.044	non-DMR
chr1	1045855	1046814	22	0.791	0.827	-0.037	non-DMR
chr1	1046937	1048047	25	0.107	0.073	0.034	non-DMR
chr1	1048076	1048996	24	0.654	0.823	-0.169	good-DMR
chr1	1049532	1050485	23	0.161	0.125	0.036	non-DMR
chr1	1050558	1051555	24	0.151	0.113	0.039	non-DMR
chr1	1051639	1052822	29	0.639	0.688	-0.049	non-DMR
chr1	1052943	1053879	26	0.759	0.755	0.004	inconsistent-DMR
chr1	1054052	1054907	20	0.708	0.736	-0.028	non-DMR
chr1	1055003	1055975	23	0.838	0.88	-0.041	non-DMR
chr1	1056058	1056978	22	0.544	0.698	-0.154	good-DMR
chr1	1057507	1058555	22	0.364	0.327	0.037	non-DMR
chr1	1058675	1059632	21	0.66	0.696	-0.036	non-DMR
chr1	1059748	1060537	18	0.202	0.164	0.038	non-DMR
chr1	1060558	1061457	23	0.112	0.072	0.04	non-DMR
chr1	1061547	1062461	23	0.668	0.64	0.028	inconsistent-DMR
chr1	1062610	1063683	23	0.735	0.78	-0.046	non-DMR
chr1	1063748	1064701	22	0.471	0.765	-0.294	good-DMR
chr1	1064914	1065923	23	0.302	0.093	0.208	good-DMR
chr1	1066345	1067331	23	0.403	0.725	-0.322	good-DMR
chr1	1067773	1068678	23	0.785	0.832	-0.046	non-DMR
chr1	1069770	1070720	21	0.881	0.929	-0.048	non-DMR
chr1	1070845	1071831	21	0.819	0.859	-0.04	non-DMR
chr1	1071949	1072892	25	0.851	0.887	-0.036	non-DMR
chr1	1072907	1073802	22	0.435	0.783	-0.348	good-DMR
chr1	1074267	1075168	21	0.848	0.892	-0.044	non-DMR
chr1	1075202	1076019	18	0.575	0.677	-0.102	sub-DMR
chr1	1076484	1077454	23	0.852	0.892	-0.04	non-DMR
chr1	1077495	1078698	31	0.861	0.902	-0.041	non-DMR
chr1	1078796	1079639	20	0.866	0.899	-0.033	non-DMR
chr1	1079716	1080829	25	0.391	0.745	-0.354	good-DMR
chr1	1081270	1082133	23	0.718	0.761	-0.043	non-DMR
chr1	1082167	1083221	25	0.51	0.699	-0.189	good-DMR
chr1	1083745	1084576	20	0.747	0.786	-0.039	non-DMR
chr1	1084705	1085620	21	0.108	0.067	0.041	non-DMR
chr1	1085708	1086746	25	0.881	0.922	-0.041	non-DMR
chr1	1086799	1087618	20	0.65	0.692	-0.042	non-DMR
chr1	1087721	1088616	19	0.19	0.082	0.108	sub-DMR
chr1	1089094	1090137	25	0.268	0.034	0.234	good-DMR
chr1	1090462	1091241	19	0.608	0.826	-0.217	good-DMR
chr1	1091772	1092620	21	0.637	0.597	0.041	non-DMR
chr1	1092719	1093635	25	0.841	0.883	-0.042	non-DMR
chr1	1093723	1094624	22	0.793	0.831	-0.038	non-DMR
chr1	1094637	1095833	28	0.625	0.879	-0.253	good-DMR
chr1	1096332	1097473	29	0.653	0.698	-0.044	non-DMR
chr1	1097552	1098524	25	0.814	0.861	-0.048	non-DMR
chr1	1098574	1099402	18	0.156	0.11	0.046	non-DMR
chr1	1099501	1100563	29	0.676	0.691	-0.015	inconsistent-DMR
chr1	1100705	1101919	29	0.786	0.824	-0.038	non-DMR
chr1	1102042	1103126	24	0.792	0.828	-0.035	non-DMR
chr1	1103207	1104070	18	0.628	0.665	-0.037	non-DMR
chr1	1104115	1105174	26	0.646	0.686	-0.04	non-DMR
chr1	1105251	1106059	19	0.572	0.85	-0.278	good-DMR
chr1	1106480	1107526	24	0.187	0.153	0.034	non-DMR
chr1	1107656	1108741	27	0.748	0.788	-0.04	non-DMR
chr1	1108828	1109736	20	0.462	0.712	-0.25	good-DMR
chr1	1110223	1110985	17	0.498	0.209	0.289	good-DMR
chr1	1111489	1112433	21	0.85	0.896	-0.046	non-DMR
chr1	1112507	1113267	18	0.607	0.847	-0.24	good-DMR
chr1	1113769	1114842	30	0.85	0.891	-0.041	non-DMR
chr1	1114945	1115700	16	0.782	0.817	-0.035	non-DMR
chr1	1115794	1116895	27	0.639	0.534	0.105	sub-DMR
chr1	1117417	1118397	23	0.749	0.789	-0.04	non-DMR
chr1	1118454	1119473	23	0.753	0.795	-0.042	non-DMR
chr1	1119534	1120456	21	0.823	0.866	-0.044	non-DMR
chr1	1120549	1121430	23	0.584	0.636	-0.052	inconsistent-DMR
chr1	1121603	1122439	21	0.287	0.253	0.034	inconsistent-DMR
chr1	1122568	1123420	21	0.592	0.553	0.038	non-DMR
chr1	1123475	1124533	25	0.618	0.859	-0.242	good-DMR
chr1	1126113	1126939	21	0.818	0.848	-0.03	non-DMR
chr1	1127022	1127969	23	0.24	0.055	0.185	good-DMR
chr1	1128339	1129254	22	0.524	0.729	-0.205	good-DMR
chr1	1129749	1130560	19	0.713	0.907	-0.194	good-DMR
chr1	1131102	1132079	21	0.13	0.087	0.043	non-DMR
chr1	1132164	1133056	21	0.816	0.859	-0.044	non-DMR
chr1	1133102	1134207	23	0.098	0.054	0.044	non-DMR
chr1	1134276	1135247	21	0.75	0.853	-0.103	sub-DMR
chr1	1135734	1136566	18	0.784	0.822	-0.038	non-DMR
chr1	1136708	1137799	26	0.72	0.77	-0.05	non-DMR
chr1	1137892	1138694	18	0.504	0.795	-0.291	good-DMR
chr1	1139169	1140202	24	0.439	0.732	-0.293	good-DMR
chr1	1140742	1141699	20	0.187	0.141	0.046	non-DMR
chr1	1141789	1142882	25	0.233	0.184	0.049	non-DMR
chr1	1142956	1143911	24	0.791	0.837	-0.046	non-DMR
chr1	1144021	1145040	27	0.758	0.798	-0.04	non-DMR
chr1	1145078	1146158	26	0.855	0.889	-0.035	non-DMR
chr1	1146281	1147287	24	0.553	0.857	-0.304	notable-DMR
chr1	1147390	1148407	26	0.762	0.8	-0.038	non-DMR
chr1	1148505	1149644	26	0.58	0.627	-0.047	non-DMR
chr1	1149721	1150612	22	0.27	0.226	0.044	non-DMR
chr1	1150671	1151651	25	0.613	0.902	-0.289	good-DMR
chr1	1152123	1153005	24	0.851	0.899	-0.048	non-DMR
chr1	1153074	1154118	26	0.822	0.856	-0.034	non-DMR
chr1	1154145	1155277	23	0.735	0.782	-0.046	non-DMR
chr1	1155357	1156333	23	0.536	0.576	-0.04	non-DMR
chr1	1156409	1157530	28	0.561	0.8	-0.239	good-DMR
chr1	1157960	1158910	22	0.827	0.871	-0.044	non-DMR
chr1	1159996	1160937	24	0.273	0.228	0.045	non-DMR
chr1	1161033	1161855	18	0.727	0.836	-0.109	sub-DMR
chr1	1162361	1163293	21	0.711	0.748	-0.037	non-DMR
chr1	1163368	1164144	17	0.206	0.157	0.049	non-DMR
chr1	1164272	1165114	22	0.702	0.735	-0.034	non-DMR
chr1	1165217	1166286	24	0.353	0.115	0.238	good-DMR
chr1	1166740	1167704	22	0.444	0.656	-0.213	good-DMR
chr1	1168216	1169042	18	0.57	0.546	0.024	inconsistent-DMR
chr1	1169217	1170288	24	0.697	0.737	-0.04	non-DMR
chr1	1170378	1171348	26	0.463	0.166	0.297	good-DMR
chr1	1171826	1172663	20	0.519	0.732	-0.213	good-DMR
chr1	1173200	1174048	20	0.907	0.953	-0.046	non-DMR
chr1	1174114	1175137	21	0.497	0.731	-0.234	good-DMR
chr1	1175613	1176595	23	0.879	0.916	-0.036	non-DMR
chr1	1176663	1177620	22	0.752	0.8	-0.047	non-DMR
chr1	1177714	1178768	25	0.133	0.094	0.038	non-DMR
chr1	1178869	1179808	22	0.816	0.855	-0.039	non-DMR
chr1	1179856	1180784	22	0.701	0.745	-0.043	non-DMR
chr1	1180929	1181713	17	0.154	0.107	0.047	non-DMR
chr1	1181799	1182734	22	0.673	0.92	-0.246	good-DMR
chr1	1183252	1183992	19	0.249	0.205	0.043	non-DMR
chr1	1184080	1184970	21	0.765	0.8	-0.035	non-DMR
chr1	1185069	1186133	25	0.441	0.13	0.311	good-DMR
chr1	1187636	1188444	18	0.676	0.92	-0.244	good-DMR
chr1	1188804	1189739	23	0.703	0.892	-0.188	good-DMR
chr1	1190119	1191078	21	0.834	0.876	-0.042	non-DMR
chr1	1191204	1192253	22	0.679	0.717	-0.038	non-DMR
chr1	1192313	1193072	21	0.419	0.314	0.105	sub-DMR
chr1	1193615	1194557	22	0.732	0.773	-0.041	non-DMR
chr1	1194667	1195815	26	0.138	0.101	0.037	non-DMR
chr1	1195905	1196884	21	0.412	0.162	0.25	good-DMR
chr1	1197364	1198512	26	0.543	0.844	-0.301	good-DMR
chr1	1198959	1199918	21	0.815	0.855	-0.04	non-DMR
chr1	1200009	1200718	17	0.627	0.584	0.043	non-DMR
chr1	1200832	1201747	22	0.622	0.663	-0.041	non-DMR
chr1	1201792	1202887	28	0.828	0.861	-0.033	non-DMR
chr1	1202959	1204051	27	0.648	0.691	-0.043	non-DMR
chr1	1204105	1205129	21	0.424	0.723	-0.299	good-DMR
chr1	1205574	1206342	19	0.673	0.725	-0.052	non-DMR
chr1	1206424	1207179	19	0.728	0.775	-0.047	non-DMR
chr1	1207266	1208079	24	0.204	0.166	0.039	non-DMR
chr1	1208112	1209136	25	0.265	0.078	0.187	good-DMR
chr1	1209637	1210513	21	0.774	0.817	-0.043	non-DMR
chr1	1210642	1211728	27	0.106	0.065	0.04	non-DMR
chr1	1211813	1212666	21	0.425	0.67	-0.245	good-DMR
chr1	1213169	1214163	25	0.813	0.852	-0.039	non-DMR
chr1	1214174	1215207	24	0.408	0.619	-0.21	good-DMR
chr1	1215565	1216473	22	0.729	0.767	-0.038	non-DMR
chr1	1216568	1217542	22	0.729	0.76	-0.032	non-DMR
chr1	1217619	1218515	21	0.164	0.12	0.044	non-DMR
chr1	1218614	1219602	24	0.647	0.802	-0.155	good-DMR
chr1	1219964	1220835	21	0.798	0.848	-0.05	non-DMR
chr1	1220960	1221883	21	0.68	0.727	-0.047	non-DMR
chr1	1221939	1223033	27	0.5	0.714	-0.213	good-DMR
chr1	1223430	1224447	23	0.62	0.799	-0.179	good-DMR
chr1	1224903	1225840	24	0.728	0.773	-0.044	non-DMR
chr1	1225867	1226747	20	0.659	0.691	-0.032	non-DMR
chr1	1226867	1227766	23	0.661	0.706	-0.046	non-DMR
chr1	1227908	1228993	30	0.88	0.921	-0.041	non-DMR
chr1	1229030	1229916	21	0.564	0.794	-0.231	good-DMR
chr1	1230388	1231210	19	0.609	0.645	-0.036	non-DMR
chr1	1231274	1232269	25	0.497	0.795	-0.299	good-DMR
chr1	1232785	1233664	22	0.715	0.75	-0.035	non-DMR
chr1	1233766	1234736	25	0.144	0.105	0.039	non-DMR
chr1	1234837	1235758	20	0.858	0.89	-0.032	non-DMR
chr1	1235864	1236918	23	0.847	0.888	-0.041	non-DMR
chr1	1236965	1237978	23	0.641	0.752	-0.112	sub-DMR
chr1	1238426	1239228	19	0.836	0.879	-0.043	non-DMR
chr1	1239358	1240216	20	0.242	0.208	0.034	non-DMR
chr1	1240305	1241274	24	0.237	0.197	0.04	non-DMR
chr1	1241398	1242411	26	0.895	0.926	-0.031	non-DMR
chr1	1242481	1243538	25	0.615	0.715	-0.101	sub-DMR
chr1	1244066	1245087	24	0.778	0.819	-0.04	non-DMR
chr1	1245127	1246149	22	0.44	0.202	0.238	good-DMR
chr1	1246567	1247513	24	0.675	0.72	-0.045	non-DMR
chr1	1247615	1248493	20	0.831	0.868	-0.037	non-DMR
chr1	1248530	1249329	20	0.2	0.164	0.036	non-DMR
chr1	1249413	1250415	23	0.64	0.681	-0.041	non-DMR
chr1	1250504	1251476	22	0.729	0.833	-0.104	sub-DMR
chr1	1253083	1254085	23	0.436	0.749	-0.313	good-DMR
chr1	1254546	1255474	24	0.149	0.043	0.106	sub-DMR
chr1	1256007	1256969	21	0.763	0.754	0.009	inconsistent-DMR
chr1	1257123	1258175	23	0.872	0.907	-0.035	non-DMR
chr1	1258214	1259296	30	0.586	0.629	-0.043	non-DMR
chr1	1259411	1260255	23	0.519	0.778	-0.258	notable-DMR
chr1	1260381	1261360	23	0.246	0.211	0.035	non-DMR
chr1	1261458	1262589	24	0.889	0.928	-0.038	non-DMR
chr1	1262679	1263711	27	0.675	0.722	-0.048	non-DMR
chr1	1263795	1264723	28	0.476	0.802	-0.327	good-DMR
chr1	1265179	1266127	23	0.458	0.227	0.231	good-DMR
chr1	1266582	1267555	22	0.601	0.561	0.04	non-DMR
chr1	1267646	1268511	25	0.848	0.886	-0.039	non-DMR
chr1	1268600	1269489	22	0.74	0.781	-0.041	non-DMR
chr1	1269568	1270431	24	0.782	0.823	-0.041	non-DMR
chr1	1270505	1271655	28	0.593	0.945	-0.351	good-DMR
