chr	start	end	CpG_count	treatment_methylation	control_methylation	mean_delta_methylation	category
chr1	100011	100186	17	0.886	0.931	-0.046	non-DMR
chr1	100273	100467	21	0.576	0.909	-0.333	good-DMR
chr1	100936	101132	20	0.264	0.223	0.041	non-DMR
chr1	101197	101406	17	0.609	0.573	0.035	non-DMR
chr1	101505	101686	14	0.521	0.23	0.291	good-DMR
chr1	102188	102339	13	0.631	0.86	-0.228	good-DMR
chr1	102808	103032	19	0.752	0.78	-0.028	non-DMR
chr1	103088	103270	17	0.083	0.042	0.041	non-DMR
chr1	103358	103540	16	0.226	0.049	0.176	notable-DMR
chr1	103630	103813	17	0.684	0.723	-0.039	non-DMR
chr1	103904	104088	16	0.59	0.843	-0.253	good-DMR
chr1	104591	104765	15	0.672	0.836	-0.164	good-DMR
chr1	105255	105428	11	0.58	0.634	-0.054	non-DMR
chr1	105522	105748	18	0.768	0.804	-0.037	non-DMR
chr1	105854	106015	14	0.676	0.96	-0.284	good-DMR
chr1	106354	106540	16	0.839	0.879	-0.04	non-DMR
chr1	106595	106768	16	0.139	0.095	0.044	non-DMR
chr1	106840	107059	16	0.452	0.154	0.298	good-DMR
chr1	107543	107751	15	0.578	0.623	-0.045	non-DMR
chr1	107854	108012	15	0.757	0.792	-0.035	non-DMR
chr1	108088	108284	16	0.618	0.654	-0.035	non-DMR
chr1	108320	108507	16	0.745	0.907	-0.162	notable-DMR
chr1	108532	108689	17	0.752	0.79	-0.038	non-DMR
chr1	108752	108960	17	0.694	0.738	-0.044	non-DMR
chr1	109039	109211	16	0.787	0.824	-0.037	non-DMR
chr1	109254	109392	13	0.772	0.814	-0.043	non-DMR
chr1	109511	109676	15	0.716	0.762	-0.046	non-DMR
chr1	109764	109949	17	0.748	0.798	-0.05	non-DMR
chr1	110261	110434	14	0.833	0.874	-0.04	non-DMR
chr1	110559	110725	14	0.716	0.756	-0.04	non-DMR
chr1	110827	111025	19	0.814	0.859	-0.046	non-DMR
chr1	111074	111297	20	0.681	0.94	-0.259	good-DMR
chr1	111718	111892	16	0.792	0.843	-0.051	non-DMR
chr1	112016	112143	13	0.13	0.093	0.037	non-DMR
chr1	112190	112366	13	0.557	0.597	-0.039	non-DMR
chr1	112487	112617	14	0.749	0.798	-0.049	non-DMR
chr1	112752	112933	16	0.748	0.778	-0.03	non-DMR
chr1	113021	113219	15	0.648	0.682	-0.034	non-DMR
chr1	113303	113489	16	0.686	0.722	-0.036	non-DMR
chr1	113580	113802	21	0.711	0.755	-0.043	non-DMR
chr1	113927	114108	16	0.876	0.917	-0.041	non-DMR
chr1	114217	114429	19	0.735	0.776	-0.041	non-DMR
chr1	114495	114701	15	0.12	0.067	0.053	non-DMR
chr1	114751	114942	16	0.663	0.707	-0.043	non-DMR
chr1	115011	115228	17	0.775	0.817	-0.041	non-DMR
chr1	115328	115489	14	0.737	0.785	-0.049	non-DMR
chr1	115605	115758	15	0.819	0.847	-0.027	non-DMR
chr1	115886	116082	17	0.155	0.123	0.032	non-DMR
chr1	116150	116332	15	0.876	0.909	-0.034	non-DMR
chr1	116428	116598	14	0.29	0.295	-0.005	inconsistent-DMR
chr1	116678	116904	18	0.67	0.707	-0.037	non-DMR
chr1	117008	117151	16	0.835	0.879	-0.044	non-DMR
chr1	117196	117358	13	0.382	0.678	-0.296	notable-DMR
chr1	117469	117661	19	0.75	0.779	-0.029	non-DMR
chr1	117725	117900	14	0.664	0.703	-0.039	non-DMR
chr1	117975	118129	14	0.795	0.825	-0.03	non-DMR
chr1	118144	118321	14	0.693	0.91	-0.217	good-DMR
chr1	118806	118993	16	0.609	0.661	-0.052	non-DMR
chr1	119059	119258	17	0.805	0.952	-0.147	good-DMR
chr1	119744	119903	13	0.596	0.668	-0.072	inconsistent-DMR
chr1	120004	120175	18	0.767	0.806	-0.039	non-DMR
chr1	120203	120361	15	0.104	0.059	0.045	non-DMR
chr1	120429	120604	14	0.08	0.046	0.034	non-DMR
chr1	120690	120829	14	0.567	0.784	-0.217	good-DMR
chr1	121254	121451	16	0.098	0.057	0.04	non-DMR
chr1	121536	121714	17	0.76	0.792	-0.032	non-DMR
chr1	121803	121981	13	0.645	0.87	-0.225	good-DMR
chr1	122419	122559	13	0.618	0.657	-0.039	non-DMR
chr1	122660	122821	14	0.41	0.764	-0.354	good-DMR
chr1	123315	123495	17	0.685	0.729	-0.044	non-DMR
chr1	123601	123730	9	0.29	0.065	0.224	good-DMR
chr1	124225	124456	19	0.677	0.72	-0.043	non-DMR
chr1	124508	124685	17	0.257	0.218	0.039	non-DMR
chr1	125044	125223	15	0.593	0.842	-0.249	good-DMR
chr1	125719	125921	18	0.329	0.086	0.243	good-DMR
chr1	126226	126394	14	0.672	0.711	-0.039	non-DMR
chr1	126497	126680	13	0.771	0.806	-0.035	non-DMR
chr1	126804	127030	22	0.681	0.716	-0.036	non-DMR
chr1	127166	127283	13	0.583	0.621	-0.037	non-DMR
chr1	127317	127489	14	0.451	0.185	0.266	good-DMR
chr1	127923	128109	18	0.776	0.822	-0.047	non-DMR
chr1	128217	128362	11	0.214	0.169	0.046	non-DMR
chr1	128488	128732	19	0.718	0.754	-0.036	non-DMR
chr1	128862	129045	15	0.762	0.8	-0.038	non-DMR
chr1	129126	129298	16	0.187	0.144	0.042	non-DMR
chr1	129366	129538	17	0.791	0.829	-0.038	non-DMR
chr1	129583	129796	17	0.505	0.54	-0.036	non-DMR
chr1	129806	130009	16	0.424	0.633	-0.209	good-DMR
chr1	130488	130701	15	0.552	0.895	-0.343	good-DMR
chr1	131182	131401	19	0.82	0.87	-0.05	non-DMR
chr1	131486	131684	17	0.1	0.057	0.043	non-DMR
chr1	131772	131957	15	0.829	0.873	-0.044	non-DMR
chr1	131984	132136	15	0.858	0.899	-0.041	non-DMR
chr1	132186	132352	15	0.781	0.834	-0.053	non-DMR
chr1	132479	132620	13	0.665	0.718	-0.054	non-DMR
chr1	132664	132885	18	0.211	0.476	-0.266	good-DMR
chr1	133344	133529	17	0.151	0.107	0.043	non-DMR
chr1	133615	133799	16	0.705	0.743	-0.038	non-DMR
chr1	133908	134109	18	0.274	0.046	0.229	good-DMR
chr1	134606	134792	15	0.469	0.786	-0.317	good-DMR
chr1	135322	135502	16	0.605	0.647	-0.042	non-DMR
chr1	135627	135827	15	0.9	0.943	-0.043	non-DMR
chr1	135898	136076	16	0.628	0.868	-0.24	good-DMR
chr1	136605	136775	15	0.205	0.172	0.033	non-DMR
chr1	136850	137059	18	0.741	0.776	-0.035	non-DMR
chr1	137094	137312	17	0.467	0.152	0.315	good-DMR
chr1	137806	137987	15	0.773	0.818	-0.044	non-DMR
chr1	138068	138242	15	0.723	0.769	-0.046	non-DMR
chr1	138260	138471	16	0.342	0.099	0.243	good-DMR
chr1	138949	139141	18	0.556	0.59	-0.035	non-DMR
chr1	139250	139430	17	0.134	0.094	0.04	non-DMR
chr1	139550	139719	13	0.7	0.742	-0.042	non-DMR
chr1	139811	139979	14	0.391	0.117	0.273	good-DMR
chr1	140451	140667	15	0.643	0.842	-0.199	good-DMR
chr1	141140	141354	18	0.481	0.724	-0.243	good-DMR
chr1	141769	141951	16	0.582	0.623	-0.04	non-DMR
chr1	142089	142317	19	0.668	0.717	-0.049	non-DMR
chr1	142392	142561	14	0.874	0.919	-0.045	non-DMR
chr1	142678	142883	17	0.163	0.123	0.04	non-DMR
chr1	142912	143077	13	0.407	0.222	0.185	good-DMR
chr1	143619	143821	15	0.78	0.824	-0.044	non-DMR
chr1	143869	144107	18	0.137	0.093	0.044	non-DMR
chr1	144200	144372	13	0.368	0.167	0.201	good-DMR
chr1	144861	145047	14	0.674	0.706	-0.032	non-DMR
chr1	145120	145282	17	0.766	0.807	-0.042	non-DMR
chr1	145386	145554	19	0.133	0.086	0.046	non-DMR
chr1	145581	145728	14	0.675	0.727	-0.052	non-DMR
chr1	145744	145932	17	0.719	0.855	-0.136	good-DMR
chr1	146438	146621	18	0.85	0.89	-0.039	non-DMR
chr1	146740	146918	14	0.152	0.101	0.051	non-DMR
chr1	146937	147106	15	0.318	0.111	0.207	notable-DMR
chr1	147238	147451	15	0.759	0.792	-0.033	non-DMR
chr1	147585	147741	14	0.759	0.8	-0.041	non-DMR
chr1	147888	148066	15	0.223	0.173	0.05	non-DMR
chr1	148159	148303	13	0.703	0.729	-0.027	non-DMR
chr1	148336	148469	12	0.605	0.645	-0.04	non-DMR
chr1	148537	148689	12	0.576	0.624	-0.048	non-DMR
chr1	148803	148972	15	0.173	0.137	0.036	non-DMR
chr1	149009	149193	14	0.634	0.933	-0.299	good-DMR
chr1	149629	149752	10	0.754	0.789	-0.035	non-DMR
chr1	149800	150002	18	0.679	0.716	-0.037	non-DMR
chr1	150102	150311	16	0.684	0.717	-0.032	non-DMR
chr1	150414	150593	20	0.617	0.749	-0.132	good-DMR
chr1	151108	151289	17	0.761	0.797	-0.036	non-DMR
chr1	151326	151526	18	0.723	0.761	-0.038	non-DMR
chr1	151603	151785	16	0.701	0.746	-0.045	non-DMR
chr1	151847	152075	17	0.829	0.871	-0.042	non-DMR
chr1	152133	152315	16	0.894	0.945	-0.051	non-DMR
chr1	152408	152580	17	0.809	0.859	-0.051	non-DMR
chr1	152675	152833	12	0.515	0.811	-0.296	good-DMR
chr1	153371	153561	19	0.641	0.691	-0.049	non-DMR
chr1	153688	153836	13	0.319	0.283	0.036	non-DMR
chr1	154148	154290	14	0.498	0.765	-0.267	good-DMR
chr1	154792	154934	12	0.41	0.143	0.268	good-DMR
chr1	155431	155613	15	0.385	0.07	0.315	good-DMR
chr1	156065	156261	15	0.695	0.74	-0.044	non-DMR
chr1	156356	156539	14	0.481	0.715	-0.235	good-DMR
chr1	157002	157177	14	0.862	0.898	-0.036	non-DMR
chr1	157319	157486	16	0.087	0.045	0.042	non-DMR
chr1	157592	157739	15	0.47	0.77	-0.299	good-DMR
chr1	158249	158442	18	0.115	0.077	0.038	non-DMR
chr1	158502	158667	14	0.888	0.924	-0.036	non-DMR
chr1	158764	159006	18	0.645	0.891	-0.246	notable-DMR
chr1	159056	159214	16	0.684	0.726	-0.042	non-DMR
chr1	159345	159549	18	0.578	0.62	-0.042	non-DMR
chr1	159661	159820	14	0.366	0.326	0.04	non-DMR
chr1	159951	160150	15	0.247	0.207	0.04	non-DMR
chr1	160255	160463	16	0.828	0.865	-0.037	non-DMR
chr1	160524	160708	18	0.56	0.777	-0.217	good-DMR
chr1	161219	161409	16	0.609	0.569	0.04	inconsistent-DMR
chr1	161495	161695	17	0.621	0.831	-0.21	good-DMR
chr1	162160	162383	18	0.719	0.765	-0.046	non-DMR
chr1	162501	162708	20	0.736	0.774	-0.038	non-DMR
chr1	162825	162974	13	0.731	0.777	-0.046	non-DMR
chr1	163060	163253	17	0.88	0.93	-0.05	non-DMR
chr1	163307	163511	20	0.68	0.72	-0.041	non-DMR
chr1	163571	163754	17	0.846	0.883	-0.038	non-DMR
chr1	163830	163997	12	0.206	0.172	0.034	non-DMR
chr1	164037	164178	15	0.468	0.069	0.399	notable-DMR
chr1	164227	164392	14	0.113	0.068	0.045	non-DMR
chr1	164479	164677	15	0.277	0.018	0.259	good-DMR
chr1	164961	165170	16	0.596	0.818	-0.222	good-DMR
chr1	165630	165823	18	0.294	0.257	0.038	non-DMR
chr1	165909	166100	16	0.754	0.796	-0.042	non-DMR
chr1	166125	166247	9	0.514	0.708	-0.195	good-DMR
chr1	166745	166957	19	0.531	0.764	-0.233	good-DMR
chr1	167345	167497	14	0.778	0.814	-0.036	non-DMR
chr1	167800	167960	14	0.753	0.799	-0.045	non-DMR
chr1	168098	168297	18	0.677	0.721	-0.044	non-DMR
chr1	168342	168520	15	0.769	0.926	-0.157	good-DMR
chr1	169031	169238	17	0.051	0.016	0.035	non-DMR
chr1	169311	169458	11	0.729	0.768	-0.039	non-DMR
chr1	169587	169794	15	0.502	0.456	0.046	inconsistent-DMR
chr1	169922	170125	19	0.843	0.888	-0.046	non-DMR
chr1	170202	170353	13	0.699	0.739	-0.04	non-DMR
chr1	170460	170603	11	0.701	0.737	-0.036	non-DMR
chr1	170672	170840	16	0.686	0.727	-0.041	non-DMR
chr1	170908	171058	14	0.737	0.778	-0.041	non-DMR
chr1	171128	171289	12	0.752	0.803	-0.051	non-DMR
chr1	171401	171548	13	0.658	0.687	-0.029	non-DMR
chr1	171653	171843	16	0.612	0.649	-0.037	non-DMR
chr1	171906	172136	18	0.703	0.744	-0.041	non-DMR
chr1	172161	172349	19	0.618	0.66	-0.042	non-DMR
chr1	172427	172616	14	0.217	0.177	0.04	non-DMR
chr1	172738	172946	15	0.812	0.856	-0.044	non-DMR
chr1	173048	173181	12	0.618	0.88	-0.262	good-DMR
chr1	173623	173796	12	0.214	0.176	0.038	non-DMR
chr1	173882	174087	20	0.407	0.687	-0.28	good-DMR
chr1	174592	174764	16	0.766	0.89	-0.124	good-DMR
chr1	175212	175371	15	0.711	0.746	-0.035	non-DMR
chr1	175388	175573	16	0.117	0.077	0.04	non-DMR
chr1	175646	175823	16	0.594	0.784	-0.189	good-DMR
chr1	176206	176379	15	0.661	0.706	-0.045	non-DMR
chr1	176477	176707	14	0.353	0.079	0.274	good-DMR
chr1	177179	177327	16	0.548	0.51	0.039	inconsistent-DMR
chr1	177434	177657	19	0.751	0.793	-0.042	non-DMR
chr1	177740	177878	14	0.353	0.047	0.306	good-DMR
chr1	178247	178424	17	0.184	0.142	0.042	non-DMR
chr1	178511	178654	14	0.794	0.836	-0.042	non-DMR
chr1	178711	178891	14	0.789	0.814	-0.025	non-DMR
chr1	178936	179081	13	0.843	0.886	-0.043	non-DMR
chr1	179124	179327	16	0.787	0.828	-0.041	non-DMR
chr1	179408	179571	14	0.488	0.75	-0.262	good-DMR
chr1	180026	180266	22	0.156	0.125	0.031	non-DMR
chr1	180314	180484	16	0.782	0.823	-0.041	non-DMR
chr1	180579	180709	11	0.583	0.83	-0.248	good-DMR
chr1	181212	181396	15	0.214	0.167	0.047	non-DMR
chr1	181513	181726	18	0.718	0.758	-0.041	non-DMR
chr1	181785	181948	15	0.187	0.139	0.048	non-DMR
chr1	182300	182468	17	0.751	0.786	-0.036	non-DMR
chr1	182574	182756	15	0.103	0.071	0.032	non-DMR
chr1	182780	182960	15	0.608	0.874	-0.266	good-DMR
chr1	183462	183618	14	0.276	0.233	0.043	non-DMR
chr1	183722	183913	15	0.859	0.894	-0.035	non-DMR
chr1	184023	184196	16	0.727	0.768	-0.041	non-DMR
chr1	184295	184421	12	0.291	0.6	-0.309	good-DMR
chr1	184886	185045	13	0.66	0.692	-0.032	non-DMR
chr1	185141	185302	13	0.657	0.698	-0.041	non-DMR
chr1	185416	185594	12	0.811	0.863	-0.052	non-DMR
chr1	185703	185912	15	0.832	0.867	-0.035	non-DMR
chr1	186011	186203	14	0.537	0.798	-0.26	good-DMR
chr1	186670	186847	15	0.877	0.912	-0.035	non-DMR
chr1	186957	187133	17	0.779	0.823	-0.044	non-DMR
chr1	187252	187428	17	0.798	0.843	-0.045	non-DMR
chr1	187537	187724	18	0.579	0.801	-0.223	notable-DMR
chr1	187781	187994	18	0.789	0.835	-0.046	non-DMR
chr1	188116	188294	14	0.203	0.163	0.04	non-DMR
chr1	188360	188575	21	0.736	0.776	-0.041	non-DMR
chr1	188639	188829	16	0.247	0.208	0.04	non-DMR
chr1	188895	189069	17	0.175	0.172	0.003	inconsistent-DMR
chr1	189209	189406	19	0.514	0.47	0.044	non-DMR
chr1	189499	189696	19	0.812	0.858	-0.046	non-DMR
chr1	189737	189876	15	0.64	0.688	-0.047	non-DMR
chr1	189954	190206	22	0.693	0.728	-0.035	non-DMR
chr1	190261	190444	15	0.311	0.088	0.222	good-DMR
chr1	190988	191151	14	0.647	0.689	-0.042	non-DMR
chr1	191234	191402	14	0.691	0.903	-0.212	good-DMR
chr1	191892	192141	21	0.145	0.111	0.034	non-DMR
chr1	192170	192363	19	0.583	0.777	-0.194	good-DMR
chr1	192842	193042	18	0.786	0.818	-0.032	non-DMR
chr1	193116	193283	14	0.351	0.056	0.295	good-DMR
chr1	193582	193801	21	0.744	0.781	-0.036	non-DMR
chr1	193884	194014	13	0.568	0.75	-0.182	good-DMR
chr1	194478	194668	15	0.084	0.041	0.042	non-DMR
chr1	194756	194927	16	0.121	0.085	0.035	non-DMR
chr1	195021	195244	17	0.266	0.085	0.181	good-DMR
chr1	195716	195933	18	0.608	0.654	-0.047	non-DMR
chr1	196034	196245	17	0.78	0.821	-0.041	non-DMR
chr1	196290	196470	16	0.683	0.719	-0.036	non-DMR
chr1	196488	196621	12	0.622	0.848	-0.226	good-DMR
chr1	197109	197291	18	0.725	0.765	-0.04	non-DMR
chr1	197409	197573	16	0.102	0.058	0.044	non-DMR
chr1	197651	197872	20	0.274	0.231	0.043	non-DMR
chr1	198008	198210	20	0.856	0.89	-0.034	non-DMR
chr1	198299	198471	15	0.738	0.774	-0.036	non-DMR
chr1	198591	198763	16	0.571	0.613	-0.042	inconsistent-DMR
chr1	198818	198978	12	0.676	0.78	-0.103	inconsistent-DMR
chr1	199043	199234	14	0.657	0.691	-0.034	non-DMR
chr1	199335	199516	15	0.641	0.876	-0.235	good-DMR
chr1	200032	200244	19	0.788	0.827	-0.039	non-DMR
chr1	200290	200464	17	0.622	0.663	-0.041	non-DMR
chr1	200549	200759	18	0.537	0.804	-0.267	good-DMR
chr1	201244	201456	16	0.476	0.738	-0.262	good-DMR
chr1	201922	202111	17	0.32	0.314	0.007	inconsistent-DMR
chr1	202219	202395	16	0.157	0.118	0.039	non-DMR
chr1	202490	202685	17	0.705	0.75	-0.045	non-DMR
chr1	202822	203004	16	0.272	0.236	0.036	non-DMR
chr1	203140	203312	14	0.274	0.235	0.04	non-DMR
chr1	203374	203540	14	0.128	0.089	0.039	non-DMR
chr1	203598	203783	14	0.736	0.771	-0.035	non-DMR
chr1	203890	204090	20	0.313	0.258	0.054	non-DMR
chr1	204136	204271	11	0.216	0.171	0.045	non-DMR
chr1	204358	204533	17	0.662	0.705	-0.043	non-DMR
chr1	204604	204808	17	0.657	0.695	-0.038	non-DMR
chr1	204915	205093	17	0.854	0.898	-0.044	non-DMR
chr1	205130	205309	16	0.783	0.829	-0.046	non-DMR
chr1	205404	205570	15	0.167	0.13	0.037	non-DMR
chr1	205701	205841	13	0.79	0.829	-0.039	non-DMR
chr1	205935	206112	16	0.333	0.054	0.279	good-DMR
chr1	206604	206819	18	0.573	0.63	-0.058	inconsistent-DMR
chr1	206909	207071	15	0.673	0.946	-0.273	good-DMR
chr1	207452	207670	17	0.588	0.634	-0.047	non-DMR
chr1	207750	207897	16	0.617	0.834	-0.217	good-DMR
chr1	208408	208615	23	0.805	0.837	-0.032	non-DMR
chr1	208702	208910	20	0.642	0.776	-0.135	good-DMR
chr1	209291	209488	15	0.585	0.853	-0.268	good-DMR
chr1	209924	210104	14	0.732	0.769	-0.037	non-DMR
chr1	210230	210399	13	0.747	0.787	-0.04	non-DMR
chr1	210496	210651	12	0.543	0.581	-0.037	non-DMR
chr1	210741	210901	13	0.14	0.092	0.047	non-DMR
chr1	210958	211148	16	0.732	0.935	-0.202	good-DMR
chr1	211659	211837	14	0.188	0.152	0.037	non-DMR
chr1	211965	212155	19	0.177	0.134	0.044	non-DMR
chr1	212256	212425	14	0.675	0.715	-0.04	non-DMR
chr1	212483	212651	15	0.539	0.576	-0.037	non-DMR
chr1	212753	212927	14	0.712	0.755	-0.043	non-DMR
chr1	213063	213255	17	0.862	0.895	-0.032	non-DMR
chr1	213390	213589	18	0.164	0.124	0.04	non-DMR
chr1	213689	213840	17	0.358	0.084	0.273	good-DMR
chr1	214234	214407	14	0.212	0.162	0.05	non-DMR
chr1	214480	214636	16	0.698	0.738	-0.039	non-DMR
chr1	214696	214889	17	0.375	0.082	0.293	good-DMR
chr1	215391	215539	16	0.31	0.25	0.06	inconsistent-DMR
chr1	215672	215785	14	0.857	0.899	-0.042	non-DMR
chr1	215831	215982	12	0.757	0.794	-0.037	non-DMR
chr1	216012	216169	14	0.418	0.613	-0.195	good-DMR
chr1	216673	216850	16	0.689	0.72	-0.032	non-DMR
chr1	216884	217069	16	0.156	0.126	0.03	non-DMR
chr1	217085	217308	20	0.569	0.862	-0.292	good-DMR
chr1	217813	217999	18	0.7	0.741	-0.041	non-DMR
chr1	218068	218227	15	0.635	0.889	-0.255	notable-DMR
chr1	218306	218508	17	0.776	0.811	-0.036	non-DMR
chr1	218574	218749	16	0.12	0.074	0.046	non-DMR
chr1	218870	219059	18	0.707	0.747	-0.04	non-DMR
chr1	219184	219348	15	0.439	0.487	-0.049	non-DMR
chr1	219366	219556	16	0.723	0.766	-0.042	non-DMR
chr1	219574	219766	19	0.367	0.661	-0.294	good-DMR
chr1	220212	220373	14	0.742	0.785	-0.044	non-DMR
chr1	220507	220714	20	0.796	0.845	-0.049	non-DMR
chr1	220824	221019	16	0.587	0.64	-0.054	non-DMR
chr1	221110	221291	17	0.195	0.159	0.036	non-DMR
chr1	221345	221484	16	0.667	0.711	-0.044	non-DMR
chr1	221593	221776	16	0.844	0.881	-0.038	non-DMR
chr1	221886	222066	16	0.871	0.904	-0.033	non-DMR
chr1	222111	222306	19	0.128	0.085	0.043	non-DMR
chr1	222401	222582	15	0.172	0.136	0.036	non-DMR
chr1	222669	222827	14	0.816	0.856	-0.04	non-DMR
chr1	222906	223105	18	0.481	0.736	-0.255	good-DMR
chr1	223615	223798	18	0.761	0.789	-0.028	non-DMR
chr1	223867	224033	16	0.825	0.867	-0.041	non-DMR
chr1	224145	224333	15	0.1	0.052	0.048	non-DMR
chr1	224434	224565	11	0.214	0.164	0.049	inconsistent-DMR
chr1	224702	224899	16	0.681	0.727	-0.046	non-DMR
chr1	225022	225186	16	0.874	0.924	-0.05	non-DMR
chr1	225327	225555	18	0.728	0.764	-0.037	non-DMR
chr1	225615	225800	17	0.204	0.157	0.047	non-DMR
chr1	225890	226046	13	0.762	0.514	0.248	good-DMR
chr1	226538	226738	19	0.724	0.905	-0.181	good-DMR
chr1	227154	227315	13	0.661	0.706	-0.045	non-DMR
chr1	227346	227506	12	0.764	0.804	-0.04	non-DMR
chr1	227584	227787	16	0.869	0.9	-0.031	non-DMR
chr1	227853	228051	20	0.712	0.753	-0.041	non-DMR
chr1	228117	228275	14	0.689	0.733	-0.043	non-DMR
chr1	228385	228547	13	0.629	0.674	-0.045	non-DMR
chr1	228632	228821	18	0.823	0.872	-0.048	non-DMR
chr1	228858	228983	12	0.528	0.858	-0.33	good-DMR
chr1	229477	229604	11	0.87	0.906	-0.036	non-DMR
chr1	229697	229840	13	0.332	0.066	0.266	good-DMR
chr1	230326	230504	18	0.161	0.116	0.044	non-DMR
chr1	230914	231110	15	0.558	0.811	-0.254	good-DMR
chr1	231505	231652	15	0.666	0.84	-0.174	good-DMR
chr1	232019	232167	14	0.846	0.883	-0.036	non-DMR
chr1	232289	232492	18	0.738	0.779	-0.041	non-DMR
chr1	232631	232824	13	0.153	0.106	0.047	non-DMR
chr1	232939	233149	19	0.81	0.855	-0.045	non-DMR
chr1	233215	233410	15	0.247	0.083	0.164	good-DMR
chr1	233844	234067	21	0.591	0.632	-0.041	non-DMR
chr1	234136	234354	19	0.654	0.897	-0.243	good-DMR
chr1	234869	235003	12	0.236	0.199	0.037	non-DMR
chr1	235047	235262	17	0.707	0.755	-0.049	inconsistent-DMR
chr1	235376	235535	15	0.588	0.814	-0.226	good-DMR
chr1	235881	236064	16	0.604	0.672	-0.068	inconsistent-DMR
chr1	236199	236390	17	0.72	0.753	-0.033	non-DMR
chr1	236499	236700	19	0.549	0.762	-0.213	notable-DMR
chr1	236766	236955	17	0.86	0.891	-0.031	non-DMR
chr1	237051	237221	15	0.168	0.118	0.05	non-DMR
chr1	237282	237433	14	0.739	0.769	-0.029	non-DMR
chr1	237516	237676	13	0.743	0.777	-0.034	non-DMR
chr1	237786	237978	16	0.727	0.764	-0.037	non-DMR
chr1	237994	238176	16	0.844	0.881	-0.037	non-DMR
chr1	238244	238446	15	0.211	0.17	0.041	non-DMR
chr1	238560	238748	16	0.664	0.706	-0.042	non-DMR
chr1	238825	238976	15	0.13	0.084	0.047	non-DMR
chr1	239059	239253	17	0.597	0.637	-0.04	non-DMR
chr1	239304	239476	14	0.442	0.715	-0.272	good-DMR
chr1	239922	240074	14	0.144	0.097	0.046	non-DMR
chr1	240138	240331	16	0.624	0.668	-0.044	non-DMR
chr1	240463	240631	16	0.872	0.904	-0.032	non-DMR
chr1	240744	240943	17	0.712	0.759	-0.047	non-DMR
chr1	241055	241247	16	0.766	0.816	-0.05	non-DMR
chr1	241320	241484	15	0.546	0.826	-0.28	good-DMR
chr1	241983	242172	16	0.819	0.865	-0.046	non-DMR
chr1	242250	242463	17	0.614	0.642	-0.028	inconsistent-DMR
chr1	242589	242761	15	0.108	0.069	0.039	non-DMR
chr1	242847	243026	17	0.289	0.253	0.035	non-DMR
chr1	243129	243333	16	0.12	0.076	0.045	non-DMR
chr1	243406	243595	17	0.503	0.831	-0.328	good-DMR
chr1	244111	244352	18	0.751	0.788	-0.037	non-DMR
chr1	244468	244651	19	0.301	0.265	0.036	non-DMR
chr1	244777	244966	17	0.707	0.746	-0.039	non-DMR
chr1	245075	245281	15	0.542	0.58	-0.038	non-DMR
chr1	245422	245592	17	0.49	0.754	-0.263	notable-DMR
chr1	245724	245913	15	0.672	0.699	-0.027	non-DMR
chr1	246026	246192	12	0.558	0.801	-0.242	notable-DMR
chr1	246290	246485	15	0.744	0.78	-0.035	non-DMR
chr1	246589	246782	16	0.794	0.84	-0.047	non-DMR
chr1	246886	247063	19	0.745	0.787	-0.042	non-DMR
chr1	247150	247310	13	0.718	0.76	-0.042	non-DMR
chr1	247383	247555	13	0.802	0.854	-0.051	non-DMR
chr1	247657	247789	14	0.826	0.865	-0.039	non-DMR
chr1	247869	248075	19	0.341	0.539	-0.198	good-DMR
chr1	248575	248797	18	0.519	0.708	-0.189	good-DMR
chr1	249255	249396	15	0.708	0.746	-0.038	non-DMR
chr1	249503	249700	15	0.625	0.668	-0.042	non-DMR
chr1	249767	249942	16	0.83	0.866	-0.037	non-DMR
chr1	250050	250253	18	0.512	0.667	-0.155	notable-DMR
chr1	250298	250460	13	0.677	0.721	-0.044	non-DMR
chr1	250577	250728	14	0.737	0.772	-0.035	non-DMR
chr1	250845	251026	16	0.742	0.786	-0.044	non-DMR
chr1	251076	251226	17	0.66	0.704	-0.044	non-DMR
chr1	251260	251465	16	0.318	0.149	0.169	good-DMR
chr1	251970	252150	15	0.216	0.037	0.179	good-DMR
chr1	252548	252743	20	0.773	0.813	-0.039	non-DMR
chr1	252828	253022	17	0.859	0.89	-0.031	non-DMR
chr1	253094	253277	16	0.625	0.662	-0.037	non-DMR
chr1	253344	253511	14	0.457	0.198	0.259	good-DMR
chr1	254044	254231	13	0.82	0.861	-0.041	non-DMR
chr1	254333	254510	16	0.552	0.282	0.27	good-DMR
chr1	254895	255077	17	0.19	0.152	0.038	non-DMR
chr1	255143	255337	15	0.8	0.846	-0.045	non-DMR
chr1	255431	255598	14	0.602	0.827	-0.225	good-DMR
chr1	255899	256097	18	0.794	0.844	-0.05	non-DMR
chr1	256153	256333	18	0.846	0.889	-0.043	non-DMR
chr1	256456	256623	16	0.625	0.581	0.043	non-DMR
chr1	256720	256883	16	0.146	0.101	0.045	non-DMR
chr1	256990	257156	15	0.726	0.762	-0.036	non-DMR
chr1	257167	257336	15	0.468	0.788	-0.32	good-DMR
chr1	257856	258026	14	0.742	0.787	-0.045	non-DMR
chr1	258077	258305	18	0.525	0.779	-0.254	good-DMR
chr1	258751	258912	17	0.636	0.859	-0.223	good-DMR
chr1	259432	259609	15	0.337	0.383	-0.046	non-DMR
chr1	259670	259811	13	0.647	0.687	-0.04	non-DMR
chr1	259891	260068	13	0.754	0.8	-0.046	non-DMR
chr1	260169	260372	16	0.14	0.106	0.034	non-DMR
chr1	260479	260668	17	0.644	0.69	-0.046	non-DMR
chr1	260776	261000	19	0.306	0.268	0.038	non-DMR
chr1	261040	261195	15	0.219	0.176	0.043	non-DMR
chr1	261245	261433	18	0.436	0.725	-0.29	good-DMR
chr1	261913	262043	12	0.536	0.83	-0.294	good-DMR
chr1	262504	262695	16	0.83	0.87	-0.041	non-DMR
chr1	262801	262982	18	0.805	0.846	-0.041	non-DMR
chr1	263053	263240	15	0.793	0.857	-0.064	inconsistent-DMR
chr1	263299	263449	12	0.868	0.903	-0.035	non-DMR
chr1	263535	263705	15	0.538	0.81	-0.273	good-DMR
chr1	264197	264401	17	0.887	0.921	-0.034	non-DMR
chr1	264425	264633	20	0.649	0.697	-0.048	non-DMR
chr1	264688	264847	14	0.785	0.817	-0.032	non-DMR
chr1	264922	265082	14	0.684	0.735	-0.05	non-DMR
chr1	265151	265315	14	0.876	0.909	-0.033	non-DMR
chr1	265384	265540	13	0.739	0.776	-0.037	non-DMR
chr1	265605	265765	13	0.116	0.071	0.046	non-DMR
chr1	265856	266050	13	0.613	0.655	-0.042	non-DMR
chr1	266089	266270	16	0.854	0.901	-0.046	non-DMR
chr1	266335	266490	15	0.666	0.705	-0.039	non-DMR
chr1	266546	266734	16	0.733	0.776	-0.043	non-DMR
chr1	266785	266985	19	0.626	0.579	0.047	non-DMR
chr1	267104	267291	17	0.613	0.661	-0.048	non-DMR
chr1	267402	267561	14	0.265	0.217	0.048	non-DMR
chr1	267672	267853	15	0.731	0.767	-0.036	non-DMR
chr1	267924	268106	14	0.237	0.109	0.128	good-DMR
chr1	268534	268737	15	0.218	0.177	0.041	non-DMR
chr1	268771	268951	17	0.47	0.515	-0.045	non-DMR
chr1	269068	269293	19	0.18	0.137	0.043	non-DMR
chr1	269424	269576	13	0.658	0.691	-0.033	non-DMR
chr1	269640	269839	18	0.878	0.923	-0.045	non-DMR
chr1	269981	270219	17	0.421	0.378	0.042	non-DMR
chr1	270308	270507	22	0.377	0.653	-0.276	good-DMR
chr1	271012	271124	10	0.519	0.771	-0.253	good-DMR
chr1	271628	271775	16	0.82	0.867	-0.047	non-DMR
chr1	271904	272124	20	0.757	0.801	-0.044	non-DMR
chr1	272154	272322	16	0.803	0.851	-0.048	non-DMR
chr1	272421	272624	17	0.579	0.822	-0.243	good-DMR
chr1	273112	273286	18	0.553	0.794	-0.242	good-DMR
chr1	273776	274007	17	0.747	0.783	-0.036	non-DMR
chr1	274059	274208	13	0.102	0.066	0.036	non-DMR
chr1	274548	274693	13	0.731	0.761	-0.03	non-DMR
chr1	274765	274945	14	0.691	0.906	-0.215	good-DMR
chr1	275435	275637	15	0.142	0.092	0.05	non-DMR
chr1	275693	275877	13	0.506	0.543	-0.038	non-DMR
chr1	275968	276146	14	0.56	0.607	-0.048	non-DMR
chr1	276250	276447	18	0.637	0.703	-0.067	inconsistent-DMR
chr1	276480	276668	17	0.56	0.788	-0.228	good-DMR
chr1	277163	277356	19	0.866	0.898	-0.032	non-DMR
chr1	277475	277650	16	0.743	0.779	-0.035	non-DMR
chr1	277756	277915	15	0.172	0.141	0.031	non-DMR
chr1	277954	278156	15	0.799	0.835	-0.036	non-DMR
chr1	278204	278330	15	0.525	0.832	-0.307	notable-DMR
chr1	278441	278611	15	0.114	0.075	0.039	non-DMR
chr1	278740	278929	16	0.721	0.753	-0.031	non-DMR
chr1	279034	279207	16	0.661	0.705	-0.044	non-DMR
chr1	279250	279398	14	0.387	0.095	0.292	good-DMR
chr1	279812	279971	15	0.154	0.109	0.045	non-DMR
chr1	280045	280234	15	0.75	0.779	-0.029	non-DMR
chr1	280270	280418	13	0.698	0.733	-0.034	non-DMR
chr1	280490	280722	18	0.152	0.016	0.137	good-DMR
chr1	281214	281375	14	0.499	0.753	-0.254	good-DMR
chr1	281820	282008	17	0.769	0.807	-0.038	non-DMR
chr1	282089	282242	15	0.839	0.878	-0.04	non-DMR
chr1	282348	282511	14	0.224	0.183	0.042	non-DMR
chr1	282579	282744	15	0.818	0.853	-0.035	non-DMR
chr1	282825	283018	18	0.743	0.791	-0.048	non-DMR
chr1	283081	283257	16	0.337	0.099	0.239	good-DMR
chr1	283737	283909	17	0.557	0.817	-0.26	good-DMR
chr1	284395	284576	14	0.321	0.02	0.301	good-DMR
chr1	285114	285302	18	0.817	0.857	-0.04	non-DMR
chr1	285425	285610	15	0.098	0.061	0.037	non-DMR
chr1	285718	285963	18	0.193	0.15	0.042	non-DMR
chr1	286046	286215	16	0.604	0.645	-0.042	non-DMR
chr1	286273	286442	16	0.671	0.71	-0.039	non-DMR
chr1	286838	287059	17	0.682	0.729	-0.047	non-DMR
chr1	287129	287321	19	0.832	0.872	-0.04	non-DMR
chr1	287373	287553	16	0.602	0.638	-0.036	non-DMR
chr1	287626	287803	17	0.39	0.093	0.297	good-DMR
chr1	288246	288461	19	0.571	0.846	-0.275	good-DMR
chr1	288996	289156	11	0.718	0.757	-0.039	non-DMR
chr1	289240	289439	17	0.8	0.843	-0.043	non-DMR
chr1	289545	289729	16	0.744	0.786	-0.042	non-DMR
chr1	289816	290017	15	0.644	0.851	-0.207	good-DMR
chr1	290431	290613	18	0.729	0.77	-0.04	non-DMR
chr1	290705	290952	19	0.62	0.803	-0.183	good-DMR
chr1	291434	291592	16	0.793	0.833	-0.04	non-DMR
chr1	291668	291826	16	0.193	0.142	0.051	non-DMR
chr1	291897	292142	18	0.726	0.777	-0.051	non-DMR
chr1	292253	292399	14	0.161	0.13	0.031	non-DMR
chr1	292527	292682	17	0.154	0.12	0.035	non-DMR
chr1	292765	292869	10	0.787	0.83	-0.044	non-DMR
chr1	292944	293095	13	0.667	0.824	-0.157	good-DMR
chr1	293573	293761	16	0.549	0.815	-0.266	good-DMR
chr1	294289	294456	16	0.646	0.687	-0.041	non-DMR
chr1	294566	294756	17	0.818	0.846	-0.029	non-DMR
chr1	294835	294991	14	0.44	0.737	-0.297	notable-DMR
chr1	295015	295227	16	0.794	0.833	-0.039	non-DMR
chr1	295280	295474	14	0.419	0.146	0.273	good-DMR
chr1	295861	296037	14	0.129	0.095	0.034	non-DMR
chr1	296134	296275	14	0.562	0.784	-0.222	good-DMR
chr1	296772	296986	19	0.89	0.93	-0.04	non-DMR
chr1	297078	297256	16	0.306	0.593	-0.287	good-DMR
chr1	297776	298008	18	0.878	0.921	-0.043	non-DMR
chr1	298120	298277	12	0.834	0.866	-0.033	non-DMR
chr1	298399	298627	20	0.688	0.726	-0.038	non-DMR
chr1	298720	298895	15	0.578	0.837	-0.258	good-DMR
chr1	299368	299509	12	0.478	0.813	-0.335	good-DMR
chr1	300013	300220	19	0.282	0.028	0.254	good-DMR
chr1	300743	300931	15	0.717	0.762	-0.045	non-DMR
chr1	300984	301165	16	0.589	0.792	-0.204	good-DMR
chr1	301662	301851	18	0.421	0.46	-0.04	non-DMR
chr1	301980	302109	13	0.785	0.819	-0.035	non-DMR
chr1	302213	302382	15	0.591	0.781	-0.19	good-DMR
chr1	302879	303036	15	0.652	0.684	-0.032	non-DMR
chr1	303171	303368	18	0.641	0.679	-0.038	non-DMR
chr1	303436	303636	19	0.204	0.161	0.043	non-DMR
chr1	303702	303902	16	0.825	0.859	-0.034	non-DMR
chr1	304001	304149	15	0.634	0.67	-0.036	non-DMR
chr1	304224	304391	16	0.504	0.819	-0.316	good-DMR
chr1	304770	304917	14	0.597	0.646	-0.048	non-DMR
chr1	305039	305240	21	0.21	0.165	0.044	non-DMR
chr1	305362	305569	17	0.846	0.899	-0.053	non-DMR
chr1	305707	305921	18	0.154	0.113	0.041	non-DMR
chr1	305974	306170	17	0.533	0.82	-0.286	good-DMR
chr1	306707	306895	14	0.864	0.897	-0.033	non-DMR
chr1	307278	307497	16	0.829	0.876	-0.047	non-DMR
chr1	307610	307809	18	0.619	0.656	-0.037	non-DMR
chr1	307901	308109	18	0.797	0.836	-0.039	non-DMR
chr1	308170	308381	19	0.857	0.901	-0.045	non-DMR
chr1	308474	308607	12	0.117	0.075	0.041	non-DMR
chr1	308667	308823	12	0.43	0.222	0.207	good-DMR
chr1	309252	309460	16	0.771	0.816	-0.046	non-DMR
chr1	309580	309747	13	0.108	0.065	0.043	non-DMR
chr1	309847	310035	16	0.66	0.697	-0.037	non-DMR
chr1	310179	310372	17	0.731	0.764	-0.034	non-DMR
chr1	310409	310620	18	0.646	0.68	-0.034	non-DMR
chr1	310718	310904	19	0.743	0.78	-0.037	non-DMR
chr1	310929	311080	13	0.517	0.844	-0.326	good-DMR
chr1	311504	311698	20	0.78	0.821	-0.04	non-DMR
chr1	311730	311907	15	0.821	0.856	-0.035	non-DMR
chr1	311940	312141	16	0.857	0.9	-0.043	non-DMR
chr1	312263	312481	17	0.73	0.776	-0.046	non-DMR
chr1	312594	312776	19	0.551	0.595	-0.044	non-DMR
chr1	312813	313018	14	0.581	0.626	-0.044	non-DMR
chr1	313106	313285	18	0.521	0.788	-0.267	good-DMR
chr1	313751	313926	16	0.741	0.786	-0.045	non-DMR
chr1	313998	314176	14	0.291	0.114	0.177	good-DMR
chr1	314713	314876	16	0.718	0.766	-0.048	non-DMR
chr1	314959	315169	17	0.612	0.563	0.05	non-DMR
chr1	315255	315454	14	0.781	0.816	-0.035	non-DMR
chr1	315551	315760	16	0.868	0.912	-0.045	non-DMR
chr1	315796	315936	16	0.664	0.694	-0.03	non-DMR
chr1	315980	316137	15	0.336	0.097	0.238	good-DMR
chr1	316665	316852	17	0.783	0.823	-0.04	non-DMR
chr1	316952	317145	15	0.199	0.164	0.035	non-DMR
chr1	317209	317396	18	0.511	0.82	-0.309	good-DMR
chr1	317871	318023	15	0.119	0.073	0.046	non-DMR
chr1	318115	318312	17	0.49	0.795	-0.305	good-DMR
chr1	318777	318971	16	0.633	0.663	-0.031	inconsistent-DMR
chr1	319086	319275	19	0.555	0.821	-0.266	good-DMR
chr1	319724	319928	13	0.397	0.161	0.236	good-DMR
chr1	320447	320665	19	0.762	0.788	-0.026	non-DMR
chr1	320699	320877	16	0.128	0.09	0.038	non-DMR
chr1	321014	321198	18	0.642	0.674	-0.032	non-DMR
chr1	321212	321399	19	0.33	0.095	0.235	good-DMR
chr1	321804	322019	21	0.686	0.725	-0.039	non-DMR
chr1	322090	322265	18	0.695	0.735	-0.039	non-DMR
chr1	322324	322502	16	0.567	0.851	-0.284	good-DMR
chr1	323007	323195	15	0.623	0.9	-0.277	good-DMR
chr1	323720	323918	17	0.109	0.066	0.043	non-DMR
chr1	324034	324226	14	0.649	0.694	-0.045	non-DMR
chr1	324354	324571	17	0.728	0.77	-0.042	non-DMR
chr1	324633	324751	13	0.263	0.03	0.233	good-DMR
chr1	325234	325391	12	0.259	0.039	0.22	good-DMR
chr1	325892	326095	18	0.43	0.715	-0.285	good-DMR
chr1	326611	326775	14	0.103	0.066	0.037	non-DMR
chr1	326878	327078	17	0.175	0.136	0.039	non-DMR
chr1	327142	327317	16	0.603	0.836	-0.233	good-DMR
chr1	327804	328003	16	0.145	0.102	0.043	non-DMR
chr1	328101	328246	14	0.642	0.836	-0.194	good-DMR
chr1	328766	328967	17	0.632	0.67	-0.039	non-DMR
chr1	329051	329198	14	0.909	0.945	-0.037	non-DMR
chr1	329332	329545	19	0.721	0.762	-0.041	non-DMR
chr1	329657	329831	17	0.145	0.105	0.04	non-DMR
chr1	329941	330104	14	0.541	0.69	-0.149	good-DMR
chr1	330434	330614	13	0.832	0.869	-0.037	non-DMR
chr1	330741	330938	15	0.736	0.78	-0.044	non-DMR
chr1	330978	331165	16	0.303	0.042	0.261	good-DMR
chr1	331664	331842	15	0.757	0.791	-0.034	non-DMR
chr1	331959	332135	17	0.76	0.799	-0.039	non-DMR
chr1	332204	332373	15	0.791	0.813	-0.022	inconsistent-DMR
chr1	332857	333053	18	0.738	0.784	-0.046	non-DMR
chr1	333083	333256	16	0.611	0.843	-0.232	good-DMR
chr1	333763	333934	19	0.834	0.87	-0.036	non-DMR
chr1	333980	334184	19	0.513	0.828	-0.316	good-DMR
chr1	334611	334822	17	0.085	0.04	0.045	non-DMR
chr1	334844	335048	17	0.508	0.802	-0.294	good-DMR
chr1	335544	335685	11	0.565	0.786	-0.222	good-DMR
chr1	336152	336309	13	0.358	0.655	-0.297	good-DMR
chr1	336801	336937	11	0.116	0.077	0.039	non-DMR
chr1	336954	337170	22	0.453	0.09	0.363	good-DMR
chr1	337711	337917	16	0.713	0.76	-0.047	non-DMR
chr1	337959	338128	17	0.829	0.86	-0.031	non-DMR
chr1	338216	338392	18	0.681	0.722	-0.041	non-DMR
chr1	338498	338645	13	0.161	0.115	0.046	non-DMR
chr1	338672	338874	18	0.564	0.857	-0.293	good-DMR
chr1	339293	339491	17	0.615	0.659	-0.044	non-DMR
chr1	339580	339770	14	0.856	0.892	-0.036	non-DMR
chr1	339862	340055	18	0.777	0.816	-0.04	non-DMR
chr1	340148	340275	14	0.772	0.812	-0.04	non-DMR
chr1	340384	340619	21	0.637	0.675	-0.038	non-DMR
chr1	340707	340865	16	0.193	0.158	0.035	non-DMR
chr1	340977	341139	15	0.758	0.798	-0.04	non-DMR
chr1	341215	341403	16	0.416	0.687	-0.272	good-DMR
chr1	341906	342086	19	0.513	0.736	-0.223	good-DMR
chr1	342553	342687	13	0.681	0.726	-0.044	non-DMR
chr1	342718	342895	15	0.339	0.669	-0.33	good-DMR
chr1	343368	343561	17	0.385	0.123	0.262	good-DMR
chr1	344047	344260	19	0.365	0.114	0.251	good-DMR
chr1	344600	344763	15	0.844	0.882	-0.038	non-DMR
chr1	344838	345017	14	0.632	0.888	-0.256	good-DMR
chr1	345476	345624	14	0.319	0.648	-0.329	good-DMR
chr1	346101	346280	18	0.269	0.055	0.214	good-DMR
chr1	346775	346937	15	0.731	0.772	-0.041	non-DMR
chr1	347027	347220	18	0.791	0.825	-0.034	non-DMR
chr1	347289	347463	20	0.136	0.095	0.04	non-DMR
chr1	347522	347732	16	0.243	0.204	0.039	inconsistent-DMR
chr1	347837	348035	15	0.528	0.735	-0.208	good-DMR
chr1	348558	348767	20	0.746	0.792	-0.046	non-DMR
chr1	348889	349036	14	0.718	0.76	-0.041	non-DMR
chr1	349070	349252	18	0.762	0.806	-0.044	non-DMR
chr1	349346	349528	16	0.151	0.119	0.032	non-DMR
chr1	349635	349842	17	0.686	0.875	-0.188	notable-DMR
chr1	349963	350122	14	0.67	0.706	-0.036	non-DMR
chr1	350164	350335	15	0.77	0.816	-0.046	non-DMR
chr1	350389	350585	14	0.662	0.697	-0.035	non-DMR
chr1	350678	350870	16	0.11	0.072	0.039	non-DMR
chr1	350977	351172	18	0.16	0.124	0.036	non-DMR
chr1	351280	351457	15	0.623	0.899	-0.276	good-DMR
chr1	351996	352192	17	0.758	0.797	-0.04	non-DMR
chr1	352317	352469	11	0.089	0.035	0.053	non-DMR
chr1	352577	352761	19	0.776	0.816	-0.04	non-DMR
chr1	352851	353016	15	0.461	0.67	-0.209	good-DMR
chr1	353439	353608	13	0.456	0.753	-0.297	good-DMR
chr1	354039	354270	22	0.498	0.22	0.278	good-DMR
chr1	354773	354948	16	0.648	0.679	-0.031	non-DMR
chr1	355036	355185	12	0.693	0.729	-0.036	non-DMR
chr1	355231	355409	17	0.189	0.155	0.034	non-DMR
chr1	355474	355654	18	0.399	0.674	-0.275	good-DMR
chr1	356174	356399	20	0.907	0.937	-0.031	non-DMR
chr1	356533	356742	16	0.698	0.726	-0.029	non-DMR
chr1	356815	356975	12	0.736	0.777	-0.042	non-DMR
chr1	357066	357242	16	0.795	0.828	-0.032	non-DMR
chr1	357296	357472	15	0.551	0.848	-0.298	good-DMR
chr1	357975	358167	17	0.145	0.109	0.037	non-DMR
chr1	358257	358438	16	0.834	0.867	-0.033	non-DMR
chr1	358528	358693	18	0.696	0.732	-0.036	non-DMR
chr1	358829	359008	14	0.096	0.062	0.034	non-DMR
chr1	359081	359222	15	0.902	0.942	-0.04	non-DMR
chr1	359287	359454	16	0.825	0.871	-0.047	non-DMR
chr1	359513	359680	18	0.664	0.949	-0.285	notable-DMR
chr1	359796	360000	17	0.689	0.725	-0.036	non-DMR
chr1	360039	360218	16	0.461	0.786	-0.325	good-DMR
chr1	360758	360962	16	0.662	0.697	-0.035	non-DMR
chr1	361044	361218	16	0.458	0.684	-0.226	good-DMR
chr1	361707	361928	16	0.496	0.789	-0.293	good-DMR
chr1	362421	362671	21	0.827	0.872	-0.044	non-DMR
chr1	362717	362930	18	0.407	0.071	0.336	notable-DMR
chr1	362981	363183	19	0.181	0.139	0.043	non-DMR
chr1	363284	363461	14	0.407	0.132	0.276	good-DMR
chr1	364004	364240	20	0.607	0.653	-0.046	non-DMR
chr1	364348	364519	16	0.771	0.814	-0.043	non-DMR
chr1	364557	364725	15	0.653	0.686	-0.033	non-DMR
chr1	364791	364986	16	0.112	0.07	0.042	non-DMR
chr1	365091	365291	18	0.405	0.766	-0.36	good-DMR
chr1	365679	365883	15	0.645	0.909	-0.264	good-DMR
chr1	366387	366570	13	0.346	0.126	0.22	good-DMR
chr1	367063	367243	14	0.65	0.693	-0.042	non-DMR
chr1	367379	367535	14	0.594	0.563	0.031	inconsistent-DMR
chr1	367643	367827	14	0.753	0.786	-0.033	non-DMR
chr1	367922	368099	15	0.411	0.082	0.329	good-DMR
chr1	368649	368833	17	0.729	0.765	-0.036	non-DMR
chr1	368862	369038	16	0.134	0.092	0.041	non-DMR
chr1	369169	369327	17	0.873	0.914	-0.042	non-DMR
chr1	369438	369636	16	0.635	0.67	-0.035	non-DMR
chr1	369771	369963	15	0.681	0.724	-0.043	inconsistent-DMR
chr1	370014	370221	16	0.838	0.878	-0.041	non-DMR
chr1	370320	370505	15	0.567	0.815	-0.248	good-DMR
chr1	370697	370872	15	0.759	0.8	-0.042	non-DMR
chr1	370969	371182	20	0.629	0.673	-0.044	non-DMR
chr1	371270	371481	17	0.451	0.231	0.22	good-DMR
chr1	371943	372142	18	0.747	0.781	-0.034	non-DMR
chr1	372258	372443	16	0.166	0.13	0.036	non-DMR
chr1	372498	372633	13	0.769	0.806	-0.037	non-DMR
chr1	372706	372911	17	0.35	0.154	0.196	good-DMR
chr1	373424	373644	19	0.612	0.572	0.041	non-DMR
chr1	373706	373885	15	0.725	0.758	-0.033	non-DMR
chr1	374009	374196	17	0.735	0.778	-0.043	non-DMR
chr1	374301	374469	13	0.626	0.596	0.03	non-DMR
chr1	374542	374685	15	0.312	0.136	0.176	good-DMR
chr1	375177	375338	15	0.7	0.739	-0.04	non-DMR
chr1	375447	375657	21	0.852	0.886	-0.034	non-DMR
chr1	375688	375857	15	0.78	0.831	-0.051	non-DMR
chr1	375923	376118	17	0.703	0.745	-0.041	non-DMR
chr1	376217	376420	16	0.546	0.584	-0.037	inconsistent-DMR
chr1	376495	376641	13	0.397	0.669	-0.273	good-DMR
chr1	377113	377249	11	0.811	0.853	-0.042	non-DMR
chr1	377337	377508	14	0.789	0.82	-0.031	non-DMR
chr1	377608	377821	17	0.657	0.69	-0.033	non-DMR
chr1	377915	378088	14	0.505	0.161	0.344	good-DMR
chr1	378620	378828	16	0.764	0.801	-0.037	non-DMR
chr1	378906	379096	14	0.208	0.169	0.039	non-DMR
chr1	379211	379379	14	0.53	0.566	-0.036	non-DMR
chr1	379419	379584	16	0.755	0.795	-0.04	non-DMR
chr1	379675	379881	19	0.247	0.204	0.043	non-DMR
chr1	379961	380103	14	0.448	0.183	0.265	good-DMR
chr1	380549	380757	18	0.625	0.662	-0.037	non-DMR
chr1	380864	381078	15	0.76	0.81	-0.05	non-DMR
chr1	381204	381360	16	0.765	0.808	-0.043	non-DMR
chr1	381469	381704	18	0.71	0.757	-0.047	non-DMR
chr1	381716	381896	16	0.376	0.614	-0.238	good-DMR
chr1	382291	382499	17	0.358	0.678	-0.32	good-DMR
chr1	382973	383134	16	0.495	0.794	-0.298	good-DMR
chr1	383627	383822	15	0.346	0.641	-0.295	good-DMR
chr1	384225	384414	16	0.795	0.835	-0.04	non-DMR
chr1	384497	384735	20	0.719	0.763	-0.044	non-DMR
chr1	384869	385033	15	0.66	0.69	-0.029	non-DMR
chr1	385130	385307	16	0.789	0.83	-0.041	non-DMR
chr1	385387	385565	15	0.862	0.904	-0.042	non-DMR
chr1	385681	385913	19	0.58	0.618	-0.038	inconsistent-DMR
chr1	386055	386271	17	0.244	0.2	0.044	non-DMR
chr1	386396	386577	14	0.778	0.815	-0.037	non-DMR
chr1	386695	386867	16	0.583	0.636	-0.052	non-DMR
chr1	387014	387168	15	0.141	0.108	0.033	non-DMR
chr1	387256	387404	13	0.187	0.438	-0.251	notable-DMR
chr1	387532	387738	17	0.772	0.808	-0.036	non-DMR
chr1	387848	388030	15	0.77	0.81	-0.04	non-DMR
chr1	388137	388318	19	0.911	0.955	-0.045	non-DMR
chr1	388431	388563	11	0.841	0.881	-0.04	non-DMR
chr1	388628	388816	17	0.709	0.744	-0.035	non-DMR
chr1	388862	389051	16	0.849	0.89	-0.041	non-DMR
chr1	389162	389332	15	0.124	0.087	0.037	non-DMR
chr1	389433	389644	16	0.532	0.563	-0.032	non-DMR
chr1	389667	389822	12	0.441	0.683	-0.242	good-DMR
chr1	390276	390400	11	0.605	0.883	-0.278	good-DMR
chr1	390929	391113	15	0.751	0.789	-0.038	non-DMR
chr1	391205	391386	16	0.512	0.204	0.308	good-DMR
chr1	391850	392031	16	0.775	0.824	-0.049	non-DMR
chr1	392117	392318	18	0.653	0.686	-0.033	non-DMR
chr1	392404	392600	16	0.785	0.821	-0.037	non-DMR
chr1	392691	392832	13	0.794	0.851	-0.057	non-DMR
chr1	392941	393108	13	0.689	0.738	-0.049	non-DMR
chr1	393197	393387	14	0.723	0.763	-0.04	non-DMR
chr1	393456	393665	16	0.751	0.791	-0.039	non-DMR
chr1	393797	393985	17	0.82	0.858	-0.038	non-DMR
chr1	394055	394218	16	0.508	0.755	-0.247	good-DMR
chr1	394722	394846	13	0.723	0.762	-0.039	non-DMR
chr1	394922	395092	17	0.533	0.558	-0.025	inconsistent-DMR
chr1	395177	395360	18	0.763	0.801	-0.038	non-DMR
chr1	395426	395654	19	0.457	0.703	-0.246	good-DMR
chr1	396152	396323	15	0.58	0.884	-0.304	good-DMR
chr1	396833	397006	15	0.683	0.721	-0.038	non-DMR
chr1	397095	397251	17	0.638	0.665	-0.028	non-DMR
chr1	397356	397551	16	0.63	0.669	-0.039	non-DMR
chr1	397643	397827	17	0.786	0.82	-0.034	non-DMR
chr1	397922	398120	16	0.399	0.639	-0.24	good-DMR
chr1	398572	398743	17	0.081	0.046	0.035	non-DMR
chr1	398872	399057	13	0.646	0.686	-0.04	non-DMR
chr1	399144	399297	14	0.459	0.234	0.225	good-DMR
chr1	399790	399949	14	0.112	0.068	0.044	non-DMR
chr1	400000	400170	13	0.17	0.137	0.034	non-DMR
chr1	400245	400419	12	0.14	0.107	0.033	non-DMR
chr1	400513	400683	16	0.854	0.894	-0.04	non-DMR
chr1	400722	400900	14	0.569	0.776	-0.207	good-DMR
chr1	401192	401399	20	0.57	0.833	-0.263	good-DMR
chr1	401902	402055	14	0.126	0.096	0.029	non-DMR
chr1	402158	402344	17	0.707	0.745	-0.038	non-DMR
chr1	402424	402589	14	0.807	0.839	-0.032	non-DMR
chr1	402707	402846	13	0.599	0.637	-0.038	non-DMR
chr1	402916	403076	15	0.155	0.109	0.046	non-DMR
chr1	403130	403302	16	0.085	0.039	0.046	non-DMR
chr1	403393	403569	15	0.596	0.838	-0.242	good-DMR
chr1	404066	404255	18	0.686	0.725	-0.039	non-DMR
chr1	404310	404477	15	0.394	0.133	0.261	good-DMR
chr1	404971	405155	19	0.393	0.641	-0.248	good-DMR
chr1	405661	405819	14	0.129	0.086	0.043	non-DMR
chr1	405897	406079	16	0.696	0.866	-0.17	good-DMR
chr1	406729	406938	15	0.789	0.828	-0.039	non-DMR
chr1	407038	407207	20	0.831	0.874	-0.043	non-DMR
chr1	407521	407734	18	0.808	0.857	-0.05	non-DMR
chr1	407829	408041	17	0.452	0.659	-0.207	good-DMR
chr1	408579	408743	15	0.808	0.843	-0.035	non-DMR
chr1	408825	409050	21	0.772	0.812	-0.04	non-DMR
chr1	409156	409329	14	0.243	0.202	0.041	non-DMR
chr1	409441	409648	17	0.712	0.755	-0.043	non-DMR
chr1	409704	409878	15	0.726	0.756	-0.03	non-DMR
chr1	410017	410219	19	0.167	0.123	0.044	non-DMR
chr1	410312	410507	17	0.76	0.786	-0.025	non-DMR
chr1	410622	410805	14	0.732	0.777	-0.044	non-DMR
chr1	410902	411099	18	0.457	0.727	-0.27	good-DMR
chr1	411613	411775	13	0.734	0.768	-0.034	non-DMR
chr1	411872	412069	17	0.529	0.725	-0.195	good-DMR
chr1	412496	412661	12	0.804	0.857	-0.053	non-DMR
chr1	412679	412878	17	0.501	0.732	-0.231	good-DMR
chr1	413376	413568	16	0.863	0.626	0.237	good-DMR
chr1	413955	414120	15	0.767	0.799	-0.032	non-DMR
chr1	414141	414341	17	0.458	0.79	-0.332	good-DMR
chr1	414852	415070	21	0.137	0.099	0.038	non-DMR
chr1	415170	415373	20	0.248	0.024	0.225	good-DMR
chr1	415763	415940	19	0.746	0.791	-0.044	non-DMR
chr1	416029	416216	15	0.611	0.801	-0.19	good-DMR
chr1	416642	416840	19	0.562	0.359	0.203	good-DMR
chr1	417362	417560	17	0.766	0.759	0.007	inconsistent-DMR
chr1	417680	417851	15	0.837	0.877	-0.04	non-DMR
chr1	417981	418168	17	0.558	0.6	-0.042	non-DMR
chr1	418239	418465	17	0.525	0.571	-0.047	non-DMR
chr1	418515	418683	16	0.807	0.852	-0.044	non-DMR
chr1	418731	418911	15	0.467	0.184	0.283	good-DMR
chr1	419377	419531	16	0.426	0.144	0.281	good-DMR
chr1	420028	420232	20	0.164	0.128	0.035	non-DMR
chr1	420319	420498	15	0.264	0.226	0.038	non-DMR
chr1	420594	420764	16	0.692	0.739	-0.047	non-DMR
chr1	420835	421007	18	0.605	0.644	-0.039	non-DMR
chr1	421047	421226	14	0.226	0.036	0.19	good-DMR
chr1	421647	421855	18	0.851	0.883	-0.033	non-DMR
chr1	421896	422069	16	0.739	0.772	-0.034	non-DMR
chr1	422087	422283	15	0.686	0.881	-0.195	good-DMR
chr1	422737	422937	15	0.802	0.841	-0.039	non-DMR
chr1	422986	423184	18	0.808	0.846	-0.038	non-DMR
chr1	423263	423422	13	0.589	0.546	0.044	non-DMR
chr1	423480	423670	17	0.858	0.897	-0.039	non-DMR
chr1	423754	423925	13	0.862	0.569	0.293	good-DMR
chr1	424381	424532	15	0.628	0.637	-0.009	inconsistent-DMR
chr1	424655	424830	17	0.153	0.118	0.035	non-DMR
chr1	424884	425088	16	0.666	0.831	-0.165	good-DMR
chr1	425530	425689	15	0.203	0.16	0.043	non-DMR
chr1	425750	425937	15	0.793	0.844	-0.051	non-DMR
chr1	426042	426248	17	0.806	0.837	-0.03	non-DMR
chr1	426312	426544	22	0.556	0.864	-0.308	good-DMR
chr1	426937	427148	20	0.749	0.793	-0.045	non-DMR
chr1	427245	427399	18	0.066	0.028	0.039	non-DMR
chr1	427501	427695	17	0.578	0.959	-0.381	good-DMR
chr1	428115	428265	14	0.798	0.837	-0.039	non-DMR
chr1	428381	428561	14	0.695	0.737	-0.043	non-DMR
chr1	428671	428837	14	0.08	0.045	0.035	non-DMR
chr1	428914	429082	15	0.833	0.871	-0.038	non-DMR
chr1	429152	429311	13	0.684	0.739	-0.055	non-DMR
chr1	429382	429574	19	0.264	0.22	0.044	non-DMR
chr1	429669	429878	19	0.612	0.922	-0.31	good-DMR
chr1	430399	430585	16	0.726	0.77	-0.044	non-DMR
chr1	430619	430778	13	0.622	0.667	-0.045	non-DMR
chr1	430818	430998	15	0.607	0.874	-0.266	good-DMR
chr1	431529	431727	15	0.833	0.873	-0.04	non-DMR
chr1	431855	432032	17	0.657	0.697	-0.041	non-DMR
chr1	432108	432284	17	0.894	0.935	-0.041	non-DMR
chr1	432400	432580	16	0.871	0.915	-0.044	non-DMR
chr1	432658	432812	12	0.564	0.791	-0.227	good-DMR
chr1	433359	433534	14	0.167	0.12	0.048	non-DMR
chr1	433628	433823	17	0.836	0.886	-0.05	non-DMR
chr1	433877	434031	14	0.754	0.793	-0.04	non-DMR
chr1	434123	434292	14	0.549	0.25	0.299	good-DMR
chr1	434837	435034	17	0.719	0.755	-0.036	non-DMR
chr1	435082	435235	17	0.442	0.767	-0.325	notable-DMR
chr1	435373	435579	20	0.299	0.254	0.045	non-DMR
chr1	435687	435889	19	0.169	0.144	0.026	non-DMR
chr1	435923	436123	16	0.825	0.872	-0.047	non-DMR
chr1	436207	436380	16	0.605	0.799	-0.194	good-DMR
chr1	436894	437052	17	0.689	0.733	-0.043	non-DMR
chr1	437128	437315	21	0.748	0.782	-0.034	non-DMR
chr1	437431	437623	14	0.794	0.834	-0.04	non-DMR
chr1	437728	437888	15	0.147	0.115	0.032	non-DMR
chr1	437907	438076	14	0.563	0.763	-0.2	good-DMR
chr1	438534	438708	12	0.609	0.653	-0.044	non-DMR
chr1	438725	438892	15	0.196	0.078	0.117	good-DMR
chr1	439385	439575	15	0.906	0.939	-0.033	non-DMR
chr1	439653	439871	19	0.825	0.866	-0.041	non-DMR
chr1	439925	440090	14	0.087	0.053	0.035	non-DMR
chr1	440211	440396	17	0.16	0.118	0.042	non-DMR
chr1	440525	440699	15	0.665	0.714	-0.049	non-DMR
chr1	440823	441020	17	0.704	0.75	-0.046	non-DMR
chr1	441065	441247	17	0.301	0.254	0.047	non-DMR
chr1	441277	441490	19	0.412	0.125	0.287	good-DMR
chr1	441882	442115	20	0.625	0.868	-0.243	good-DMR
chr1	442558	442760	17	0.419	0.729	-0.31	good-DMR
chr1	443096	443280	17	0.712	0.753	-0.041	non-DMR
chr1	443327	443484	14	0.286	0.247	0.039	non-DMR
chr1	443579	443761	18	0.279	0.064	0.215	good-DMR
chr1	444299	444442	13	0.799	0.847	-0.048	non-DMR
chr1	444525	444725	17	0.82	0.865	-0.045	non-DMR
chr1	444850	445063	15	0.655	0.684	-0.03	non-DMR
chr1	445150	445343	16	0.602	0.756	-0.154	good-DMR
chr1	445773	445997	18	0.282	0.255	0.027	non-DMR
chr1	446137	446312	17	0.752	0.784	-0.033	non-DMR
chr1	446403	446594	18	0.475	0.427	0.048	non-DMR
chr1	446681	446887	17	0.193	0.153	0.04	non-DMR
chr1	446992	447185	17	0.499	0.766	-0.268	good-DMR
chr1	447656	447824	15	0.47	0.715	-0.245	good-DMR
chr1	448322	448512	17	0.789	0.825	-0.036	non-DMR
chr1	448601	448787	15	0.583	0.849	-0.266	good-DMR
chr1	449243	449420	18	0.2	0.161	0.039	non-DMR
chr1	449542	449693	15	0.815	0.857	-0.043	non-DMR
chr1	449758	449944	14	0.849	0.894	-0.045	non-DMR
chr1	450003	450202	15	0.451	0.771	-0.32	good-DMR
chr1	450719	450886	14	0.115	0.071	0.044	non-DMR
chr1	450988	451179	20	0.437	0.652	-0.215	good-DMR
chr1	451612	451826	16	0.757	0.795	-0.039	non-DMR
chr1	451894	452080	16	0.622	0.892	-0.27	good-DMR
chr1	452501	452706	19	0.137	0.093	0.044	non-DMR
chr1	452780	452944	17	0.641	0.685	-0.044	non-DMR
chr1	453065	453278	16	0.706	0.74	-0.035	non-DMR
chr1	453357	453508	13	0.154	0.175	-0.021	inconsistent-DMR
chr1	453921	454102	15	0.909	0.948	-0.039	non-DMR
chr1	454231	454408	15	0.792	0.828	-0.037	non-DMR
chr1	454504	454642	12	0.709	0.763	-0.054	inconsistent-DMR
chr1	454718	454869	14	0.831	0.871	-0.04	non-DMR
chr1	454919	455090	15	0.665	0.873	-0.208	good-DMR
chr1	455616	455821	18	0.854	0.893	-0.039	non-DMR
chr1	455939	456114	15	0.526	0.752	-0.226	notable-DMR
chr1	456167	456364	18	0.66	0.69	-0.03	non-DMR
chr1	456513	456702	17	0.753	0.794	-0.041	non-DMR
chr1	456828	457012	16	0.619	0.651	-0.032	non-DMR
chr1	457065	457252	16	0.643	0.682	-0.039	non-DMR
chr1	457328	457495	17	0.161	0.132	0.029	non-DMR
chr1	457513	457646	13	0.719	0.753	-0.033	non-DMR
chr1	458037	458228	17	0.695	0.736	-0.041	non-DMR
chr1	458333	458502	15	0.438	0.118	0.32	good-DMR
chr1	459020	459225	15	0.822	0.864	-0.042	non-DMR
chr1	459345	459508	13	0.085	0.046	0.039	non-DMR
chr1	459602	459781	16	0.642	0.875	-0.233	good-DMR
chr1	460204	460360	14	0.654	0.869	-0.215	good-DMR
chr1	460849	460984	13	0.24	0.196	0.045	non-DMR
chr1	461044	461235	13	0.344	0.136	0.208	good-DMR
chr1	461683	461870	16	0.19	0.156	0.034	non-DMR
chr1	461935	462130	15	0.462	0.703	-0.241	good-DMR
chr1	462669	462874	19	0.69	0.735	-0.045	non-DMR
chr1	462999	463172	16	0.526	0.57	-0.045	non-DMR
chr1	463218	463414	16	0.643	0.685	-0.042	non-DMR
chr1	463507	463717	16	0.173	0.145	0.028	non-DMR
chr1	463809	463990	19	0.675	0.895	-0.22	good-DMR
chr1	464455	464641	16	0.72	0.902	-0.182	good-DMR
chr1	465156	465373	21	0.553	0.541	0.012	inconsistent-DMR
