chr	start	end	CpG_count	treatment_methylation	control_methylation	mean_delta_methylation	category
chr1	100028	100898	20	0.227	0.182	0.045	non-DMR
chr1	100983	101885	24	0.456	0.701	-0.244	notable-DMR
chr1	101945	103127	29	0.768	0.816	-0.048	non-DMR
chr1	103269	104127	20	0.287	0.23	0.057	inconsistent-DMR
chr1	104190	105086	21	0.636	0.761	-0.125	good-DMR
chr1	105529	106328	20	0.255	0.212	0.043	non-DMR
chr1	106425	107201	21	0.757	0.889	-0.133	good-DMR
chr1	107633	108676	27	0.099	0.061	0.038	non-DMR
chr1	108767	109723	21	0.761	0.798	-0.037	non-DMR
chr1	109825	110825	26	0.725	0.759	-0.034	non-DMR
chr1	110905	111960	27	0.221	0.202	0.02	inconsistent-DMR
chr1	112047	112893	19	0.182	0.139	0.042	non-DMR
chr1	113007	113917	21	0.154	0.104	0.05	non-DMR
chr1	114016	114857	20	0.474	0.762	-0.288	good-DMR
chr1	115353	116145	19	0.575	0.615	-0.04	non-DMR
chr1	116209	117100	24	0.707	0.834	-0.127	good-DMR
chr1	117567	118440	22	0.099	0.062	0.037	non-DMR
chr1	118498	119407	21	0.879	0.916	-0.036	non-DMR
chr1	119525	120323	18	0.698	0.742	-0.043	non-DMR
chr1	120422	121210	19	0.626	0.802	-0.176	good-DMR
chr1	121720	122740	25	0.814	0.854	-0.04	non-DMR
chr1	122844	123550	17	0.486	0.698	-0.212	good-DMR
chr1	124063	124873	20	0.842	0.883	-0.041	non-DMR
chr1	124987	126002	26	0.758	0.809	-0.051	non-DMR
chr1	126093	126995	24	0.813	0.853	-0.04	non-DMR
chr1	127089	128018	24	0.817	0.86	-0.043	non-DMR
chr1	128132	129111	25	0.774	0.82	-0.045	non-DMR
chr1	129168	130173	24	0.746	0.783	-0.037	non-DMR
chr1	130213	131098	20	0.722	0.768	-0.046	non-DMR
chr1	131175	132050	21	0.749	0.793	-0.044	non-DMR
chr1	132144	133161	24	0.834	0.863	-0.029	non-DMR
chr1	133272	134175	20	0.767	0.806	-0.04	non-DMR
chr1	134285	135297	24	0.833	0.871	-0.038	non-DMR
chr1	135409	136276	22	0.701	0.739	-0.038	non-DMR
chr1	136408	137451	26	0.179	0.136	0.043	non-DMR
chr1	137477	138361	26	0.652	0.761	-0.109	sub-DMR
chr1	138889	139881	24	0.653	0.698	-0.046	non-DMR
chr1	139998	140870	21	0.779	0.818	-0.039	non-DMR
chr1	140932	141755	17	0.14	0.104	0.037	non-DMR
chr1	141898	142812	21	0.656	0.691	-0.035	non-DMR
chr1	142885	144091	31	0.787	0.823	-0.036	non-DMR
chr1	144137	145081	23	0.542	0.777	-0.236	good-DMR
chr1	145565	146318	16	0.801	0.844	-0.043	non-DMR
chr1	146362	147239	20	0.611	0.646	-0.035	non-DMR
chr1	147296	148243	23	0.586	0.784	-0.198	good-DMR
chr1	148713	149595	21	0.686	0.735	-0.048	non-DMR
chr1	151629	152659	25	0.784	0.827	-0.043	inconsistent-DMR
chr1	152782	153937	26	0.767	0.811	-0.045	non-DMR
chr1	154020	154820	18	0.743	0.786	-0.043	non-DMR
chr1	154898	155689	18	0.493	0.765	-0.272	good-DMR
chr1	156145	157235	28	0.7	0.741	-0.042	non-DMR
chr1	157310	158280	24	0.847	0.891	-0.044	non-DMR
chr1	158348	159206	23	0.716	0.752	-0.036	non-DMR
chr1	159217	160233	28	0.361	0.637	-0.275	good-DMR
chr1	160752	161874	25	0.687	0.721	-0.034	non-DMR
chr1	161981	163086	24	0.272	0.232	0.04	inconsistent-DMR
chr1	163180	164110	19	0.664	0.786	-0.122	good-DMR
chr1	164619	165574	23	0.097	0.049	0.048	non-DMR
chr1	165671	166568	23	0.813	0.857	-0.044	non-DMR
chr1	167737	168820	28	0.157	0.117	0.04	non-DMR
chr1	168956	169858	18	0.214	0.181	0.033	non-DMR
chr1	169958	170753	20	0.56	0.591	-0.031	inconsistent-DMR
chr1	170818	171933	27	0.515	0.771	-0.256	good-DMR
chr1	172387	173348	26	0.728	0.763	-0.035	non-DMR
chr1	173410	174405	23	0.536	0.856	-0.32	good-DMR
chr1	174932	175921	25	0.874	0.917	-0.043	non-DMR
chr1	175999	177059	25	0.822	0.87	-0.048	non-DMR
chr1	178322	179164	20	0.492	0.594	-0.102	sub-DMR
chr1	179581	180541	22	0.625	0.594	0.031	non-DMR
chr1	180567	181482	21	0.586	0.799	-0.214	good-DMR
chr1	182003	182949	23	0.621	0.664	-0.043	non-DMR
chr1	183028	184135	25	0.307	0.715	-0.408	good-DMR
chr1	184594	185586	23	0.403	0.61	-0.207	good-DMR
chr1	186091	186920	20	0.804	0.844	-0.04	non-DMR
chr1	186983	187961	24	0.732	0.843	-0.111	sub-DMR
chr1	188430	189379	23	0.23	0.119	0.111	sub-DMR
chr1	189887	190696	19	0.839	0.874	-0.035	non-DMR
chr1	190778	191655	22	0.468	0.764	-0.296	good-DMR
chr1	192127	192947	18	0.838	0.88	-0.043	non-DMR
chr1	193011	193909	20	0.648	0.784	-0.137	good-DMR
chr1	194373	195417	25	0.741	0.782	-0.041	non-DMR
chr1	195480	196330	18	0.596	0.629	-0.033	non-DMR
chr1	196419	197258	23	0.579	0.819	-0.24	good-DMR
chr1	197692	198628	19	0.337	0.036	0.301	good-DMR
chr1	199106	200010	24	0.192	0.186	0.006	inconsistent-DMR
chr1	200113	200929	18	0.563	0.226	0.336	good-DMR
chr1	201453	202369	20	0.835	0.877	-0.042	non-DMR
chr1	202444	203265	20	0.573	0.836	-0.263	good-DMR
chr1	203726	204792	25	0.769	0.81	-0.041	non-DMR
chr1	204903	205806	19	0.762	0.795	-0.034	non-DMR
chr1	205858	206730	21	0.096	0.054	0.043	non-DMR
chr1	206770	207697	22	0.813	0.85	-0.037	non-DMR
chr1	207772	208872	27	0.44	0.74	-0.3	good-DMR
chr1	209380	210293	22	0.648	0.687	-0.039	non-DMR
chr1	210363	211231	24	0.817	0.862	-0.044	non-DMR
chr1	211359	212236	21	0.796	0.825	-0.029	non-DMR
chr1	212335	213213	20	0.866	0.895	-0.029	non-DMR
chr1	213318	214248	22	0.745	0.78	-0.035	non-DMR
chr1	214332	215131	18	0.544	0.645	-0.101	sub-DMR
chr1	215590	216468	19	0.646	0.382	0.265	good-DMR
chr1	216919	217762	20	0.76	0.802	-0.041	non-DMR
chr1	217862	218809	28	0.818	0.857	-0.039	non-DMR
chr1	218883	219764	24	0.578	0.298	0.28	good-DMR
chr1	220237	221416	27	0.815	0.854	-0.04	non-DMR
chr1	221465	222379	23	0.775	0.814	-0.039	non-DMR
chr1	222422	223307	22	0.759	0.796	-0.038	non-DMR
chr1	223422	224261	21	0.155	0.118	0.037	non-DMR
chr1	224287	225195	21	0.811	0.851	-0.04	non-DMR
chr1	225316	226193	23	0.418	0.389	0.029	inconsistent-DMR
chr1	226411	227215	19	0.741	0.789	-0.048	non-DMR
chr1	227297	228242	22	0.794	0.832	-0.038	non-DMR
chr1	228314	229144	20	0.639	0.804	-0.165	good-DMR
chr1	229540	230575	23	0.809	0.572	0.237	good-DMR
chr1	230925	231865	21	0.296	0.084	0.212	good-DMR
chr1	232369	233235	20	0.488	0.29	0.198	good-DMR
chr1	233720	234573	20	0.777	0.812	-0.036	non-DMR
chr1	234705	235776	27	0.91	0.948	-0.039	non-DMR
chr1	235866	236966	28	0.795	0.836	-0.041	non-DMR
chr1	237071	237780	17	0.799	0.838	-0.04	non-DMR
chr1	237836	238877	23	0.578	0.812	-0.234	notable-DMR
chr1	238988	239950	23	0.733	0.775	-0.042	non-DMR
chr1	240056	241037	23	0.799	0.839	-0.04	non-DMR
chr1	241071	241806	17	0.71	0.753	-0.042	non-DMR
chr1	241944	242758	20	0.124	0.08	0.044	non-DMR
chr1	242874	243786	22	0.825	0.864	-0.04	non-DMR
chr1	243868	244902	26	0.617	0.857	-0.24	good-DMR
chr1	245262	246344	24	0.796	0.836	-0.04	non-DMR
chr1	246459	247462	23	0.433	0.721	-0.288	notable-DMR
chr1	247522	248371	20	0.833	0.876	-0.043	non-DMR
chr1	248378	249322	22	0.531	0.782	-0.251	good-DMR
chr1	249805	250775	19	0.289	0.05	0.239	good-DMR
chr1	251174	252300	26	0.541	0.592	-0.052	non-DMR
chr1	252391	253252	20	0.659	0.699	-0.04	non-DMR
chr1	253273	254212	24	0.472	0.801	-0.329	good-DMR
chr1	254737	255782	24	0.463	0.505	-0.042	non-DMR
chr1	255866	256720	23	0.622	0.58	0.042	non-DMR
chr1	256839	257603	18	0.656	0.682	-0.026	non-DMR
chr1	257725	258606	20	0.841	0.873	-0.032	non-DMR
chr1	258690	259577	23	0.832	0.873	-0.041	non-DMR
chr1	259649	260516	21	0.508	0.19	0.318	good-DMR
chr1	260872	261625	20	0.176	0.14	0.036	non-DMR
chr1	261764	262702	24	0.668	0.71	-0.043	non-DMR
chr1	262808	263838	24	0.799	0.843	-0.044	non-DMR
chr1	265174	266051	23	0.549	0.844	-0.295	good-DMR
chr1	266395	267143	17	0.693	0.735	-0.041	non-DMR
chr1	267242	268176	21	0.655	0.69	-0.035	non-DMR
chr1	268309	269319	23	0.778	0.816	-0.038	non-DMR
chr1	269377	270351	22	0.726	0.767	-0.041	non-DMR
chr1	270395	271357	22	0.386	0.576	-0.191	good-DMR
chr1	271851	272969	26	0.556	0.796	-0.24	good-DMR
chr1	273486	274418	23	0.796	0.832	-0.037	non-DMR
chr1	274550	275399	20	0.831	0.862	-0.031	non-DMR
chr1	275514	276472	23	0.415	0.372	0.043	non-DMR
chr1	276536	277514	25	0.858	0.893	-0.035	non-DMR
chr1	277614	278768	31	0.874	0.909	-0.035	non-DMR
chr1	278817	279694	19	0.686	0.73	-0.044	non-DMR
chr1	279702	280645	22	0.745	0.85	-0.105	sub-DMR
chr1	281159	282037	24	0.786	0.832	-0.046	non-DMR
chr1	282123	283067	20	0.756	0.802	-0.045	non-DMR
chr1	283075	284021	22	0.756	0.857	-0.101	sub-DMR
chr1	284536	285607	24	0.74	0.783	-0.043	non-DMR
chr1	285683	286597	24	0.774	0.808	-0.034	non-DMR
chr1	286717	287742	23	0.707	0.749	-0.042	non-DMR
chr1	287864	288757	21	0.445	0.154	0.291	notable-DMR
chr1	288861	289772	23	0.748	0.787	-0.038	non-DMR
chr1	289838	290926	30	0.73	0.773	-0.043	non-DMR
chr1	290991	291890	20	0.576	0.782	-0.206	notable-DMR
chr1	291984	292946	22	0.792	0.831	-0.039	non-DMR
chr1	292994	294048	26	0.547	0.818	-0.271	good-DMR
chr1	294531	295644	25	0.764	0.815	-0.051	non-DMR
chr1	295744	296783	24	0.465	0.795	-0.33	good-DMR
chr1	297258	298223	23	0.74	0.776	-0.036	non-DMR
chr1	298307	299054	19	0.464	0.736	-0.272	notable-DMR
chr1	299081	299999	25	0.725	0.77	-0.045	non-DMR
chr1	302120	303098	21	0.653	0.695	-0.041	non-DMR
chr1	303219	304209	25	0.822	0.867	-0.044	non-DMR
chr1	304252	305177	21	0.584	0.538	0.046	non-DMR
chr1	305267	306147	21	0.689	0.727	-0.038	non-DMR
chr1	306246	307147	23	0.676	0.717	-0.041	non-DMR
chr1	307235	308254	25	0.228	0.196	0.032	non-DMR
chr1	308313	309321	23	0.372	0.657	-0.285	good-DMR
chr1	309851	310471	14	0.73	0.78	-0.05	non-DMR
chr1	310595	311429	20	0.62	0.659	-0.039	non-DMR
chr1	311462	312498	21	0.523	0.821	-0.298	good-DMR
chr1	313037	313932	26	0.533	0.577	-0.043	non-DMR
chr1	313983	315095	26	0.551	0.757	-0.206	good-DMR
chr1	315423	316282	20	0.736	0.788	-0.051	non-DMR
chr1	316396	317356	22	0.211	0.174	0.037	non-DMR
chr1	317447	318350	21	0.735	0.77	-0.036	non-DMR
chr1	318431	319310	22	0.252	0.028	0.224	good-DMR
chr1	319818	320696	21	0.721	0.763	-0.042	non-DMR
chr1	320750	321889	26	0.165	0.121	0.044	non-DMR
chr1	322011	322848	19	0.782	0.82	-0.037	non-DMR
chr1	322970	323862	21	0.119	0.083	0.036	non-DMR
chr1	323952	324810	23	0.678	0.717	-0.039	non-DMR
chr1	324922	325974	25	0.164	0.185	-0.021	inconsistent-DMR
chr1	326081	327105	24	0.722	0.764	-0.041	non-DMR
chr1	327198	328068	20	0.782	0.823	-0.04	non-DMR
chr1	328205	329212	27	0.704	0.737	-0.032	non-DMR
chr1	330341	331397	25	0.7	0.868	-0.168	good-DMR
chr1	331911	333021	25	0.828	0.865	-0.037	non-DMR
chr1	333148	334133	26	0.609	0.617	-0.009	inconsistent-DMR
chr1	334247	335292	25	0.407	0.678	-0.271	good-DMR
chr1	335703	336597	25	0.868	0.903	-0.035	non-DMR
chr1	336703	337587	22	0.816	0.924	-0.108	sub-DMR
chr1	338100	339106	24	0.126	0.088	0.038	non-DMR
chr1	339179	340036	20	0.138	0.098	0.04	non-DMR
chr1	340118	341241	26	0.821	0.861	-0.04	non-DMR
chr1	341341	342257	24	0.26	0.073	0.187	good-DMR
chr1	342734	343655	22	0.722	0.74	-0.018	inconsistent-DMR
chr1	343795	344705	19	0.738	0.776	-0.038	non-DMR
chr1	344762	345567	19	0.802	0.851	-0.049	non-DMR
chr1	345645	346617	27	0.475	0.627	-0.152	good-DMR
chr1	346991	347965	23	0.287	0.601	-0.314	good-DMR
chr1	348420	349385	21	0.367	0.623	-0.256	good-DMR
chr1	349812	350801	24	0.419	0.702	-0.283	good-DMR
chr1	351297	352372	22	0.762	0.869	-0.106	sub-DMR
chr1	352733	353561	22	0.677	0.709	-0.032	non-DMR
chr1	353707	354855	25	0.74	0.933	-0.193	notable-DMR
chr1	354967	355859	22	0.777	0.818	-0.041	non-DMR
chr1	355936	356914	23	0.169	0.128	0.041	non-DMR
chr1	357022	358012	23	0.76	0.81	-0.05	non-DMR
chr1	358069	359105	24	0.732	0.771	-0.039	non-DMR
chr1	359208	359990	20	0.386	0.605	-0.219	good-DMR
chr1	360490	361418	21	0.369	0.132	0.237	good-DMR
chr1	361954	362806	23	0.669	0.707	-0.038	non-DMR
chr1	362926	364041	23	0.728	0.764	-0.035	non-DMR
chr1	364151	365099	23	0.679	0.722	-0.044	non-DMR
chr1	365153	366001	23	0.824	0.868	-0.044	non-DMR
chr1	366068	367038	22	0.639	0.824	-0.185	good-DMR
chr1	367465	368239	18	0.685	0.728	-0.042	non-DMR
chr1	368334	369191	21	0.641	0.601	0.04	inconsistent-DMR
chr1	369287	370369	26	0.378	0.594	-0.216	good-DMR
chr1	370871	371780	23	0.599	0.637	-0.038	non-DMR
chr1	371881	372758	19	0.832	0.87	-0.038	non-DMR
chr1	372787	373608	21	0.479	0.772	-0.294	good-DMR
chr1	374126	375057	23	0.589	0.628	-0.039	non-DMR
chr1	375098	376160	25	0.852	0.896	-0.044	non-DMR
chr1	376263	377376	27	0.525	0.882	-0.357	good-DMR
chr1	377741	378642	21	0.667	0.901	-0.234	good-DMR
chr1	379173	379940	20	0.578	0.623	-0.045	non-DMR
chr1	380066	380878	20	0.689	0.731	-0.042	non-DMR
chr1	380965	381941	21	0.78	0.826	-0.047	non-DMR
chr1	382023	383097	25	0.665	0.706	-0.041	non-DMR
chr1	383198	384245	23	0.798	0.846	-0.048	non-DMR
chr1	384332	385381	24	0.45	0.689	-0.24	good-DMR
chr1	385887	386908	24	0.718	0.763	-0.044	non-DMR
chr1	386943	387956	21	0.619	0.655	-0.035	non-DMR
chr1	388007	388816	18	0.744	0.795	-0.052	non-DMR
chr1	388882	389858	22	0.591	0.629	-0.038	non-DMR
chr1	389924	390894	22	0.157	0.108	0.05	non-DMR
chr1	390975	391740	18	0.177	0.125	0.052	non-DMR
chr1	391836	392706	20	0.465	0.724	-0.259	good-DMR
chr1	393174	394173	24	0.879	0.92	-0.041	non-DMR
chr1	394283	395382	26	0.504	0.744	-0.24	notable-DMR
chr1	395498	396412	21	0.735	0.778	-0.043	non-DMR
chr1	396462	397309	19	0.184	0.493	-0.309	good-DMR
chr1	397790	398805	22	0.637	0.596	0.041	non-DMR
chr1	398879	399775	21	0.116	0.084	0.032	non-DMR
chr1	399808	400847	27	0.784	0.83	-0.045	non-DMR
chr1	400950	402067	28	0.812	0.85	-0.038	non-DMR
chr1	402180	403321	24	0.68	0.725	-0.045	non-DMR
chr1	403452	404297	20	0.715	0.765	-0.05	non-DMR
chr1	404395	405438	20	0.634	0.669	-0.035	inconsistent-DMR
chr1	405554	406494	21	0.797	0.906	-0.109	sub-DMR
chr1	406918	407757	20	0.778	0.814	-0.037	non-DMR
chr1	407840	408738	20	0.726	0.771	-0.045	non-DMR
chr1	408851	409937	26	0.801	0.846	-0.044	non-DMR
chr1	410028	410816	19	0.767	0.805	-0.038	non-DMR
chr1	410920	411943	25	0.646	0.372	0.274	good-DMR
chr1	412423	413566	27	0.153	0.118	0.035	non-DMR
chr1	413638	414617	26	0.766	0.801	-0.035	non-DMR
chr1	414717	415652	20	0.832	0.872	-0.04	non-DMR
chr1	415737	416594	21	0.208	0.163	0.045	non-DMR
chr1	416683	417756	27	0.479	0.762	-0.283	good-DMR
chr1	418248	419164	23	0.749	0.916	-0.167	good-DMR
chr1	419653	420665	26	0.776	0.822	-0.047	non-DMR
chr1	420712	421719	24	0.601	0.703	-0.103	sub-DMR
chr1	422240	423149	25	0.866	0.901	-0.035	non-DMR
chr1	423295	424164	18	0.693	0.738	-0.045	non-DMR
chr1	424303	425271	26	0.807	0.842	-0.036	non-DMR
chr1	425363	426511	31	0.699	0.735	-0.037	non-DMR
chr1	426607	427402	20	0.591	0.635	-0.044	non-DMR
chr1	427443	428296	21	0.557	0.596	-0.038	non-DMR
chr1	428339	429309	23	0.413	0.673	-0.26	good-DMR
chr1	429741	430591	21	0.741	0.78	-0.039	non-DMR
chr1	430734	431708	23	0.62	0.66	-0.04	non-DMR
chr1	431754	432739	25	0.286	0.117	0.169	good-DMR
chr1	433194	434025	20	0.823	0.854	-0.031	non-DMR
chr1	434128	435170	23	0.526	0.849	-0.323	good-DMR
chr1	435681	436671	21	0.887	0.928	-0.041	non-DMR
chr1	436724	437756	26	0.292	0.246	0.046	non-DMR
chr1	437801	438702	21	0.706	0.757	-0.051	non-DMR
chr1	438733	439758	22	0.71	0.914	-0.205	notable-DMR
chr1	439807	440795	24	0.605	0.565	0.039	non-DMR
chr1	440874	441721	21	0.529	0.495	0.034	non-DMR
chr1	441835	442712	20	0.678	0.713	-0.035	non-DMR
chr1	442795	443807	22	0.696	0.746	-0.051	non-DMR
chr1	443909	444847	20	0.799	0.83	-0.031	non-DMR
chr1	444961	445897	22	0.681	0.714	-0.034	non-DMR
chr1	445942	446966	25	0.812	0.856	-0.043	non-DMR
chr1	447012	447880	19	0.766	0.811	-0.045	non-DMR
chr1	447979	448744	17	0.685	0.736	-0.051	non-DMR
chr1	448815	449690	22	0.199	0.047	0.152	notable-DMR
chr1	449732	450634	22	0.546	0.591	-0.045	non-DMR
chr1	450660	451527	22	0.483	0.763	-0.28	good-DMR
chr1	451945	452945	23	0.757	0.713	0.043	inconsistent-DMR
chr1	453166	454153	24	0.228	0.189	0.039	non-DMR
chr1	454208	455294	24	0.359	0.091	0.268	good-DMR
chr1	455673	456620	23	0.745	0.784	-0.039	non-DMR
chr1	456726	457645	21	0.85	0.896	-0.046	non-DMR
chr1	457678	458674	21	0.503	0.863	-0.36	good-DMR
chr1	459095	459986	20	0.729	0.838	-0.11	sub-DMR
chr1	460447	461251	20	0.633	0.668	-0.034	non-DMR
chr1	461359	462305	23	0.765	0.729	0.035	inconsistent-DMR
chr1	462467	463539	29	0.091	0.044	0.047	non-DMR
chr1	464581	465640	27	0.183	0.139	0.044	non-DMR
chr1	465680	466613	18	0.184	0.078	0.105	sub-DMR
chr1	467131	468192	24	0.623	0.669	-0.046	non-DMR
chr1	468256	469225	21	0.21	0.169	0.041	non-DMR
chr1	469305	470083	19	0.582	0.86	-0.278	good-DMR
chr1	470523	471499	21	0.183	0.148	0.035	non-DMR
chr1	471573	472608	22	0.471	0.137	0.333	good-DMR
chr1	472971	474149	30	0.668	0.477	0.191	good-DMR
chr1	474540	475471	20	0.766	0.81	-0.045	non-DMR
chr1	475573	476532	20	0.701	0.736	-0.036	non-DMR
chr1	477548	478527	21	0.778	0.815	-0.037	non-DMR
chr1	478673	479808	24	0.405	0.095	0.31	notable-DMR
chr1	479851	480845	23	0.66	0.708	-0.048	non-DMR
chr1	480951	481893	23	0.42	0.65	-0.231	good-DMR
chr1	482422	483362	22	0.679	0.728	-0.049	non-DMR
chr1	483504	484491	25	0.795	0.844	-0.049	non-DMR
chr1	484615	485484	20	0.76	0.802	-0.042	non-DMR
chr1	485608	486743	28	0.551	0.204	0.347	notable-DMR
chr1	486808	487661	20	0.805	0.842	-0.037	non-DMR
chr1	487793	488669	22	0.113	0.07	0.043	non-DMR
chr1	488742	489719	22	0.525	0.806	-0.281	good-DMR
chr1	490217	490984	20	0.747	0.777	-0.03	non-DMR
chr1	491032	491887	21	0.826	0.872	-0.046	non-DMR
chr1	491963	493008	26	0.745	0.794	-0.049	non-DMR
chr1	493037	493931	21	0.351	0.192	0.159	good-DMR
chr1	494261	495223	22	0.618	0.66	-0.043	non-DMR
chr1	495331	496325	22	0.606	0.647	-0.04	non-DMR
chr1	496404	497419	21	0.456	0.157	0.299	good-DMR
chr1	497840	498834	21	0.149	0.113	0.037	non-DMR
chr1	498857	499753	20	0.277	0.091	0.186	good-DMR
chr1	500162	501043	21	0.588	0.411	0.177	good-DMR
chr1	501479	502474	23	0.714	0.749	-0.035	non-DMR
chr1	502606	503600	23	0.25	0.211	0.039	non-DMR
chr1	503641	504562	23	0.541	0.716	-0.175	good-DMR
chr1	505008	506161	27	0.24	0.2	0.039	non-DMR
chr1	506260	507111	20	0.578	0.623	-0.044	non-DMR
chr1	507218	508161	24	0.092	0.051	0.04	non-DMR
chr1	508290	509336	25	0.243	0.204	0.039	non-DMR
chr1	509463	510433	23	0.732	0.769	-0.037	non-DMR
chr1	510531	511507	22	0.646	0.688	-0.041	non-DMR
chr1	511558	512557	26	0.372	0.6	-0.228	good-DMR
chr1	512915	513864	21	0.703	0.814	-0.111	sub-DMR
chr1	514236	515263	23	0.425	0.712	-0.287	good-DMR
chr1	515737	516765	25	0.676	0.656	0.02	inconsistent-DMR
chr1	516871	517870	24	0.845	0.886	-0.04	non-DMR
chr1	517968	518894	23	0.305	0.053	0.252	good-DMR
chr1	519401	520344	22	0.786	0.823	-0.037	non-DMR
chr1	520379	521330	21	0.573	0.83	-0.258	good-DMR
chr1	521828	522836	23	0.681	0.729	-0.048	non-DMR
chr1	522889	523826	21	0.768	0.873	-0.105	sub-DMR
chr1	524334	525251	26	0.111	0.073	0.037	non-DMR
chr1	525353	526298	22	0.773	0.807	-0.034	non-DMR
chr1	526331	527279	22	0.748	0.786	-0.038	non-DMR
chr1	527324	528261	27	0.569	0.614	-0.045	non-DMR
chr1	528355	529336	27	0.583	0.546	0.038	non-DMR
chr1	529407	530232	22	0.631	0.674	-0.042	non-DMR
chr1	530298	531255	23	0.515	0.752	-0.237	good-DMR
chr1	531787	532759	21	0.111	0.066	0.045	non-DMR
chr1	532821	533835	23	0.787	0.829	-0.042	non-DMR
chr1	533918	534912	24	0.319	0.1	0.219	good-DMR
chr1	535244	536141	25	0.135	0.095	0.04	non-DMR
chr1	536218	537207	25	0.808	0.852	-0.043	non-DMR
chr1	537280	538258	23	0.67	0.711	-0.041	non-DMR
chr1	538385	539286	22	0.613	0.656	-0.043	non-DMR
chr1	539302	540173	21	0.665	0.768	-0.104	sub-DMR
chr1	540611	541661	24	0.544	0.502	0.042	non-DMR
chr1	541766	542681	22	0.153	0.11	0.044	non-DMR
chr1	542778	543647	19	0.406	0.634	-0.228	good-DMR
chr1	543955	544880	23	0.581	0.858	-0.277	good-DMR
chr1	545383	546202	19	0.654	0.756	-0.102	sub-DMR
chr1	546706	547659	23	0.783	0.828	-0.044	non-DMR
chr1	547785	548948	26	0.671	0.713	-0.042	non-DMR
chr1	549053	550019	23	0.668	0.711	-0.043	non-DMR
chr1	550092	551057	23	0.601	0.864	-0.263	good-DMR
chr1	551505	552381	24	0.423	0.693	-0.27	good-DMR
chr1	552836	553807	23	0.397	0.688	-0.292	good-DMR
chr1	554134	554816	18	0.716	0.749	-0.033	non-DMR
chr1	554855	555927	24	0.184	0.14	0.044	non-DMR
chr1	556050	557022	24	0.728	0.773	-0.045	non-DMR
chr1	557147	558100	24	0.831	0.876	-0.045	non-DMR
chr1	558177	559133	21	0.663	0.705	-0.042	non-DMR
chr1	559204	560191	25	0.184	0.147	0.037	non-DMR
chr1	560292	561271	22	0.651	0.694	-0.043	non-DMR
chr1	561368	562255	23	0.365	0.119	0.246	good-DMR
chr1	562741	563904	27	0.109	0.065	0.044	non-DMR
chr1	565130	566229	26	0.634	0.674	-0.04	non-DMR
chr1	566331	567283	20	0.388	0.14	0.248	good-DMR
chr1	567754	568743	27	0.605	0.774	-0.169	good-DMR
chr1	569219	570168	20	0.64	0.767	-0.126	good-DMR
chr1	570572	571514	26	0.169	0.124	0.045	non-DMR
chr1	571539	572523	22	0.509	0.8	-0.29	good-DMR
chr1	573025	573920	24	0.757	0.801	-0.044	non-DMR
chr1	574056	574929	20	0.676	0.709	-0.033	non-DMR
chr1	575005	575887	21	0.481	0.765	-0.284	good-DMR
chr1	576358	577309	21	0.876	0.917	-0.041	non-DMR
chr1	577411	578351	23	0.81	0.846	-0.036	non-DMR
chr1	578451	579370	24	0.122	0.084	0.038	non-DMR
chr1	579439	580460	23	0.798	0.842	-0.044	non-DMR
chr1	581653	582395	18	0.641	0.601	0.039	non-DMR
chr1	582461	583511	23	0.255	0.219	0.036	non-DMR
chr1	583561	584466	24	0.584	0.843	-0.259	good-DMR
chr1	584963	585833	22	0.679	0.732	-0.053	non-DMR
chr1	585924	586991	26	0.153	0.105	0.048	non-DMR
chr1	587069	587916	19	0.477	0.684	-0.208	good-DMR
chr1	588443	589507	25	0.584	0.544	0.039	non-DMR
chr1	589605	590425	19	0.629	0.666	-0.037	non-DMR
chr1	590511	591443	24	0.718	0.857	-0.139	good-DMR
chr1	591770	592636	19	0.483	0.198	0.285	good-DMR
chr1	593148	594059	26	0.781	0.819	-0.038	non-DMR
chr1	594186	595120	24	0.71	0.747	-0.037	non-DMR
chr1	595231	596156	20	0.861	0.898	-0.037	non-DMR
chr1	596244	597046	21	0.774	0.811	-0.037	non-DMR
chr1	597155	598067	20	0.625	0.661	-0.036	non-DMR
chr1	598144	599175	23	0.358	0.609	-0.251	good-DMR
chr1	599647	600553	22	0.476	0.728	-0.253	good-DMR
chr1	600995	602051	26	0.355	0.115	0.241	good-DMR
chr1	602552	603545	26	0.841	0.882	-0.042	non-DMR
chr1	603583	604532	26	0.441	0.696	-0.255	good-DMR
chr1	605019	605979	24	0.654	0.861	-0.207	good-DMR
chr1	606512	607398	21	0.777	0.818	-0.041	non-DMR
chr1	607466	608279	16	0.152	0.118	0.034	non-DMR
chr1	608417	609290	19	0.852	0.888	-0.035	non-DMR
chr1	609340	610369	27	0.436	0.704	-0.268	good-DMR
chr1	610821	611925	24	0.633	0.846	-0.212	good-DMR
chr1	612451	613351	22	0.178	0.137	0.041	non-DMR
chr1	613406	614535	26	0.411	0.687	-0.276	good-DMR
chr1	615044	616012	24	0.84	0.886	-0.046	non-DMR
chr1	616158	617130	23	0.136	0.096	0.04	non-DMR
chr1	617229	618071	18	0.763	0.801	-0.038	non-DMR
chr1	618176	619051	24	0.792	0.832	-0.04	non-DMR
chr1	619114	620107	26	0.55	0.756	-0.206	notable-DMR
chr1	620147	621192	28	0.782	0.821	-0.039	non-DMR
chr1	621275	622215	24	0.494	0.602	-0.108	sub-DMR
chr1	622667	623571	22	0.434	0.754	-0.32	good-DMR
chr1	624032	625008	20	0.494	0.732	-0.238	good-DMR
chr1	625512	626511	26	0.715	0.752	-0.037	non-DMR
chr1	626590	627408	22	0.126	0.093	0.034	non-DMR
chr1	627532	628521	25	0.666	0.704	-0.039	non-DMR
chr1	628577	629550	21	0.818	0.856	-0.038	non-DMR
chr1	629607	630745	28	0.653	0.699	-0.045	non-DMR
chr1	630857	631590	17	0.537	0.606	-0.07	inconsistent-DMR
chr1	631675	632734	25	0.611	0.843	-0.231	good-DMR
chr1	633213	634149	22	0.544	0.851	-0.308	good-DMR
chr1	634514	635396	22	0.595	0.642	-0.047	non-DMR
chr1	635473	636295	18	0.704	0.811	-0.106	sub-DMR
chr1	636786	637613	22	0.613	0.657	-0.044	non-DMR
chr1	638812	639882	25	0.74	0.782	-0.042	non-DMR
chr1	639998	640656	16	0.554	0.912	-0.358	notable-DMR
chr1	640749	641719	24	0.68	0.715	-0.035	non-DMR
chr1	641809	642905	25	0.811	0.85	-0.039	non-DMR
chr1	642949	643872	22	0.525	0.754	-0.229	good-DMR
chr1	644340	645386	27	0.355	0.25	0.105	sub-DMR
chr1	645869	646698	22	0.302	0.025	0.277	good-DMR
chr1	647185	648038	21	0.786	0.834	-0.048	non-DMR
chr1	648090	649088	25	0.136	0.093	0.043	non-DMR
chr1	649197	650059	22	0.771	0.822	-0.051	non-DMR
chr1	650150	650938	19	0.248	0.204	0.044	non-DMR
chr1	650970	651847	23	0.52	0.774	-0.255	good-DMR
chr1	652354	653219	23	0.748	0.793	-0.045	non-DMR
chr1	653283	654239	24	0.743	0.792	-0.049	non-DMR
chr1	654297	655283	22	0.828	0.871	-0.043	non-DMR
chr1	655339	656429	25	0.583	0.759	-0.176	good-DMR
chr1	656861	657789	21	0.748	0.789	-0.041	non-DMR
chr1	657877	658710	21	0.124	0.083	0.042	non-DMR
chr1	658737	659632	22	0.728	0.832	-0.104	sub-DMR
chr1	660152	661196	25	0.664	0.688	-0.025	inconsistent-DMR
chr1	661263	662355	24	0.796	0.836	-0.04	non-DMR
chr1	662434	663383	22	0.552	0.251	0.301	good-DMR
chr1	663880	664695	19	0.126	0.025	0.101	sub-DMR
chr1	665170	666221	24	0.68	0.884	-0.204	good-DMR
chr1	666707	667936	29	0.76	0.733	0.027	inconsistent-DMR
chr1	668050	669031	22	0.663	0.708	-0.045	non-DMR
chr1	669162	669954	18	0.763	0.8	-0.037	non-DMR
chr1	670044	670880	20	0.436	0.237	0.2	good-DMR
chr1	671362	672350	23	0.179	0.135	0.044	non-DMR
chr1	672430	673640	29	0.791	0.841	-0.049	non-DMR
chr1	673771	674714	23	0.847	0.888	-0.041	non-DMR
chr1	674849	675718	20	0.832	0.865	-0.033	non-DMR
chr1	675862	676810	24	0.825	0.863	-0.038	non-DMR
chr1	676874	677857	24	0.617	0.729	-0.111	sub-DMR
chr1	678288	679256	27	0.739	0.776	-0.037	non-DMR
chr1	679353	680127	20	0.54	0.795	-0.255	good-DMR
chr1	680471	681502	25	0.491	0.722	-0.231	good-DMR
chr1	681976	683057	24	0.741	0.782	-0.041	non-DMR
chr1	683117	684176	29	0.885	0.928	-0.043	non-DMR
chr1	684282	685117	22	0.736	0.778	-0.042	non-DMR
chr1	685211	686017	22	0.754	0.801	-0.047	non-DMR
chr1	686029	686984	22	0.583	0.883	-0.3	good-DMR
chr1	687312	688349	26	0.105	0.067	0.038	non-DMR
chr1	688466	689264	20	0.155	0.112	0.043	non-DMR
chr1	689348	690385	20	0.094	0.05	0.044	non-DMR
chr1	690506	691348	19	0.681	0.721	-0.04	non-DMR
chr1	692383	693367	22	0.696	0.739	-0.042	non-DMR
chr1	693489	694263	17	0.353	0.31	0.043	non-DMR
chr1	694371	695302	22	0.702	0.74	-0.038	non-DMR
chr1	695415	696049	14	0.694	0.729	-0.036	non-DMR
chr1	696103	697210	28	0.171	0.128	0.043	non-DMR
chr1	697336	698291	22	0.81	0.846	-0.036	non-DMR
chr1	699635	700444	19	0.567	0.816	-0.249	good-DMR
chr1	700911	701861	21	0.628	0.849	-0.221	good-DMR
chr1	702359	703429	23	0.769	0.812	-0.043	non-DMR
chr1	703483	704545	26	0.138	0.095	0.043	non-DMR
chr1	705565	706605	24	0.719	0.837	-0.118	sub-DMR
chr1	707143	707824	16	0.746	0.778	-0.032	non-DMR
chr1	707956	708775	20	0.149	0.113	0.036	non-DMR
chr1	708869	709886	25	0.152	0.114	0.038	non-DMR
chr1	710009	711072	25	0.13	0.087	0.043	non-DMR
chr1	711177	712074	22	0.072	0.03	0.042	non-DMR
chr1	712187	712880	19	0.594	0.629	-0.035	non-DMR
chr1	712993	713799	18	0.554	0.6	-0.046	non-DMR
chr1	713847	714872	24	0.823	0.858	-0.035	non-DMR
chr1	714960	716034	25	0.71	0.82	-0.11	sub-DMR
chr1	716485	717508	25	0.752	0.791	-0.04	non-DMR
chr1	717584	718584	24	0.688	0.722	-0.034	non-DMR
chr1	718714	719584	20	0.797	0.835	-0.038	non-DMR
chr1	719654	720481	21	0.629	0.823	-0.194	good-DMR
chr1	720997	721819	17	0.692	0.733	-0.041	inconsistent-DMR
chr1	721897	722890	23	0.393	0.687	-0.294	good-DMR
chr1	723338	724187	21	0.571	0.762	-0.19	good-DMR
chr1	724641	725714	23	0.152	0.111	0.041	non-DMR
chr1	725808	726686	23	0.861	0.903	-0.042	non-DMR
chr1	726731	727573	20	0.742	0.852	-0.11	sub-DMR
chr1	728095	729140	26	0.806	0.853	-0.047	non-DMR
chr1	729165	730039	21	0.224	0.178	0.046	non-DMR
chr1	730149	731233	26	0.887	0.917	-0.03	non-DMR
chr1	731347	732323	24	0.26	0.218	0.042	non-DMR
chr1	732442	733267	20	0.629	0.671	-0.042	non-DMR
chr1	733410	734293	23	0.848	0.89	-0.042	non-DMR
chr1	734339	735137	20	0.797	0.836	-0.039	non-DMR
chr1	735214	736181	24	0.525	0.718	-0.192	good-DMR
chr1	736574	737383	18	0.731	0.772	-0.041	non-DMR
chr1	737473	738558	24	0.65	0.68	-0.03	non-DMR
chr1	738615	739626	22	0.364	0.645	-0.281	good-DMR
chr1	740116	741130	20	0.29	0.251	0.039	non-DMR
chr1	741255	742221	23	0.64	0.675	-0.036	non-DMR
chr1	742331	743116	17	0.738	0.779	-0.04	non-DMR
chr1	743221	744164	22	0.875	0.919	-0.044	non-DMR
chr1	744228	745246	23	0.674	0.731	-0.057	non-DMR
chr1	745307	746448	28	0.148	0.1	0.048	non-DMR
chr1	746549	747462	22	0.705	0.814	-0.109	sub-DMR
chr1	747969	748865	21	0.754	0.796	-0.042	non-DMR
chr1	748952	749893	24	0.721	0.906	-0.185	good-DMR
chr1	750419	751238	21	0.272	0.226	0.047	non-DMR
chr1	751296	752330	23	0.609	0.718	-0.109	sub-DMR
chr1	752633	753599	23	0.802	0.843	-0.041	non-DMR
chr1	753619	754572	21	0.391	0.718	-0.327	good-DMR
chr1	755047	756102	25	0.238	0.088	0.149	good-DMR
chr1	756551	757440	22	0.703	0.741	-0.039	non-DMR
chr1	757496	758548	26	0.646	0.688	-0.042	non-DMR
chr1	758595	759652	24	0.235	0.193	0.042	non-DMR
chr1	759753	760742	25	0.839	0.875	-0.036	non-DMR
chr1	760779	761684	25	0.464	0.701	-0.237	good-DMR
chr1	762055	763084	22	0.485	0.765	-0.279	good-DMR
chr1	763513	764467	22	0.566	0.756	-0.191	good-DMR
chr1	764963	765899	22	0.454	0.18	0.274	good-DMR
chr1	766377	767467	24	0.743	0.78	-0.037	non-DMR
chr1	767515	768300	18	0.713	0.749	-0.036	non-DMR
chr1	768409	769178	17	0.448	0.136	0.312	good-DMR
chr1	769638	770651	26	0.902	0.94	-0.039	non-DMR
chr1	770757	771653	22	0.337	0.171	0.166	good-DMR
chr1	772029	773030	22	0.507	0.547	-0.04	non-DMR
chr1	773141	774094	21	0.274	0.243	0.031	non-DMR
chr1	774220	775113	21	0.698	0.746	-0.048	non-DMR
chr1	775233	776344	27	0.803	0.842	-0.039	non-DMR
chr1	776436	777353	25	0.589	0.823	-0.233	good-DMR
chr1	777786	778790	22	0.414	0.117	0.297	good-DMR
chr1	779248	780199	21	0.775	0.812	-0.037	non-DMR
chr1	780288	781313	27	0.416	0.685	-0.269	good-DMR
chr1	781795	782753	22	0.376	0.639	-0.263	good-DMR
chr1	783040	783886	21	0.732	0.773	-0.041	non-DMR
chr1	783963	784944	24	0.567	0.268	0.299	good-DMR
chr1	785458	786321	20	0.646	0.682	-0.036	non-DMR
chr1	786362	787322	24	0.36	0.706	-0.347	good-DMR
chr1	787782	788749	23	0.545	0.869	-0.323	good-DMR
chr1	789234	790056	17	0.779	0.813	-0.034	non-DMR
chr1	790148	791155	24	0.827	0.868	-0.041	non-DMR
chr1	791231	792051	19	0.217	0.184	0.033	non-DMR
chr1	792134	793162	24	0.571	0.535	0.035	non-DMR
chr1	793195	794252	26	0.132	0.1	0.033	non-DMR
chr1	794330	795131	21	0.697	0.737	-0.04	non-DMR
chr1	795165	796171	23	0.748	0.784	-0.036	non-DMR
chr1	796299	797337	26	0.63	0.672	-0.041	non-DMR
chr1	797418	798369	23	0.733	0.782	-0.048	non-DMR
chr1	798425	799468	27	0.427	0.707	-0.28	good-DMR
chr1	799945	800897	22	0.821	0.864	-0.042	non-DMR
chr1	800913	801924	21	0.659	0.881	-0.222	good-DMR
chr1	802349	803295	21	0.825	0.867	-0.042	non-DMR
chr1	803347	804340	22	0.488	0.691	-0.203	good-DMR
chr1	804847	805718	20	0.66	0.703	-0.044	non-DMR
chr1	805758	806730	23	0.525	0.211	0.314	good-DMR
chr1	807159	808159	25	0.515	0.494	0.021	inconsistent-DMR
chr1	808375	809281	23	0.778	0.821	-0.043	non-DMR
chr1	809341	810413	25	0.753	0.791	-0.039	non-DMR
chr1	810475	811425	21	0.758	0.802	-0.044	non-DMR
chr1	811505	812473	24	0.774	0.817	-0.043	non-DMR
chr1	812564	813562	24	0.536	0.201	0.336	good-DMR
chr1	814045	814946	22	0.866	0.909	-0.043	non-DMR
chr1	814957	815851	23	0.402	0.702	-0.299	good-DMR
chr1	816328	817473	24	0.47	0.676	-0.206	good-DMR
chr1	817884	818823	21	0.761	0.882	-0.122	good-DMR
chr1	819290	820200	22	0.289	0.043	0.246	good-DMR
chr1	820694	821762	25	0.27	0.229	0.04	non-DMR
chr1	821849	822820	26	0.287	0.043	0.244	good-DMR
chr1	823255	824304	24	0.673	0.707	-0.034	non-DMR
chr1	824428	825335	22	0.837	0.874	-0.038	non-DMR
chr1	825390	826395	23	0.75	0.788	-0.038	non-DMR
chr1	826509	827530	24	0.192	0.157	0.036	non-DMR
chr1	827545	828328	19	0.555	0.596	-0.041	non-DMR
chr1	828408	829149	17	0.537	0.826	-0.29	good-DMR
chr1	829651	830612	25	0.766	0.799	-0.033	non-DMR
chr1	830687	831453	19	0.675	0.873	-0.198	good-DMR
chr1	832926	833909	23	0.728	0.835	-0.107	sub-DMR
chr1	834325	835296	22	0.717	0.748	-0.03	non-DMR
chr1	835373	836179	22	0.813	0.854	-0.041	non-DMR
chr1	836239	837286	27	0.279	0.243	0.036	non-DMR
chr1	837377	838200	21	0.14	0.106	0.034	non-DMR
chr1	838275	839151	24	0.723	0.771	-0.048	non-DMR
chr1	839268	840239	22	0.855	0.896	-0.041	non-DMR
chr1	840331	841300	23	0.57	0.817	-0.248	good-DMR
chr1	841806	842557	19	0.099	0.063	0.036	non-DMR
chr1	842598	843376	19	0.156	0.109	0.047	non-DMR
chr1	843422	844362	21	0.329	0.095	0.234	good-DMR
chr1	844841	845967	26	0.817	0.86	-0.043	non-DMR
chr1	846091	847034	25	0.858	0.9	-0.042	non-DMR
chr1	847152	848184	23	0.86	0.904	-0.044	non-DMR
chr1	848250	849100	20	0.635	0.673	-0.037	non-DMR
chr1	849206	850086	22	0.532	0.656	-0.124	good-DMR
chr1	850546	851556	27	0.704	0.746	-0.042	non-DMR
chr1	851685	852487	22	0.834	0.875	-0.041	non-DMR
chr1	852561	853391	22	0.204	0.172	0.031	non-DMR
chr1	853529	854263	16	0.24	0.206	0.034	non-DMR
chr1	854354	855309	22	0.271	0.055	0.216	notable-DMR
chr1	855408	856304	21	0.794	0.832	-0.038	non-DMR
chr1	856385	857223	20	0.137	0.035	0.102	sub-DMR
chr1	857739	858901	27	0.716	0.759	-0.043	non-DMR
chr1	859040	859878	21	0.656	0.697	-0.041	non-DMR
chr1	859970	860905	22	0.605	0.784	-0.179	good-DMR
chr1	861376	862407	29	0.665	0.708	-0.043	non-DMR
chr1	862492	863518	26	0.781	0.821	-0.04	non-DMR
chr1	863643	864526	20	0.696	0.734	-0.038	non-DMR
chr1	864598	865515	23	0.312	0.058	0.255	good-DMR
chr1	866032	866866	18	0.857	0.9	-0.042	non-DMR
chr1	866943	868000	24	0.136	0.095	0.041	non-DMR
chr1	868009	868835	22	0.337	0.087	0.25	good-DMR
chr1	869337	870396	21	0.778	0.819	-0.041	non-DMR
chr1	870521	871473	24	0.8	0.836	-0.036	non-DMR
chr1	871504	872527	26	0.448	0.778	-0.33	good-DMR
chr1	873075	874156	28	0.533	0.526	0.008	inconsistent-DMR
chr1	874313	875303	23	0.325	0.08	0.246	good-DMR
chr1	875835	877044	29	0.574	0.618	-0.044	non-DMR
chr1	877105	878071	23	0.324	0.083	0.241	good-DMR
chr1	878517	879493	23	0.501	0.836	-0.334	good-DMR
chr1	879902	880849	22	0.438	0.679	-0.241	good-DMR
chr1	882222	883109	21	0.461	0.416	0.045	non-DMR
chr1	883200	884131	24	0.796	0.838	-0.042	non-DMR
chr1	884205	885396	29	0.41	0.662	-0.251	good-DMR
chr1	885551	886632	23	0.428	0.645	-0.217	good-DMR
chr1	887076	887941	20	0.282	0.136	0.146	good-DMR
chr1	888354	889311	26	0.449	0.768	-0.32	good-DMR
chr1	889828	890869	22	0.665	0.71	-0.044	non-DMR
chr1	890977	892034	24	0.73	0.774	-0.044	non-DMR
chr1	892061	893256	27	0.415	0.631	-0.216	good-DMR
chr1	893700	894778	28	0.742	0.785	-0.044	non-DMR
chr1	894890	895676	18	0.86	0.914	-0.054	non-DMR
chr1	895692	896667	25	0.432	0.33	0.102	sub-DMR
chr1	897204	898206	23	0.63	0.67	-0.04	non-DMR
chr1	898318	899209	20	0.285	0.245	0.04	non-DMR
chr1	899276	900192	21	0.847	0.895	-0.049	non-DMR
chr1	900245	901064	21	0.524	0.776	-0.252	good-DMR
chr1	901474	902492	21	0.583	0.808	-0.225	good-DMR
chr1	902925	903923	21	0.649	0.757	-0.108	sub-DMR
chr1	904431	905457	26	0.436	0.706	-0.27	good-DMR
chr1	905880	906699	20	0.105	0.063	0.042	non-DMR
chr1	906797	907736	20	0.655	0.767	-0.112	sub-DMR
chr1	908232	909001	19	0.674	0.716	-0.043	non-DMR
chr1	909085	910061	22	0.772	0.815	-0.043	non-DMR
chr1	910100	910949	17	0.492	0.519	-0.027	inconsistent-DMR
chr1	911044	912013	23	0.712	0.749	-0.037	non-DMR
chr1	912040	912968	20	0.598	0.748	-0.15	good-DMR
chr1	913489	914331	19	0.615	0.65	-0.034	non-DMR
chr1	914365	915357	23	0.262	0.219	0.043	non-DMR
chr1	915474	916387	21	0.744	0.776	-0.033	non-DMR
chr1	916427	917393	21	0.751	0.79	-0.038	non-DMR
chr1	917510	918576	26	0.713	0.754	-0.041	non-DMR
chr1	918694	919654	23	0.464	0.507	-0.043	inconsistent-DMR
chr1	919767	920861	23	0.676	0.717	-0.04	non-DMR
chr1	921000	921924	20	0.628	0.673	-0.045	non-DMR
chr1	922030	922857	19	0.813	0.853	-0.04	non-DMR
chr1	922869	923991	28	0.652	0.842	-0.19	good-DMR
chr1	924467	925481	23	0.157	0.115	0.041	non-DMR
chr1	925545	926437	20	0.123	0.076	0.046	non-DMR
chr1	926494	927526	24	0.412	0.701	-0.289	good-DMR
chr1	928019	929048	25	0.187	0.086	0.101	sub-DMR
chr1	929537	930519	23	0.547	0.809	-0.262	good-DMR
chr1	931001	931818	21	0.112	0.071	0.041	non-DMR
chr1	931893	932764	23	0.778	0.821	-0.042	non-DMR
chr1	932875	933840	23	0.179	0.14	0.039	non-DMR
chr1	933961	934973	21	0.532	0.517	0.015	inconsistent-DMR
chr1	935139	935981	18	0.303	0.192	0.111	sub-DMR
chr1	936471	937359	22	0.48	0.831	-0.351	good-DMR
chr1	937807	938657	20	0.796	0.841	-0.045	non-DMR
chr1	938684	939699	25	0.839	0.883	-0.044	non-DMR
chr1	939785	940750	24	0.712	0.773	-0.061	inconsistent-DMR
chr1	940888	941925	24	0.638	0.886	-0.248	good-DMR
chr1	942443	943305	20	0.711	0.747	-0.036	non-DMR
chr1	943387	944511	30	0.83	0.873	-0.043	non-DMR
chr1	944529	945490	20	0.829	0.932	-0.103	sub-DMR
chr1	946024	946975	21	0.687	0.725	-0.038	non-DMR
chr1	947060	947842	20	0.821	0.861	-0.04	non-DMR
chr1	947893	948909	23	0.469	0.782	-0.313	good-DMR
chr1	949378	950357	23	0.784	0.83	-0.047	non-DMR
chr1	950458	951332	19	0.698	0.748	-0.05	non-DMR
chr1	951402	952266	20	0.772	0.813	-0.041	non-DMR
chr1	952348	953263	19	0.733	0.777	-0.044	non-DMR
chr1	953366	954388	25	0.698	0.8	-0.102	sub-DMR
chr1	954868	955877	24	0.526	0.87	-0.344	good-DMR
chr1	956309	957317	25	0.232	0.187	0.045	non-DMR
chr1	957369	958318	23	0.78	0.823	-0.044	non-DMR
chr1	958416	959340	23	0.574	0.617	-0.043	non-DMR
chr1	959405	960339	23	0.22	0.176	0.044	non-DMR
chr1	960455	961433	25	0.235	0.195	0.041	non-DMR
chr1	961496	962424	21	0.12	0.08	0.039	non-DMR
chr1	962472	963444	28	0.117	0.076	0.041	non-DMR
chr1	963565	964480	24	0.844	0.882	-0.038	non-DMR
chr1	964539	965305	18	0.813	0.846	-0.033	non-DMR
chr1	965364	966344	22	0.705	0.755	-0.05	non-DMR
chr1	966442	967264	19	0.199	0.157	0.042	non-DMR
chr1	967371	968365	25	0.805	0.845	-0.04	non-DMR
chr1	968462	969451	24	0.623	0.859	-0.236	good-DMR
chr1	969877	970932	24	0.45	0.647	-0.197	good-DMR
chr1	971458	972286	21	0.793	0.84	-0.047	non-DMR
chr1	972344	973247	25	0.315	0.279	0.035	non-DMR
chr1	973353	974350	25	0.544	0.85	-0.305	good-DMR
chr1	974790	975668	20	0.775	0.814	-0.039	non-DMR
chr1	975763	976627	24	0.645	0.689	-0.044	non-DMR
chr1	976723	977705	20	0.8	0.852	-0.052	non-DMR
chr1	977807	978861	27	0.708	0.751	-0.043	non-DMR
chr1	978968	979910	23	0.685	0.723	-0.038	non-DMR
chr1	979976	981134	26	0.745	0.795	-0.05	non-DMR
chr1	981188	982226	25	0.149	0.106	0.044	non-DMR
chr1	982302	983155	22	0.842	0.879	-0.038	non-DMR
chr1	983271	984296	25	0.667	0.857	-0.19	notable-DMR
chr1	984366	985233	21	0.664	0.7	-0.037	non-DMR
chr1	986490	987354	19	0.81	0.843	-0.033	non-DMR
chr1	987462	988329	20	0.112	0.064	0.048	non-DMR
chr1	988404	989389	21	0.346	0.044	0.302	notable-DMR
chr1	989442	990431	24	0.702	0.734	-0.032	non-DMR
chr1	990523	991292	19	0.791	0.827	-0.036	non-DMR
chr1	991321	992196	21	0.714	0.822	-0.108	sub-DMR
chr1	992658	993588	22	0.146	0.108	0.038	non-DMR
chr1	994737	995487	17	0.787	0.83	-0.044	non-DMR
chr1	995595	996626	22	0.501	0.778	-0.277	good-DMR
chr1	997139	998005	23	0.88	0.92	-0.04	non-DMR
chr1	998076	999036	22	0.809	0.857	-0.048	non-DMR
chr1	999061	999791	18	0.609	0.641	-0.032	non-DMR
chr1	999889	1000821	24	0.308	0.033	0.275	good-DMR
chr1	1001343	1002382	24	0.558	0.595	-0.038	non-DMR
chr1	1002451	1003402	25	0.818	0.859	-0.041	non-DMR
chr1	1003542	1004603	24	0.645	0.681	-0.036	non-DMR
chr1	1004635	1005505	21	0.123	0.081	0.042	non-DMR
chr1	1005522	1006525	20	0.445	0.768	-0.322	good-DMR
chr1	1007058	1008062	25	0.847	0.886	-0.039	non-DMR
chr1	1008127	1009029	22	0.519	0.724	-0.205	good-DMR
chr1	1009433	1010431	22	0.759	0.799	-0.04	non-DMR
chr1	1010458	1011478	27	0.136	0.093	0.043	non-DMR
chr1	1011562	1012509	23	0.65	0.691	-0.041	non-DMR
chr1	1012584	1013592	21	0.816	0.854	-0.038	non-DMR
chr1	1013654	1014551	22	0.436	0.65	-0.214	good-DMR
chr1	1015013	1015979	23	0.831	0.871	-0.04	non-DMR
chr1	1016050	1016993	22	0.441	0.822	-0.381	good-DMR
chr1	1017428	1018312	20	0.792	0.793	-0.0	inconsistent-DMR
chr1	1018498	1019552	24	0.328	0.12	0.209	good-DMR
chr1	1020078	1020994	23	0.78	0.824	-0.045	non-DMR
chr1	1021065	1022012	22	0.398	0.738	-0.341	good-DMR
chr1	1022401	1023314	22	0.586	0.782	-0.196	good-DMR
chr1	1023705	1024523	20	0.777	0.823	-0.046	non-DMR
chr1	1024556	1025424	21	0.329	0.078	0.251	good-DMR
chr1	1025957	1026942	23	0.821	0.865	-0.044	non-DMR
chr1	1027067	1028136	26	0.783	0.821	-0.037	non-DMR
chr1	1028162	1029126	23	0.529	0.819	-0.29	good-DMR
chr1	1029631	1030781	26	0.67	0.877	-0.207	good-DMR
chr1	1031209	1032163	22	0.811	0.847	-0.036	non-DMR
chr1	1032218	1033237	23	0.493	0.785	-0.292	good-DMR
chr1	1033519	1034343	23	0.196	0.085	0.111	sub-DMR
chr1	1034823	1035861	25	0.821	0.859	-0.038	non-DMR
chr1	1035983	1036910	21	0.759	0.803	-0.045	non-DMR
chr1	1037016	1037795	19	0.747	0.787	-0.04	non-DMR
chr1	1037907	1038856	24	0.142	0.1	0.042	non-DMR
chr1	1038995	1039901	22	0.674	0.715	-0.041	non-DMR
chr1	1039997	1040722	18	0.365	0.734	-0.369	good-DMR
chr1	1041153	1042019	24	0.702	0.743	-0.041	non-DMR
chr1	1042143	1043210	30	0.794	0.836	-0.042	non-DMR
chr1	1043328	1044287	20	0.63	0.675	-0.045	non-DMR
chr1	1044386	1045363	25	0.55	0.651	-0.101	sub-DMR
chr1	1045809	1046650	21	0.479	0.246	0.233	good-DMR
chr1	1047127	1047999	21	0.677	0.897	-0.22	good-DMR
chr1	1048443	1049315	24	0.428	0.662	-0.234	good-DMR
chr1	1049788	1050654	20	0.801	0.843	-0.042	non-DMR
chr1	1050707	1051791	24	0.699	0.741	-0.042	non-DMR
chr1	1051878	1052947	24	0.759	0.796	-0.037	non-DMR
chr1	1052998	1053824	21	0.623	0.811	-0.188	good-DMR
chr1	1054269	1055213	26	0.082	0.045	0.037	non-DMR
chr1	1055252	1056247	24	0.308	0.268	0.041	non-DMR
chr1	1056350	1057211	24	0.638	0.601	0.036	non-DMR
chr1	1057261	1058222	23	0.448	0.711	-0.263	good-DMR
chr1	1058725	1059679	22	0.725	0.506	0.219	good-DMR
chr1	1060129	1061007	22	0.853	0.885	-0.032	non-DMR
chr1	1061052	1061956	21	0.545	0.83	-0.286	good-DMR
chr1	1062414	1063446	22	0.683	0.717	-0.034	non-DMR
chr1	1063555	1064583	23	0.785	0.828	-0.043	non-DMR
chr1	1064692	1065623	22	0.589	0.632	-0.042	non-DMR
chr1	1065662	1066564	25	0.243	0.139	0.104	sub-DMR
chr1	1066917	1067862	21	0.436	0.713	-0.277	good-DMR
chr1	1068381	1069384	22	0.078	0.029	0.049	non-DMR
chr1	1069453	1070313	23	0.644	0.863	-0.218	good-DMR
chr1	1070629	1071408	20	0.798	0.836	-0.038	non-DMR
chr1	1071511	1072491	20	0.15	0.104	0.046	non-DMR
chr1	1072531	1073533	23	0.162	0.123	0.039	non-DMR
chr1	1073636	1074639	21	0.586	0.621	-0.036	non-DMR
chr1	1074691	1075543	20	0.84	0.884	-0.044	non-DMR
chr1	1075641	1076575	21	0.892	0.931	-0.04	non-DMR
chr1	1076676	1077403	17	0.486	0.744	-0.258	good-DMR
chr1	1077877	1078831	23	0.627	0.735	-0.108	sub-DMR
chr1	1079277	1080112	17	0.493	0.765	-0.272	good-DMR
chr1	1080575	1081618	26	0.264	0.23	0.034	non-DMR
chr1	1081723	1082557	20	0.72	0.762	-0.042	non-DMR
chr1	1082674	1083665	24	0.611	0.653	-0.042	non-DMR
chr1	1083679	1084544	20	0.149	0.107	0.042	non-DMR
chr1	1084635	1085616	25	0.11	0.064	0.046	non-DMR
chr1	1085642	1086619	21	0.201	0.159	0.042	non-DMR
chr1	1086691	1087735	23	0.696	0.744	-0.049	non-DMR
chr1	1087832	1088634	19	0.687	0.726	-0.039	non-DMR
chr1	1088687	1089427	18	0.334	0.594	-0.26	good-DMR
chr1	1089912	1090773	23	0.542	0.592	-0.05	non-DMR
chr1	1090868	1092023	28	0.675	0.724	-0.049	non-DMR
chr1	1093076	1093947	22	0.686	0.721	-0.035	non-DMR
chr1	1094048	1095086	20	0.386	0.094	0.291	good-DMR
chr1	1095556	1096427	24	0.515	0.765	-0.251	good-DMR
chr1	1096847	1097758	21	0.781	0.826	-0.045	non-DMR
chr1	1097803	1098854	23	0.87	0.912	-0.042	non-DMR
chr1	1098918	1099862	20	0.676	0.786	-0.11	sub-DMR
chr1	1100372	1101248	19	0.53	0.577	-0.047	non-DMR
chr1	1101324	1102165	21	0.162	0.125	0.037	non-DMR
chr1	1102279	1103140	22	0.783	0.823	-0.04	non-DMR
chr1	1103208	1103946	18	0.869	0.914	-0.045	non-DMR
chr1	1104036	1104784	19	0.805	0.847	-0.041	non-DMR
chr1	1104862	1105914	26	0.521	0.226	0.294	notable-DMR
chr1	1105956	1107049	28	0.537	0.585	-0.047	non-DMR
chr1	1108063	1108788	17	0.618	0.856	-0.238	good-DMR
chr1	1109310	1110214	21	0.79	0.835	-0.045	non-DMR
chr1	1110229	1111230	24	0.476	0.719	-0.243	good-DMR
chr1	1111744	1112609	19	0.802	0.839	-0.038	non-DMR
chr1	1112712	1113604	20	0.079	0.035	0.045	non-DMR
chr1	1113707	1114779	27	0.846	0.886	-0.039	non-DMR
chr1	1114895	1115880	23	0.193	0.151	0.043	non-DMR
chr1	1115989	1116965	23	0.809	0.849	-0.04	non-DMR
chr1	1117051	1118104	26	0.562	0.597	-0.034	non-DMR
chr1	1118229	1119302	23	0.622	0.665	-0.043	non-DMR
chr1	1119386	1120223	19	0.677	0.835	-0.158	good-DMR
chr1	1120754	1121607	21	0.797	0.843	-0.046	non-DMR
chr1	1121698	1122815	24	0.793	0.829	-0.036	non-DMR
chr1	1122918	1123543	16	0.637	0.68	-0.043	non-DMR
chr1	1123642	1124699	23	0.594	0.631	-0.038	non-DMR
chr1	1124813	1125953	26	0.82	0.856	-0.036	non-DMR
chr1	1126006	1126875	22	0.254	0.22	0.034	non-DMR
chr1	1126985	1127942	22	0.741	0.846	-0.104	sub-DMR
chr1	1128393	1129516	26	0.468	0.648	-0.18	good-DMR
chr1	1130026	1131041	23	0.777	0.83	-0.053	non-DMR
chr1	1131097	1131917	21	0.577	0.681	-0.105	sub-DMR
chr1	1132427	1133342	23	0.792	0.833	-0.041	non-DMR
chr1	1133421	1134416	21	0.754	0.798	-0.044	non-DMR
chr1	1134516	1135484	23	0.806	0.837	-0.031	non-DMR
chr1	1135610	1136703	30	0.802	0.842	-0.04	non-DMR
chr1	1136767	1137606	20	0.668	0.674	-0.006	inconsistent-DMR
chr1	1137699	1138651	22	0.82	0.872	-0.052	non-DMR
chr1	1138695	1139737	24	0.832	0.878	-0.047	non-DMR
chr1	1139849	1140872	23	0.615	0.655	-0.04	non-DMR
chr1	1140901	1141891	20	0.182	0.144	0.038	non-DMR
chr1	1141998	1143017	22	0.285	0.247	0.037	non-DMR
chr1	1143062	1143990	25	0.837	0.874	-0.037	non-DMR
chr1	1144030	1144887	21	0.58	0.792	-0.212	good-DMR
chr1	1145323	1146341	24	0.705	0.748	-0.043	non-DMR
chr1	1146384	1147310	20	0.719	0.83	-0.111	sub-DMR
chr1	1147823	1148741	27	0.149	0.107	0.042	non-DMR
chr1	1148792	1149756	24	0.7	0.744	-0.043	non-DMR
chr1	1149881	1150854	27	0.689	0.73	-0.041	non-DMR
chr1	1150913	1151694	19	0.514	0.612	-0.098	inconsistent-DMR
chr1	1151819	1152636	19	0.533	0.575	-0.041	non-DMR
chr1	1152712	1153582	23	0.64	0.744	-0.104	sub-DMR
chr1	1154126	1155058	22	0.769	0.819	-0.05	non-DMR
chr1	1155101	1155829	18	0.799	0.84	-0.041	non-DMR
chr1	1155842	1156800	23	0.551	0.267	0.285	good-DMR
chr1	1157340	1158408	27	0.853	0.895	-0.042	non-DMR
chr1	1158536	1159422	21	0.898	0.937	-0.039	non-DMR
chr1	1159504	1160399	22	0.814	0.845	-0.031	non-DMR
chr1	1160515	1161500	21	0.099	0.053	0.046	non-DMR
chr1	1161595	1162615	26	0.574	0.797	-0.223	good-DMR
chr1	1163086	1163862	16	0.593	0.84	-0.247	good-DMR
chr1	1164348	1165181	20	0.546	0.77	-0.223	good-DMR
chr1	1165714	1166513	21	0.817	0.864	-0.047	non-DMR
chr1	1166639	1167452	20	0.073	0.039	0.033	non-DMR
chr1	1167563	1168550	24	0.659	0.702	-0.043	non-DMR
chr1	1168629	1169770	26	0.842	0.882	-0.04	non-DMR
chr1	1169875	1170813	23	0.8	0.841	-0.041	non-DMR
chr1	1170845	1171797	21	0.137	0.101	0.036	non-DMR
chr1	1171822	1172769	19	0.838	0.878	-0.039	non-DMR
chr1	1172885	1173744	24	0.816	0.85	-0.034	non-DMR
chr1	1173852	1174472	14	0.882	0.923	-0.041	non-DMR
chr1	1174560	1175503	20	0.57	0.259	0.311	good-DMR
chr1	1175973	1177216	33	0.492	0.714	-0.221	good-DMR
chr1	1177732	1178884	26	0.673	0.713	-0.039	non-DMR
chr1	1178939	1179857	19	0.588	0.624	-0.036	non-DMR
chr1	1179956	1180859	24	0.391	0.62	-0.229	good-DMR
chr1	1181326	1182361	22	0.786	0.824	-0.038	non-DMR
chr1	1182404	1183374	26	0.477	0.142	0.336	good-DMR
chr1	1183914	1184904	23	0.486	0.499	-0.013	inconsistent-DMR
chr1	1185004	1185954	23	0.615	0.654	-0.039	non-DMR
chr1	1186032	1186982	24	0.354	0.317	0.037	non-DMR
chr1	1187079	1188063	26	0.506	0.755	-0.248	good-DMR
chr1	1188462	1189431	22	0.897	0.937	-0.041	non-DMR
chr1	1189488	1190419	21	0.488	0.246	0.241	good-DMR
chr1	1190923	1191769	19	0.106	0.067	0.039	non-DMR
chr1	1191882	1192946	25	0.725	0.757	-0.032	non-DMR
chr1	1192984	1193805	21	0.659	0.71	-0.05	non-DMR
chr1	1193877	1194939	28	0.309	0.263	0.046	non-DMR
chr1	1195006	1195919	24	0.57	0.845	-0.275	good-DMR
chr1	1196414	1197177	20	0.76	0.797	-0.037	non-DMR
chr1	1197297	1198036	19	0.132	0.09	0.042	non-DMR
chr1	1198133	1199238	26	0.55	0.654	-0.103	sub-DMR
chr1	1199595	1200528	22	0.425	0.736	-0.311	good-DMR
chr1	1201013	1202062	23	0.449	0.704	-0.254	good-DMR
chr1	1202552	1203524	23	0.479	0.804	-0.325	good-DMR
chr1	1204023	1204915	21	0.762	0.809	-0.047	non-DMR
chr1	1204934	1205801	20	0.629	0.832	-0.203	good-DMR
chr1	1206264	1207205	21	0.743	0.785	-0.042	non-DMR
chr1	1207276	1208298	24	0.674	0.657	0.017	inconsistent-DMR
chr1	1208418	1209350	25	0.666	0.71	-0.044	non-DMR
chr1	1209416	1210268	21	0.799	0.842	-0.043	non-DMR
chr1	1210393	1211325	20	0.799	0.844	-0.045	non-DMR
chr1	1211397	1212219	21	0.818	0.864	-0.046	non-DMR
chr1	1212268	1213343	23	0.25	0.068	0.181	good-DMR
chr1	1213859	1214874	24	0.69	0.726	-0.036	non-DMR
chr1	1214901	1215707	17	0.565	0.841	-0.277	notable-DMR
chr1	1215737	1216665	23	0.704	0.75	-0.046	non-DMR
chr1	1216738	1217818	23	0.241	0.061	0.181	good-DMR
chr1	1218326	1219185	19	0.7	0.745	-0.045	non-DMR
chr1	1219287	1220476	32	0.707	0.865	-0.158	good-DMR
chr1	1220979	1221706	20	0.604	0.816	-0.212	good-DMR
chr1	1222177	1223219	21	0.773	0.82	-0.047	non-DMR
chr1	1223290	1224314	24	0.749	0.788	-0.04	non-DMR
chr1	1224445	1225355	21	0.736	0.785	-0.048	non-DMR
chr1	1225374	1226397	25	0.816	0.919	-0.103	sub-DMR
chr1	1226888	1227736	19	0.573	0.615	-0.042	non-DMR
chr1	1227764	1228765	23	0.649	0.693	-0.044	non-DMR
chr1	1228833	1229683	18	0.513	0.787	-0.274	good-DMR
chr1	1229857	1231050	28	0.354	0.097	0.257	good-DMR
chr1	1232297	1233141	19	0.526	0.814	-0.288	good-DMR
chr1	1233628	1234609	24	0.722	0.767	-0.046	non-DMR
chr1	1234677	1235624	23	0.574	0.818	-0.244	good-DMR
chr1	1236159	1237083	22	0.733	0.767	-0.034	non-DMR
chr1	1237120	1238164	25	0.601	0.645	-0.043	non-DMR
chr1	1238207	1239246	23	0.486	0.78	-0.294	good-DMR
chr1	1239726	1240712	27	0.763	0.804	-0.04	non-DMR
chr1	1240807	1241823	24	0.351	0.564	-0.213	good-DMR
chr1	1242235	1243081	20	0.649	0.881	-0.232	good-DMR
chr1	1243546	1244333	19	0.835	0.873	-0.038	non-DMR
chr1	1244371	1245360	24	0.547	0.862	-0.315	good-DMR
chr1	1245835	1246811	26	0.619	0.578	0.04	non-DMR
chr1	1246919	1247832	22	0.782	0.813	-0.031	non-DMR
chr1	1247956	1248876	25	0.642	0.691	-0.049	non-DMR
chr1	1249014	1249995	21	0.252	0.206	0.046	non-DMR
chr1	1250049	1251008	23	0.686	0.836	-0.151	good-DMR
chr1	1251453	1252482	25	0.638	0.676	-0.038	non-DMR
chr1	1252574	1253423	20	0.11	0.064	0.046	non-DMR
chr1	1253490	1254518	21	0.104	0.061	0.043	non-DMR
chr1	1254592	1255549	23	0.544	0.887	-0.343	notable-DMR
chr1	1255597	1256400	19	0.708	0.743	-0.035	non-DMR
chr1	1256443	1257345	22	0.141	0.101	0.039	non-DMR
chr1	1257481	1258502	25	0.175	0.127	0.048	non-DMR
chr1	1258582	1259546	25	0.597	0.763	-0.166	good-DMR
chr1	1260029	1261002	24	0.738	0.78	-0.042	non-DMR
chr1	1261029	1261903	22	0.711	0.812	-0.101	sub-DMR
chr1	1262401	1263455	24	0.691	0.927	-0.236	good-DMR
