chr	start	end	CpG_count	treatment_methylation	control_methylation	mean_delta_methylation	category
chr1	100022	101249	27	0.813	0.854	-0.041	non-DMR
chr1	101333	102110	20	0.677	0.57	0.107	sub-DMR
chr1	102483	103344	19	0.644	0.75	-0.106	sub-DMR
chr1	103818	104681	20	0.095	0.061	0.034	non-DMR
chr1	104814	105786	23	0.736	0.778	-0.042	non-DMR
chr1	105901	106908	23	0.732	0.776	-0.044	non-DMR
chr1	107010	107873	22	0.473	0.192	0.28	good-DMR
chr1	108294	109254	23	0.775	0.818	-0.043	non-DMR
chr1	109367	110334	22	0.621	0.657	-0.036	non-DMR
chr1	110427	111416	22	0.476	0.782	-0.306	notable-DMR
chr1	111534	112599	25	0.856	0.898	-0.041	non-DMR
chr1	112725	113610	23	0.809	0.852	-0.043	non-DMR
chr1	113704	114612	22	0.723	0.773	-0.05	non-DMR
chr1	114645	115551	26	0.521	0.773	-0.252	good-DMR
chr1	116053	117031	25	0.1	0.058	0.041	non-DMR
chr1	117112	118197	25	0.644	0.694	-0.051	non-DMR
chr1	118234	119424	30	0.656	0.7	-0.044	non-DMR
chr1	119525	120546	23	0.693	0.731	-0.038	non-DMR
chr1	120620	121610	21	0.216	0.029	0.187	good-DMR
chr1	122089	122969	22	0.855	0.895	-0.04	non-DMR
chr1	123058	124044	21	0.788	0.834	-0.046	non-DMR
chr1	124145	125089	21	0.105	0.071	0.034	non-DMR
chr1	125183	126266	24	0.519	0.775	-0.256	good-DMR
chr1	126725	127578	22	0.787	0.83	-0.042	non-DMR
chr1	127691	128694	22	0.628	0.815	-0.187	notable-DMR
chr1	128814	129748	24	0.11	0.065	0.045	non-DMR
chr1	129814	130776	23	0.493	0.718	-0.225	notable-DMR
chr1	130822	131768	19	0.686	0.719	-0.033	non-DMR
chr1	131852	132711	20	0.355	0.652	-0.297	good-DMR
chr1	133222	134128	19	0.676	0.715	-0.039	non-DMR
chr1	134231	135093	21	0.73	0.909	-0.179	good-DMR
chr1	135587	136613	20	0.676	0.721	-0.044	non-DMR
chr1	136620	137580	22	0.5	0.729	-0.229	good-DMR
chr1	138079	139128	24	0.578	0.6	-0.023	inconsistent-DMR
chr1	139169	140046	20	0.476	0.258	0.218	good-DMR
chr1	140315	141294	22	0.766	0.797	-0.031	non-DMR
chr1	141365	142238	21	0.652	0.861	-0.209	good-DMR
chr1	142757	143453	15	0.718	0.762	-0.045	non-DMR
chr1	143547	144457	19	0.484	0.752	-0.268	good-DMR
chr1	144964	145984	24	0.804	0.847	-0.043	non-DMR
chr1	146101	147007	22	0.735	0.764	-0.029	non-DMR
chr1	147073	147990	21	0.522	0.57	-0.048	non-DMR
chr1	148030	148998	24	0.279	0.054	0.225	good-DMR
chr1	149513	150627	26	0.838	0.879	-0.041	non-DMR
chr1	150753	151809	22	0.667	0.7	-0.033	non-DMR
chr1	151928	152899	26	0.813	0.858	-0.045	non-DMR
chr1	153011	154011	24	0.622	0.591	0.031	non-DMR
chr1	154081	155119	23	0.139	0.1	0.04	non-DMR
chr1	155226	156447	29	0.419	0.179	0.24	good-DMR
chr1	156881	157831	24	0.572	0.925	-0.353	good-DMR
chr1	158334	159135	19	0.455	0.73	-0.275	good-DMR
chr1	159639	160717	25	0.823	0.865	-0.043	non-DMR
chr1	160801	161662	21	0.785	0.823	-0.038	non-DMR
chr1	161770	162639	24	0.766	0.811	-0.044	non-DMR
chr1	162703	163682	22	0.576	0.266	0.31	good-DMR
chr1	164128	165158	26	0.194	0.151	0.043	non-DMR
chr1	165225	166231	24	0.201	0.25	-0.049	inconsistent-DMR
chr1	166374	167351	22	0.729	0.769	-0.04	non-DMR
chr1	167376	168252	19	0.455	0.745	-0.29	good-DMR
chr1	168738	169740	25	0.657	0.701	-0.044	non-DMR
chr1	169802	170609	19	0.496	0.766	-0.27	good-DMR
chr1	171093	171986	23	0.21	0.173	0.037	non-DMR
chr1	172033	172880	19	0.253	0.087	0.166	good-DMR
chr1	173375	174205	21	0.713	0.824	-0.112	sub-DMR
chr1	174745	175761	22	0.849	0.895	-0.046	non-DMR
chr1	175891	176827	22	0.509	0.555	-0.046	non-DMR
chr1	176938	177869	20	0.787	0.828	-0.041	non-DMR
chr1	177978	178713	18	0.821	0.861	-0.04	non-DMR
chr1	178840	179886	24	0.818	0.862	-0.044	non-DMR
chr1	179967	180945	25	0.806	0.849	-0.043	non-DMR
chr1	181087	182005	20	0.691	0.733	-0.042	non-DMR
chr1	182151	183271	30	0.259	0.217	0.042	non-DMR
chr1	183389	184485	25	0.808	0.851	-0.043	non-DMR
chr1	184542	185529	22	0.117	0.079	0.038	non-DMR
chr1	185628	186717	26	0.753	0.794	-0.04	non-DMR
chr1	186793	187844	24	0.495	0.629	-0.134	good-DMR
chr1	188366	189478	26	0.785	0.823	-0.038	non-DMR
chr1	189525	190491	26	0.666	0.71	-0.045	non-DMR
chr1	190529	191463	23	0.13	0.094	0.037	non-DMR
chr1	191555	192552	26	0.14	0.094	0.046	non-DMR
chr1	192666	193676	23	0.785	0.824	-0.039	non-DMR
chr1	193768	194677	21	0.107	0.067	0.04	non-DMR
chr1	194690	195536	18	0.386	0.093	0.292	good-DMR
chr1	196029	197087	29	0.641	0.691	-0.049	non-DMR
chr1	197120	197987	21	0.439	0.127	0.312	good-DMR
chr1	198469	199571	24	0.583	0.839	-0.256	good-DMR
chr1	200095	201073	22	0.153	0.113	0.04	non-DMR
chr1	201210	201837	15	0.84	0.88	-0.039	non-DMR
chr1	201919	202911	24	0.87	0.914	-0.045	non-DMR
chr1	202955	203929	22	0.91	0.948	-0.038	non-DMR
chr1	204021	204948	20	0.771	0.819	-0.048	non-DMR
chr1	204987	205782	17	0.752	0.801	-0.048	non-DMR
chr1	205899	206873	23	0.222	0.182	0.04	non-DMR
chr1	206928	207893	23	0.381	0.107	0.274	good-DMR
chr1	208315	209275	25	0.898	0.932	-0.034	non-DMR
chr1	209361	210494	33	0.432	0.16	0.272	good-DMR
chr1	210982	211884	22	0.2	0.166	0.035	non-DMR
chr1	211989	212757	20	0.647	0.687	-0.04	non-DMR
chr1	212830	213798	22	0.33	0.295	0.035	non-DMR
chr1	213890	214835	22	0.737	0.913	-0.176	good-DMR
chr1	215308	216447	29	0.47	0.513	-0.043	non-DMR
chr1	216465	217535	25	0.873	0.906	-0.033	non-DMR
chr1	217637	218648	27	0.8	0.79	0.01	inconsistent-DMR
chr1	218857	219749	22	0.113	0.077	0.036	non-DMR
chr1	219794	220869	26	0.306	0.267	0.039	non-DMR
chr1	220966	221971	26	0.431	0.693	-0.262	good-DMR
chr1	222502	223365	22	0.804	0.849	-0.046	non-DMR
chr1	223460	224323	23	0.771	0.815	-0.045	non-DMR
chr1	224451	225403	21	0.095	0.058	0.037	non-DMR
chr1	225538	226542	23	0.809	0.839	-0.03	non-DMR
chr1	226592	227623	25	0.183	0.138	0.045	non-DMR
chr1	227706	228755	23	0.829	0.866	-0.036	non-DMR
chr1	228868	229810	25	0.76	0.807	-0.048	non-DMR
chr1	229945	230849	23	0.792	0.832	-0.04	non-DMR
chr1	230950	231942	24	0.791	0.896	-0.105	sub-DMR
chr1	232391	233315	22	0.603	0.884	-0.281	good-DMR
chr1	233816	234696	22	0.791	0.824	-0.033	non-DMR
chr1	234777	235644	23	0.627	0.681	-0.054	inconsistent-DMR
chr1	235805	236523	17	0.123	0.084	0.039	non-DMR
chr1	236564	237678	26	0.208	0.169	0.039	non-DMR
chr1	237699	238663	23	0.706	0.813	-0.108	sub-DMR
chr1	239131	240154	25	0.81	0.848	-0.038	non-DMR
chr1	240238	241402	25	0.708	0.749	-0.041	non-DMR
chr1	241489	242520	26	0.731	0.771	-0.039	non-DMR
chr1	242634	243489	23	0.546	0.586	-0.04	non-DMR
chr1	243563	244525	25	0.217	0.169	0.048	non-DMR
chr1	244630	245648	23	0.864	0.91	-0.046	non-DMR
chr1	245732	246639	24	0.129	0.091	0.038	non-DMR
chr1	246740	247742	24	0.84	0.876	-0.036	non-DMR
chr1	247788	248705	23	0.157	0.119	0.038	non-DMR
chr1	248796	249730	22	0.697	0.736	-0.039	non-DMR
chr1	249820	250837	24	0.858	0.898	-0.04	non-DMR
chr1	250980	251972	22	0.677	0.724	-0.046	non-DMR
chr1	252082	252972	19	0.597	0.559	0.038	non-DMR
chr1	253105	253933	19	0.253	0.205	0.048	non-DMR
chr1	254034	255124	25	0.104	0.062	0.042	non-DMR
chr1	255231	256057	21	0.507	0.724	-0.216	good-DMR
chr1	256540	257465	22	0.21	0.101	0.109	sub-DMR
chr1	257886	258735	22	0.752	0.782	-0.03	non-DMR
chr1	258807	259664	21	0.686	0.723	-0.037	non-DMR
chr1	259759	260767	23	0.844	0.884	-0.04	non-DMR
chr1	260840	261817	23	0.305	0.262	0.042	non-DMR
chr1	261850	262780	22	0.754	0.799	-0.045	non-DMR
chr1	262885	264045	23	0.749	0.784	-0.036	non-DMR
chr1	264097	265043	22	0.82	0.866	-0.046	non-DMR
chr1	265156	265991	22	0.187	0.148	0.039	non-DMR
chr1	266090	266885	18	0.724	0.897	-0.173	good-DMR
chr1	267394	268455	27	0.195	0.151	0.043	non-DMR
chr1	268575	269399	19	0.81	0.853	-0.042	non-DMR
chr1	269449	270455	23	0.446	0.74	-0.294	notable-DMR
chr1	270583	271537	25	0.147	0.107	0.04	non-DMR
chr1	271595	272609	29	0.64	0.907	-0.267	good-DMR
chr1	272975	273946	21	0.435	0.696	-0.261	good-DMR
chr1	274455	275542	27	0.157	0.117	0.04	non-DMR
chr1	275624	276650	27	0.156	0.115	0.041	non-DMR
chr1	276745	277684	23	0.817	0.857	-0.041	non-DMR
chr1	277785	278694	23	0.653	0.688	-0.035	non-DMR
chr1	278795	279718	20	0.895	0.939	-0.044	non-DMR
chr1	279787	280734	21	0.091	0.051	0.04	non-DMR
chr1	280826	281683	20	0.737	0.786	-0.049	non-DMR
chr1	281781	282729	24	0.267	0.23	0.036	non-DMR
chr1	282848	283792	21	0.813	0.848	-0.036	non-DMR
chr1	283875	284855	22	0.681	0.722	-0.041	non-DMR
chr1	284922	285754	23	0.767	0.812	-0.045	non-DMR
chr1	285819	286792	23	0.722	0.762	-0.04	non-DMR
chr1	286834	287951	24	0.639	0.282	0.357	good-DMR
chr1	288406	289304	22	0.762	0.802	-0.04	non-DMR
chr1	289387	290291	22	0.58	0.766	-0.186	good-DMR
chr1	290720	291620	23	0.677	0.723	-0.046	non-DMR
chr1	291724	292691	22	0.896	0.933	-0.037	non-DMR
chr1	292782	293725	22	0.243	0.196	0.047	non-DMR
chr1	293789	294891	26	0.671	0.838	-0.167	good-DMR
chr1	295331	296296	19	0.73	0.721	0.009	inconsistent-DMR
chr1	296407	297375	27	0.557	0.599	-0.042	non-DMR
chr1	297442	298636	28	0.448	0.122	0.326	good-DMR
chr1	299053	300005	24	0.624	0.672	-0.048	non-DMR
chr1	300083	301042	23	0.1	0.059	0.041	non-DMR
chr1	301126	302177	25	0.704	0.744	-0.04	non-DMR
chr1	302291	303250	23	0.736	0.772	-0.036	non-DMR
chr1	303270	304113	20	0.793	0.837	-0.043	non-DMR
chr1	304134	305040	19	0.634	0.741	-0.106	sub-DMR
chr1	305532	306630	23	0.622	0.915	-0.293	good-DMR
chr1	307117	308064	24	0.407	0.785	-0.378	good-DMR
chr1	308502	309500	20	0.676	0.723	-0.047	non-DMR
chr1	309616	310521	23	0.114	0.069	0.044	non-DMR
chr1	310630	311589	25	0.816	0.859	-0.043	non-DMR
chr1	311692	312718	24	0.537	0.799	-0.261	good-DMR
chr1	313170	314256	25	0.722	0.762	-0.04	non-DMR
chr1	314329	315199	24	0.66	0.702	-0.043	non-DMR
chr1	315249	316221	22	0.661	0.761	-0.101	sub-DMR
chr1	316614	317534	22	0.135	0.085	0.05	non-DMR
chr1	317579	318419	21	0.76	0.8	-0.04	non-DMR
chr1	318510	319468	23	0.666	0.704	-0.038	non-DMR
chr1	319518	320408	18	0.105	0.061	0.044	non-DMR
chr1	320527	321394	21	0.18	0.139	0.042	non-DMR
chr1	321502	322510	22	0.526	0.564	-0.038	non-DMR
chr1	322557	323517	23	0.822	0.861	-0.04	non-DMR
chr1	323632	324552	20	0.642	0.685	-0.043	non-DMR
chr1	324585	325493	23	0.718	0.763	-0.045	non-DMR
chr1	325569	326569	24	0.688	0.802	-0.114	sub-DMR
chr1	327086	328088	24	0.672	0.721	-0.049	non-DMR
chr1	328114	329076	23	0.325	0.079	0.246	good-DMR
chr1	329574	330517	24	0.337	0.669	-0.332	good-DMR
chr1	331005	331989	22	0.499	0.601	-0.101	sub-DMR
chr1	332489	333490	21	0.743	0.775	-0.032	non-DMR
chr1	333591	334478	19	0.853	0.888	-0.035	non-DMR
chr1	334606	335432	21	0.198	0.153	0.045	non-DMR
chr1	335538	336664	25	0.149	0.102	0.046	non-DMR
chr1	336711	337607	23	0.779	0.821	-0.043	non-DMR
chr1	337743	338826	25	0.085	0.053	0.032	non-DMR
chr1	338877	339565	16	0.674	0.71	-0.036	non-DMR
chr1	339622	340523	22	0.86	0.892	-0.031	non-DMR
chr1	340572	341520	25	0.654	0.693	-0.039	non-DMR
chr1	341624	342600	22	0.311	0.641	-0.331	good-DMR
chr1	343027	344012	20	0.834	0.87	-0.036	non-DMR
chr1	344110	345014	21	0.573	0.618	-0.044	non-DMR
chr1	345029	346060	24	0.222	0.022	0.2	good-DMR
chr1	346534	347366	19	0.752	0.86	-0.107	sub-DMR
chr1	347806	348698	19	0.314	0.092	0.222	good-DMR
chr1	349180	350118	23	0.781	0.819	-0.038	non-DMR
chr1	350219	351061	23	0.802	0.84	-0.038	non-DMR
chr1	351119	352256	30	0.822	0.859	-0.038	non-DMR
chr1	352386	353326	23	0.514	0.558	-0.043	non-DMR
chr1	353399	354347	23	0.713	0.765	-0.052	non-DMR
chr1	354393	355349	24	0.431	0.173	0.258	good-DMR
chr1	355826	356809	22	0.628	0.669	-0.041	non-DMR
chr1	356868	357828	24	0.621	0.857	-0.236	good-DMR
chr1	358296	359312	22	0.812	0.853	-0.041	non-DMR
chr1	359446	360525	25	0.812	0.852	-0.04	non-DMR
chr1	360624	361604	22	0.189	0.143	0.046	non-DMR
chr1	361685	362679	25	0.573	0.768	-0.194	good-DMR
chr1	363189	364169	23	0.861	0.902	-0.041	non-DMR
chr1	364264	365062	19	0.158	0.118	0.041	non-DMR
chr1	365166	366352	28	0.38	0.05	0.329	good-DMR
chr1	366839	367715	21	0.135	0.034	0.101	sub-DMR
chr1	368203	369119	25	0.55	0.778	-0.228	good-DMR
chr1	369623	370500	24	0.419	0.714	-0.295	good-DMR
chr1	370893	371843	23	0.558	0.587	-0.029	non-DMR
chr1	371884	372877	27	0.41	0.201	0.209	good-DMR
chr1	373365	374379	21	0.856	0.901	-0.044	non-DMR
chr1	374437	375443	23	0.447	0.774	-0.328	good-DMR
chr1	375924	376844	18	0.632	0.793	-0.161	good-DMR
chr1	377365	378366	23	0.63	0.668	-0.038	non-DMR
chr1	378413	379308	21	0.109	0.061	0.048	non-DMR
chr1	379380	380209	20	0.627	0.664	-0.036	non-DMR
chr1	380257	381327	26	0.541	0.288	0.253	good-DMR
chr1	381810	382864	26	0.24	0.493	-0.253	good-DMR
chr1	383239	384204	20	0.688	0.724	-0.036	non-DMR
chr1	384326	385193	22	0.231	0.063	0.169	notable-DMR
chr1	385312	386405	22	0.779	0.813	-0.034	non-DMR
chr1	386492	387430	23	0.465	0.715	-0.249	good-DMR
chr1	387920	388839	21	0.8	0.833	-0.033	non-DMR
chr1	388957	389887	21	0.159	0.119	0.04	non-DMR
chr1	389996	391120	29	0.677	0.72	-0.043	non-DMR
chr1	391204	392309	23	0.665	0.705	-0.04	non-DMR
chr1	392419	393321	23	0.788	0.895	-0.107	sub-DMR
chr1	393695	394516	20	0.393	0.618	-0.225	good-DMR
chr1	394984	396242	27	0.595	0.625	-0.03	inconsistent-DMR
chr1	396392	397256	23	0.64	0.676	-0.036	non-DMR
chr1	397345	398303	21	0.313	0.174	0.138	good-DMR
chr1	398760	399720	25	0.495	0.715	-0.22	good-DMR
chr1	400245	401250	25	0.78	0.83	-0.05	non-DMR
chr1	401295	402149	17	0.824	0.871	-0.047	non-DMR
chr1	402197	403114	23	0.762	0.806	-0.044	non-DMR
chr1	403217	404097	21	0.709	0.751	-0.041	non-DMR
chr1	404200	404965	18	0.183	0.136	0.048	non-DMR
chr1	405019	406028	21	0.165	0.126	0.04	non-DMR
chr1	406146	407247	25	0.199	0.162	0.037	non-DMR
chr1	407337	408201	23	0.695	0.746	-0.051	non-DMR
chr1	408252	409131	21	0.465	0.777	-0.312	good-DMR
chr1	409595	410454	20	0.792	0.827	-0.035	non-DMR
chr1	410574	411573	22	0.866	0.894	-0.028	non-DMR
chr1	411631	412613	28	0.686	0.724	-0.038	non-DMR
chr1	412679	413595	23	0.676	0.711	-0.035	non-DMR
chr1	413635	414743	29	0.536	0.738	-0.202	good-DMR
chr1	415245	416004	20	0.756	0.788	-0.032	non-DMR
chr1	416045	417056	26	0.574	0.61	-0.035	non-DMR
chr1	417081	417812	17	0.278	0.633	-0.355	good-DMR
chr1	418246	418981	16	0.219	0.179	0.04	non-DMR
chr1	419025	419915	22	0.831	0.876	-0.044	non-DMR
chr1	420039	421095	27	0.69	0.708	-0.018	inconsistent-DMR
chr1	421265	422095	20	0.865	0.907	-0.042	non-DMR
chr1	422150	423027	21	0.507	0.788	-0.281	good-DMR
chr1	423529	424328	18	0.673	0.713	-0.041	non-DMR
chr1	424430	425398	22	0.543	0.769	-0.226	good-DMR
chr1	425875	426940	26	0.663	0.841	-0.178	good-DMR
chr1	427357	428233	22	0.812	0.859	-0.047	non-DMR
chr1	428360	429359	27	0.778	0.819	-0.042	non-DMR
chr1	429499	430577	22	0.682	0.729	-0.046	non-DMR
chr1	430614	431419	23	0.417	0.721	-0.304	good-DMR
chr1	431957	433047	25	0.786	0.828	-0.042	non-DMR
chr1	433098	433995	21	0.616	0.663	-0.047	non-DMR
chr1	434120	434990	21	0.76	0.799	-0.039	non-DMR
chr1	435040	435853	18	0.536	0.828	-0.292	good-DMR
chr1	436291	437306	26	0.591	0.703	-0.113	sub-DMR
chr1	437813	438897	25	0.86	0.903	-0.044	non-DMR
chr1	438943	439967	23	0.835	0.869	-0.034	non-DMR
chr1	440072	441313	30	0.69	0.877	-0.186	good-DMR
chr1	441722	442641	25	0.625	0.845	-0.22	good-DMR
chr1	443140	444156	23	0.665	0.705	-0.039	inconsistent-DMR
chr1	444212	445209	25	0.848	0.889	-0.041	non-DMR
chr1	445272	446227	22	0.839	0.878	-0.04	non-DMR
chr1	446335	447355	24	0.711	0.753	-0.042	non-DMR
chr1	447376	448378	24	0.532	0.847	-0.315	good-DMR
chr1	448902	449863	23	0.132	0.089	0.043	non-DMR
chr1	449971	450908	25	0.635	0.807	-0.171	good-DMR
chr1	451383	452575	31	0.608	0.644	-0.037	non-DMR
chr1	452662	453567	23	0.173	0.125	0.048	non-DMR
chr1	453653	454759	27	0.704	0.741	-0.037	non-DMR
chr1	454840	455749	24	0.495	0.816	-0.321	good-DMR
chr1	456200	457076	20	0.275	0.074	0.201	good-DMR
chr1	457524	458316	19	0.409	0.794	-0.385	good-DMR
chr1	458574	459637	25	0.653	0.665	-0.012	inconsistent-DMR
chr1	459750	460661	19	0.524	0.767	-0.242	good-DMR
chr1	461108	461892	19	0.102	0.065	0.038	non-DMR
chr1	462019	462992	24	0.623	0.666	-0.043	non-DMR
chr1	463036	463803	19	0.225	0.176	0.049	non-DMR
chr1	463895	464827	25	0.32	0.156	0.163	good-DMR
chr1	465233	466206	25	0.359	0.042	0.317	good-DMR
chr1	466697	467730	24	0.765	0.802	-0.036	non-DMR
chr1	467831	468772	21	0.406	0.702	-0.296	good-DMR
chr1	469171	470194	25	0.771	0.812	-0.041	non-DMR
chr1	470262	471197	21	0.508	0.789	-0.28	notable-DMR
chr1	471321	472158	20	0.561	0.603	-0.042	non-DMR
chr1	472187	473099	20	0.514	0.875	-0.361	good-DMR
chr1	473323	474495	27	0.51	0.779	-0.269	good-DMR
chr1	474877	475826	21	0.635	0.668	-0.032	non-DMR
chr1	475949	477004	24	0.731	0.763	-0.032	non-DMR
chr1	477112	478071	22	0.837	0.874	-0.037	non-DMR
chr1	478164	479171	21	0.542	0.828	-0.286	good-DMR
chr1	479659	480493	20	0.694	0.796	-0.103	sub-DMR
chr1	480958	481865	23	0.77	0.808	-0.039	non-DMR
chr1	481945	482829	21	0.876	0.916	-0.039	non-DMR
chr1	482896	483962	24	0.614	0.661	-0.047	non-DMR
chr1	484051	484994	24	0.097	0.049	0.048	non-DMR
chr1	485030	486062	25	0.595	0.868	-0.273	good-DMR
chr1	486509	487535	20	0.544	0.783	-0.239	good-DMR
chr1	488050	488944	22	0.561	0.608	-0.047	non-DMR
chr1	489015	489943	22	0.776	0.811	-0.035	non-DMR
chr1	489971	490815	19	0.333	0.11	0.223	good-DMR
chr1	491204	492201	25	0.582	0.813	-0.231	good-DMR
chr1	492631	493625	22	0.583	0.825	-0.242	good-DMR
chr1	494113	495152	25	0.592	0.642	-0.05	non-DMR
chr1	495181	496142	22	0.647	0.683	-0.036	non-DMR
chr1	496224	497115	21	0.148	0.1	0.048	non-DMR
chr1	497182	498141	22	0.676	0.717	-0.042	non-DMR
chr1	498188	499158	23	0.571	0.794	-0.223	good-DMR
chr1	499586	500516	24	0.548	0.724	-0.175	good-DMR
chr1	501013	502084	24	0.662	0.701	-0.04	non-DMR
chr1	502164	503078	22	0.245	0.2	0.045	non-DMR
chr1	503129	503965	18	0.851	0.893	-0.042	non-DMR
chr1	504038	505027	22	0.764	0.869	-0.106	sub-DMR
chr1	505498	506295	17	0.728	0.77	-0.042	non-DMR
chr1	506365	507151	19	0.521	0.562	-0.041	non-DMR
chr1	507175	508119	23	0.38	0.132	0.249	good-DMR
chr1	508584	509549	22	0.719	0.761	-0.042	non-DMR
chr1	509615	510584	20	0.769	0.81	-0.041	non-DMR
chr1	510672	511765	23	0.329	0.082	0.247	good-DMR
chr1	512246	512993	20	0.718	0.753	-0.034	non-DMR
chr1	513104	513958	21	0.719	0.762	-0.043	non-DMR
chr1	514065	514907	21	0.079	0.041	0.039	non-DMR
chr1	514973	515940	25	0.245	0.2	0.045	non-DMR
chr1	516031	516982	24	0.744	0.779	-0.034	non-DMR
chr1	517085	518076	22	0.868	0.908	-0.04	non-DMR
chr1	518086	519230	26	0.278	0.031	0.247	good-DMR
chr1	519748	520730	22	0.634	0.675	-0.042	non-DMR
chr1	520763	521505	18	0.65	0.805	-0.156	good-DMR
chr1	521960	523063	28	0.835	0.875	-0.04	non-DMR
chr1	523177	523918	16	0.342	0.3	0.042	non-DMR
chr1	524020	525044	27	0.525	0.749	-0.224	good-DMR
chr1	525491	526492	26	0.73	0.767	-0.038	non-DMR
chr1	526612	527423	18	0.762	0.799	-0.037	non-DMR
chr1	527489	528579	26	0.447	0.703	-0.255	good-DMR
chr1	528983	529854	19	0.407	0.619	-0.212	good-DMR
chr1	530364	531324	24	0.764	0.81	-0.046	non-DMR
chr1	531437	532497	28	0.309	0.093	0.215	notable-DMR
chr1	532604	533705	25	0.204	0.164	0.04	non-DMR
chr1	534718	535702	21	0.26	0.214	0.046	non-DMR
chr1	535827	536818	25	0.178	0.137	0.041	non-DMR
chr1	536897	537890	24	0.788	0.825	-0.036	non-DMR
chr1	537913	538848	21	0.679	0.713	-0.034	non-DMR
chr1	538930	539929	21	0.292	0.082	0.21	good-DMR
chr1	540312	541187	21	0.905	0.944	-0.039	non-DMR
chr1	541299	542217	19	0.622	0.663	-0.041	non-DMR
chr1	542286	543329	24	0.566	0.78	-0.213	good-DMR
chr1	543783	544858	28	0.273	0.232	0.042	non-DMR
chr1	545006	546103	22	0.622	0.574	0.047	non-DMR
chr1	546170	547209	25	0.412	0.635	-0.223	good-DMR
chr1	547594	548683	23	0.249	0.209	0.04	non-DMR
chr1	548785	549700	20	0.71	0.75	-0.04	non-DMR
chr1	549719	550566	23	0.238	0.193	0.045	non-DMR
chr1	550683	551651	22	0.577	0.611	-0.033	non-DMR
chr1	551675	552552	25	0.726	0.768	-0.042	non-DMR
chr1	552660	553674	25	0.823	0.863	-0.04	non-DMR
chr1	553764	554725	24	0.744	0.791	-0.047	non-DMR
chr1	554849	555630	18	0.889	0.916	-0.026	non-DMR
chr1	555732	556710	23	0.725	0.77	-0.045	non-DMR
chr1	556806	557638	21	0.527	0.691	-0.164	good-DMR
chr1	558108	559128	25	0.704	0.742	-0.038	non-DMR
chr1	559159	560154	24	0.358	0.317	0.04	non-DMR
chr1	560251	561312	23	0.651	0.832	-0.18	good-DMR
chr1	561792	562846	28	0.149	0.106	0.043	non-DMR
chr1	562909	563749	18	0.598	0.891	-0.293	good-DMR
chr1	564263	565068	20	0.708	0.749	-0.04	non-DMR
chr1	565145	566203	25	0.778	0.818	-0.041	non-DMR
chr1	566305	567120	20	0.824	0.861	-0.037	non-DMR
chr1	567254	568152	23	0.574	0.54	0.034	non-DMR
chr1	568224	569337	25	0.507	0.228	0.279	good-DMR
chr1	569760	570741	21	0.435	0.735	-0.3	good-DMR
chr1	571199	572238	26	0.426	0.706	-0.28	good-DMR
chr1	572750	573688	21	0.596	0.556	0.04	non-DMR
chr1	573750	574625	20	0.574	0.795	-0.221	good-DMR
chr1	574949	575971	25	0.567	0.827	-0.26	good-DMR
chr1	576440	577450	24	0.402	0.08	0.322	good-DMR
chr1	577923	579045	27	0.782	0.826	-0.044	non-DMR
chr1	579086	579855	16	0.608	0.858	-0.25	notable-DMR
chr1	579891	580837	22	0.728	0.766	-0.038	non-DMR
chr1	580959	581869	20	0.759	0.798	-0.038	non-DMR
chr1	581932	582983	24	0.152	0.108	0.044	non-DMR
chr1	583070	584005	21	0.101	0.055	0.047	non-DMR
chr1	584067	585094	22	0.512	0.811	-0.299	good-DMR
chr1	585597	586583	21	0.166	0.122	0.045	non-DMR
chr1	586629	587805	29	0.587	0.877	-0.29	good-DMR
chr1	588278	589350	26	0.748	0.787	-0.039	non-DMR
chr1	589407	590443	25	0.803	0.846	-0.043	non-DMR
chr1	590556	591553	21	0.79	0.823	-0.033	non-DMR
chr1	591593	592695	25	0.654	0.692	-0.038	non-DMR
chr1	592772	593703	22	0.735	0.775	-0.04	non-DMR
chr1	593831	594715	22	0.234	0.191	0.043	non-DMR
chr1	594788	595671	22	0.194	0.152	0.042	non-DMR
chr1	595781	596628	23	0.725	0.758	-0.033	non-DMR
chr1	596729	597549	21	0.496	0.714	-0.218	good-DMR
chr1	598034	599121	24	0.391	0.185	0.207	good-DMR
chr1	599559	600320	19	0.691	0.851	-0.16	good-DMR
chr1	600809	601552	17	0.541	0.803	-0.262	good-DMR
chr1	602058	602954	23	0.784	0.825	-0.042	non-DMR
chr1	602987	603917	21	0.785	0.827	-0.042	non-DMR
chr1	604032	605065	25	0.702	0.742	-0.04	non-DMR
chr1	605171	606141	22	0.676	0.721	-0.045	non-DMR
chr1	606256	607198	21	0.813	0.861	-0.049	non-DMR
chr1	607289	608314	22	0.744	0.787	-0.044	non-DMR
chr1	608391	609428	25	0.316	0.138	0.178	good-DMR
chr1	609748	610737	25	0.454	0.785	-0.33	good-DMR
chr1	611234	612108	22	0.606	0.62	-0.014	inconsistent-DMR
chr1	612225	613298	24	0.163	0.124	0.039	non-DMR
chr1	613343	614287	22	0.182	0.132	0.05	non-DMR
chr1	614331	615337	22	0.686	0.726	-0.04	non-DMR
chr1	615447	616546	25	0.69	0.735	-0.044	non-DMR
chr1	616661	617496	20	0.682	0.82	-0.138	notable-DMR
chr1	617544	618458	23	0.305	0.267	0.039	non-DMR
chr1	618565	619718	26	0.807	0.847	-0.04	non-DMR
chr1	619754	620720	21	0.141	0.098	0.043	non-DMR
chr1	620799	621729	24	0.665	0.71	-0.045	non-DMR
chr1	621833	622767	24	0.242	0.187	0.054	inconsistent-DMR
chr1	622914	623930	20	0.746	0.785	-0.039	non-DMR
chr1	623971	624897	25	0.136	0.094	0.041	non-DMR
chr1	624929	625747	18	0.382	0.121	0.261	good-DMR
chr1	626248	627296	25	0.622	0.663	-0.041	non-DMR
chr1	627417	628444	27	0.63	0.669	-0.04	non-DMR
chr1	628548	629603	26	0.577	0.801	-0.224	good-DMR
chr1	630119	631079	22	0.575	0.608	-0.033	inconsistent-DMR
chr1	631121	632100	21	0.452	0.203	0.249	good-DMR
chr1	632614	633668	26	0.737	0.778	-0.041	non-DMR
chr1	633749	634747	23	0.281	0.05	0.231	good-DMR
chr1	635291	636359	25	0.118	0.078	0.04	non-DMR
chr1	636431	637416	24	0.603	0.657	-0.054	non-DMR
chr1	637504	638529	24	0.155	0.116	0.039	non-DMR
chr1	638595	639325	19	0.316	0.212	0.104	sub-DMR
chr1	639843	640834	26	0.852	0.886	-0.034	non-DMR
chr1	640891	641943	25	0.583	0.627	-0.043	non-DMR
chr1	642032	643014	24	0.636	0.882	-0.246	good-DMR
chr1	643526	644689	28	0.633	0.677	-0.044	non-DMR
chr1	644758	645552	21	0.767	0.813	-0.047	non-DMR
chr1	645649	646765	27	0.781	0.818	-0.037	non-DMR
chr1	646862	647789	22	0.604	0.6	0.004	inconsistent-DMR
chr1	647933	648774	20	0.78	0.828	-0.048	non-DMR
chr1	648817	649790	23	0.679	0.875	-0.196	good-DMR
chr1	650184	651042	20	0.752	0.854	-0.102	sub-DMR
chr1	651438	652610	29	0.884	0.922	-0.038	non-DMR
chr1	652653	653609	24	0.712	0.748	-0.037	non-DMR
chr1	653687	654793	28	0.516	0.536	-0.019	inconsistent-DMR
chr1	654931	655886	24	0.755	0.786	-0.031	non-DMR
chr1	655981	656978	24	0.675	0.718	-0.043	non-DMR
chr1	657045	658087	23	0.649	0.695	-0.046	non-DMR
chr1	658114	659007	21	0.863	0.911	-0.048	non-DMR
chr1	659106	659901	19	0.803	0.849	-0.046	non-DMR
chr1	660030	661002	22	0.803	0.839	-0.036	non-DMR
chr1	661057	662002	22	0.757	0.796	-0.039	non-DMR
chr1	662106	662946	21	0.766	0.803	-0.037	non-DMR
chr1	663046	663930	19	0.773	0.82	-0.046	non-DMR
chr1	664052	665021	22	0.658	0.707	-0.049	non-DMR
chr1	665089	665823	21	0.881	0.923	-0.042	non-DMR
chr1	665866	666692	19	0.408	0.708	-0.3	good-DMR
chr1	667171	668039	20	0.853	0.887	-0.034	non-DMR
chr1	668115	669161	29	0.628	0.666	-0.037	non-DMR
chr1	669185	670206	24	0.564	0.814	-0.25	good-DMR
chr1	671525	672637	25	0.172	0.128	0.044	non-DMR
chr1	672690	673429	16	0.768	0.816	-0.048	non-DMR
chr1	673471	674511	22	0.508	0.844	-0.336	good-DMR
chr1	674971	675867	22	0.739	0.782	-0.043	non-DMR
chr1	675961	677218	28	0.354	0.13	0.224	notable-DMR
chr1	677277	678329	27	0.761	0.804	-0.043	non-DMR
chr1	678469	679456	24	0.619	0.661	-0.042	non-DMR
chr1	679560	680673	27	0.537	0.784	-0.247	good-DMR
chr1	681151	681866	19	0.775	0.809	-0.035	non-DMR
chr1	681956	682950	22	0.36	0.662	-0.303	good-DMR
chr1	683492	684438	25	0.575	0.615	-0.039	non-DMR
chr1	684497	685401	22	0.83	0.872	-0.041	non-DMR
chr1	685497	686564	26	0.418	0.708	-0.29	good-DMR
chr1	687006	687884	22	0.554	0.597	-0.044	non-DMR
chr1	687964	688944	22	0.717	0.755	-0.038	non-DMR
chr1	689038	690085	23	0.647	0.687	-0.04	non-DMR
chr1	690156	691114	22	0.655	0.875	-0.22	good-DMR
chr1	691610	692537	21	0.791	0.831	-0.04	non-DMR
chr1	692614	693578	21	0.836	0.869	-0.033	non-DMR
chr1	693620	694637	24	0.521	0.624	-0.104	sub-DMR
chr1	695144	695833	16	0.671	0.705	-0.034	non-DMR
chr1	695944	696834	20	0.107	0.065	0.042	non-DMR
chr1	696916	697827	22	0.722	0.828	-0.106	sub-DMR
chr1	698337	699148	18	0.33	0.289	0.041	non-DMR
chr1	699254	700173	19	0.629	0.67	-0.041	non-DMR
chr1	700279	701407	25	0.503	0.724	-0.221	good-DMR
chr1	701876	702728	19	0.501	0.766	-0.265	good-DMR
chr1	703225	704251	25	0.761	0.799	-0.038	non-DMR
chr1	704367	705407	23	0.682	0.72	-0.038	non-DMR
chr1	705515	706329	20	0.2	0.158	0.042	non-DMR
chr1	706343	707436	26	0.497	0.186	0.311	good-DMR
chr1	707862	708624	19	0.751	0.788	-0.037	non-DMR
chr1	708700	709595	23	0.447	0.133	0.313	good-DMR
chr1	710028	710900	22	0.805	0.848	-0.043	non-DMR
chr1	710959	711957	24	0.793	0.836	-0.043	non-DMR
chr1	712046	712964	22	0.178	0.137	0.041	non-DMR
chr1	713026	714078	23	0.659	0.626	0.033	non-DMR
chr1	714182	715099	20	0.612	0.649	-0.037	inconsistent-DMR
chr1	715193	716299	25	0.467	0.799	-0.333	good-DMR
chr1	716803	717616	19	0.775	0.812	-0.037	non-DMR
chr1	717720	718688	25	0.535	0.845	-0.309	good-DMR
chr1	719158	719979	21	0.835	0.88	-0.044	non-DMR
chr1	720032	720995	22	0.094	0.049	0.045	non-DMR
chr1	721072	721981	23	0.858	0.907	-0.049	non-DMR
chr1	722088	723043	21	0.705	0.741	-0.035	inconsistent-DMR
chr1	723197	724227	26	0.625	0.833	-0.208	good-DMR
chr1	724756	725847	26	0.778	0.821	-0.044	non-DMR
chr1	725935	727001	24	0.47	0.106	0.364	good-DMR
chr1	727516	728351	20	0.744	0.782	-0.038	non-DMR
chr1	728403	729218	18	0.687	0.874	-0.187	notable-DMR
chr1	729319	730329	24	0.809	0.859	-0.05	non-DMR
chr1	730401	731237	20	0.385	0.651	-0.267	good-DMR
chr1	731729	732572	20	0.661	0.704	-0.043	non-DMR
chr1	732652	733599	23	0.701	0.804	-0.103	sub-DMR
chr1	734022	735006	27	0.519	0.738	-0.219	good-DMR
chr1	735513	736640	27	0.531	0.826	-0.295	good-DMR
chr1	737159	738221	25	0.888	0.932	-0.044	non-DMR
chr1	738303	739462	25	0.275	0.044	0.23	good-DMR
chr1	739953	740852	19	0.411	0.689	-0.278	good-DMR
chr1	741347	742385	25	0.723	0.914	-0.192	good-DMR
chr1	742833	743969	27	0.169	0.125	0.044	non-DMR
chr1	744062	745202	26	0.375	0.338	0.037	non-DMR
chr1	745225	746261	22	0.574	0.614	-0.04	non-DMR
chr1	746353	747314	26	0.15	0.107	0.042	non-DMR
chr1	747328	748356	25	0.463	0.758	-0.295	good-DMR
chr1	748848	749854	24	0.331	0.122	0.209	good-DMR
chr1	750338	751262	23	0.238	0.204	0.035	non-DMR
chr1	751347	752170	22	0.794	0.896	-0.103	sub-DMR
chr1	752621	753573	24	0.564	0.769	-0.206	good-DMR
chr1	753990	754987	25	0.495	0.739	-0.244	good-DMR
chr1	755518	756395	20	0.126	0.089	0.037	non-DMR
chr1	756511	757462	25	0.717	0.748	-0.031	non-DMR
chr1	757581	758394	20	0.728	0.77	-0.043	non-DMR
chr1	758476	759454	21	0.595	0.632	-0.036	non-DMR
chr1	759491	760546	25	0.814	0.854	-0.039	non-DMR
chr1	760655	761448	19	0.66	0.703	-0.043	non-DMR
chr1	761518	762452	24	0.773	0.812	-0.038	non-DMR
chr1	762560	763762	27	0.704	0.755	-0.051	non-DMR
chr1	763862	764915	24	0.84	0.89	-0.049	non-DMR
chr1	765017	765840	23	0.869	0.909	-0.04	non-DMR
chr1	765927	766955	21	0.153	0.11	0.044	non-DMR
chr1	767065	767975	21	0.569	0.835	-0.266	notable-DMR
chr1	768027	768979	23	0.745	0.791	-0.046	non-DMR
chr1	769098	770027	20	0.695	0.737	-0.042	non-DMR
chr1	770094	771215	26	0.281	0.177	0.104	sub-DMR
chr1	771700	772853	28	0.788	0.82	-0.032	non-DMR
chr1	772918	773789	24	0.626	0.666	-0.04	non-DMR
chr1	773919	774957	26	0.127	0.082	0.045	non-DMR
chr1	775044	776144	26	0.386	0.652	-0.266	good-DMR
chr1	776680	777646	23	0.758	0.797	-0.039	non-DMR
chr1	777744	778601	19	0.655	0.692	-0.036	non-DMR
chr1	778681	779695	24	0.197	0.156	0.04	non-DMR
chr1	779800	780732	24	0.107	0.065	0.042	non-DMR
chr1	780837	781731	20	0.624	0.869	-0.244	good-DMR
chr1	782219	783300	26	0.598	0.637	-0.039	non-DMR
chr1	783333	784401	27	0.872	0.909	-0.036	non-DMR
chr1	784438	785409	24	0.714	0.92	-0.206	good-DMR
chr1	785898	786847	23	0.782	0.829	-0.047	non-DMR
chr1	786901	787774	20	0.657	0.705	-0.049	non-DMR
chr1	787864	788793	21	0.678	0.72	-0.041	non-DMR
chr1	788865	789928	28	0.54	0.831	-0.291	good-DMR
chr1	790333	791278	24	0.505	0.241	0.264	good-DMR
chr1	791616	792555	23	0.426	0.265	0.161	good-DMR
chr1	793062	794036	26	0.578	0.829	-0.25	good-DMR
chr1	794572	795475	22	0.782	0.814	-0.032	non-DMR
chr1	795516	796478	25	0.216	0.173	0.043	non-DMR
chr1	796579	797492	24	0.704	0.737	-0.033	non-DMR
chr1	797569	798697	26	0.494	0.794	-0.3	good-DMR
chr1	800289	801248	23	0.712	0.758	-0.046	non-DMR
chr1	801354	802195	19	0.67	0.697	-0.027	non-DMR
chr1	802315	803231	21	0.421	0.757	-0.336	notable-DMR
chr1	803357	804231	25	0.758	0.802	-0.044	non-DMR
chr1	804267	805298	24	0.694	0.803	-0.108	sub-DMR
chr1	805814	806897	27	0.125	0.089	0.036	non-DMR
chr1	806911	807938	25	0.227	0.121	0.106	sub-DMR
chr1	808454	809221	17	0.766	0.809	-0.043	non-DMR
chr1	809284	810276	24	0.757	0.799	-0.042	non-DMR
chr1	810354	811326	23	0.197	0.154	0.043	non-DMR
chr1	811412	812493	27	0.647	0.677	-0.031	non-DMR
chr1	812560	813524	24	0.83	0.872	-0.042	non-DMR
chr1	813608	814586	25	0.485	0.762	-0.278	good-DMR
chr1	815049	815936	20	0.077	0.033	0.044	non-DMR
chr1	815977	817210	26	0.644	0.69	-0.046	non-DMR
chr1	817271	818295	25	0.661	0.81	-0.149	good-DMR
chr1	818681	819544	21	0.643	0.894	-0.251	good-DMR
chr1	819997	821043	23	0.69	0.727	-0.037	non-DMR
chr1	821138	822239	27	0.751	0.789	-0.038	non-DMR
chr1	822344	823196	22	0.536	0.812	-0.277	good-DMR
chr1	823690	824428	18	0.69	0.873	-0.183	good-DMR
chr1	824838	825698	22	0.67	0.716	-0.045	non-DMR
chr1	825727	826584	20	0.781	0.887	-0.106	sub-DMR
chr1	827071	828136	26	0.879	0.917	-0.038	non-DMR
chr1	828252	829248	25	0.871	0.91	-0.04	non-DMR
chr1	829310	830330	25	0.88	0.92	-0.04	non-DMR
chr1	830423	831391	27	0.48	0.249	0.231	notable-DMR
chr1	831461	832587	27	0.63	0.667	-0.037	non-DMR
chr1	832715	833687	24	0.599	0.645	-0.047	non-DMR
chr1	833781	834622	19	0.823	0.864	-0.041	non-DMR
chr1	834715	835545	19	0.814	0.851	-0.037	non-DMR
chr1	835624	836654	25	0.574	0.613	-0.038	non-DMR
chr1	836705	837534	21	0.624	0.602	0.022	inconsistent-DMR
chr1	837703	838565	24	0.755	0.799	-0.044	non-DMR
chr1	838650	839742	26	0.665	0.705	-0.04	non-DMR
chr1	839807	840911	26	0.195	0.145	0.05	non-DMR
chr1	841030	842054	26	0.64	0.681	-0.041	non-DMR
chr1	842123	843061	23	0.589	0.63	-0.042	non-DMR
chr1	843162	844205	25	0.666	0.705	-0.039	non-DMR
chr1	844243	845406	27	0.782	0.82	-0.038	non-DMR
chr1	845446	846647	29	0.848	0.89	-0.042	non-DMR
chr1	846776	847832	24	0.654	0.689	-0.035	non-DMR
chr1	847875	848734	20	0.737	0.775	-0.038	non-DMR
chr1	848839	849778	22	0.181	0.079	0.102	sub-DMR
chr1	850240	851304	23	0.787	0.827	-0.039	non-DMR
chr1	851423	852547	28	0.724	0.766	-0.043	non-DMR
chr1	852574	853593	24	0.569	0.813	-0.244	good-DMR
chr1	853944	854964	24	0.765	0.868	-0.103	sub-DMR
chr1	855452	856383	24	0.858	0.904	-0.046	non-DMR
chr1	856480	857454	27	0.479	0.76	-0.281	good-DMR
chr1	857951	858953	24	0.465	0.76	-0.296	good-DMR
chr1	859426	860388	24	0.693	0.798	-0.105	good-DMR
chr1	860908	861851	23	0.81	0.848	-0.038	non-DMR
chr1	861923	862827	24	0.269	0.164	0.105	sub-DMR
chr1	863295	864291	21	0.563	0.555	0.008	inconsistent-DMR
chr1	864461	865351	19	0.158	0.13	0.028	non-DMR
chr1	865427	866241	22	0.813	0.857	-0.044	non-DMR
chr1	866302	867363	26	0.237	0.202	0.035	non-DMR
chr1	867497	868694	26	0.109	0.063	0.047	non-DMR
chr1	868794	869891	25	0.619	0.876	-0.257	good-DMR
chr1	870276	871377	29	0.536	0.781	-0.245	good-DMR
chr1	871867	872655	19	0.737	0.778	-0.04	non-DMR
chr1	872737	873727	24	0.128	0.096	0.033	non-DMR
chr1	873851	874766	23	0.818	0.864	-0.046	non-DMR
chr1	874815	875687	19	0.394	0.231	0.163	good-DMR
chr1	876149	877054	20	0.742	0.783	-0.041	non-DMR
chr1	877091	878035	23	0.325	0.683	-0.357	good-DMR
chr1	878415	879349	22	0.352	0.304	0.048	non-DMR
chr1	879387	880502	26	0.759	0.766	-0.007	inconsistent-DMR
chr1	880565	881602	23	0.735	0.769	-0.034	non-DMR
chr1	881647	882728	29	0.617	0.654	-0.037	non-DMR
chr1	882753	883763	23	0.684	0.865	-0.181	good-DMR
chr1	884278	885271	21	0.676	0.717	-0.041	inconsistent-DMR
chr1	885487	886279	19	0.62	0.661	-0.041	non-DMR
chr1	886329	887260	22	0.575	0.866	-0.291	notable-DMR
chr1	887300	888263	26	0.571	0.611	-0.04	non-DMR
chr1	888357	889420	27	0.831	0.871	-0.039	non-DMR
chr1	889514	890468	22	0.554	0.66	-0.106	sub-DMR
chr1	890888	891754	24	0.6	0.647	-0.047	non-DMR
chr1	891834	892945	25	0.479	0.731	-0.252	good-DMR
chr1	893443	894266	19	0.692	0.739	-0.047	non-DMR
chr1	894360	895138	19	0.694	0.728	-0.034	non-DMR
chr1	895269	896103	22	0.186	0.153	0.033	non-DMR
chr1	896215	896957	17	0.536	0.498	0.038	inconsistent-DMR
chr1	897097	898046	23	0.24	0.195	0.045	non-DMR
chr1	898150	899216	26	0.617	0.659	-0.042	non-DMR
chr1	899276	900271	24	0.827	0.87	-0.043	non-DMR
chr1	900405	901244	21	0.731	0.779	-0.048	non-DMR
chr1	901349	902309	20	0.5	0.752	-0.252	good-DMR
chr1	902830	903800	24	0.73	0.768	-0.039	non-DMR
chr1	903807	904619	18	0.809	0.921	-0.112	sub-DMR
chr1	905055	905936	23	0.724	0.763	-0.039	non-DMR
chr1	906063	906906	22	0.677	0.72	-0.043	non-DMR
chr1	907002	908178	25	0.853	0.895	-0.042	non-DMR
chr1	908224	909015	19	0.163	0.053	0.11	sub-DMR
chr1	909424	910417	26	0.609	0.872	-0.263	good-DMR
chr1	910921	911818	22	0.658	0.705	-0.048	non-DMR
chr1	911842	912719	21	0.162	0.124	0.038	non-DMR
chr1	912802	913671	19	0.752	0.785	-0.033	non-DMR
chr1	913706	914678	22	0.238	0.042	0.196	good-DMR
chr1	915185	916369	26	0.781	0.822	-0.042	non-DMR
chr1	916385	917325	23	0.393	0.725	-0.332	good-DMR
chr1	917853	918853	23	0.86	0.9	-0.039	non-DMR
chr1	918957	919982	26	0.499	0.712	-0.213	good-DMR
chr1	920473	921329	21	0.833	0.592	0.24	good-DMR
chr1	921768	922525	17	0.826	0.86	-0.034	non-DMR
chr1	922578	923539	24	0.842	0.877	-0.035	non-DMR
chr1	923641	924759	27	0.569	0.851	-0.282	good-DMR
chr1	925266	926166	21	0.527	0.682	-0.155	good-DMR
chr1	926561	927572	21	0.571	0.762	-0.191	good-DMR
chr1	927996	928821	19	0.234	0.189	0.045	non-DMR
chr1	928882	929919	25	0.773	0.811	-0.038	non-DMR
chr1	930050	930947	22	0.793	0.835	-0.042	non-DMR
chr1	930983	932039	23	0.128	0.094	0.034	non-DMR
chr1	932094	933144	29	0.533	0.566	-0.033	inconsistent-DMR
chr1	933339	934158	17	0.464	0.622	-0.158	good-DMR
chr1	934675	935729	24	0.137	0.101	0.037	non-DMR
chr1	935843	936933	26	0.155	0.111	0.044	non-DMR
chr1	936956	938016	23	0.817	0.853	-0.036	non-DMR
chr1	938066	938925	24	0.298	0.263	0.035	non-DMR
chr1	939023	940135	26	0.716	0.756	-0.041	non-DMR
chr1	940271	941369	25	0.684	0.722	-0.038	non-DMR
chr1	941463	942454	23	0.588	0.915	-0.327	good-DMR
chr1	942946	943840	23	0.794	0.842	-0.048	non-DMR
chr1	943920	944691	20	0.829	0.869	-0.041	non-DMR
chr1	944740	945719	25	0.68	0.732	-0.052	non-DMR
chr1	945822	946627	20	0.72	0.76	-0.04	non-DMR
chr1	946698	947655	20	0.661	0.706	-0.046	non-DMR
chr1	947712	948587	22	0.518	0.256	0.262	good-DMR
chr1	948941	949919	23	0.698	0.738	-0.04	non-DMR
chr1	949969	951010	27	0.417	0.751	-0.334	good-DMR
chr1	951470	952468	23	0.572	0.612	-0.041	non-DMR
chr1	952522	953469	26	0.546	0.583	-0.037	non-DMR
chr1	953518	954455	22	0.11	0.07	0.04	non-DMR
chr1	954575	955538	22	0.756	0.799	-0.044	non-DMR
chr1	955592	956444	20	0.264	0.223	0.042	non-DMR
chr1	956551	957559	25	0.162	0.122	0.039	non-DMR
chr1	957625	958542	22	0.482	0.111	0.371	good-DMR
chr1	958991	959982	24	0.121	0.085	0.036	non-DMR
chr1	960113	961088	24	0.141	0.105	0.036	non-DMR
chr1	961173	962330	25	0.768	0.807	-0.039	non-DMR
chr1	962385	963259	23	0.281	0.238	0.044	non-DMR
chr1	963370	964345	25	0.614	0.617	-0.003	inconsistent-DMR
chr1	964503	965420	19	0.334	0.636	-0.302	good-DMR
chr1	965875	966805	21	0.295	0.098	0.196	good-DMR
chr1	967248	968091	21	0.213	0.024	0.188	good-DMR
chr1	968632	969722	27	0.806	0.845	-0.039	non-DMR
chr1	969799	970778	23	0.601	0.758	-0.157	good-DMR
chr1	971272	972046	19	0.567	0.61	-0.043	non-DMR
chr1	972137	973049	25	0.089	0.046	0.043	non-DMR
chr1	973128	974128	22	0.679	0.733	-0.053	non-DMR
chr1	974176	975189	23	0.708	0.75	-0.042	non-DMR
chr1	975217	976123	23	0.159	0.12	0.039	non-DMR
chr1	976261	977195	21	0.443	0.625	-0.182	notable-DMR
chr1	977306	978263	22	0.197	0.163	0.035	non-DMR
chr1	978346	979315	25	0.799	0.846	-0.047	non-DMR
chr1	979423	980397	21	0.641	0.689	-0.048	non-DMR
chr1	980435	981443	27	0.694	0.765	-0.071	inconsistent-DMR
chr1	981608	982511	21	0.518	0.728	-0.21	good-DMR
chr1	982991	983893	23	0.16	0.123	0.036	non-DMR
chr1	983999	984946	23	0.594	0.632	-0.038	non-DMR
chr1	985070	986063	26	0.728	0.767	-0.039	non-DMR
chr1	986184	987206	23	0.164	0.119	0.044	non-DMR
chr1	987273	988241	23	0.281	0.176	0.104	sub-DMR
chr1	988499	989383	22	0.492	0.723	-0.232	good-DMR
chr1	989891	990884	23	0.892	0.932	-0.04	non-DMR
chr1	990933	991787	22	0.579	0.858	-0.278	good-DMR
chr1	992290	993187	23	0.698	0.738	-0.04	non-DMR
chr1	993231	994200	21	0.851	0.891	-0.04	non-DMR
chr1	994264	995292	25	0.788	0.89	-0.102	sub-DMR
chr1	995778	996609	19	0.851	0.894	-0.043	non-DMR
chr1	996701	997592	22	0.59	0.779	-0.189	good-DMR
chr1	998077	999040	23	0.156	0.118	0.039	non-DMR
chr1	999059	999977	23	0.344	0.118	0.225	good-DMR
chr1	1000360	1001384	24	0.334	0.286	0.048	non-DMR
chr1	1001422	1002395	25	0.397	0.707	-0.31	good-DMR
chr1	1002889	1003740	20	0.728	0.775	-0.047	non-DMR
chr1	1003834	1004636	17	0.567	0.814	-0.246	good-DMR
chr1	1005046	1005941	18	0.341	0.158	0.183	good-DMR
chr1	1006459	1007514	25	0.787	0.826	-0.039	non-DMR
chr1	1007594	1008459	22	0.736	0.78	-0.044	non-DMR
chr1	1008595	1009422	18	0.786	0.823	-0.037	non-DMR
chr1	1009516	1010436	22	0.792	0.837	-0.045	non-DMR
chr1	1010532	1011407	22	0.109	0.064	0.045	non-DMR
chr1	1011512	1012410	21	0.646	0.844	-0.198	good-DMR
chr1	1013849	1014937	28	0.642	0.684	-0.042	non-DMR
chr1	1015074	1015903	22	0.708	0.751	-0.042	non-DMR
chr1	1015999	1017046	22	0.758	0.795	-0.037	non-DMR
chr1	1017062	1018038	24	0.248	0.144	0.104	sub-DMR
chr1	1018519	1019481	25	0.601	0.635	-0.034	non-DMR
chr1	1019583	1020506	23	0.505	0.78	-0.276	good-DMR
chr1	1020990	1022041	24	0.725	0.896	-0.172	good-DMR
chr1	1022504	1023606	28	0.153	0.11	0.043	non-DMR
chr1	1023711	1024797	26	0.642	0.6	0.043	non-DMR
chr1	1024922	1026004	26	0.808	0.849	-0.041	non-DMR
chr1	1026085	1026923	17	0.725	0.766	-0.042	non-DMR
chr1	1026979	1027951	23	0.758	0.797	-0.039	non-DMR
chr1	1028049	1029095	24	0.408	0.194	0.214	good-DMR
chr1	1029470	1030096	13	0.34	0.62	-0.28	good-DMR
chr1	1031738	1032847	24	0.145	0.099	0.046	non-DMR
chr1	1032900	1033920	22	0.373	0.106	0.267	good-DMR
chr1	1034354	1035291	24	0.167	0.13	0.037	non-DMR
chr1	1035333	1036514	29	0.179	0.133	0.046	non-DMR
chr1	1036564	1037203	18	0.667	0.712	-0.046	non-DMR
chr1	1037299	1038095	20	0.58	0.847	-0.267	good-DMR
chr1	1038542	1039683	24	0.421	0.743	-0.322	good-DMR
chr1	1040052	1041002	21	0.073	0.036	0.036	non-DMR
chr1	1041091	1042340	29	0.717	0.753	-0.037	non-DMR
chr1	1042452	1043288	20	0.862	0.894	-0.031	non-DMR
chr1	1043429	1044346	22	0.163	0.119	0.043	non-DMR
chr1	1044450	1045349	23	0.159	0.121	0.039	non-DMR
chr1	1045380	1046379	24	0.433	0.628	-0.195	good-DMR
chr1	1046864	1047889	22	0.759	0.92	-0.161	good-DMR
chr1	1048379	1049311	22	0.51	0.703	-0.193	good-DMR
chr1	1049800	1050706	25	0.227	0.187	0.041	non-DMR
chr1	1050781	1051895	25	0.594	0.818	-0.224	good-DMR
chr1	1052394	1053269	21	0.568	0.608	-0.041	non-DMR
chr1	1053383	1054251	21	0.664	0.695	-0.031	inconsistent-DMR
chr1	1054330	1055385	23	0.648	0.871	-0.223	good-DMR
chr1	1055931	1056884	23	0.845	0.893	-0.048	non-DMR
chr1	1056921	1057827	21	0.675	0.715	-0.04	non-DMR
chr1	1057940	1058912	22	0.822	0.86	-0.038	non-DMR
chr1	1059049	1060105	24	0.648	0.688	-0.039	non-DMR
chr1	1060183	1061156	23	0.573	0.681	-0.109	sub-DMR
chr1	1062479	1063445	22	0.117	0.082	0.036	non-DMR
chr1	1063507	1064475	23	0.088	0.05	0.037	non-DMR
chr1	1064573	1065561	25	0.85	0.891	-0.042	non-DMR
chr1	1065683	1066661	22	0.71	0.744	-0.034	non-DMR
chr1	1066714	1067806	23	0.227	0.19	0.037	non-DMR
chr1	1067910	1068871	21	0.377	0.084	0.292	good-DMR
chr1	1069271	1070314	26	0.854	0.899	-0.045	non-DMR
chr1	1070453	1071318	23	0.468	0.767	-0.299	notable-DMR
chr1	1071458	1072527	25	0.146	0.1	0.046	non-DMR
chr1	1072630	1073699	26	0.453	0.149	0.304	good-DMR
chr1	1074116	1075074	24	0.813	0.844	-0.031	non-DMR
chr1	1075114	1076070	25	0.833	0.881	-0.048	non-DMR
chr1	1076165	1077137	22	0.305	0.265	0.04	non-DMR
chr1	1077155	1078167	22	0.502	0.546	-0.043	non-DMR
chr1	1078267	1079346	28	0.639	0.803	-0.164	notable-DMR
chr1	1079456	1080459	22	0.159	0.119	0.04	non-DMR
chr1	1080552	1081482	24	0.442	0.707	-0.265	good-DMR
chr1	1081989	1082919	21	0.91	0.952	-0.042	non-DMR
chr1	1082989	1083809	17	0.657	0.705	-0.048	non-DMR
chr1	1083864	1084678	20	0.447	0.702	-0.254	good-DMR
chr1	1085181	1086189	25	0.572	0.608	-0.037	non-DMR
chr1	1086326	1087296	22	0.682	0.719	-0.037	non-DMR
chr1	1087346	1088318	23	0.575	0.872	-0.297	good-DMR
chr1	1088853	1089691	22	0.154	0.12	0.034	non-DMR
chr1	1089796	1090749	22	0.395	0.068	0.327	good-DMR
chr1	1091285	1092202	20	0.133	0.093	0.04	non-DMR
chr1	1092250	1093256	23	0.362	0.316	0.045	non-DMR
chr1	1093349	1094461	28	0.277	0.53	-0.253	good-DMR
chr1	1094831	1095818	23	0.762	0.798	-0.035	non-DMR
chr1	1095907	1096886	23	0.626	0.727	-0.101	sub-DMR
chr1	1097395	1098156	18	0.723	0.732	-0.009	inconsistent-DMR
chr1	1098332	1099146	20	0.255	0.218	0.037	non-DMR
chr1	1099249	1099978	18	0.742	0.783	-0.041	non-DMR
chr1	1100005	1100992	25	0.803	0.91	-0.107	sub-DMR
chr1	1101492	1102627	32	0.462	0.05	0.412	good-DMR
chr1	1103148	1104138	24	0.738	0.78	-0.042	non-DMR
chr1	1104231	1105138	20	0.493	0.809	-0.315	good-DMR
chr1	1105632	1106526	19	0.169	0.127	0.042	non-DMR
chr1	1106558	1107533	25	0.607	0.852	-0.245	good-DMR
chr1	1107982	1108988	22	0.586	0.838	-0.252	good-DMR
chr1	1109489	1110577	25	0.654	0.877	-0.222	good-DMR
chr1	1111046	1112310	29	0.486	0.314	0.172	good-DMR
chr1	1112783	1113615	19	0.7	0.75	-0.051	non-DMR
chr1	1113712	1114777	24	0.497	0.726	-0.23	notable-DMR
chr1	1114828	1115829	24	0.734	0.781	-0.048	non-DMR
chr1	1115854	1116804	23	0.279	0.175	0.104	sub-DMR
chr1	1117232	1118297	25	0.248	0.031	0.216	good-DMR
chr1	1118728	1119518	18	0.671	0.911	-0.24	good-DMR
chr1	1120021	1121114	27	0.84	0.885	-0.045	non-DMR
chr1	1121227	1122067	21	0.835	0.871	-0.035	non-DMR
chr1	1122140	1122965	18	0.541	0.72	-0.179	good-DMR
chr1	1123447	1124414	22	0.546	0.84	-0.294	good-DMR
chr1	1124886	1125748	20	0.779	0.821	-0.042	non-DMR
chr1	1125807	1126937	27	0.282	0.243	0.039	non-DMR
chr1	1127062	1128084	24	0.548	0.585	-0.037	non-DMR
chr1	1128187	1129260	25	0.603	0.646	-0.043	non-DMR
chr1	1129377	1130326	20	0.808	0.836	-0.029	non-DMR
chr1	1130388	1131091	15	0.754	0.794	-0.04	non-DMR
chr1	1131179	1131994	20	0.196	0.149	0.047	non-DMR
chr1	1132052	1133065	22	0.716	0.754	-0.037	non-DMR
chr1	1133145	1134127	26	0.483	0.699	-0.216	good-DMR
chr1	1134631	1135660	24	0.614	0.656	-0.042	non-DMR
chr1	1135671	1136488	21	0.646	0.87	-0.224	good-DMR
chr1	1136991	1137787	20	0.846	0.89	-0.044	non-DMR
chr1	1137897	1138846	24	0.896	0.938	-0.042	non-DMR
chr1	1138957	1139775	22	0.759	0.803	-0.044	non-DMR
chr1	1139851	1140796	21	0.619	0.816	-0.198	good-DMR
chr1	1141201	1142265	27	0.787	0.834	-0.047	non-DMR
chr1	1142333	1143444	28	0.56	0.6	-0.04	non-DMR
chr1	1143501	1144359	22	0.797	0.837	-0.04	non-DMR
chr1	1144452	1145609	28	0.575	0.763	-0.187	good-DMR
chr1	1146091	1147259	26	0.55	0.88	-0.33	good-DMR
chr1	1147745	1148706	27	0.723	0.759	-0.037	non-DMR
chr1	1148804	1149670	21	0.442	0.755	-0.313	good-DMR
chr1	1149972	1150862	21	0.58	0.852	-0.272	good-DMR
chr1	1151191	1152047	23	0.394	0.693	-0.299	good-DMR
chr1	1152527	1153435	20	0.6	0.849	-0.25	good-DMR
chr1	1153924	1154975	28	0.147	0.105	0.043	non-DMR
chr1	1155103	1156066	24	0.814	0.845	-0.031	non-DMR
chr1	1156111	1156947	19	0.709	0.879	-0.17	good-DMR
chr1	1157479	1158341	22	0.71	0.761	-0.05	inconsistent-DMR
chr1	1158451	1159493	27	0.738	0.773	-0.034	non-DMR
chr1	1159579	1160505	22	0.753	0.86	-0.107	sub-DMR
chr1	1161015	1161748	19	0.852	0.898	-0.046	non-DMR
chr1	1161806	1162848	23	0.733	0.776	-0.043	non-DMR
chr1	1162934	1163902	20	0.695	0.732	-0.037	non-DMR
chr1	1163979	1164862	23	0.561	0.251	0.31	good-DMR
chr1	1165370	1166394	25	0.28	0.241	0.04	non-DMR
chr1	1166500	1167324	20	0.808	0.84	-0.032	non-DMR
chr1	1167399	1168165	18	0.521	0.83	-0.308	good-DMR
chr1	1168591	1169626	23	0.525	0.796	-0.271	good-DMR
chr1	1170058	1170865	22	0.204	0.011	0.193	good-DMR
chr1	1171328	1172223	21	0.532	0.745	-0.213	good-DMR
chr1	1172733	1173509	17	0.709	0.742	-0.033	non-DMR
chr1	1173544	1174353	20	0.346	0.303	0.043	non-DMR
chr1	1174387	1175383	25	0.64	0.751	-0.111	sub-DMR
chr1	1175877	1176847	24	0.668	0.875	-0.207	good-DMR
chr1	1177350	1178282	20	0.78	0.908	-0.128	good-DMR
chr1	1178728	1179733	24	0.748	0.787	-0.04	non-DMR
chr1	1179789	1180664	22	0.721	0.824	-0.104	sub-DMR
chr1	1181160	1182070	19	0.785	0.818	-0.032	non-DMR
chr1	1182106	1183261	27	0.762	0.864	-0.101	sub-DMR
chr1	1183780	1184924	28	0.645	0.686	-0.04	non-DMR
chr1	1185034	1186147	25	0.7	0.701	-0.001	inconsistent-DMR
chr1	1186276	1187221	25	0.703	0.746	-0.043	non-DMR
chr1	1187264	1188307	26	0.733	0.786	-0.053	non-DMR
chr1	1188416	1189379	25	0.163	0.129	0.034	non-DMR
chr1	1189487	1190496	22	0.663	0.705	-0.042	non-DMR
chr1	1190528	1191748	29	0.325	0.602	-0.277	good-DMR
chr1	1192205	1193189	23	0.813	0.844	-0.032	non-DMR
chr1	1193275	1194221	24	0.768	0.814	-0.046	non-DMR
chr1	1194308	1195171	21	0.376	0.417	-0.042	non-DMR
chr1	1195263	1196101	22	0.131	0.093	0.039	non-DMR
chr1	1196199	1197172	24	0.495	0.693	-0.198	notable-DMR
chr1	1197237	1198371	27	0.728	0.766	-0.038	non-DMR
chr1	1198483	1199508	24	0.232	0.186	0.046	non-DMR
chr1	1199590	1200297	17	0.588	0.773	-0.185	good-DMR
chr1	1200798	1201693	22	0.802	0.845	-0.043	non-DMR
chr1	1201743	1202679	23	0.857	0.891	-0.034	non-DMR
chr1	1202710	1203635	22	0.78	0.816	-0.037	non-DMR
chr1	1203720	1204666	24	0.872	0.92	-0.048	non-DMR
chr1	1204733	1205874	26	0.22	0.186	0.034	non-DMR
chr1	1205964	1206802	20	0.601	0.641	-0.04	non-DMR
chr1	1206895	1207855	22	0.715	0.757	-0.042	non-DMR
chr1	1208003	1208775	18	0.796	0.845	-0.048	non-DMR
chr1	1208861	1209766	23	0.792	0.898	-0.107	sub-DMR
chr1	1210229	1211293	26	0.799	0.842	-0.043	non-DMR
chr1	1211395	1212352	22	0.665	0.707	-0.042	non-DMR
chr1	1212450	1213459	26	0.382	0.659	-0.276	good-DMR
chr1	1213862	1214678	17	0.765	0.793	-0.028	non-DMR
chr1	1214742	1215647	20	0.16	0.122	0.039	non-DMR
chr1	1215744	1216665	23	0.648	0.695	-0.047	non-DMR
chr1	1216772	1217716	22	0.752	0.853	-0.101	sub-DMR
chr1	1218052	1219009	27	0.217	0.227	-0.01	inconsistent-DMR
chr1	1219119	1220181	27	0.66	0.704	-0.044	non-DMR
chr1	1220263	1221159	23	0.733	0.769	-0.036	non-DMR
chr1	1221191	1222157	23	0.689	0.724	-0.035	non-DMR
chr1	1222236	1223049	19	0.225	0.021	0.204	good-DMR
chr1	1223494	1224520	25	0.796	0.834	-0.038	non-DMR
chr1	1224592	1225505	20	0.693	0.734	-0.041	non-DMR
chr1	1225569	1226671	26	0.628	0.668	-0.04	non-DMR
chr1	1226771	1227667	21	0.593	0.702	-0.109	sub-DMR
chr1	1228037	1229040	25	0.443	0.057	0.386	good-DMR
chr1	1229579	1230517	24	0.123	0.084	0.039	non-DMR
chr1	1230659	1231639	23	0.854	0.888	-0.034	non-DMR
chr1	1231658	1232570	22	0.631	0.734	-0.103	sub-DMR
chr1	1234097	1235185	24	0.577	0.759	-0.182	good-DMR
chr1	1235676	1236746	30	0.6	0.708	-0.108	sub-DMR
chr1	1237248	1238376	23	0.158	0.116	0.042	non-DMR
chr1	1238465	1239347	21	0.757	0.806	-0.049	non-DMR
chr1	1239386	1240358	24	0.698	0.848	-0.15	good-DMR
chr1	1240808	1241651	21	0.814	0.852	-0.038	non-DMR
chr1	1242937	1243911	22	0.589	0.627	-0.038	non-DMR
chr1	1244020	1244936	20	0.775	0.826	-0.05	non-DMR
chr1	1245027	1245978	23	0.568	0.61	-0.042	non-DMR
chr1	1246076	1247303	30	0.716	0.756	-0.04	non-DMR
chr1	1247384	1248340	27	0.293	0.191	0.102	sub-DMR
chr1	1248857	1249670	17	0.652	0.685	-0.033	inconsistent-DMR
chr1	1249817	1250801	24	0.782	0.818	-0.036	non-DMR
chr1	1250895	1251769	21	0.145	0.11	0.035	non-DMR
chr1	1251852	1252611	20	0.794	0.831	-0.037	non-DMR
chr1	1252663	1253521	22	0.679	0.717	-0.039	non-DMR
chr1	1253622	1254577	23	0.759	0.805	-0.046	non-DMR
chr1	1254663	1255527	22	0.692	0.796	-0.104	sub-DMR
chr1	1256002	1256909	21	0.777	0.815	-0.038	non-DMR
chr1	1257029	1257918	21	0.889	0.927	-0.038	non-DMR
chr1	1258026	1259061	24	0.871	0.911	-0.04	non-DMR
chr1	1259147	1260065	22	0.709	0.743	-0.034	non-DMR
chr1	1260180	1261359	30	0.86	0.899	-0.039	non-DMR
chr1	1261458	1262388	22	0.576	0.54	0.036	non-DMR
chr1	1262447	1263374	23	0.653	0.86	-0.207	good-DMR
chr1	1263754	1264686	23	0.756	0.912	-0.155	good-DMR
